#gen	Feasible	f1	f2	f3	f4	f5	c1	c2	c3	c4	c5	c6	c7	x1	x2	x3
88	1	64491.74747	566.8166798	459415.0578	5159524.667	10658.65608	0.5736537568	0.9871860832	41409.11076	15926.55327	9923.363377	2119.324757	544.2555795	0.1889388933	0.0161002297	0.01000079871
88	1	73312.46457	1419.186717	2810738.017	195415.5869	6.024211846	0.9997590315	1.080991677	45180.67239	16569.576	10578.71035	2118.955619	594.5200261	0.473062239	0.09850249125	0.01020470442
88	1	64425.23256	1088.864987	286946.9705	6922451.09	9425.424137	0.6229830345	0.9980754974	41815.13328	15997.80931	9997.692976	2109.993137	549.8139811	0.3629549955	0.0100560747	0.0154220404
88	1	64346.00933	1403.669692	420492.5585	5446957.504	4274.947122	0.8290021151	1.043399458	43669.95863	16311.96442	10316.12245	2119.324525	574.3830503	0.4678898972	0.01473618826	0.01
88	1	66059.83593	2131.408006	753765.6853	3575343.71	1626.345181	0.9349461928	1.066746484	44583.20388	16469.29227	10477.83245	2111.796914	586.6719176	0.7104693354	0.02641576602	0.01437043775
88	1	65484.46796	963.8223901	724709.3529	3565393.725	3493.858625	0.860245655	1.050277535	43946.58538	16359.12171	10364.17895	2119.32333	578.0693197	0.32127413	0.02539748502	0.01000038779
88	1	64401.9823	476.222898	432282.5108	5364119.738	13698.82367	0.4520470531	0.9604157184	40331.7854	15742.94084	9736.285106	2119.135323	529.9024172	0.158740966	0.01514936788	0.01011100819
88	1	64470.3989	1092.471453	388514.4036	5825421.726	6525.88162	0.7389647352	1.023590875	42859.81298	16174.71749	10176.98184	2115.391243	563.6495843	0.364157151	0.0136155118	0.0122855869
88	1	64457.09092	2449.270789	449829.0909	5229474.434	1936.511187	0.9225395525	1.06399122	44498.066	16453.1382	10459.99167	2119.301067	585.4185339	0.8164235965	0.01576428889	0.01001218037
88	1	63840.27746	539.6353578	285346.8965	6575303.165	18553.60077	0.257855969	0.917665127	38613.0553	15449.90355	9437.625713	2119.326649	506.9960229	0.1798784526	0.01	0.0100000006
88	1	63942.02363	1134.173926	291391.3157	6568179.708	8327.562407	0.6668975037	1.007717203	42230.49	16066.85412	10066.57335	2118.050288	555.2212609	0.3780579752	0.01021182705	0.01074102811
88	1	63840.2774	2653.248567	285346.8965	6575303.126	3164.145626	0.873434175	1.053180905	44063.35817	16379.02807	10384.46471	2119.323712	579.625394	0.8844161888	0.01	0.01
88	1	64413.207	1974.59633	438448.7819	5312400.137	2670.994789	0.8931602084	1.057523471	44238.01145	16408.80159	10414.80589	2119.323131	581.9527807	0.6581987765	0.01536546524	0.01000003028
88	1	64142.809	1891.22381	359926.7946	5939360.174	3632.222624	0.854711095	1.049060343	43896.34001	16350.63877	10355.60361	2118.946171	577.4057396	0.6304079366	0.01261365724	0.01021955637
88	1	64830.8543	1364.953791	550054.5812	4547477.427	3197.109357	0.8721156257	1.052890635	44051.68338	16377.03787	10382.43659	2119.323618	579.4698207	0.4549845972	0.01927669752	0.01000007214
88	1	64421.42751	2509.241498	440646.3958	5296160.213	1925.398013	0.9229840795	1.064089013	44502.07089	16453.81634	10460.67888	2119.322014	585.4715698	0.8364138328	0.01544248076	0.01
88	1	64645.86258	589.4625065	500621.688	4871656.472	9315.530142	0.6273787943	0.9990133173	41884.79445	16007.64376	10005.99967	2119.325962	550.5943995	0.1964875022	0.01754431866	0.01000000042
88	1	64026.55577	1206.159066	335125.667	6134795.834	6594.307335	0.7362277066	1.02297574	42848.53802	16171.93514	10173.42339	2119.325431	563.437005	0.4020530221	0.01174450015	0.01
88	1	63840.47274	848.6894829	285399.097	6574825.005	11516.3979	0.5393440841	0.9796330142	41105.33893	15874.76835	9870.590885	2119.32622	540.2075703	0.2828964943	0.01000182937	0.01
88	1	73348.74048	2748.622241	2687099.456	243136.0868	240.1165266	0.9903953389	1.078956068	45071.27419	16552.68543	10562.97593	2110.896234	593.1896448	0.9162074138	0.09416957007	0.01487735009
88	1	64255.85443	1062.035301	396400.6567	5632865.091	6301.03687	0.7479585252	1.025558208	42952.40218	16189.64108	10191.46691	2119.325349	564.8210728	0.3540117671	0.01389188604	0.01
88	1	64799.99432	441.5516625	541795.8455	4600116.467	11669.66705	0.533213318	0.9782833663	41051.05458	15865.51457	9861.160832	2119.325381	539.4842042	0.1471838875	0.01898726961	0.01000049588
88	1	63919.3027	903.0350761	285346.8965	6623655.484	10870.80112	0.5651679552	0.9853220599	41329.78638	15913.30893	9910.1004	2118.052286	543.218684	0.301011692	0.01	0.01074007329
88	0	64611.46517	223.6436576	395547.3222	5830326.358	33277.4545	-0.3310981802	0.78802899	33379.42935	14558.98117	8530.780203	2113.543181	437.3456732	0.07454788586	0.01386198087	0.01336020584
88	1	63840.2774	513.6572355	285346.8965	6575303.126	19530.63545	0.2187745818	0.9090615986	38267.03039	15390.91596	9377.513478	2119.326686	502.3849816	0.1712190785	0.01	0.01
88	1	63840.2774	520.5044866	285346.8965	6575303.126	19263.6458	0.2294541679	0.9114126442	38361.58698	15407.03522	9393.940065	2119.326676	503.6450191	0.1735014955	0.01	0.01
88	1	63864.27276	596.3349666	291759.1261	6516830.769	16332.57401	0.3466970397	0.9372229454	39399.65031	15583.99604	9574.274784	2119.326552	517.477991	0.1987783222	0.01022471699	0.01
88	1	64224.84262	2399.096327	387316.2252	5706179.937	2439.820158	0.9024071937	1.059559292	44319.72562	16422.74208	10429.021	2119.274784	583.0424445	0.7996987757	0.01357352156	0.01002793831
88	1	65583.16427	1439.107353	691275.1642	3813700.79	2484.136671	0.9006345332	1.05918045	44292.30311	16418.84586	10425.70485	2115.714133	582.7334293	0.479702451	0.02422578176	0.01209638372
88	1	64040.43764	2131.408006	338835.2532	6103175.466	3354.021425	0.865839143	1.051508905	43996.11208	16367.56448	10372.78257	2119.32388	578.7292895	0.7104693354	0.01187450284	0.01000000121
88	1	64130.90174	455.6860729	363009.8157	5901066.098	17218.12211	0.3112751157	0.9294250255	39086.02612	15530.53187	9519.791278	2119.326594	513.2987137	0.1518953576	0.01272170191	0.01
88	1	64579.29245	1145.061239	460814.6364	5188921.248	4967.893651	0.801284254	1.037301793	43420.17109	16269.67305	10273.26885	2117.996687	571.0754873	0.3816870798	0.01614927802	0.01077161061
88	1	65328.95538	178.0321255	683163.1255	3777816.734	23693.30878	0.05226764889	0.8724061155	36792.78519	15139.5983	9121.404253	2119.326808	482.7395593	0.05934404182	0.02394149486	0.01
88	1	64492.90824	1107.02586	459748.0392	5157091.163	5079.825708	0.7968069717	1.036311894	43384.90422	16263.3706	10266.60215	2119.324921	570.5844866	0.3690086202	0.01611189906	0.01
88	1	66103.4609	1427.473288	666789.4425	4176374.435	3326.949425	0.866922023	1.051790428	43961.32275	16364.57995	10372.21722	2105.850334	578.4791542	0.4758244293	0.0233676781	0.01782707423
88	1	64658.88529	467.3348652	504101.7297	4848096.587	11862.07753	0.5255168989	0.9765890439	40982.91362	15853.89825	9849.322884	2119.326252	538.5761614	0.1557782884	0.01766627694	0.01
88	1	64005.32846	834.8813347	285346.8965	6676695.435	11912.69919	0.5234920324	0.9761518	40956.22187	15849.92985	9845.767804	2116.665678	538.262628	0.2782937782	0.01	0.01154570606
88	1	64089.45632	1326.076855	351934.4459	5992816.346	5609.098142	0.7756360743	1.031651251	43197.45801	16231.41626	10234.03857	2119.325127	568.0866253	0.4420256184	0.01233356487	0.01
88	1	64261.15526	472.8925873	397817.185	5621760.818	15047.59584	0.3980961665	0.9485381489	39854.73596	15661.57545	9653.333297	2119.326484	523.5423484	0.1576308624	0.01394152836	0.01
88	1	66439.50267	705.9958674	979932.3005	2498609.942	3534.827026	0.858606919	1.049916775	43932.07828	16356.64851	10361.65847	2119.32403	577.8759912	0.2353319558	0.03434178933	0.01
88	1	65729.62596	606.7665357	580447.9562	4688051.315	8589.222745	0.6564310902	1.005449518	42100.33894	16047.15532	10048.59034	2106.671073	553.6671925	0.2022555119	0.02034183527	0.01735194649
88	1	65424.51425	1442.494723	708699.119	3645791.784	2144.866676	0.914205333	1.062156426	44424.34424	16440.56612	10447.17603	2119.32242	584.435804	0.4808315745	0.02483640536	0.01
88	1	64688.01575	609.8172996	354179.2025	6310092.084	13690.49875	0.4523800501	0.9605188712	40304.02757	15740.24741	9735.25362	2109.813199	529.6802233	0.2032724332	0.01241223251	0.01552685174
88	1	66140.20364	1442.494723	899934.9347	2793177.536	1526.591824	0.9389363271	1.067600806	44643.30815	16477.89357	10485.21534	2119.320092	587.3536779	0.4808315745	0.03153827659	0.01000057214
88	1	64200.8204	1930.935416	352476.3505	6049305.92	3732.160936	0.8507135626	1.048184744	43856.38545	16344.1304	10349.22561	2117.561625	576.895252	0.6436451385	0.01235255595	0.01102393544
88	1	64785.53595	1419.026842	489491.2588	5031662.539	3727.377321	0.8509049072	1.048230582	43854.25724	16344.02136	10349.32776	2116.401127	576.885278	0.4730089475	0.01715425206	0.01169811049
88	1	64857.78941	1209.578292	518123.2162	4819306.765	4150.957575	0.833961697	1.044498837	43706.09538	16318.64091	10323.36005	2116.963886	574.901999	0.403192764	0.01815766082	0.01137135663
88	1	63925.21233	435.0164811	308043.8772	6370658.563	21433.87292	0.1426450832	0.892302155	37592.9831	15276.00971	9260.416451	2119.326747	493.4027961	0.1450054937	0.01079541712	0.01
88	1	64391.46291	406.9383942	402611.9124	5642817.303	17521.53434	0.2991386263	0.9267590506	38972.60394	15511.59264	9500.823848	2117.515317	511.8159763	0.1356461314	0.01410955989	0.01105230184
88	1	64029.60575	944.6674217	297702.8002	6549409.48	9978.101499	0.60087594	0.9931862607	41642.54165	15966.85081	9964.852893	2117.019456	547.402745	0.3148891406	0.01043301342	0.01134004985
88	1	63970.18825	408.4438727	316804.6581	6300500.554	22238.37588	0.1104649649	0.885218528	37307.41436	15227.37119	9210.886718	2119.130239	489.6004926	0.1361479576	0.01110243924	0.0101141781
88	1	64616.49219	2509.241498	492773.1133	4925212.405	1640.801282	0.9343679487	1.066595102	44602.86317	16470.99861	10478.18874	2119.321377	586.8147026	0.8364138328	0.01726926486	0.01
88	1	64242.23585	1120.237704	392761.3925	5661494.227	5995.989168	0.7601604333	1.028244383	43060.43735	16208.05806	10210.23503	2119.325257	566.2607223	0.3734125681	0.01376434779	0.01
88	1	64712.89013	322.1952529	517434.7234	4760696.198	17083.02742	0.3166789032	0.9306148484	39133.65274	15538.66537	9528.092029	2119.260318	513.934424	0.1073984176	0.01813353254	0.01003850064
88	0	63915.50268	135.7573252	305449.1878	6393727.034	70972.62096	-1.838904838	0.4560760572	20048.42563	12285.15235	6212.536068	2119.327198	259.6084169	0.04525244172	0.01070448607	0.01
88	1	64213.10303	404.2931748	376365.5465	5809621.426	18822.09615	0.2471161539	0.9153024853	38516.25454	15433.5153	9421.020474	2118.807244	505.7143098	0.1347643916	0.01318975434	0.01030176412
88	1	65267.68607	554.6569258	666789.4425	3864977.105	7278.336767	0.7088665293	1.016952344	42606.28318	16130.63746	10131.33835	2119.325549	560.2087783	0.1848856419	0.0233676781	0.01000002859
88	1	64838.58599	1367.117356	552122.7644	4534391.468	3176.012082	0.8729595167	1.053076412	44059.15557	16378.31164	10383.73462	2119.323723	579.5693912	0.4557057855	0.01934917713	0.01
88	1	64871.62152	551.7026243	544951.0569	4605413.293	9198.584146	0.6320566342	1.000046205	41923.03278	16014.37338	10013.03497	2118.360806	551.1192455	0.1839008748	0.01909784419	0.01056071121
88	1	64730.02877	2029.646036	523113.2507	4721385.706	2036.774582	0.9185290167	1.063108258	44462.62595	16447.09208	10453.82641	2119.322228	584.9459365	0.6765486788	0.01833253689	0.01
88	1	64404.20902	1963.634734	401958.6821	5655914.515	3151.363168	0.8739454733	1.053300047	44061.11238	16379.09485	10384.91067	2117.267403	579.6280451	0.6545449114	0.01408666739	0.01119456193
88	1	64881.22163	1086.824902	436826.2225	5563672.008	6049.186047	0.7580325581	1.027800412	43016.4246	16202.22626	10205.69658	2111.682937	565.7953026	0.3622749674	0.01530860254	0.01443985803
88	1	65488.07939	1443.04783	713408.1146	3637415.24	2177.688841	0.9128924464	1.061869773	44410.28055	16438.3306	10445.034	2118.581793	584.2601288	0.4810159435	0.02500143241	0.01043026151
88	1	64559.57991	1940.86592	477491.1238	5031314.712	2445.194784	0.9021922087	1.059511824	44317.96597	16422.43256	10428.69755	2119.318455	583.0183039	0.6469553068	0.01673370657	0.0100025738
88	1	64398.50997	956.300805	434464.4136	5342073.492	6395.04339	0.7441982644	1.02473042	42919.09752	16183.96432	10185.68257	2119.321891	564.3773183	0.318766935	0.0152258328	0.01000202484
88	1	64910.60912	543.2397131	571369.3491	4414433.893	8818.866749	0.6472453301	1.003386814	42060.6919	16037.62936	10036.55697	2119.325888	552.9383648	0.1810799044	0.02002367491	0.01
88	1	65162.47507	1120.237704	531189.8141	4845948.057	4699.273545	0.8120290582	1.039683702	43498.32318	16284.12319	10288.94203	2112.840819	572.1986075	0.3734125681	0.01861558057	0.01376682337
88	1	64781.50457	960.876721	433912.2094	5540493.273	6815.368817	0.7273852473	1.02104901	42749.79029	16156.45949	10158.79412	2113.114843	562.2195177	0.3202922403	0.01520648077	0.01360812788
88	1	64785.9377	681.983672	295190.8054	7055927.472	15062.6548	0.3974938081	0.9484524465	39801.14713	15655.64361	9649.980858	2104.676527	523.0603516	0.2273278907	0.01034498041	0.01851114457
88	1	64413.04531	1091.751701	396400.6567	5715558.129	6290.51011	0.7483795956	1.025659016	42947.78399	16189.4079	10191.69498	2116.791433	564.7996787	0.3639172336	0.01389188604	0.01147209524
88	1	65127.99998	1324.418499	629462.2439	4071265.167	2803.241937	0.8878703225	1.056358934	44191.1752	16400.8173	10406.66937	2119.323339	581.3286517	0.4414728331	0.02205954407	0.01
88	1	64613.90324	1406.481089	492081.274	4929961.419	3533.119457	0.8586752217	1.049931811	43932.68303	16356.7516	10361.76353	2119.324029	577.8840499	0.4688270295	0.01724501931	0.01
88	1	64257.53779	1917.93852	396843.9323	5629400.687	3143.390497	0.8742643801	1.053363671	44070.70747	16380.281	10385.74161	2119.323296	579.7233352	0.63931284	0.01390742066	0.01000023009
88	1	64353.74676	1955.763908	395216.2214	5695948.142	3201.904518	0.8719238193	1.05285369	44044.55244	16376.1829	10381.86845	2117.6742	579.4009274	0.6519213028	0.01385037743	0.01095827197
88	1	64220.26295	1828.188511	386889.6225	5707992.998	3440.727796	0.8623708882	1.05074539	43965.40431	16362.32967	10367.44794	2119.323955	578.3200854	0.6093961705	0.01355857124	0.01
88	1	64463.03433	1414.481344	438506.4528	5336462.952	4088.348414	0.8364660634	1.045045162	43733.40972	16322.95595	10327.47053	2118.524607	575.2412553	0.4714937814	0.01536748632	0.01046464306
88	1	63891.73715	1305.811229	285346.8965	6606748.997	7278.060219	0.7088775912	1.016957435	42603.64893	16130.36978	10131.21801	2118.496073	560.1868172	0.4352704097	0.01	0.01048192141
88	1	65058.70229	1301.774614	610933.1438	4177735.531	2975.461368	0.8809815453	1.054842414	44130.18011	16390.41948	10396.07343	2119.322873	580.5158568	0.4339248714	0.02141019059	0.01000037948
88	1	64604.21108	1282.621086	489491.2588	4947780.837	3973.118313	0.8410752675	1.046057289	43776.8538	16330.18707	10334.69252	2119.324342	575.8075085	0.4275403619	0.01715425206	0.01
88	1	64252.94511	1652.163309	395623.2046	5638968.918	3786.080185	0.8485567926	1.047704301	43843.0949	16341.47933	10346.20007	2119.324216	576.6902209	0.5507211031	0.01386464018	0.01
88	1	65208.4104	1217.909665	334595.0695	6851544.568	7904.066645	0.6838373342	1.011503416	42321.81783	16086.31703	10089.68017	2100.24235	556.7204178	0.4059698883	0.01172590533	0.02108668368
88	1	65054.08408	1444.119925	609709.8563	4184845.116	2613.490804	0.8954603678	1.058029836	44258.37713	16412.27336	10418.34385	2119.323111	582.2241679	0.4813733084	0.0213673204	0.01
88	1	64281.21365	708.8778513	402671.9711	5584848.736	9658.595548	0.6136561781	0.9959924649	41763.19458	15986.92104	9984.887461	2119.295524	548.9744731	0.2362926171	0.01411166464	0.01001771091
88	1	65111.00751	522.4596635	624921.3831	4097100.012	8346.105287	0.6661557885	1.007549835	42228.12428	16066.17191	10065.64371	2119.32581	555.1695268	0.1741532212	0.02190040932	0.01
88	1	65160.34605	1263.513623	566295.2858	4557902.027	3703.24489	0.8518702044	1.048447597	43858.16329	16344.99531	10350.57922	2114.992172	576.9596511	0.4211712076	0.01984585404	0.01251661151
88	1	64255.85443	539.9167785	396400.6567	5632865.091	13134.14315	0.4746342739	0.9653875452	40532.40106	15777.09843	9771.058818	2119.326357	532.5727438	0.1799722595	0.01389188604	0.01
88	1	64105.79847	2627.799537	355336.8654	5966475.891	2424.96198	0.9030015208	1.059690161	44324.9545	16423.63566	10429.93348	2119.264662	583.1122832	0.8759331789	0.01245280288	0.01003380654
88	1	72851.63178	283.9475728	2693431.546	229640.4409	3124.602784	0.8750158886	1.053529109	44077.36254	16381.41542	10386.89759	2119.323657	579.812013	0.09464919094	0.09439147856	0.01000001003
88	1	65117.32761	1324.418499	626610.2907	4087472.022	2819.482428	0.8872207029	1.056215925	44185.42349	16399.8368	10405.67017	2119.323357	581.2520059	0.4414728331	0.02195959719	0.01
88	1	64320.6618	870.1607339	404178.4986	5590637.884	7734.464198	0.6906214321	1.01293764	42442.84639	16102.90188	10103.17974	2118.750188	558.0399781	0.290053578	0.014164461	0.01033434718
88	1	64680.3369	1086.989813	444406.8124	5389450.503	5676.221507	0.7729511397	1.031072815	43160.68563	16226.01063	10229.25524	2115.378358	567.6591376	0.3623299378	0.01557426479	0.01229290687
88	1	73068.09571	501.0291075	2751277.025	211861.667	1393.002475	0.944279901	1.068777158	44690.62317	16485.95924	10493.43461	2119.320685	587.9841703	0.1670097025	0.09641867701	0.01
88	1	63897.59029	634.2975666	300662.4785	6436503.439	14833.28822	0.4066684714	0.9504252894	39930.63477	15674.51408	9666.518612	2119.32647	524.553757	0.2114325222	0.01053673554	0.01000000063
88	1	63879.23559	555.0416353	295740.8335	6480821.764	17357.33285	0.3057066862	0.928199173	39036.72016	15522.1268	9511.226145	2119.325588	512.6416907	0.1850138784	0.01036425618	0.01000058798
88	1	63842.1582	553.7490215	285849.4975	6570701.079	18028.11677	0.2788753293	0.9222924106	38799.15981	15481.62918	9469.956211	2119.326629	509.476005	0.1845830072	0.01001761368	0.01
88	1	64288.96827	574.1833428	339209.4588	6241373.552	14794.04836	0.4082380655	0.95078358	39931.41007	15675.51736	9668.273182	2115.3428	524.6272058	0.1913944476	0.0118876169	0.01231438085
88	1	67161.97747	460.4369771	1172997.693	1909395.112	4742.846968	0.8102861213	1.039279247	43504.24803	16283.71539	10287.33482	2119.324769	572.1748323	0.1534789924	0.04110777819	0.01
88	1	64667.62744	1931.128427	506336.1384	4833200.345	2277.719996	0.9088912001	1.060986572	44377.27292	16432.54311	10439.00119	2119.3165	583.8086407	0.6437094757	0.01774458193	0.01000356541
88	1	66503.64312	1028.279814	997061.4357	2439704.123	2136.503509	0.9145398597	1.062230072	44427.30395	16441.07081	10447.69047	2119.321743	584.4752548	0.342759938	0.03494208095	0.01000038475
88	1	64294.39758	974.7827608	310998.5211	6558686.308	9461.780683	0.6215287727	0.9977439534	41813.98314	15996.83479	9996.045622	2113.553023	549.7422521	0.3249275869	0.01089896281	0.01335388046
88	1	64798.75424	781.4131519	353324.5799	6384698.536	10823.7815	0.5670487401	0.9857683622	41313.24954	15912.69321	9911.324781	2107.976291	543.157962	0.2604710506	0.01238228221	0.01659386988
88	1	63851.87936	877.5746267	285346.8965	6582379.722	11127.75019	0.5548899922	0.9830559496	41242.3657	15898.16848	9894.471536	2119.139161	542.036518	0.2925248756	0.01	0.01010865253
88	1	64255.56642	1092.471453	396323.6914	5633469.056	6105.511729	0.7557795308	1.027279954	43021.64903	16201.44573	10203.49663	2119.325291	565.7438389	0.364157151	0.01388918878	0.01
88	1	64993.85385	646.9196231	483572.8622	5182887.363	9220.314604	0.6311874158	0.999873014	41896.65109	16011.11653	10010.75863	2112.687972	550.8575698	0.2156398744	0.01694684148	0.01385642181
88	1	66717.77626	833.1123913	1054294.757	2252733.987	2621.753406	0.8951298638	1.057957078	44255.45086	16411.77451	10417.83549	2119.323121	582.1851731	0.2777041304	0.03694782631	0.01
88	1	64329.16128	1748.968859	412919.2341	5510595.211	3367.388808	0.8653044477	1.051391788	43990.76771	16366.69393	10371.92946	2119.138631	578.6610069	0.5829896195	0.01447078062	0.01010762536
88	1	64824.36695	440.6219743	548323.0387	4558456.428	11547.50929	0.5380996285	0.9793590549	41094.32057	15872.89002	9868.676752	2119.326223	540.0607425	0.1468739914	0.0192160155	0.01
88	1	64337.94625	574.1833428	403332.1205	5607856.632	12144.99646	0.5142001415	0.974100627	40879.73398	15836.50694	9831.766355	2118.4211	537.215557	0.1913944476	0.01413479962	0.01052587775
88	1	65351.42264	1744.59656	683033.5682	3786547.712	1757.934322	0.9296826271	1.065564842	44560.16086	16463.79996	10470.92085	2118.951616	586.2515242	0.5815321867	0.02393695451	0.01021494667
88	1	64269.65364	1529.4262	400086.1308	5604023.975	4096.474261	0.8361410296	1.044971047	43733.16586	16322.73952	10327.103	2119.324295	575.225336	0.5098087333	0.01402104371	0.01000007213
88	1	64091.97128	794.7911453	352606.5139	5987208.386	9849.65458	0.6060138168	0.9943099482	41695.62986	15975.39648	9973.137568	2119.326035	548.0736395	0.2649303818	0.01235711754	0.01
88	1	63894.64393	1679.221642	299858.3696	6443754.841	5142.862203	0.7942855119	1.035756814	43362.57599	16259.56449	10262.72365	2119.323935	570.2869622	0.5597405472	0.01050855549	0.01000058798
88	1	65418.56827	1324.418499	612649.1931	4306596.653	3309.999247	0.8676000301	1.051914796	43992.934	16368.26873	10374.54748	2113.625403	578.7772196	0.4414728331	0.02147032964	0.01331039152
88	1	64435.22411	1330.087074	444098.7712	5271179.298	4272.059413	0.8291176235	1.043424932	43670.93475	16312.13392	10316.29777	2119.31038	574.3962819	0.443362358	0.01556346947	0.01000821665
88	1	64794.78587	1614.838599	413630.416	5746580.357	4237.308884	0.8305076447	1.043755378	43658.09646	16311.61469	10317.17168	2111.676099	574.3461545	0.5382795331	0.01449570404	0.01444328416
88	1	64043.31192	1101.54499	339601.4343	6096668.925	7187.028369	0.7125188652	1.017756384	42638.62058	16136.1501	10136.9561	2119.325461	560.6396995	0.3671816634	0.0119013537	0.01000006808
88	1	64141.21253	549.7711972	331882.473	6235446.347	15685.22407	0.372591037	0.9429298942	39622.18234	15622.37848	9613.764654	2117.282652	520.4757802	0.1832570657	0.01163084222	0.01118742042
88	1	73040.80222	438.6457372	2743910.003	214052.5602	1706.845329	0.9317261868	1.066013549	44579.45853	16467.00974	10474.12464	2119.317107	586.5028884	0.1462152457	0.09616049928	0.0100025738
88	1	65126.98103	1010.80376	558270.399	4607715.793	4813.487628	0.8074604949	1.038670899	43465.13871	16277.98383	10282.28024	2115.046666	571.7214522	0.3369345866	0.01956462137	0.01248538023
88	1	64177.07912	1337.161378	375259.8255	5801401.007	5163.731949	0.7934507221	1.035573054	43355.17027	16258.30298	10261.4389	2119.319534	570.1883454	0.4457204592	0.01315100427	0.01000314961
88	1	63840.49761	509.5845384	285405.7425	6574764.138	19688.62398	0.2124550408	0.9076703903	38211.07745	15381.37755	9367.793206	2119.326692	501.6393667	0.1698615128	0.01000206226	0.01
88	1	66578.29996	554.5421737	1014079.017	2384973.716	4537.584596	0.8184966162	1.041087306	43576.35848	16296.04704	10299.93422	2119.147087	573.1385716	0.1848473912	0.03553846318	0.01010316516
88	1	64283.6236	667.9360319	300962.2139	6667563.347	14478.15889	0.4208736446	0.9535723362	40035.9692	15693.82745	9687.340558	2113.121786	526.0557241	0.222645344	0.01054723978	0.013604705
88	1	63840.2774	440.9206892	285346.8965	6575303.126	22878.70794	0.08485168248	0.8795792913	37081.28282	15188.7791	9171.522717	2119.326787	486.5840064	0.1469735631	0.01	0.01
88	1	65764.04722	526.7102061	773198.0342	3362973.711	6652.978299	0.733880868	1.022464164	42822.5467	16167.85039	10169.5516	2117.742953	563.1157239	0.1755700687	0.02709677392	0.01091936352
88	1	64677.55257	761.6271965	509090.1481	4814523.597	6907.061593	0.7237175363	1.020221702	42737.77351	16153.05288	10154.18113	2119.325511	561.9609849	0.2538757322	0.01784109637	0.01
88	1	63840.2774	1207.703969	285346.8965	6575303.126	7867.082254	0.6853167098	1.011767995	42397.77425	16095.0925	10095.11569	2119.325721	557.4302399	0.4025679897	0.01	0.01
88	0	63840.2774	113.9929106	285346.8965	6575303.126	90688.05564	-2.627522226	0.2824667618	13066.04132	11094.85071	4999.540403	2119.327242	166.5629122	0.03799763688	0.01	0.01
88	1	64725.37224	442.711236	467742.1322	5196657.662	13834.81163	0.4466075349	0.9592280833	40273.49882	15733.6768	9727.409397	2116.061375	529.1744087	0.147570412	0.01639205255	0.01189687582
88	1	64702.20987	543.7245768	495383.9448	4942008.307	10366.8885	0.5853244599	0.9897592323	41508.41461	15943.74921	9941.11193	2118.10184	545.5982532	0.1812415256	0.01736076162	0.0107112508
88	1	65333.89057	641.6693152	558270.399	4696960.452	8085.366613	0.6765853355	1.009870211	42295.38947	16079.30358	10080.42499	2111.712364	556.1865117	0.2138897717	0.01956462137	0.01442309161
88	1	65908.34641	1301.86824	764824.8361	3458287.008	2539.259177	0.8984296329	1.058697633	44270.12883	16415.24184	10422.18009	2114.908951	582.4506977	0.4339560801	0.02680333466	0.01256416716
88	1	64739.26724	2054.069072	525577.5631	4705212.788	1990.49991	0.9203800036	1.063515743	44479.01362	16449.88578	10456.67343	2119.321872	585.1643188	0.6846896907	0.01841889888	0.01000015642
88	1	64442.6161	947.7175421	433785.3608	5370304.744	6525.148782	0.7389940487	1.023587152	42870.5428	16175.85153	10177.55329	2118.569976	563.7422041	0.3159058474	0.01520203535	0.01043887692
88	1	65877.46685	1298.892485	794488.0938	3274930.771	2270.203581	0.9091918568	1.061059548	44372.95064	16432.26995	10439.11252	2117.195879	583.7846381	0.4329641617	0.0278428854	0.01123542879
88	1	65594.86931	1268.452036	754222.7367	3421767.7	2344.392501	0.9062243	1.06039945	44353.68052	16428.51992	10434.90017	2119.32274	583.494157	0.4228173452	0.02643178342	0.01
88	1	63840.2774	565.8331272	285346.8965	6575303.126	17659.15988	0.2936336048	0.9255413547	38929.82895	15503.90462	9492.65635	2119.326613	511.2172692	0.1886110424	0.01	0.01
88	1	64031.80138	1891.22381	336527.439	6122827.946	3908.968808	0.8436412477	1.046622174	43799.57288	16334.06004	10338.63933	2119.3243	576.1102573	0.6304079366	0.01179362534	0.01
88	1	64408.94275	615.9552093	435643.3493	5336285.438	10328.06385	0.5868774459	0.990097515	41525.86608	15946.47847	9943.686702	2119.22555	545.8130029	0.2053184031	0.01526714868	0.01005841213
88	1	73100.02388	484.0978446	2759751.025	209379.6422	1461.871761	0.9415251296	1.068170723	44666.221	16481.80012	10489.19683	2119.317387	587.6590486	0.1613659482	0.09671564886	0.01000203609
88	1	64262.22205	2470.993848	388528.761	5713921.549	2374.955275	0.905001789	1.060132171	44340.95426	16426.47673	10432.92416	2118.745234	583.3337198	0.823664616	0.01361601495	0.01033550391
88	1	64092.83494	383.6196129	352837.1155	5985285.778	21212.29146	0.1515083417	0.8942533472	37671.45797	15289.38749	9274.049288	2119.326729	494.4485328	0.1278732043	0.01236519899	0.01000000674
88	1	64901.74174	520.5044866	568999.7388	4429029.862	9279.138039	0.6288344784	0.9993337773	41897.68301	16009.8409	10008.2387	2119.325957	550.7661493	0.1735014955	0.01994063176	0.01
88	1	64112.90106	978.6898838	324689.9462	6297421.156	8741.312564	0.6503474974	1.004076208	42081.50018	16041.61861	10040.99379	2117.304498	553.2476773	0.3262299613	0.01137877966	0.01117434555
88	1	64169.08291	1203.77181	304427.8752	6557469.51	7650.174903	0.6939930039	1.013691312	42460.92656	16106.76553	10107.77386	2115.176388	558.3375326	0.4012572698	0.0106686941	0.01241057513
88	1	64456.82629	1296.327238	450020.721	5227602.777	4334.568972	0.8266172411	1.042874459	43648.82613	16308.36305	10312.45335	2119.319418	574.1015253	0.4321090795	0.01577100458	0.01000298637
88	1	64649.29641	2040.66168	501534.9022	4865470.386	2141.564063	0.9143374375	1.062185509	44425.51301	16440.76542	10447.37918	2119.322148	584.451383	0.68022056	0.01757632231	0.01000015461
88	1	63840.2774	565.8331272	285346.8965	6575303.126	17659.15988	0.2936336048	0.9255413547	38929.82895	15503.90462	9492.65635	2119.326613	511.2172692	0.1886110424	0.01	0.01
88	1	64543.95605	1340.65507	396423.9346	5785117.465	5165.330649	0.793386774	1.035573823	43339.3293	16256.61659	10260.57264	2114.682124	570.0507258	0.4468850235	0.01389270181	0.01269726088
88	1	66817.62867	1476.767685	1040689.916	2328151.301	1344.970245	0.9462011902	1.069207899	44699.62913	16488.02594	10495.98737	2116.889663	588.1426867	0.4922558949	0.03647104378	0.01141190204
88	1	66278.83219	772.7759771	935200.4515	2660917.684	3358.921353	0.8656431459	1.051466104	43994.01983	16367.23151	10372.46315	2119.215528	578.7031255	0.2575919924	0.03277415886	0.0100629487
88	1	64627.16317	1419.026842	489491.2588	4958320.786	3544.206589	0.8582317365	1.049835365	43927.53775	16355.95538	10361.02012	2118.954037	577.8213472	0.4730089475	0.01715425206	0.01021494667
88	1	64149.10005	1906.296336	367872.5697	5861227.958	3476.910971	0.8609235612	1.05042677	43952.58967	16360.14513	10365.22176	2119.323963	578.149321	0.6354321121	0.01289211743	0.01000001197
88	1	63990.78744	2513.562234	325557.43	6217135.044	2870.273608	0.8851890557	1.055768672	44167.4334	16396.77012	10402.54514	2119.322814	581.012284	0.8378540781	0.01140918068	0.0100003484
88	1	64619.0841	1403.438591	493465.7423	4920462.552	3530.352344	0.8587859062	1.049956178	43933.66303	16356.91866	10361.93377	2119.324026	577.8971091	0.4678128637	0.01729353809	0.01
88	1	63981.93019	393.2785822	323200.4675	6237560.083	22638.29145	0.09446834181	0.88169634	37166.42831	15203.29402	9186.314384	2119.326781	487.7186339	0.1310928607	0.01132658079	0.01
88	1	66673.37732	787.4626917	973204.4874	2583446.192	3416.25193	0.8633499228	1.050974288	43960.31787	16362.37571	10368.26233	2115.147861	578.3184667	0.2624875639	0.03410601269	0.01242601674
88	1	64859.82662	322.1952529	520266.5739	4802273.997	17143.59245	0.3142563019	0.9300885639	39104.96395	15534.25533	9524.001822	2117.062574	513.5869456	0.1073984176	0.01823277493	0.01131532107
88	1	63871.94645	1101.54499	293809.7406	6498241.436	8426.38144	0.6629447424	1.006842943	42199.69382	16061.32531	10060.7047	2119.325823	554.7906696	0.3671816634	0.01029658091	0.01000000032
88	1	64888.15986	441.4086374	444285.3746	5495462.554	14927.69391	0.4028922436	0.9496173606	39873.14128	15666.31025	9659.500779	2112.022401	523.9033392	0.1471362125	0.015570009	0.01424342821
88	1	64784.6721	421.1474361	433912.2094	5542120.604	15962.72237	0.3614911053	0.9404998156	39510.01116	15604.17874	9595.993092	2113.064924	519.0478414	0.1403824787	0.01520648077	0.0136377918
88	1	64443.0171	897.8043894	445740.3206	5259943.866	6671.290175	0.733148393	1.022297978	42821.13971	16167.2734	10168.68026	2119.284708	563.0725474	0.2992681298	0.01562099767	0.01002366995
88	1	64650.62694	578.1057496	493097.0444	4938040.158	9708.48785	0.611660486	0.9955547269	41743.87715	15983.73734	9981.734996	2118.795312	548.7249792	0.1927019165	0.01728061705	0.01030832031
88	1	65078.58171	449.4528552	531189.8141	4808402.182	12063.09565	0.5174761738	0.974835356	40894.81913	15840.00269	9836.105487	2114.194885	537.4835379	0.1498176184	0.01861558057	0.0129811606
88	1	65065.08344	1324.418499	612649.1931	4167744.81	2901.165894	0.8839533642	1.05549664	44156.49462	16394.90523	10400.64458	2119.323447	580.866507	0.4414728331	0.02147032964	0.01
88	1	64344.02431	511.1458522	419956.3007	5451039.04	13093.01612	0.4762793554	0.9657497009	40546.96539	15779.58132	9773.589108	2119.326004	532.76683	0.1703819507	0.01471739507	0.01000020344
88	1	65288.37248	542.1495597	672318.2446	3835322.886	7396.222362	0.7041511055	1.015914272	42564.53318	16123.52024	10124.08543	2119.325624	559.6524276	0.1807165199	0.02356143532	0.01
88	1	64526.63028	708.8778513	403332.1205	5706821.267	9922.525123	0.6030989951	0.9936809037	41656.82208	15969.64387	9968.000647	2115.379318	547.6190285	0.2362926171	0.01413479962	0.01229290687
88	1	64219.07714	1581.995407	357298.3256	6008925.907	4624.454944	0.8150218022	1.040327432	43540.36087	16290.25778	10294.3265	2117.558765	572.6840418	0.5273318022	0.01252154237	0.01102592369
88	1	73138.25408	875.417771	2770025.297	206400.0819	461.7332117	0.9815306715	1.076977687	45020.43988	16542.18379	10550.73112	2119.315588	592.3792253	0.2918059237	0.0970757114	0.01
88	1	63840.2774	777.4629069	285346.8965	6575303.126	12643.99985	0.4942400061	0.9697036272	40705.98937	15806.69039	9801.214973	2119.326319	534.8859381	0.2591543023	0.01	0.01
88	1	64352.40907	895.8074443	388429.0841	5762898.619	7930.322093	0.6827871163	1.011217643	42368.66669	16090.57597	10090.88748	2117.288421	557.0746387	0.2986024814	0.01361252177	0.01118360012
88	1	63840.2774	1081.967325	285346.8965	6575303.126	8870.226275	0.645190949	1.002934554	42042.5025	16034.52858	10033.39707	2119.325896	552.6959774	0.3606557751	0.01	0.01
88	1	64287.78931	1095.193637	404934.5462	5566297.714	5942.697605	0.7622920958	1.028713656	43079.311	16211.27549	10213.5138	2119.32524	566.5122278	0.3650645458	0.01419095673	0.01
88	1	64781.07936	2683.504239	433160.7022	5547524.128	2242.527182	0.9102989127	1.061316458	44369.17324	16432.5275	10440.13265	2113.072734	583.799619	0.894501413	0.01518014415	0.01363048234
88	1	65364.2221	554.6569258	686266.5017	3769778.066	7077.411036	0.7169035586	1.018722867	42676.18692	16142.63746	10143.63721	2118.94426	561.1463385	0.1848856419	0.02405025287	0.01022151546
88	1	73178.50238	405.0871411	2769065.56	207517.968	1937.667537	0.9224932985	1.063983233	44495.39778	16452.83329	10459.80697	2118.615255	585.3938424	0.135029047	0.09704207735	0.01041056004
88	1	64526.63028	573.9183199	403332.1205	5706821.267	12369.15612	0.5052337552	0.9721364696	40790.32747	15821.93073	9817.471234	2115.379584	536.0723383	0.1913061066	0.01413479962	0.01229290687
88	1	64225.18913	662.1264799	285346.8965	6814190.386	15424.90706	0.3830037175	0.9452355033	39700.6705	15636.66838	9629.091706	2113.121845	521.5876176	0.2207088266	0.01	0.013604705
88	1	64604.21108	1419.026842	489491.2588	4947780.837	3517.660675	0.859293573	1.050067938	43938.15789	16357.68491	10362.71463	2119.324016	577.9570065	0.4730089475	0.01715425206	0.01
88	1	64388.81226	1928.160401	431930.693	5360854.604	2806.839959	0.8877264016	1.056327251	44189.90093	16400.60007	10406.448	2119.323343	581.3116711	0.6427201336	0.0151370384	0.01
88	1	63961.42232	2540.174518	309319.7279	6377907.374	3057.335388	0.8777065845	1.054123072	44099.51677	16385.30291	10390.95232	2118.816842	580.1152632	0.8467248392	0.01084012939	0.01029439487
88	1	72879.07538	421.623467	2700337.886	227475.4314	1849.651858	0.9260139257	1.064756098	44528.81204	16458.3806	10465.3349	2119.296058	585.8283245	0.1405411557	0.09463351167	0.01001498677
88	1	66156.10719	662.1264799	791153.9392	3380189.881	5402.953924	0.7838818431	1.033488339	43248.0038	16241.52409	10245.59241	2112.505653	568.86823	0.2207088266	0.02772603974	0.01396174602
88	1	64274.76673	880.9231314	305572.1204	6608866.432	10700.881	0.5719647599	0.9868327739	41375.10964	15922.02149	9919.807949	2113.542301	543.8941064	0.2936410438	0.01070879425	0.01336020584
88	1	63840.2774	507.4910167	285346.8965	6575303.126	19777.23554	0.2089105783	0.9068900985	38179.69493	15376.0277	9362.341364	2119.326695	501.2211711	0.1691636722	0.01	0.01
88	1	64568.42445	481.5775251	479928.0738	5014135.74	12105.83881	0.5157664476	0.9744425417	40896.58355	15839.18138	9834.325427	2119.326274	537.4257485	0.1605258417	0.01681910964	0.01
88	1	64205.94252	1355.169809	350694.4085	6070973.605	5634.405361	0.7746237856	1.031434653	43182.06382	16229.21894	10232.15821	2117.372569	567.912422	0.4517232696	0.01229010768	0.01113435242
88	1	65327.01983	868.9124732	558270.399	4693969.39	5905.67857	0.7637728572	1.029063656	43067.70884	16210.93826	10214.54903	2111.8225	566.4764914	0.2896374911	0.01956462137	0.01435874707
88	1	64622.1153	389.734353	493535.8232	4921245.431	14703.6271	0.4118549161	0.9515671964	39976.40831	15682.32695	9674.488644	2119.281829	525.1644309	0.129911451	0.01729599408	0.01002593126
88	1	65065.08344	1324.418499	612649.1931	4167744.81	2901.165894	0.8839533642	1.05549664	44156.49462	16394.90523	10400.64458	2119.323447	580.866507	0.4414728331	0.02147032964	0.01
88	1	64093.21915	649.9691606	351466.3649	5999791.968	12263.22813	0.5094708746	0.9730568944	40840.55002	15829.64867	9824.627301	2119.237396	536.6804681	0.2166563869	0.01231716095	0.01005164286
88	1	64572.11628	468.7409271	479928.0738	5015852.288	12462.58014	0.5014967946	0.9713013554	40770.04463	15817.62304	9812.366998	2119.266793	535.7404655	0.1562469757	0.01681910964	0.01003457406
88	1	64096.61916	1878.57592	353759.5536	5977783.847	3711.61413	0.8515354348	1.048360048	43869.44998	16345.97331	10350.78072	2119.318794	577.0415072	0.6261919733	0.01239752589	0.01000311912
88	1	65180.13182	1902.944443	643376.998	3993131.022	1664.798208	0.9334080717	1.066383794	44594.36122	16469.54948	10476.71217	2119.320451	586.7014233	0.6343148143	0.02254718751	0.01000057214
88	1	64338.67552	467.3348652	418532.7603	5461848.45	14443.68192	0.4222527234	0.9538560672	40068.61707	15698.03621	9690.48921	2119.326447	526.3924746	0.1557782884	0.014667507	0.01
88	1	63840.2774	519.2176769	285346.8965	6575303.126	19313.28405	0.227468638	0.9109755419	38344.00719	15404.03836	9390.886063	2119.326678	503.4107551	0.173072559	0.01	0.01
88	1	63851.06557	553.5019171	285346.8965	6581883.103	18082.10048	0.2767159806	0.9218176	38779.46822	15478.31034	9466.606056	2119.152729	509.2163551	0.184500639	0.01	0.01010103136
88	1	64114.80665	462.7759859	358708.7602	5936528.749	17154.93456	0.3138026176	0.9299814396	39108.40452	15534.34677	9523.678903	2119.326591	513.5969225	0.154258662	0.01257097115	0.01
88	1	63933.66902	578.1057496	310303.739	6350634.75	15817.68762	0.3672924953	0.941756909	39582.00158	15615.08185	9605.953262	2119.326526	519.9079584	0.1927019165	0.01087461412	0.01
