#gen	Feasible	f1	f2	f3	f4	f5	c1	c2	c3	c4	c5	c6	c7	x1	x2	x3
94	1	65829.52274	632.5480334	777602.9146	3357617.534	5453.010103	0.7818795959	1.033033319	43244.92406	16240.02663	10243.24909	2116.952809	568.7567313	0.2108493445	0.02725114323	0.01137817358
94	1	64355.20868	1196.057764	422950.88	5428336.065	5115.403531	0.7953838588	1.035998605	43372.30404	16261.22262	10264.41322	2119.324936	570.4165797	0.3986859213	0.01482234029	0.01
94	1	73087.82879	1473.361753	2729079.414	220607.8381	93.71147686	0.9962515409	1.080223702	45145.31951	16563.83464	10573.09932	2117.650726	594.069595	0.4911205844	0.09564076034	0.01096271735
94	1	67411.69388	1357.81727	1197284.704	1873258.69	1248.529932	0.9500588027	1.070057545	44733.35588	16493.80385	10501.89934	2116.759178	588.5941815	0.4526057566	0.04195891803	0.01148745869
94	1	66195.71822	494.458739	914779.1396	2736002.958	5811.65341	0.7675338636	1.0298676	43125.71996	16219.18702	10221.57624	2119.324764	567.1306689	0.1648195797	0.03205849269	0.01000025106
94	0	65331.70303	30	683897.3733	3773954.618	144224.6584	-4.768986336	-0.1889634668	-5894.389479	7862.62646	1705.691289	2119.3273	-86.09904039	0.01	0.02396722662	0.01
94	1	68987.03223	738.2751605	1550122.138	1173278.827	2312.953611	0.9074818556	1.060697649	44342.84299	16428.13108	10435.72987	2112.651393	583.4554258	0.2460917202	0.05432412817	0.01387531926
94	1	67124.87151	737.1168818	1160060.773	1946156.389	2726.897122	0.8909241151	1.057031792	44217.61305	16405.36407	10411.33632	2119.140992	581.6838434	0.2457056273	0.04065440303	0.01010587728
94	1	67127.67111	630.5713169	1163810.788	1934001.025	3288.606354	0.8684557459	1.052084938	44019.27554	16371.51346	10376.80705	2119.322661	579.0379784	0.210190439	0.04078582253	0.01000067606
94	0	65757.18216	30	797597.2518	3221138.279	123555.9481	-3.942237923	-0.00695985938	1425.605282	9110.481259	2977.337409	2119.327283	11.44537667	0.01	0.02795184604	0.01
94	1	66912.25082	222.3722462	1106263.775	2095410.753	11327.32866	0.5469068534	0.9812979116	41172.29936	15886.18323	9882.223404	2119.326202	541.0998683	0.07412408206	0.03876908383	0.01
94	1	69275.71948	877.7020216	1737225.098	870237.3478	1188.647363	0.9524541055	1.07057678	44762.87337	16498.28411	10506.00137	2119.282371	588.9475541	0.2925673405	0.06088116323	0.01002184522
94	1	64733.11777	865.1310598	523938.7174	4715959.662	5797.764499	0.76808942	1.029989901	43130.64026	16220.0257	10222.43083	2119.325192	567.1962287	0.2883770199	0.01836146543	0.01
94	1	69664.58315	1179.729219	1840886.233	753289.7132	608.5431735	0.9756582731	1.075685084	44968.27158	16533.30212	10541.68984	2119.263894	591.6848821	0.3932430731	0.06451397425	0.01003074915
94	1	66707.63403	827.3134285	1051503.942	2261572.216	2654.892854	0.8938042858	1.057665276	44243.69825	16409.77208	10415.79577	2119.318305	582.0286378	0.2757711428	0.03685002204	0.01000282206
94	1	68686.27733	613.7979862	1577290.13	1088331.937	2320.813575	0.907167457	1.060607668	44361.42657	16429.88055	10436.32047	2119.139128	583.6002872	0.2045993287	0.05527623217	0.01010664042
94	1	65975.14873	882.2840751	829850.7649	3107512.525	3410.443839	0.8635822464	1.051017083	43970.9649	16363.62046	10369.05152	2117.755879	578.4190273	0.2940946917	0.02908217244	0.0109109343
94	1	67838.13673	3998.640468	1347240.519	1501245.93	-184.9082539	1.00739633	1.082673099	45248.17257	16581.09088	10590.45146	2118.912339	595.4200945	1.332880156	0.04721412905	0.01022589226
94	1	66157.73939	517.3222525	695651.314	3991857.159	8405.524918	0.6637790033	1.007066961	42165.55591	16058.26245	10059.90036	2106.719264	554.5354933	0.1724407508	0.02437914421	0.01732392714
94	1	67912.99665	357.306756	1373563.591	1444024.647	5296.759608	0.7881296157	1.034401652	43308.04998	16250.27078	10253.25398	2119.317327	569.560468	0.119102252	0.04813662276	0.01000446298
94	1	65707.11791	606.9243878	784218.6899	3281733.171	5484.962905	0.7806014838	1.032744355	43241.42153	16238.91081	10241.67601	2119.325081	568.6724722	0.2023081293	0.02748299349	0.01
94	1	72858.66026	3847.262367	2638090.157	253017.7745	-224.2540431	1.008970162	1.083029374	45252.01866	16582.41628	10592.36504	2115.826361	595.5198735	1.282420789	0.09245203607	0.01200527435
94	1	66925.42651	613.9756708	1109784.687	2085158.396	3600.754665	0.8559698134	1.049336232	43908.72947	16352.66819	10357.60226	2119.324081	577.5648506	0.2046585569	0.03889247441	0.01
94	1	73686.47519	1015.765235	2665281.118	260576.7836	1421.186338	0.9431525465	1.0685775	44630.72073	16479.06166	10489.19094	2104.158747	587.4260503	0.3385884116	0.09340494503	0.01880486651
94	1	68264.11482	1470.794364	1040846.32	2661557.342	3024.83872	0.8790064512	1.054490009	44027.91714	16378.61453	10388.77359	2093.582306	579.5609057	0.4902647878	0.03647652498	0.0249527885
94	1	65305.0715	316.0406589	676780.6889	3811555.055	13142.79563	0.4742881746	0.9653113536	40529.33671	15776.57605	9770.526472	2119.326358	532.5319091	0.1053468863	0.02371782196	0.01
94	1	65422.10916	700.7189433	708056.4105	3649057.395	5230.666937	0.7907733225	1.034983624	43331.48255	16254.2637	10257.32161	2119.324983	569.8726028	0.2335729811	0.0248138816	0.01
94	1	65206.10628	1065.171496	650334.4228	3954594.22	3529.305512	0.8588277795	1.049965396	43934.03377	16356.98187	10361.99818	2119.324026	577.9020495	0.3550571655	0.0227910109	0.01
94	0	64994.06945	180.1909849	544155.1838	4664449.499	29787.7631	-0.1915105239	0.8187494045	34624.54499	14770.62704	8745.947234	2116.339969	453.8934589	0.06006366164	0.01906995276	0.01173532962
94	1	67796.97885	423.3549577	1342687.754	1507422.503	4468.22659	0.8212709364	1.041697487	43601.50711	16300.29535	10304.23089	2119.324631	573.4708824	0.1411183192	0.04705457708	0.01
94	1	67800.81413	863.3214018	1304744.048	1610876.424	2044.555175	0.918217793	1.06304727	44452.12753	16445.81642	10452.95846	2116.971262	584.8432812	0.2877738006	0.04572483751	0.01136565706
94	1	67819.92442	3998.640468	1348812.713	1494618.898	-213.4204378	1.008536818	1.082922927	45259.5498	16582.94544	10592.27	2119.300721	595.5655505	1.332880156	0.04726922668	0.01000023607
94	1	64434.8106	401.5339912	444222.7295	5269840.463	15912.31474	0.3635074103	0.9409236457	39548.48861	15609.36882	9600.131311	2119.326531	519.4613729	0.1338446637	0.0155678136	0.01
94	1	72004.32148	619.1796399	2467006.19	314799.1449	1182.435174	0.952702593	1.070631362	44765.19718	16498.67204	10506.38979	2119.319915	588.9779256	0.2063932133	0.08645638767	0.01000002539
94	1	64481.41108	376.0163057	456675.676	5179210.446	16558.46083	0.3376615666	0.9352338413	39319.65062	15570.35833	9560.377056	2119.326564	516.4119352	0.1253387686	0.01600422789	0.01
94	1	65874.61388	470.1635753	775531.031	3383860.683	7624.649213	0.6950140315	1.013913123	42473.01423	16108.62383	10109.49754	2116.101597	558.4839508	0.1567211918	0.02717853394	0.01187306219
94	1	65694.83764	474.1687882	780913.0547	3296907.483	7268.766162	0.7092493535	1.017036625	42609.66808	16131.2148	10131.92695	2119.324148	560.2539069	0.1580562627	0.0273671473	0.01000084121
94	1	72196.01357	1272.484882	2517316.327	293585.3139	167.629141	0.9932948344	1.079567673	45124.41726	16559.92111	10568.81677	2119.256538	593.7656772	0.4241616273	0.08821950959	0.01003210324
94	1	65888.27481	322.1151328	794892.9165	3275905.73	11016.27253	0.559349099	0.9840442837	41274.96453	15904.18255	9900.984248	2117.049858	542.5040245	0.1073717109	0.02785707244	0.01132245849
94	1	67298.09795	607.4868026	1208246.591	1818612.937	3292.689749	0.86829241	1.052049194	44017.60942	16371.24404	10376.54476	2119.255885	579.0168341	0.2024956009	0.04234307806	0.01003947081
94	1	66398.40528	995.4496305	944189.1973	2648826.767	2507.145567	0.8997141773	1.058971068	44291.12035	16418.18177	10424.63942	2117.829213	582.6841607	0.3318165435	0.03308917002	0.01086774151
94	1	66844.25061	504.2009175	1088004.742	2149457.611	4658.068881	0.8136772447	1.040025799	43534.25551	16288.83198	10292.54994	2119.319451	572.574788	0.1680669725	0.03812919487	0.0100030659
94	1	65234.95529	915.3936552	658043.6826	3912351.812	4173.403765	0.8330638494	1.044293624	43705.92105	16318.09501	10322.36992	2119.324466	574.8622765	0.3051312184	0.02306118239	0.01
94	1	66126.06579	1412.188436	896122.6692	2808083.92	1585.874979	0.9365650009	1.06707878	44622.30573	16474.31369	10481.56759	2119.318185	587.0738376	0.4707294786	0.03140467551	0.01000177204
94	1	73151.38905	355.1740707	2773535.326	205393.3284	2254.772755	0.9098090898	1.06118862	44385.4201	16433.93064	10440.41404	2119.322601	583.9171106	0.1183913569	0.09719872057	0.01
94	0	63843.1498	30	285346.8965	6577054.432	346738.3222	-12.86953289	-1.972249106	-77616.43148	-4363.969747	-10754.00596	2119.281056	-1041.848277	0.01	0.01	0.01002690006
94	1	66375.85391	912.8770572	692653.9505	4094702.842	5109.321904	0.7956271238	1.036104354	43320.75674	16256.00033	10262.08769	2103.021206	569.9879817	0.3042923524	0.02427410142	0.01947161619
94	1	69663.98267	766.5518652	1841603.187	752308.6929	1342.228417	0.9463108633	1.069224262	44708.60522	16489.02468	10496.55849	2119.320523	588.2237947	0.2555172884	0.06453909996	0.01
94	1	69273.96784	607.3197078	1737225.098	870096.0321	2055.195664	0.9177921734	1.062946077	44456.07112	16445.97671	10452.6915	2119.312895	584.8587369	0.2024399026	0.06088116323	0.01000544111
94	1	68081.88859	849.8237161	1153973.344	2149374.694	3414.653537	0.8634138585	1.051026143	43922.01437	16358.42648	10366.4066	2103.346416	577.9950107	0.283274572	0.04044106869	0.01928169299
94	1	72937.79586	623.6228518	2716457.277	222391.4002	990.9992136	0.9603600315	1.0723171	44832.99595	16510.22983	10518.16793	2119.319148	589.8813944	0.2078742839	0.09519841674	0.01
94	1	66620.38122	326.0652998	933979.2412	2752369.597	9411.127862	0.6235548855	0.9981897168	41832.20303	15999.92214	9999.176161	2113.638256	549.9836953	0.1086884333	0.03273136146	0.01330435863
94	1	64541.26452	355.1699801	472405.7589	5067419.469	16965.69731	0.3213721077	0.9316478676	39175.37192	15545.76633	9535.319118	2119.310632	514.489566	0.1183899934	0.01655548964	0.01000926677
94	1	67824.2078	3998.640468	1348812.713	1495212.571	-208.4663666	1.008338655	1.082879523	45257.56784	16582.62267	10591.95377	2119.231674	595.5402334	1.332880156	0.04726922668	0.01004035001
94	1	67127.6706	630.5713169	1163810.788	1934000.934	3288.605767	0.8684557693	1.052084943	44019.27577	16371.5135	10376.80708	2119.32267	579.0379814	0.210190439	0.04078582253	0.01000067132
94	1	67824.2078	3998.640468	1348812.713	1495212.571	-208.4663666	1.008338655	1.082879523	45257.56784	16582.62267	10591.95377	2119.231674	595.5402334	1.332880156	0.04726922668	0.01004035001
94	1	66814.31036	1145.223242	1043172.514	2317403.033	1884.80769	0.9246076924	1.064453572	44509.1107	16455.50342	10462.80743	2117.094574	585.6006656	0.3817410805	0.03655804661	0.01129382314
94	1	64312.63124	1312.866684	355820.8348	6076874.946	5844.213401	0.766231464	1.029591651	43103.11233	16216.06837	10219.01615	2115.962061	566.8826832	0.4376222279	0.01246976362	0.01195383824
94	1	64316.77412	934.454131	412680.0939	5506560.955	6948.965782	0.7220413687	1.019852704	42722.9328	16150.52295	10151.60297	2119.325521	561.7632212	0.3114847103	0.01446239994	0.01
94	1	67818.32446	3998.640468	1347240.519	1498490.87	-207.822722	1.008312909	1.082873856	45257.33989	16582.58381	10591.91417	2119.231705	595.5371958	1.332880156	0.04721412905	0.01004035001
94	1	66964.9864	608.4645968	1120337.037	2054744.704	3598.886639	0.8560445344	1.049352685	43909.38724	16352.78057	10357.717	2119.322924	577.5736342	0.2028215323	0.0392622822	0.01000067132
94	1	73107.48951	358.3957242	2761804.146	208777.446	2240.339366	0.9103864254	1.061315717	44390.5318	16434.80204	10441.30205	2119.322578	583.9852279	0.1194652414	0.09678760065	0.01
94	1	64829.38604	1026.234371	510999.7063	4866580.479	5074.940843	0.7970023663	1.036362377	43378.95179	16262.8659	10266.51647	2116.992534	570.5421194	0.3420781238	0.01790801696	0.01135500249
94	1	64385.74323	524.9346739	420629.6675	5465756.315	12752.73368	0.4898906526	0.9687481678	40665.39788	15799.90893	9794.420411	2118.694099	534.3550432	0.1749782246	0.01474099325	0.01036730366
94	1	64204.39034	329.8414293	382648.0166	5741819.838	22804.184	0.08783264019	0.8802355309	37107.67609	15193.27841	9176.107816	2119.326785	486.9357165	0.1099471431	0.01340992389	0.01
94	1	67085.96735	849.8237161	987781.1451	2616961.144	3492.439504	0.8603024198	1.050321876	43914.32451	16355.79721	10362.61915	2109.375995	577.7970152	0.283274572	0.03461685258	0.01577908953
94	1	66975.53864	540.2534309	1123156.443	2046690.738	4137.515168	0.8344993933	1.044609654	43718.6274	16320.26135	10324.57778	2119.323262	575.0316168	0.180084477	0.03936108845	0.01000068694
94	1	71954.25402	1427.451697	2453578.275	320748.4804	84.56534991	0.996617386	1.080298945	45154.00722	16564.95394	10573.93595	2119.30737	594.1591572	0.4758172323	0.08598580553	0.01000172493
94	1	68625.09068	322.1151328	1563982.304	1107526.114	5139.814437	0.7944074225	1.035783648	43363.65871	16259.74884	10262.91133	2119.324946	570.3013743	0.1073717109	0.05480985856	0.01
94	1	69091.60357	550.7956484	1580549.883	1123617.674	3119.897257	0.8752041097	1.053591421	44057.55066	16379.46394	10386.10732	2112.802528	579.6513182	0.1835985495	0.05539047042	0.0137882894
94	1	65238.1422	931.0826695	541086.1708	4796750.671	5649.540834	0.7740183667	1.031317874	43159.72683	16226.53814	10230.37354	2112.218502	567.6964244	0.3103608898	0.01896239901	0.01412862889
94	1	67419.65997	1008.083379	1180874.284	1928942.68	1997.841207	0.9200863517	1.063462874	44464.29746	16448.18144	10455.61264	2115.642984	585.026495	0.3360277929	0.04138381382	0.01213716547
94	1	66647.74872	1000.784305	992689.6759	2491398.344	2414.937797	0.9034024881	1.059786529	44320.17395	16423.37377	10430.13141	2116.735258	583.0886503	0.3335947684	0.03478887236	0.01150314476
94	1	66988.23765	614.9648204	1120523.88	2058509.576	3578.124215	0.8568750314	1.049536678	43915.54298	16353.90945	10358.93421	2118.959357	577.6614239	0.2049882735	0.0392688301	0.01021187178
94	1	65692.87734	376.0163057	780413.2129	3299176.444	9372.197904	0.6251120838	0.9985143149	41864.72509	16004.22249	10002.51318	2119.325971	550.3269603	0.1253387686	0.02734963031	0.01
94	1	66190.82279	670.8667401	843334.8065	3096760.131	4796.49216	0.8081403136	1.038820407	43471.31203	16279.02597	10283.33364	2115.093483	571.8029745	0.2236222467	0.02955472153	0.01245817643
94	1	69056.92859	1007.726374	1668900.53	960414.5072	1049.151454	0.9580339418	1.07180705	44810.31835	16506.50218	10514.48541	2118.686982	589.5892154	0.3359087913	0.05848672442	0.01036730366
94	1	64810.2517	991.6993896	507092.8878	4891090.723	5312.487807	0.7875004877	1.034270363	43295.06227	16248.54916	10251.9134	2117.065411	569.4230757	0.3305664632	0.01777110226	0.01131272377
94	1	66423.027	931.2160024	938951.6907	2679185.36	2795.477631	0.8881808948	1.056434369	44186.65716	16400.52959	10406.7817	2117.116704	581.3034046	0.3104053341	0.03290562127	0.01128187313
94	1	64283.10294	1026.266394	327139.6672	6370371.367	8426.733657	0.6629306537	1.006854624	42184.36048	16059.72106	10059.91846	2114.70859	554.6594963	0.342088798	0.01146463029	0.01268243852
94	1	66073.31156	1316.510223	882075.8337	2863522.899	1796.64567	0.9281341732	1.065222775	44547.66959	16461.58965	10468.60039	2119.321743	586.0792068	0.4388367409	0.03091240327	0.01
94	1	67349.51616	834.4850678	1216645.305	1800793.863	2192.987256	0.9122805098	1.061733937	44406.01679	16437.52712	10444.15079	2118.932297	584.1977587	0.2781616893	0.04263741152	0.01022666978
94	1	72759.138	1403.929814	2668714.919	237684.9287	28.96550937	0.9988413796	1.080788534	45173.70815	16568.31175	10577.35723	2119.309149	594.4216398	0.4679766047	0.09352528279	0.01
94	1	69857.17349	785.2127702	1695135.876	988224.0456	2327.256801	0.9069097279	1.0605886	44320.38917	16425.45769	10433.97571	2107.3716	583.2398511	0.2617375901	0.0594061438	0.01694219151
94	1	68570.9045	467.5135493	1549454.39	1130187.321	3341.748649	0.866330054	1.051616985	44000.44908	16368.30445	10373.53717	2119.320985	578.787129	0.1558378498	0.0543007269	0.01000167714
94	1	68664.28534	476.9101242	1574456.209	1091483.979	3196.704593	0.8721318163	1.052894198	44051.82714	16377.06235	10382.46151	2119.323742	579.4717344	0.1589700414	0.05517691725	0.01
94	1	68269.20934	331.9757953	1468880.895	1264414.271	5335.370537	0.7865851785	1.034061629	43294.4009	16247.94231	10250.87971	2119.325025	569.3784621	0.1106585984	0.05147702369	0.01
94	1	65815.74289	1068.728681	775125.4478	3367817.254	2990.942881	0.8803622847	1.054713448	44117.12494	16388.69665	10394.74025	2117.023851	580.3783103	0.3562428937	0.02716432025	0.01133594803
94	1	71954.24895	1457.2995	2453578.275	320748.3296	67.16340354	0.9973134639	1.080452182	45160.17054	16566.00459	10575.00662	2119.307095	594.2412867	0.4857664998	0.08598580553	0.01000167743
94	1	71518.00324	1044.157694	2337049.134	377273.3877	454.032491	0.9818387004	1.077045498	45023.16716	16542.64871	10551.20491	2119.315513	592.4155682	0.3480525647	0.08190203441	0.01
94	1	66103.94926	161.9053469	749991.4503	3613650.01	24340.16585	0.02639336613	0.8667371405	36535.82417	15097.64392	9080.205096	2110.86539	479.4494247	0.05396844898	0.02628349772	0.01491582819
94	1	68606.24799	1210.063539	1540190.611	1152322.041	912.3027199	0.9635078912	1.073013705	44857.14017	16514.59315	10522.82239	2118.186904	590.2210604	0.4033545129	0.05397607718	0.01065731928
94	1	69682.63595	1027.392872	1846587.862	747102.864	802.9878474	0.9678804861	1.073972683	44899.58173	16521.58084	10529.73537	2119.318158	590.7686998	0.3424642906	0.06471378818	0.01
94	1	67701.4155	1140.80343	1317069.441	1562233.85	1215.189427	0.9513924229	1.070342952	44753.58101	16496.69287	10504.37378	2119.315187	588.8232083	0.3802678101	0.04615678171	0.01000284299
94	1	64723.94276	3744.823921	521486.8977	4732094.495	758.2613172	0.9696695473	1.074366533	44915.422	16524.28117	10532.48717	2119.317887	590.9797833	1.24827464	0.01827554125	0.01
94	1	67227.94912	573.9444828	1142463.666	2025935.953	3980.122067	0.8407951173	1.046004917	43764.80353	16328.76815	10333.78051	2116.418904	575.6929616	0.1913148276	0.04003771128	0.01168789255
94	1	64617.05924	1635.364772	490351.3059	4946270.653	2955.738942	0.8817704423	1.05501658	44136.65581	16391.55721	10397.26126	2119.168266	580.6045995	0.5451215907	0.01718439247	0.01009018282
94	1	66285.71019	3959.839165	937676.7733	2651167.14	41.17005723	0.9983531977	1.080681287	45169.15574	16567.55096	10576.59478	2119.239467	594.3620821	1.319946388	0.03286094171	0.01004057841
94	1	69207.79189	972.6753995	1709215.404	907963.9599	1069.667461	0.9572133016	1.071626391	44803.05244	16505.26355	10513.22316	2118.687076	589.4923917	0.3242251332	0.05989956174	0.01036730366
94	1	69414.92398	346.5153126	1769520.651	833370.4768	4110.36714	0.8355853144	1.044849777	43727.14778	16321.78649	10326.19305	2118.991008	575.1504211	0.1155051042	0.06201296292	0.01019369805
94	1	69056.92859	1384.778082	1668900.53	960414.5072	567.539929	0.9772984028	1.076048003	44980.88506	16535.57904	10544.11665	2118.683917	591.8621446	0.461592694	0.05848672442	0.01036730366
94	1	66815.79195	615.8600424	1080487.28	2172019.367	3705.411802	0.8517835279	1.048414647	43871.66428	16346.34961	10351.16321	2119.324159	577.0709292	0.2052866808	0.03786574493	0.01
94	1	64190.2149	1188.484426	378427.3606	5776545.482	5851.009363	0.7659596255	1.029521123	43111.69719	16216.80214	10219.15061	2119.299115	566.9442116	0.3961614753	0.01326201074	0.01001515997
94	1	71542.20589	1427.451697	2343467.832	373921.3773	124.4718362	0.9950211266	1.079947538	45139.87407	16562.54463	10571.4807	2119.308153	593.9708221	0.4758172323	0.08212697809	0.01000171458
94	1	65431.77455	285.8013256	710639.2729	3635951.554	13881.56467	0.4447374131	0.9588059341	40267.69555	15731.97353	9725.073574	2119.326411	529.0453444	0.09526710852	0.02490439818	0.01
94	1	65346.85259	1281.637446	687945.7598	3752731.04	2608.881547	0.8956447381	1.058070424	44260.00954	16412.55164	10418.62743	2119.323105	582.2459209	0.4272124821	0.02410910258	0.01
94	1	64983.81483	337.0344308	541414.8622	4682289.509	15751.45904	0.3699416382	0.9423496647	39595.6182	15618.05627	9609.533365	2116.339558	520.1367356	0.1123448103	0.01897391802	0.01173532962
94	1	67061.49965	263.8441994	1117791.857	2082415.022	9444.229263	0.6222308295	0.9978855005	41833.58053	15999.28724	9997.798194	2117.615521	549.939036	0.08794806647	0.03917308617	0.01099371555
94	1	68094.8206	1099.044239	1422221.068	1349357.129	1138.375656	0.9544649737	1.071019351	44780.78978	16501.3309	10509.09999	2119.316269	589.1857637	0.3663480795	0.04984182712	0.01000204305
94	1	67123.44813	633.4478312	1162227.513	1938577.152	3277.664368	0.8688934253	1.052181378	44023.06037	16372.16467	10377.47571	2119.295217	579.0888488	0.2111492771	0.04073033657	0.01001661369
94	1	64604.97679	621.6761649	489695.8767	4946370.717	9006.439625	0.639742415	1.001735093	41994.26141	16026.30482	10025.01652	2119.325917	552.0531288	0.2072253883	0.01716142291	0.01
94	1	72457.24509	400.682946	2450475.14	337880.0093	2860.081883	0.8855967247	1.055884983	44143.7113	16394.54063	10401.79816	2111.024432	580.8276371	0.133560982	0.08587705596	0.01482099457
94	1	68538.08002	1188.60791	1540190.611	1145062.213	862.2727561	0.9655090898	1.073450738	44878.47819	16517.9904	10526.08246	2119.285907	590.4879954	0.3962026365	0.05397607718	0.01001892507
94	1	64447.12818	356.4853076	439718.1497	5317376.327	18245.9885	0.27016046	0.9203753911	38720.44968	15468.31413	9456.473738	2118.856358	508.4345846	0.1188284359	0.01540995031	0.01027321769
94	1	67266.09243	1412.194737	1168652.005	1942548.593	1176.701369	0.9529319452	1.070688065	44760.83636	16498.35295	10506.42125	2117.378927	588.9505582	0.4707315788	0.04095548329	0.0111273333
94	1	66177.88512	357.0311062	902824.4246	2788895.841	8494.832222	0.6602067111	1.006241572	42174.02153	16057.04383	10056.42137	2118.891732	554.4554449	0.1190103687	0.03163953895	0.01025219747
94	1	67605.61079	3880.059326	1290403.238	1621956.609	-165.9062297	1.006636249	1.082504748	45242.49595	16580.05326	10589.3353	2119.233903	595.3393838	1.293353109	0.04522226292	0.010040149
94	1	66707.33269	755.2568721	1051503.942	2261509.032	2980.791727	0.8807683309	1.054795474	44128.29447	16390.09789	10395.74559	2119.323531	580.4907189	0.2517522907	0.03685002204	0.01
94	1	64314.46102	371.6789256	412061.9703	5511304.541	18658.10891	0.2536756437	0.9167448539	38576.04289	15443.59397	9431.195831	2119.326654	506.5028047	0.1238929752	0.01444073776	0.01
94	1	65809.76815	994.35015	797597.2518	3236881.09	3046.639891	0.8781344044	1.054218345	44102.18165	16385.83175	10391.5539	2118.47587	580.1561765	0.33145005	0.02795184604	0.01049246865
94	1	66954.75229	678.8801817	1113566.06	2077123.87	3187.509571	0.8724996172	1.052975951	44054.27787	16377.53362	10382.98673	2119.079095	579.508268	0.2262933939	0.03902499287	0.01014211803
94	1	67557.35552	3837.613213	1241375.042	1758511.518	20.77636062	0.9991689456	1.080867845	45169.20132	16568.03519	10577.48869	2117.055482	594.3972118	1.279204404	0.0435040667	0.01130643375
94	1	65811.01194	789.1655581	779813.9617	3338989.634	4208.04136	0.8316783456	1.043994827	43687.26222	16315.33853	10319.91751	2117.383968	574.6443781	0.263055186	0.02732862951	0.0111273333
94	1	70522.23914	1015.510823	2066708.254	550616.6685	670.7498528	0.9731700059	1.075137958	44945.57146	16529.4768	10537.82893	2119.061113	591.3856045	0.3385036077	0.07242792124	0.01014876525
94	1	65703.38485	603.3682069	667284.2063	4020837.075	7125.276901	0.714988924	1.018322542	42637.4547	16137.48063	10139.59731	2112.331932	560.7349674	0.2011227356	0.02338501713	0.01406301613
94	1	64885.00696	1065.171496	564458.1263	4457247.275	4182.939679	0.8326824128	1.044209667	43702.52999	16317.51785	10321.78253	2119.320272	574.8171547	0.3550571655	0.01978147067	0.01000243957
94	1	67566.54994	626.1368389	1281110.728	1642436.119	2943.457384	0.8822617046	1.055124231	44141.51674	16392.35192	10398.04259	2119.323493	580.6669155	0.2087122796	0.04489660634	0.01
94	1	65360.59655	796.7347321	691618.5265	3733579.918	4633.447087	0.8146621165	1.040242595	43542.9929	16290.32031	10294.06567	2119.324716	572.6911368	0.265578244	0.02423781492	0.01
94	1	64564.37072	354.0746191	459843.1743	5190513.886	17587.49811	0.2965000754	0.9261760604	38951.43303	15507.83816	9496.875547	2118.180397	511.5233205	0.118024873	0.01611523307	0.01066591329
94	1	71524.20395	1049.031104	2337049.134	377490.341	455.5409339	0.9817783626	1.077032535	45022.30369	16542.52337	10551.09555	2119.215504	592.4056456	0.3496770347	0.08190203441	0.01005806977
94	1	67794.58933	933.2701873	1342042.403	1508781.847	1610.094921	0.9355962032	1.066865496	44613.73673	16472.85234	10480.07789	2119.320888	586.9596074	0.3110900624	0.04703196074	0.01000023845
94	1	64233.24876	848.4042898	360872.5301	5979523.29	9078.735342	0.6368505863	1.001104169	41962.79832	16021.3302	10020.27397	2117.547188	551.6620418	0.2828014299	0.0126468006	0.01103338296
94	1	68897.00459	741.3050907	1568950.116	1126026.437	2085.650765	0.9165739694	1.06269094	44431.86537	16442.74121	10450.1431	2115.23825	584.6007279	0.2471016969	0.05498395586	0.01237238115
94	1	65293.33402	766.9451443	673385.7537	3829966.956	4996.098365	0.8001560654	1.037049227	43414.50562	16268.42022	10271.75091	2119.3093	570.9791943	0.2556483814	0.02359884625	0.01000905395
94	1	68185.84183	360.0344853	1446602.774	1304269.782	4946.574194	0.8021370323	1.037485275	43432.09635	16271.41554	10274.80047	2119.324863	571.213357	0.1200114951	0.05069628552	0.01
94	1	65631.25459	1073.910289	763068.4787	3380890.79	2868.890089	0.8852443965	1.055781022	44167.75102	16396.83571	10402.62159	2119.270481	581.0173456	0.3579700963	0.026741783	0.01003074915
94	1	67912.52009	697.9513035	1373563.591	1443960.846	2337.953903	0.9064818439	1.060456147	44355.9608	16428.90865	10435.2963	2119.32273	583.5245434	0.2326504345	0.04813662276	0.01
94	1	72386.64207	616.5930336	2567702.657	273737.7589	1120.276005	0.9551889598	1.071179005	44786.91923	16502.39444	10510.19946	2119.230956	589.2687934	0.2055310112	0.08998530171	0.01005155028
94	1	64319.15455	687.0789339	411812.4995	5516097.215	9754.905048	0.6098037981	0.9951445798	41728.88741	15981.08579	9978.952029	2119.235315	548.5182585	0.2290263113	0.01443199504	0.01005269767
94	1	67035.29321	335.4266627	1010280.778	2504693.856	8571.011364	0.6571595455	1.005594254	42122.86746	16049.92837	10050.51912	2111.552497	553.8900611	0.1118088876	0.03540535363	0.01451602436
94	1	69097.34562	524.5695727	1593842.119	1098513.156	3209.923254	0.8716030698	1.052796404	44028.00342	16374.27187	10380.6859	2113.511946	579.2463416	0.1748565242	0.05585629768	0.01337623658
94	1	66098.37455	650.0564931	839732.4495	3089636.005	4896.758851	0.804129646	1.037933408	43439.99469	16273.40888	10277.3755	2116.366511	571.3654789	0.2166854977	0.0294284767	0.01171864193
94	1	67007.84701	948.7828514	1130242.308	2027676.035	2015.811889	0.9193675244	1.063293153	44469.73862	16448.32527	10455.10049	2119.227626	585.0422162	0.3162609505	0.03960941302	0.01005493078
94	1	66183.1786	1119.752012	911435.3673	2748770.19	2149.751193	0.9140099523	1.062113414	44422.61435	16440.27122	10446.87551	2119.322428	584.4127519	0.3732506706	0.03194130998	0.01
94	1	64958.48107	624.686133	460430.5335	5378180.537	10112.96354	0.5954814585	0.9920152097	41577.79201	15956.94053	9955.701494	2111.862307	546.6216174	0.208228711	0.01613581711	0.01433617951
94	1	72853.48209	965.7101287	2552641.557	293435.8774	1053.226444	0.9578709422	1.071796428	44782.88513	16503.55099	10512.92811	2110.792862	589.348662	0.3219033762	0.0894574845	0.01495133229
94	1	64832.99655	1026.234371	549561.7429	4552282.776	4514.178801	0.819432848	1.041293049	43585.02067	16297.49895	10301.39301	2119.260267	573.2522084	0.3420781238	0.01925942597	0.01003740592
94	1	69653.42348	805.0845567	1838781.477	755271.6571	1244.451835	0.9502219266	1.070085259	44743.23361	16494.92785	10502.57421	2119.320189	588.6852439	0.2683615189	0.06444021292	0.01
94	1	73428.90414	1473.361753	2732920.726	226178.6445	470.5269603	0.9811789216	1.076922418	44994.52044	16539.27921	10549.04361	2112.384405	592.1435241	0.4911205844	0.09577537937	0.01402227481
94	1	67550.15545	678.8801817	1108380.352	2214904.44	3916.995046	0.8433201981	1.046584009	43763.28019	16330.09381	10336.46389	2109.168624	575.7875288	0.2262933939	0.03884325939	0.01589981227
94	1	65975.00469	742.5335934	556714.6578	4998123.793	7725.638787	0.6909744485	1.013071274	42388.43984	16097.44649	10100.83043	2101.283729	557.5917059	0.2475111978	0.01951010033	0.02048165745
94	1	64156.00178	1312.866684	369717.2473	5846184.932	5363.566159	0.7854573536	1.033813345	43284.41519	16246.24003	10249.14496	2119.325036	569.245395	0.4376222279	0.01295676427	0.01
94	1	68989.65007	579.6116232	1661400.259	966979.8975	2324.152587	0.9070338965	1.060577678	44360.84816	16429.74184	10436.14541	2119.32256	583.5896735	0.1932038744	0.05822387696	0.01000008658
94	1	65896.77342	263.8441994	834899.9244	3058029.144	12739.14973	0.4904340108	0.9688657607	40672.29125	15800.9458	9795.360859	2119.326327	534.4368854	0.08794806647	0.02925912055	0.01
94	0	64417.9539	234.4018536	439718.1497	5303013.028	28096.16007	-0.1238464028	0.833635684	35233.47898	14873.78012	8850.518036	2119.326898	461.9606352	0.07813395121	0.01540995031	0.01
94	1	72189.5094	1695.523055	2506483.67	298991.1384	-21.70144717	1.000868058	1.081236628	45189.66321	16571.16369	10580.37453	2118.702841	594.6438205	0.5651743516	0.08783987844	0.01035082268
94	1	65531.12168	722.872337	737187.5932	3503939.639	4817.254007	0.8073098397	1.038624037	43477.89616	16279.22313	10282.75692	2119.324804	571.8236739	0.2409574457	0.02583478574	0.01
94	1	67879.19032	700.7189433	1364656.949	1461988.134	2345.870034	0.9061651987	1.060386439	44353.15724	16428.43072	10434.80926	2119.322742	583.4871839	0.2335729811	0.04782448893	0.01
94	1	66615.99466	1773.050578	783408.7299	3575290.056	2431.30043	0.9027479828	1.059681223	44274.482	16418.23322	10427.11897	2104.621019	582.6716796	0.5910168593	0.02745460839	0.01854003144
94	1	64316.61379	519.8671576	411812.4995	5514797.982	13133.5299	0.4746588041	0.9653931046	40532.45438	15777.1184	9771.08831	2119.276607	532.5742425	0.1732890525	0.01443199504	0.01002890348
94	1	69653.18311	1028.063023	1837855.652	756472.4633	813.139895	0.9674744042	1.073883453	44895.81511	16520.9501	10529.10215	2119.266223	590.7193302	0.3426876745	0.06440776735	0.01003019453
94	1	68632.25022	1004.301032	1519312.545	1197836.97	1386.181297	0.9445527481	1.06884622	44683.78315	16485.40768	10493.38897	2116.510004	587.9375433	0.3347670107	0.05324440406	0.01163250374
94	1	67362.70654	273.9977812	1226589.17	1772069.959	8086.429905	0.6765428038	1.009836483	42320.08075	16081.84857	10081.61979	2119.322812	556.3949624	0.09133259373	0.04298589489	0.01000171452
94	1	64491.56364	999.1690834	411050.1391	5612418.665	6687.161599	0.732513536	1.022167423	42806.04829	16165.32945	10167.22767	2116.409535	562.9169967	0.3330563611	0.01440527807	0.01169402876
94	1	68113.61456	510.2138551	1426519.284	1341638.857	3325.524263	0.8669790295	1.051759995	44006.04914	16369.2688	10374.52804	2119.276662	578.862456	0.170071285	0.04999245835	0.01002741757
94	1	64792.65533	1655.43648	378427.3606	6108372.062	4682.117697	0.8127152921	1.039845189	43493.68221	16284.0435	10289.45878	2109.587138	572.1883122	0.5518121601	0.01326201074	0.0156570249
94	1	64250.0829	1488.433023	364614.0662	5950000.936	4847.236174	0.806110553	1.038365862	43461.26835	16276.7875	10280.61015	2117.500371	571.6310016	0.4961443411	0.01277792297	0.01105991262
94	1	66990.07565	192.7098518	1127060.739	2035575.478	12931.13343	0.482754663	0.9671751992	40604.29863	15789.35496	9783.549028	2119.326342	533.5308329	0.06423661728	0.03949791474	0.01
94	1	68579.61747	353.8335435	1550122.138	1129787.236	4665.95242	0.8133619032	1.039956691	43531.14141	16288.3225	10292.04871	2119.221671	572.5348396	0.1179445145	0.05432412817	0.01005987305
94	0	66406.7571	30	937676.7733	2681087.983	105128.655	-3.205146201	0.1553128467	7945.126311	10222.31959	4110.745251	2117.306186	98.35490341	0.01	0.03286094171	0.01117418476
94	1	66275.55448	658.4454855	824261.0006	3226507.922	5200.197483	0.7919921007	1.035273533	43320.04761	16253.78988	10258.0789	2112.577188	569.8271328	0.2194818285	0.0288862788	0.01392013292
94	1	65972.1433	617.9942595	677463.9002	4049911.999	7108.802471	0.7156479012	1.018479516	42631.0417	16137.20047	10139.99519	2108.613623	560.7084214	0.2059980865	0.02374176515	0.01622319566
94	1	69072.02991	613.7979862	1562637.929	1157086.692	2859.193723	0.8856322511	1.055889562	44147.36126	16394.94142	10402.02048	2112.037138	580.8602318	0.2045993287	0.05476274485	0.01423270729
94	1	67027.75809	1422.757058	1137130.538	2007220.489	1073.688441	0.9570524624	1.071588959	44803.71088	16505.23754	10513.08046	2119.319519	589.4911488	0.4742523525	0.03985081147	0.01
94	1	68839.83471	524.3647423	1580165.785	1098427.33	3003.479431	0.8798608227	1.054603649	44112.07279	16387.87604	10393.93816	2116.837984	580.3139315	0.1747882474	0.05537700967	0.01144393044
94	1	66072.95847	1041.379718	881912.2105	2864244.5	2474.328123	0.9010268751	1.059255282	44307.64898	16420.67375	10426.90516	2119.318748	582.8808184	0.3471265726	0.03090666909	0.01000242748
94	1	65488.87035	456.293989	661921.5479	3978610.509	9361.021156	0.6255591538	0.9986250899	41855.97187	16003.5742	10002.56178	2115.466831	550.271461	0.1520979963	0.02319708243	0.01224201888
94	1	64956.84091	1036.060342	582433.1219	4348865.89	4170.258901	0.833189644	1.044321567	43706.77838	16318.25819	10322.55052	2119.246606	574.8749346	0.3453534475	0.02041140552	0.01004523089
94	1	65369.58892	788.3862518	693402.8835	3725110.419	4679.251482	0.8128299407	1.039839373	43526.64797	16287.54212	10291.24137	2119.287419	572.4739196	0.2627954173	0.02430034782	0.01002168083
94	1	69199.39194	739.5489199	1649756.441	1006147.281	1966.150618	0.9213539753	1.063743229	44474.18734	16449.95593	10457.49537	2115.237972	585.1646998	0.2465163066	0.05781581861	0.01237238115
94	1	72423.20729	615.9323071	2578944.874	269346.6858	1107.725714	0.9556909714	1.071289235	44791.65629	16503.18257	10510.98631	2119.319662	589.3305125	0.205310769	0.09037928589	0.01
94	1	66810.57073	780.3828375	1051503.942	2283259.168	2979.591588	0.8808163365	1.05481137	44123.2379	16389.5998	10395.54385	2117.659244	580.4497035	0.2601276125	0.03685002204	0.01096682605
94	1	66036.92834	474.1542928	872353.2244	2902570.274	6426.792684	0.7429282926	1.024450833	42907.86472	16182.04868	10183.72976	2119.325385	564.2275777	0.1580514309	0.03057167382	0.01
94	1	65627.45289	1026.971912	762929.9771	3380513.915	3031.697284	0.8787321086	1.054347212	44110.26585	16387.02452	10392.61362	2119.323583	580.250474	0.3423239708	0.02673692921	0.01
94	1	68830.59881	1461.315213	1305169.839	1770943.825	2152.533749	0.91389865	1.062149501	44359.29239	16433.61495	10443.57049	2100.393395	583.8687845	0.4871050709	0.0457397594	0.02099468638
94	1	65937.75102	371.6789256	441989.3612	6081365.411	19090.89384	0.2363642466	0.9130118518	38342.52347	15409.11268	9400.534532	2094.965036	503.7769708	0.1238929752	0.01548954506	0.02415333146
94	1	68839.09076	1047.091905	1592948.433	1074192.091	1140.598063	0.9543760775	1.07100522	44774.40698	16500.6143	10508.68194	2117.616958	589.1276242	0.3490306349	0.0558249784	0.01098899462
94	1	72160.23896	1147.501509	2492581.087	305481.8863	344.6761839	0.9862129526	1.078011571	45058.69934	16548.91821	10557.77234	2118.342812	592.9044403	0.3825005032	0.08735266153	0.01056392141
94	1	65609.06188	536.8789426	686522.0407	3854616.383	7615.260876	0.695389565	1.01399928	42472.75353	16108.81743	10109.8949	2115.013007	558.4977241	0.1789596475	0.02405920825	0.01250548875
94	1	64145.03204	1175.668004	366785.8257	5870107.172	6133.457196	0.7546617122	1.027033873	43011.75191	16199.75855	10201.77728	2119.325299	565.6119524	0.3918893347	0.01285403242	0.01
94	1	64365.30113	653.7007434	425647.8647	5407980.011	9926.035686	0.6029585726	0.9936373548	41668.57886	15970.78503	9968.438207	2119.326045	547.7131647	0.2179002478	0.01491685629	0.01
94	1	65835.56441	722.872337	737187.5932	3604250.884	5169.36627	0.7932253492	1.035539134	43337.02776	16256.28215	10260.28049	2114.4173	570.0242519	0.2409574457	0.02583478574	0.01285111144
94	1	65638.67109	1014.121286	731524.6565	3574097.461	3393.769539	0.8642492184	1.051165537	43975.19924	16364.45323	10369.99341	2117.248532	578.4834907	0.3380404287	0.02563632776	0.01120566004
94	1	65741.10771	954.3970426	776788.6692	3334928.201	3318.989896	0.8672404042	1.051820573	44005.23774	16369.33797	10374.77294	2118.327694	578.8666779	0.3181323475	0.02722260795	0.01057870061
94	1	66957.88195	1031.537336	1111889.41	2083796.967	1857.025982	0.9257189607	1.064692349	44524.98032	16457.8084	10464.81987	2118.925604	585.7831328	0.3438457788	0.03896623455	0.01023018566
94	1	67159.36552	794.4467551	1170702.2	1916572.554	2440.352494	0.9023859002	1.059554759	44319.37808	16422.69339	10428.98025	2119.226505	583.038578	0.264815585	0.04102733249	0.01005598479
94	1	66783.04872	736.3537945	1071691.741	2198830.659	3004.776116	0.8798089553	1.054584282	44119.79113	16388.64891	10394.26949	2119.320803	580.3774492	0.2454512648	0.0375575047	0.01000159926
94	1	65479.58157	912.8770572	685318.1582	3816606.347	4154.820173	0.8338071931	1.044464624	43704.93301	16318.4291	10323.13274	2117.026309	574.8855206	0.3042923524	0.02401701811	0.01133509365
94	1	68829.93544	3974.22129	1566839.959	1123162.569	-62.7298144	1.002509193	1.081606	45195.87401	16572.77478	10582.48055	2116.167424	594.7666029	1.32474043	0.05491000526	0.01181822806
94	1	65768.25317	996.1167099	797668.7131	3224045.353	2991.327914	0.8803468835	1.054703253	44123.98936	16389.40207	10395.06851	2119.14938	580.4361093	0.3320389033	0.0279543504	0.0101011758
