#gen	Feasible	f1	f2	c1	c2	c3	x1	x2	x3
4	1	0.06495733611	3025.98157	0.03504266389	96974.01843	42861.53263	0.01324099908	0.00152627037	2.304254868
4	1	0.0276394455	8398.818081	0.0723605545	91601.18192	62558.84802	0.004645921593	0.002316510126	2.387708744
4	1	0.01296187025	80470.05606	0.08703812975	19529.94394	82696.32865	0.000825	0.005895648772	1.263752183
4	1	0.09541299439	2223.691253	0.004587005615	97776.30875	86952.26233	0.01503897554	0.006466288252	2.984804664
4	1	0.03259083951	8679.765842	0.06740916049	91320.23416	80725.4155	0.004495541814	0.004499853562	2.387708744
4	1	0.04325101331	6022.219821	0.05674898669	93977.78018	79935.75905	0.007456872976	0.004462448786	1.989685221
4	1	0.05627754962	3646.728928	0.04372245038	96353.27107	69409.04863	0.01029252501	0.002813721395	2.518757837
4	1	0.03199875812	9955.801324	0.06800124188	90044.19868	79562.88668	0.005404111137	0.004614723457	1.601704211
4	1	0.02882629745	67976.83283	0.07117370255	32023.16717	93335.57916	0.0009565504125	0.01517516715	1.293012092
4	1	0.03539327528	11386.68889	0.06460672472	88613.31111	87393.06939	0.005110795605	0.007685041941	1.4638511
4	1	0.09711678212	2496.752927	0.002883217875	97503.24707	90791.14866	0.01558283839	0.009412866782	2.397192155
4	1	0.07282964771	4258.477818	0.02717035229	95741.52218	90665.64276	0.01238979593	0.01004053031	1.638534656
4	1	0.0532097461	4987.177185	0.0467902539	95012.82282	85265.78282	0.008749354643	0.006033867366	2.062858448
4	1	0.0797898166	3103.197882	0.0202101834	96896.80212	82066.98919	0.01583254265	0.005114999624	1.782667872
4	1	0.05968788956	3406.668639	0.04031211044	96593.33136	69569.68889	0.01099052255	0.002827243841	2.52750596
4	1	0.0746965928	3447.731259	0.0253034072	96552.26874	78252.62583	0.01538599574	0.004316966995	1.628264254
4	1	0.04111232429	13821.9232	0.05888767571	86178.0768	91812.93245	0.002743956307	0.01053446581	2.48255896
4	1	0.04324530942	11121.72981	0.05675469058	88878.27019	91658.39665	0.003511876094	0.01039966246	2.384568995
4	1	0.01554594177	81416.18094	0.08445405823	18583.81906	86439.74165	0.000825	0.007560772729	1.247628357
4	1	0.0560446087	7065.716992	0.0439553913	92934.28301	91853.03098	0.004761412301	0.01036584363	2.957213465
4	1	0.03116512169	10808.27384	0.06883487831	89191.72616	78977.39091	0.005404111137	0.004614723457	1.45777191
4	1	0.04949199493	3955.407483	0.05050800507	96044.59252	41785.19513	0.009741546011	0.001486119407	2.429044616
4	1	0.0852520625	2709.345879	0.0147479375	97290.65412	86451.54933	0.01516462281	0.006471712474	2.229046642
4	1	0.08597135408	2652.971411	0.01402864592	97347.02859	86524.867	0.01510141274	0.006471712474	2.304515548
4	1	0.08467944544	2699.377232	0.01532055456	97300.62277	88368.29396	0.01261336932	0.007274302217	2.90327525
4	1	0.05223676935	5239.373997	0.04776323065	94760.626	83563.35026	0.009290927062	0.005565950173	1.802602005
4	1	0.01714824876	53336.92307	0.08285175124	46663.07693	84938.35532	0.000825	0.005914738694	2.041068299
4	1	0.03295382205	55447.27874	0.06704617795	44552.72126	93750.6346	0.0009474239608	0.01497637485	1.646906718
4	1	0.07109756724	2682.52595	0.02890243276	97317.47405	43155.48726	0.01431895651	0.001520998379	2.439520126
4	1	0.02251040575	29563.19398	0.07748959425	70436.80602	86523.34326	0.00135538485	0.00647118151	2.304064467
4	1	0.07862585802	2990.919036	0.02137414198	97009.08096	88215.45085	0.01208439736	0.007253326761	2.657309812
4	1	0.03021536147	11231.51617	0.06978463853	88768.48383	79026.39088	0.00516695746	0.004614723457	1.46849519
4	1	0.06639218026	2928.033248	0.03360781974	97071.96675	43056.71017	0.01346105786	0.00152627037	2.355492752
4	1	0.03405392418	11939.29496	0.06594607582	88060.70504	88350.41071	0.003511876094	0.007560772729	2.17084686
4	1	0.02616197783	8533.008018	0.07383802217	91466.99198	52600.93926	0.004632491074	0.001834696992	2.346304956
4	1	0.05130965188	5698.135104	0.04869034812	94301.8649	84826.61675	0.009060310769	0.00613493875	1.680830212
4	1	0.06723180736	2940.49062	0.03276819264	97059.50938	22322.0526	0.01413617608	0.0011317	2.195417573
4	1	0.08921802215	2666.096326	0.01078197785	97333.90367	88631.31575	0.01531794085	0.00770240066	2.24677217
4	1	0.06511053851	2770.757328	0.03488946149	97229.24267	35435.76422	0.01246322611	0.001313553852	2.841781589
4	1	0.03179508739	10212.96644	0.06820491261	89787.03356	79557.18168	0.005404111137	0.004652552721	1.555185301
4	1	0.02501542128	34930.84049	0.07498457872	65069.15951	88830.88908	0.001138567097	0.007795892893	2.327174042
4	1	0.02865981853	12658.93151	0.07134018147	87341.06849	75202.57428	0.005253168938	0.004116923297	1.261417946
4	1	0.02755778238	10410.77486	0.07244221762	89589.22514	55841.90164	0.005548155292	0.002188148139	1.476354933
4	1	0.04611696354	4562.135994	0.05388303646	95437.86401	25777.44896	0.009669544417	0.001200989179	2.034612416
4	1	0.08529039326	2585.901158	0.01470960674	97414.09884	84055.76191	0.01550561816	0.00547044431	2.302037802
4	1	0.04142301733	5764.502224	0.05857698267	94235.49778	17449.32043	0.009060310769	0.0011317	1.658130643
4	1	0.06066315876	3704.225873	0.03933684124	96295.77413	81301.66786	0.01030654474	0.004618436607	2.460034256
4	1	0.05338619065	4533.556717	0.04661380935	95466.44328	81131.21821	0.00931070831	0.004675137697	2.152173728
4	1	0.05856756512	4396.368829	0.04143243488	95603.63117	87264.53767	0.008336996271	0.006728744998	2.604597075
4	1	0.08828943701	2695.051563	0.01171056299	97304.94844	88852.29975	0.01487213205	0.007823609065	2.30317212
4	1	0.03896149441	5496.766081	0.06103850559	94503.23392	20929.42287	0.008151012328	0.0011317	1.995380391
4	1	0.04565162354	4085.546385	0.05434837646	95914.45362	44091.97762	0.008217521061	0.001510023956	2.96672852
4	1	0.0587092821	3460.391795	0.0412907179	96539.60821	69616.21553	0.0107322551	0.002827243841	2.556528104
4	0	0.1085350283	2333.933389	-0.008535028331	97666.06661	91352.81789	0.01904374571	0.01032773124	2.015477165
4	1	0.06074024373	4803.720199	0.03925975627	95196.2798	90150.03787	0.008336996271	0.00885285511	2.305666853
4	1	0.08928494738	2662.769003	0.01071505262	97337.231	90034.74039	0.01270777977	0.008482279292	2.930968772
4	1	0.04087450652	7131.84353	0.05912549348	92868.15647	79599.25134	0.007424046006	0.004599166041	1.631838009
4	1	0.07045491486	3059.272289	0.02954508514	96940.72771	66497.78925	0.01432325132	0.00265638695	2.051902211
4	1	0.08856720345	2419.494473	0.01143279655	97580.50553	83023.10403	0.01622276664	0.005114999624	2.36873828
4	1	0.04807106046	4479.635462	0.05192893954	95520.36454	68344.85304	0.008885890102	0.002751177553	2.324479991
4	1	0.04489696712	4331.31306	0.05510303288	95668.68694	23360.60113	0.009008873229	0.0011317	2.387708744
4	1	0.09321278363	2829.568078	0.006787216368	97170.43192	92356.4921	0.01324967661	0.0112586514	2.522812478
4	1	0.09188032824	2615.032985	0.008119671755	97384.96702	89902.3032	0.01500519705	0.008599137122	2.369701297
4	1	0.04104528757	8533.008018	0.05895471243	91466.99198	88662.09078	0.004632491074	0.007670101468	2.346304956
4	1	0.03180521049	6532.259445	0.06819478951	93467.74055	57529.82524	0.005120551263	0.001986643603	2.983869733
4	1	0.05679719517	3991.627321	0.04320280483	96008.37268	81699.78222	0.009101436413	0.004675137697	2.637757525
4	1	0.04498047123	5976.782142	0.05501952877	94023.21786	70326.86068	0.009060310769	0.003185079153	1.589736301
4	1	0.04149951462	6727.296312	0.05850048538	93272.70369	84529.06443	0.005740147162	0.00559446099	2.421830652
4	1	0.0744652492	2946.07314	0.0255347508	97053.92686	77694.25416	0.01432775841	0.003954772625	2.152173728
4	1	0.04906728738	7766.978547	0.05093271262	92233.02145	86098.75621	0.008944985906	0.007485095401	1.202382734
4	1	0.07528004295	3229.910302	0.02471995705	96770.0897	88702.48362	0.01128244689	0.00757720076	2.62617433
4	1	0.07186806191	2613.803837	0.02813193809	97386.19616	24545.31558	0.01469386088	0.001145834615	2.439877649
4	1	0.03753019968	11110.94163	0.06246980032	88889.05837	89394.50055	0.003511876094	0.008178097423	2.387708744
4	1	0.04086062393	5291.991992	0.05913937607	94708.00801	41606.04687	0.00833276441	0.001526393339	2.035591399
4	1	0.02711536035	84552.71791	0.07288463965	15447.28209	93130.90793	0.000825	0.01517516715	1.197114152
4	1	0.07044548823	2765.070091	0.02955451177	97234.92991	42945.16071	0.01438966722	0.00152627037	2.325817424
4	1	0.02483055551	11252.53507	0.07516944449	88747.46493	12982.53726	0.005404111137	0.0011317	1.39307512
4	1	0.010649041	30974.90763	0.089350959	69025.09237	19709.67912	0.002031358742	0.001242928715	1.340978018
4	1	0.04185337194	5230.07681	0.05814662806	94769.92319	41281.93012	0.008618263495	0.00152627037	1.980488225
4	1	0.07957271359	2369.909068	0.02042728641	97630.09093	29185.69206	0.01635828889	0.001223191538	2.408883336
4	1	0.0889657945	2454.315378	0.0110342055	97545.68462	83883.02164	0.01633089337	0.005411389576	2.30317212
4	1	0.0884821073	2660.326275	0.0115178927	97339.67373	89685.36427	0.01258704009	0.008181357475	2.978761549
4	1	0.0532665591	5590.708866	0.0467334409	94409.29113	8419.463591	0.0123167352	0.0011317	1.214129624
4	1	0.035475668	8941.323424	0.064524332	91058.67658	79190.23965	0.006348359866	0.004614723457	1.505950952
4	1	0.06607721016	2915.125147	0.03392278984	97084.87485	23028.72226	0.01366943636	0.0011317	2.321159991
4	1	0.06564236277	2939.243954	0.03435763723	97060.75605	43223.18989	0.0132180003	0.00152627037	2.401856021
4	1	0.04652766742	6787.57484	0.05347233258	93212.42516	88638.03947	0.005830498166	0.007655700695	2.342652766
4	1	0.03252191566	10989.48638	0.06747808434	89010.51362	83265.46332	0.005190900543	0.005748506655	1.497442263
4	1	0.04994590673	5476.019752	0.05005409327	94523.98025	86683.7091	0.006939817324	0.00647926318	2.47570565
4	1	0.04142301733	5764.502224	0.05857698267	94235.49778	17449.32043	0.009060310769	0.0011317	1.658130643
4	1	0.06617875982	4241.95396	0.03382124018	95758.04604	90366.61574	0.008411614619	0.00885285511	2.707306923
4	1	0.03139486436	10551.76525	0.06860513564	89448.23475	79156.86522	0.005404111137	0.004614723457	1.498113548
4	1	0.01934205496	11407.95794	0.08065794504	88592.04206	30005.71016	0.003511876094	0.001245916734	2.304537114
4	1	0.08943789757	2530.551998	0.01056210243	97469.448	88689.52266	0.01322725626	0.007460553053	2.980612333
4	1	0.05674986927	3655.335405	0.04325013073	96344.66459	21220.31034	0.01207633573	0.0011317	2.032914077
4	1	0.01284636717	48693.18695	0.08715363283	51306.81305	76995.27566	0.00135538485	0.0044235758	1.271968276
4	1	0.04722247421	4484.810878	0.05277752579	95515.18912	69555.36232	0.0083691486	0.002827243841	2.518757837
4	1	0.04250100431	8045.83017	0.05749899569	91954.16983	88608.60372	0.004682532845	0.007561488522	2.505639902
4	1	0.0479198335	4255.266183	0.0520801665	95744.73382	52642.14995	0.009350399416	0.001838789357	2.325817424
4	1	0.05663279564	5713.635573	0.04336720436	94286.36443	89516.84312	0.009060310769	0.008887183445	1.675468988
