#gen	Feasible	f1	f2	f3	f4	f5	c1	c2	c3	c4	c5	c6	c7	x1	x2	x3
68	1	64501.70053	1344.367596	462097.5837	5140239.532	4023.477858	0.8390608857	1.045613835	43759.01855	16327.14666	10331.59414	2119.324374	575.5698405	0.4481225319	0.01619423899	0.01
68	1	64465.92668	527.0110094	452537.8141	5209150.723	11708.10719	0.5316757125	0.9779448691	41037.44349	15863.19407	9858.795937	2119.326238	539.3028128	0.1756703365	0.01585921626	0.01
68	1	64523.88121	3659.803628	332168.4823	6457428.212	2269.989954	0.9092004018	1.061080858	44353.03684	16430.20225	10438.12074	2111.126394	583.6154233	1.219934543	0.01164086543	0.01476109596
68	1	64789.37564	965.0688167	538972.3867	4618222.578	4954.056917	0.8018377233	1.037419384	43429.44628	16270.96378	10274.34009	2119.324866	571.1780429	0.3216896056	0.01888832131	0.01
68	1	64908.50324	965.4873473	565127.2719	4461769.761	4711.587002	0.8115365199	1.039555611	43514.19055	16285.48523	10289.20137	2118.982156	572.3127518	0.3218291158	0.01980492092	0.01019903246
68	1	66242.16364	1116.001795	726249.0032	3814632.254	3774.996004	0.8490001599	1.047840714	43807.09298	16337.99268	10344.87477	2107.201885	576.4025237	0.3720005984	0.02545144216	0.01704226377
68	1	64795.41918	1767.22676	446732.3172	5425265.205	3409.199368	0.8636320253	1.051041147	43957.92185	16362.29214	10368.45022	2113.66206	578.3100774	0.5890755868	0.01565576226	0.01328915696
68	1	64092.92127	968.5616598	352860.3767	5985091.436	7939.003361	0.6824398656	1.011134675	42372.3028	16090.75032	10090.69073	2119.325735	557.0908136	0.3228538866	0.01236601417	0.01
68	1	67133.7639	1228.332018	1165458.242	1929554.724	1312.957818	0.9474816873	1.069482012	44718.97165	16490.79187	10498.35937	2119.320426	588.361935	0.4094440059	0.04084355765	0.01
68	1	64393.55413	1861.343179	412734.5326	5545374.276	3195.714671	0.8721714132	1.052906867	44048.11178	16376.69891	10382.31801	2118.089276	579.4417821	0.6204477263	0.01446430775	0.01071713834
68	1	67061.98747	754.0613349	1145278.172	1985255.606	2683.868112	0.8926452755	1.057410304	44233.25385	16408.00372	10414.00389	2119.262907	581.8903365	0.2513537783	0.04013634582	0.01003502433
68	1	66980.0757	1177.436937	1124388.474	2043167.181	1481.959145	0.9407216342	1.067993827	44659.11843	16480.58856	10487.96153	2119.320951	587.5643461	0.3924789792	0.03940426506	0.01
68	1	65332.82477	333.2932965	643487.3651	4049285.022	13281.39106	0.4687443575	0.9640987782	40472.16318	15767.36655	9761.592718	2116.870674	531.808937	0.1110977655	0.02255105533	0.01142667648
68	1	63936.40763	1115.787695	311023.3715	6344298.424	7806.904027	0.6877238389	1.012297912	42419.08445	16098.72545	10098.81804	2119.324974	557.7142258	0.3719292316	0.01089983369	0.01000042757
68	1	65600.04419	4059.995392	692428.1006	3812018.954	566.5906523	0.9773363739	1.07606654	44970.75071	16534.54653	10543.64867	2115.502733	591.7774613	1.353331797	0.02426618649	0.01221405971
68	1	64015.48962	3659.803628	332168.4823	6160120.13	1681.994603	0.9327202159	1.066232364	44588.27422	16468.5116	10475.65432	2119.321478	586.6202938	1.219934543	0.01164086543	0.01
68	1	65542.88005	506.5000153	740322.2289	3488681.537	7168.242835	0.7132702866	1.017921806	42645.27252	16137.28414	10138.11183	2119.325119	560.728347	0.1688333384	0.02594463924	0.01000026381
68	1	65440.40294	858.6791811	711443.5803	3633772.4	4110.924869	0.8355630052	1.044844088	43727.75014	16321.83607	10326.19895	2119.233855	575.1546004	0.2862263937	0.02493258518	0.01005261803
68	1	65293.09529	710.8402397	515997.0866	5036383.866	8027.200581	0.6789119768	1.010388466	42309.75606	16082.1665	10083.69029	2109.819931	556.4079406	0.2369467466	0.01808315047	0.01552251404
68	1	64622.62406	2010.800944	494397.211	4914106.763	2227.355849	0.910905766	1.061430049	44395.12714	16435.58561	10442.10072	2119.321682	584.0464781	0.6702669813	0.01732618147	0.01000050846
68	1	63840.27823	507.0501169	285346.8965	6575303.634	19795.09878	0.2081960489	0.9067327993	38173.36847	15374.94922	9361.242323	2119.326682	501.1368665	0.1690167056	0.01	0.0100000078
68	1	64015.50636	4082.712344	332168.4823	6160129.69	1428.541453	0.9428583419	1.068464211	44678.03586	16483.81351	10491.24802	2119.320524	587.8164392	1.360904115	0.01164086543	0.01000015676
68	1	63912.98368	1643.467592	304758.6184	6399919.391	5174.331839	0.7930267264	1.0354797	43351.43063	16257.66452	10260.78747	2119.323909	570.1384426	0.5478225305	0.01068028502	0.01000061059
68	1	63840.33148	4063.773656	285346.8965	6575336.097	1800.412122	0.9279835151	1.065189611	44546.3328	16461.36195	10468.36851	2119.32088	586.0614068	1.354591219	0.01	0.0100005065
68	1	67370.78923	925.0281655	1228798.015	1766595.674	1852.060482	0.9259175807	1.064734806	44528.04398	16458.24403	10465.19098	2119.321863	585.8176807	0.3083427218	0.04306330399	0.01
68	1	64156.01673	1155.214089	285346.8965	6770629.267	8624.478971	0.6550208411	1.00511484	42112.7712	16047.6204	10047.67391	2114.236193	553.7130007	0.3850713629	0.01	0.01295690425
68	1	64699.98926	1881.2071	443925.2701	5403805.09	3105.06004	0.8757975984	1.053714941	44070.14458	16381.12363	10387.38914	2115.030807	579.7838393	0.6270690332	0.01555738911	0.01249382718
68	1	63943.07852	1183.267696	312760.1514	6329068.263	7273.377041	0.7090649184	1.016996029	42608.02833	16130.93571	10131.64293	2119.322094	560.2320885	0.3944225654	0.01096069925	0.01000203503
68	1	64872.46776	1119.513808	406744.1368	5857888.237	6436.181594	0.7425527362	1.024397981	42873.85458	16178.288	10181.60949	2110.009539	563.9219651	0.3731712692	0.01425437395	0.01541210648
68	1	63992.11226	2093.558362	307969.5809	6411124.351	3926.470705	0.8429411718	1.046471523	43789.8075	16332.63211	10337.3832	2118.241376	575.9972837	0.6978527874	0.0107928134	0.01062912265
68	1	64678.25392	1121.850712	463167.6428	5215352.621	5159.572647	0.7936170941	1.035618567	43347.49938	16257.60235	10261.23511	2116.543441	570.1301083	0.3739502373	0.01623173928	0.01161592519
68	1	63847.95331	1643.467592	286091.5352	6571464.271	5567.439787	0.7773024085	1.032018337	43211.95205	16233.90432	10236.58855	2119.246295	568.281018	0.5478225305	0.01002609591	0.01004578916
68	1	65581.26789	748.6026569	750588.0571	3439136.931	4529.149524	0.818834019	1.041161014	43579.93075	16296.61718	10300.4826	2119.324663	573.1833612	0.249534219	0.02630440584	0.01
68	1	64686.60446	1568.360728	422919.7556	5598013.084	4103.243085	0.8358702766	1.044928551	43713.1668	16320.49878	10325.80166	2113.980314	575.0435002	0.5227869094	0.01482124953	0.01310461793
68	1	63938.87036	745.7746266	285346.8965	6635682.959	13327.78455	0.466888618	0.9636874747	40458.58639	15764.86263	9758.88182	2117.737081	531.6142888	0.2485915422	0.01	0.01092332479
68	1	64042.33519	1981.543975	285346.8965	6699642.715	4729.744945	0.8108102022	1.039405048	43498.1596	16283.38973	10287.60157	2116.067549	572.1453052	0.6605146583	0.01	0.01189227465
68	1	64549.21073	1088.323474	474777.6105	5050268.639	4992.132448	0.8003147021	1.037084103	43415.95833	16268.66467	10271.99733	2119.323917	570.9983212	0.3627744912	0.01663861133	0.01000056145
68	1	63840.49383	2289.486964	285346.8965	6575435.065	3788.672179	0.8484531129	1.047681488	43842.16543	16341.32164	10346.04002	2119.320729	576.6778903	0.7631623213	0.01	0.01000202684
68	1	67582.22775	860.3515435	1205932.532	1874689.862	2445.657785	0.9021736886	1.059523061	44302.04663	16420.76471	10427.87701	2114.534751	582.8819518	0.2867838478	0.04226198169	0.0127814476
68	1	64306.88564	768.0393781	331250.0065	6338935.232	11268.56404	0.5492574384	0.9818305945	41177.45665	15888.10168	9885.051906	2114.573561	541.2438938	0.256013126	0.01160867739	0.01276111678
68	1	64351.9091	1982.567092	422069.1406	5435007.784	2789.984602	0.8884006159	1.056475675	44195.87039	16401.6177	10407.48503	2119.323324	581.3912187	0.6608556972	0.01479143967	0.01
68	1	64568.80588	1369.378917	446034.0837	5318926.782	4252.456959	0.8299017217	1.043604067	43671.1689	16312.61918	10317.16658	2117.273734	574.4316693	0.456459639	0.01563129262	0.01119138909
68	1	65733.2588	1003.387041	736844.4209	3572358.194	3493.781505	0.8602487398	1.05028871	43935.81388	16358.00238	10363.64081	2116.044722	577.9777248	0.334462347	0.02582275924	0.01190504408
68	1	64157.67678	1850.635291	368319.8989	5861326.624	3607.170513	0.8557131795	1.049280092	43906.09066	16352.24268	10357.18909	2119.212789	577.5314498	0.6168784303	0.01290779411	0.01006465658
68	1	67775.49344	4102.561328	1217255.137	1871350.606	348.7102761	0.986051589	1.077996055	45036.68589	16546.5321	10556.48929	2112.083106	592.7101095	1.367520443	0.04265878312	0.01419458269
68	1	63885.31744	507.0501169	297382.8503	6465976.854	18962.97052	0.2414811792	0.9140603171	38468.07362	15425.18822	9412.439166	2119.326665	505.0640334	0.1690167056	0.01042180076	0.01
68	1	67080.87757	1608.594425	1147890.958	1979714.87	860.8891475	0.9655644341	1.073463481	44878.39307	16518.01407	10526.13867	2119.111225	590.4896276	0.5361981417	0.04022791109	0.01012036519
68	1	65106.68441	1154.51183	529411.3411	4835888.457	4510.331588	0.8195867365	1.041344943	43567.84747	16295.80194	10300.69787	2113.632785	573.1125215	0.3848372767	0.01855325387	0.01330666958
68	1	63984.85805	1148.970419	323924.5966	6231397.162	7228.006163	0.7108797535	1.017395554	42624.09676	16133.67494	10134.43438	2119.322072	560.4462126	0.3829901397	0.01135195793	0.01000204236
68	1	65200.56014	1964.047988	518664.4449	4970238.835	2718.648588	0.8912540565	1.057128985	44195.26698	16403.23212	10410.57356	2111.469287	581.507604	0.6546826627	0.01817662821	0.01456244302
68	1	63896.21484	1209.569315	300294.9376	6439799.73	7424.746242	0.7030101503	1.015663098	42554.43121	16121.79814	10122.33049	2119.325631	559.5178113	0.4031897715	0.01052385505	0.01
68	1	67641.67385	1193.154468	1234624.709	1793251.905	1542.459123	0.9383016351	1.067473934	44624.4665	16475.55937	10483.57439	2115.30514	587.1661985	0.3977181561	0.04326750086	0.01233264217
68	1	64864.80797	1593.91223	547445.881	4582568.931	2694.700128	0.8922119949	1.057316983	44227.2946	16407.12878	10413.23072	2118.618343	581.8211369	0.5313040766	0.01918527546	0.01040947096
68	1	64234.99084	1894.706439	386141.1356	5723241.306	3321.215819	0.8671513673	1.051798688	44006.79974	16369.44822	10374.75415	2119.041278	578.8761874	0.6315688131	0.01353234047	0.01016415764
68	1	64895.27362	2116.892408	480184.9445	5166097.178	2538.370616	0.8984651754	1.058708145	44267.67797	16415.00763	10422.09573	2114.069256	582.4313407	0.7056308026	0.01682811169	0.01305194601
68	1	67766.24226	612.6063084	1271700.674	1700748.011	3325.099963	0.8669960015	1.051775703	43993.88211	16368.01237	10373.93493	2115.537009	578.7595687	0.2042021028	0.04456683041	0.01219989793
68	1	63840.2774	707.0361657	285346.8965	6575303.126	13979.64887	0.4408140453	0.9579422287	40232.95822	15726.05178	9719.038926	2119.326417	528.5824435	0.2356787219	0.01	0.01
68	1	64680.8403	1577.950539	422919.7556	5595022.213	4069.320386	0.8372271846	1.045226969	43725.48687	16322.57869	10327.90414	2114.073211	575.2062021	0.525983513	0.01482124953	0.01305063647
68	1	64020.86833	2521.610021	333605.8233	6147798.213	2771.206942	0.8891517223	1.056641027	44202.52066	16402.75139	10408.64033	2119.323302	581.4798385	0.8405366737	0.01169123714	0.01
68	1	64185.21647	546.9733093	377524.2268	5782949.552	13640.82901	0.4543668394	0.9609257934	40352.95407	15746.50773	9739.884879	2119.326394	530.1814782	0.1823244364	0.01323036036	0.01
68	1	64796.3317	1540.075053	529049.6994	4701681.355	2936.983086	0.8825206765	1.055183518	44141.46873	16392.49915	10398.32324	2118.612749	580.6775359	0.5133583509	0.01854058011	0.0104128848
68	1	63840.2774	1112.255449	285346.8965	6575303.126	8607.846865	0.6556861254	1.005245003	42135.42634	16050.3695	10049.54001	2119.325854	553.9342572	0.3707518164	0.01	0.01
68	1	64191.28283	738.0535392	378677.3126	5774605.455	9880.711825	0.604771527	0.994036556	41684.53769	15973.51174	9971.22209	2119.297807	547.9262753	0.2460178464	0.01327077032	0.01001640152
68	1	64267.3617	1344.367596	397802.1537	5625143.752	4804.666798	0.8078133281	1.0387352	43482.02149	16279.94846	10283.51463	2119.223843	571.8802466	0.4481225319	0.01394100159	0.01005865019
68	1	67258.20199	1095.845516	1198711.565	1842210.135	1499.567063	0.9400173175	1.067838776	44652.88244	16479.5255	10486.8782	2119.321001	587.4812468	0.3652818388	0.04200892248	0.01
68	1	67209.33326	2479.977666	1063586.371	2319963.254	891.1012516	0.9643559499	1.073220352	44844.12174	16513.73662	10523.09487	2111.95132	590.1463177	0.8266592221	0.03727345151	0.01427781456
68	1	63845.38625	2505.18239	286712.1224	6562809.993	3376.558605	0.8649376558	1.051310448	43988.13036	16366.20382	10371.39596	2119.323901	578.622927	0.8350607968	0.01004784443	0.01
68	1	64585.29355	522.4874249	484111.7386	4985559.053	10996.95677	0.5601217293	0.9842071483	41289.23888	15906.12243	9902.546356	2119.30661	542.6584849	0.174162475	0.01696572644	0.01001136265
68	1	65905.12374	1614.877196	834407.4155	3063021.312	1454.446223	0.9418221511	1.068236626	44668.32112	16482.1933	10489.62706	2119.156523	587.6895823	0.5382923986	0.02924186055	0.01009546088
68	1	64329.63242	508.326853	416116.1901	5480266.102	13298.43956	0.4680624175	0.9639407912	40474.21413	15767.17918	9760.950451	2119.32637	531.7973593	0.1694422843	0.01458281815	0.01
68	1	64351.96339	2266.938739	422069.1406	5435035.143	2344.099383	0.9062360247	1.060402034	44353.78145	16428.53732	10434.91806	2119.321864	583.4955158	0.7556462462	0.01479143967	0.01000050846
68	1	65446.54409	1669.872704	713087.6314	3625456.014	1739.661008	0.9304135597	1.065724857	44567.55344	16464.99905	10472.09141	2119.231209	586.3456061	0.5566242346	0.02499020106	0.0100525141
68	1	65786.45521	1378.753404	715935.1959	3723037.095	2635.91821	0.8945632716	1.057849628	44232.65415	16409.06868	10416.07014	2113.92473	581.9669142	0.4595844681	0.02508999413	0.01313599449
68	1	64982.12275	1643.467592	451955.8977	5470050.194	3839.443543	0.8464222583	1.047261149	43796.67185	16335.39274	10341.53318	2110.96779	576.2039922	0.5478225305	0.01583882296	0.01485457834
68	1	65274.70397	306.4030973	643487.3651	4027523.757	14431.4301	0.4227427961	0.9539688163	40067.95336	15698.25518	9690.991502	2117.807644	526.4076941	0.1021343658	0.02255105533	0.01088237418
68	1	63840.2774	797.2740388	285346.8965	6575303.126	12310.80517	0.5075677931	0.972637658	40823.99302	15826.80672	9821.714835	2119.326292	536.4584252	0.2657580129	0.01	0.01
68	1	63844.89977	993.218951	285666.5953	6574463.415	9723.390926	0.6110643629	0.9954219718	41740.16527	15983.0006	9980.896817	2119.270792	548.6679822	0.3310729837	0.01001120387	0.01003208471
68	1	64073.66363	831.182212	285346.8965	6719130.616	12047.30596	0.5181077615	0.9749700124	40904.92139	15841.42543	9837.30369	2115.564145	537.5964635	0.2770607373	0.01	0.01218566604
68	1	68020.71056	291.4876497	1357923.072	1498755.305	6943.255074	0.7222697971	1.019911595	42716.10304	16149.94635	10151.50929	2116.638019	561.7147898	0.09716254989	0.04758849977	0.0115613286
68	1	67824.80909	754.9090394	1348796.563	1495337.947	2162.263695	0.9135094522	1.062003488	44417.91904	16439.48832	10446.09241	2119.24232	584.3514528	0.2516363465	0.04726866069	0.01004654703
68	1	64140.73299	1634.423902	361445.0245	5922550.816	4288.639211	0.8284544316	1.043279699	43664.27654	16311.05108	10315.23817	2119.071655	574.3113386	0.5448079674	0.0126668637	0.01014690803
68	1	64485.72237	2026.83165	457827.7738	5170904.895	2440.748179	0.9023700728	1.059550966	44319.55536	16422.70254	10428.97187	2119.32288	583.0394136	0.67561055	0.01604460323	0.01
68	0	66910.37468	30	1096709.95	2130164.464	89688.28284	-2.587531314	0.2912722648	13418.32045	11155.02388	5060.96118	2118.78118	171.2659475	0.01	0.03843426941	0.01031724436
68	1	65084.24193	825.9512373	460866.7297	5437127.574	7728.911235	0.6908435506	1.013014997	42415.53303	16100.18954	10102.0494	2109.860947	557.816847	0.2753170791	0.01615110363	0.01549864561
68	1	64453.99056	666.7720703	449348.15	5232348.217	9163.619315	0.6334552274	1.000351007	41938.59493	16016.81524	10015.34601	2119.325941	551.3113311	0.2222573568	0.01574743428	0.01
68	1	64437.08998	1643.467592	444831.8447	5265370.78	3304.042281	0.8678383088	1.051949009	44013.81261	16370.58193	10375.85754	2119.323839	578.9651623	0.5478225305	0.01558916008	0.01
68	1	64451.55249	2032.951251	448493.0012	5238955.114	2498.501979	0.9000599208	1.059042439	44299.06091	16419.21149	10425.41652	2119.310675	582.7665044	0.6776504169	0.01571746554	0.01000713617
68	1	67057.18593	1002.494468	1144994.475	1985351.815	1826.575355	0.9269369858	1.064959221	44537.06975	16459.78267	10466.75896	2119.321809	585.9379559	0.3341648227	0.04012640364	0.01
68	1	64359.09349	375.9612575	346499.5967	6202901.066	22405.50406	0.1037798376	0.8837611741	37233.47515	15215.74579	9199.862636	2114.652475	488.6861432	0.1253204192	0.01214310024	0.01271562133
68	1	67296.53046	382.1284112	1208950.4	1816123.24	5674.208031	0.7730316788	1.03107791	43174.39809	16227.48523	10230.03263	2119.324932	567.779338	0.1273761371	0.04236774309	0.01000012617
68	1	64481.48048	757.7765366	367736.3629	6046093.362	10295.10399	0.5881958405	0.9904046097	41520.19481	15946.66312	9944.842621	2113.959956	545.8208568	0.2525921789	0.01288734405	0.01311753377
68	1	64124.76116	827.758862	361368.8825	5914570.701	9179.767298	0.6328093081	1.000208812	41932.87598	16015.84032	10014.3525	2119.325943	551.235122	0.2759196207	0.0126641953	0.01
68	1	63840.2774	2500.038248	285346.8965	6575303.126	3404.936204	0.8638025518	1.051060562	43978.08019	16364.49055	10369.65003	2119.323925	578.4890011	0.8333460825	0.01	0.01
68	1	67747.51356	1524.130638	1267595.895	1709966.91	1042.527698	0.9582988921	1.071875303	44802.4528	16505.83923	10514.37959	2115.585685	589.533519	0.5080435459	0.04442297815	0.01216835567
68	1	63840.3147	846.0548061	285346.8965	6575325.867	11556.93993	0.5377224026	0.9792760129	41090.97865	15872.32045	9868.09643	2119.325623	540.0162184	0.2820182687	0.01	0.01000034935
68	1	64048.17715	1581.564563	307406.3659	6450854.675	5498.540768	0.7800583693	1.032631261	43229.95711	16237.3983	10240.50603	2117.304429	568.5517149	0.5271881876	0.0107730755	0.01117390919
68	1	63986.07999	1070.963702	323390.723	6237895.059	7828.06129	0.6868775484	1.012111782	42411.41131	16097.42935	10097.50728	2119.270296	557.6128419	0.3569879007	0.0113332483	0.01003219548
68	1	65412.26335	2210.791698	582721.3232	4534149.459	2075.158963	0.9169936415	1.062793952	44424.65116	16442.237	10450.23913	2111.919414	584.5571675	0.7369305659	0.02042150556	0.01430016985
68	1	64416.83408	769.0022314	439206.142	5307188.486	8043.432214	0.6782627114	1.010215142	42335.27618	16084.44113	10084.2636	2119.312921	556.5976096	0.2563340771	0.01539200697	0.01000745626
68	1	68380.57228	628.8636723	1364155.595	1532889.562	3284.656508	0.8686137397	1.052145688	43993.95686	16368.97104	10375.7069	2111.210887	578.8291023	0.2096212241	0.04780691894	0.01471302066
68	1	64209.6199	2528.00721	358413.6481	5992019.813	2629.053417	0.8948378633	1.057897746	44247.77259	16410.80368	10417.13032	2117.77683	582.1073518	0.8426690699	0.01256062892	0.01089826996
68	1	64904.34508	2505.18239	569695.425	4424739.681	1319.333146	0.9472266741	1.069425872	44716.71377	16490.40696	10497.96713	2119.320448	588.3318472	0.8350607968	0.01996501213	0.01
68	1	64121.05583	2116.892408	285346.8965	6748718.792	4484.414244	0.8206234302	1.041569433	43580.86569	16297.7663	10302.48546	2114.798413	573.2675312	0.7056308026	0.01	0.01262949479
68	1	64331.15795	514.0677663	414204.3753	5499304.502	13215.61003	0.471375599	0.9646706158	40503.08802	15772.13197	9766.023385	2119.186448	532.1843425	0.1713559221	0.01451581848	0.01008128634
68	1	67251.70413	838.6247264	1196915.217	1846864.239	2198.849734	0.9120460107	1.061681076	44405.21379	16437.3057	10443.85411	2119.318895	584.1809336	0.2795415755	0.04194596934	0.01000210064
68	1	63856.7272	1703.243815	289742.7407	6535161.68	5262.813859	0.7894874456	1.034700546	43320.09745	16252.32286	10255.34377	2119.324996	569.7208878	0.5677479382	0.01015405264	0.01
68	1	64045.98417	404.9902194	340317.4755	6090586.578	20818.42841	0.1672628637	0.8977216088	37810.94786	15313.16662	9298.281785	2119.326729	496.30734	0.1349967398	0.01192644741	0.01
68	1	64058.47457	1242.493743	343655.2602	6062333.085	6201.778627	0.7519288549	1.026432252	42987.55531	16195.63371	10197.57379	2119.32532	565.2895145	0.414164581	0.01204342029	0.01
68	0	63840.27797	371.2934556	285346.8965	6575303.475	27312.52221	-0.09250088844	0.8405362073	35511.01078	14921.09154	8898.731495	2119.326875	465.6589546	0.1237644852	0.01	0.01000000536
68	1	64752.25168	1146.405394	529051.7179	4682489.195	4139.705219	0.8344117912	1.044590366	43717.85565	16320.12953	10324.44323	2119.324439	575.021314	0.3821351313	0.01854065085	0.01000000396
68	1	63865.53888	3659.803628	285346.8965	6590721.087	2112.730396	0.9154907841	1.062440714	44434.38427	16442.36671	10449.08579	2118.915107	584.5760467	1.219934543	0.01	0.01023657415
68	1	64305.94504	1085.423053	356502.8644	6065906.22	7153.149844	0.7138740062	1.018065	42640.03219	16137.09356	10138.50826	2116.111372	560.7094337	0.3618076843	0.01249366539	0.01186732005
68	1	63840.3147	846.0548061	285346.8965	6575325.867	11556.93993	0.5377224026	0.9792760129	41090.97865	15872.32045	9868.09643	2119.325623	540.0162184	0.2820182687	0.01	0.01000034935
68	1	64423.29434	1861.343179	395914.7631	5725830.628	3467.410313	0.8613035875	1.050519165	43946.96741	16359.78332	10365.35449	2116.595431	578.1176286	0.6204477263	0.01387485787	0.01158510576
68	1	64039.31249	1339.795727	338534.617	6105731.931	5793.545629	0.7682581748	1.030027051	43132.1344	16220.28041	10222.6904	2119.325191	567.2161393	0.4465985758	0.01186396702	0.01
68	1	65866.80206	2115.90728	673089.334	4041194.309	1989.380859	0.9204247656	1.063555299	44448.8513	16446.77265	10455.20601	2110.042905	584.9093735	0.7053024267	0.0235884582	0.01538998009
68	1	64487.76055	1988.370576	458372.4312	5166983.062	2498.874116	0.9000450354	1.059039123	44298.96958	16419.19324	10425.39566	2119.32296	582.7650927	0.6627901921	0.01606369079	0.01
68	1	67880.04957	605.7388064	1364886.564	1461520.574	2833.050555	0.8866779778	1.056096447	44180.61823	16399.01763	10404.83539	2119.323373	581.1879722	0.2019129355	0.04783253578	0.01
68	1	64423.3018	752.3742549	441147.2593	5292466.246	8197.552351	0.672097906	1.008857956	42280.73553	16075.14066	10074.78345	2119.325783	555.8706112	0.2507914183	0.01546003355	0.01
68	1	64544.32865	458.6408599	381843.9807	5933962.169	16617.6224	0.3352951041	0.9347305781	39280.48868	15564.89119	9555.821697	2113.798366	515.977662	0.1528802866	0.01338174641	0.01321170569
68	1	66128.94424	904.529228	670716.1097	4157748.962	5117.415638	0.7953033745	1.036024577	43326.64145	16256.42254	10262.02967	2105.678096	570.0243058	0.3015097427	0.0235052884	0.01792811587
68	1	64459.46265	2311.713647	432078.2402	5394699.675	2294.266838	0.9082293265	1.060844462	44367.71095	16431.15881	10437.79704	2118.192577	583.6990261	0.7705712155	0.0151422092	0.0106564713
68	1	64227.87542	1352.173044	388789.0366	5693176.178	4894.104651	0.804235814	1.037947335	43450.65207	16274.58056	10278.02732	2119.316705	571.4607549	0.450724348	0.01362513633	0.01000472577
68	1	64914.86351	1433.201628	565127.2719	4464401.571	2939.722953	0.8824110819	1.055158541	44141.37315	16392.42478	10398.19865	2118.878343	580.6720546	0.4777338761	0.01980492092	0.01025859649
68	1	64465.92668	1069.514111	452537.8141	5209150.723	5381.216066	0.7847513574	1.033657925	43278.16433	16245.17443	10248.05905	2119.325042	569.1620976	0.3565047036	0.01585921626	0.01
68	1	64351.96339	2289.486964	422069.1406	5435035.143	2313.479747	0.9074608101	1.060671663	44364.62565	16430.38595	10436.80193	2119.321818	583.6400228	0.7631623213	0.01479143967	0.01000050846
68	1	64402.51105	2217.300296	346106.7628	6232178.961	3498.570646	0.8600571742	1.050253322	43927.13865	16356.98682	10362.9953	2113.9258	577.8956912	0.7391000985	0.01212933335	0.01313599449
68	1	63914.189	755.0937253	285346.8965	6620515.885	13126.71777	0.4749312893	0.9654567458	40531.10635	15777.13826	9771.318373	2118.134923	532.574368	0.2516979084	0.01	0.01069218337
68	1	64303.57164	1412.829148	409152.0254	5533690.912	4381.060235	0.8247575906	1.042465052	43632.37779	16305.55794	10309.59382	2119.324584	573.8822575	0.4709430495	0.01433875856	0.01
68	1	63900.15057	2293.541335	301346.6767	6430371.586	3539.039408	0.8584384237	1.049879682	43930.58643	16356.39419	10361.3993	2119.324033	577.8561111	0.7645137785	0.01056071331	0.01
68	1	65903.73522	1350.561583	834407.4155	3062627.021	1884.89624	0.9246041504	1.064446116	44515.94741	16456.21294	10463.14725	2119.17998	585.6587337	0.4501871944	0.02924186055	0.01008245741
68	1	64490.2844	2276.515423	459032.3673	5162261.128	2081.720905	0.9167311638	1.062712475	44446.70496	16444.37819	10451.06094	2119.321434	584.7337912	0.7588384743	0.01608681829	0.01000050846
68	1	67309.1102	520.7678826	1210633.029	1812927.065	3960.658099	0.8415736761	1.046167336	43780.93236	16330.90454	10335.44233	2119.22283	575.8634665	0.1735892942	0.04242671093	0.01005896784
68	1	63985.24193	747.9017676	289846.1416	6612304.583	13105.81305	0.4757674778	0.9656436256	40535.63123	15778.10073	9772.459819	2117.260971	532.6485122	0.2493005892	0.01015767633	0.01119991902
68	1	64069.9302	2293.541335	337175.8704	6137582.118	3122.973435	0.8750810626	1.053545299	44076.04396	16381.31649	10386.90253	2118.748125	579.8035602	0.7645137785	0.01181634966	0.01033435271
68	1	66898.77206	935.9088375	1102661.876	2105951.093	2117.526505	0.9152989398	1.062397177	44434.02699	16442.21675	10448.85814	2119.322373	584.5648339	0.3119696125	0.03864285507	0.01
68	1	63840.2774	1093.712457	285346.8965	6575303.126	8766.755752	0.6493297699	1.00384569	42079.14744	16040.77552	10039.76311	2119.32588	553.1842988	0.3645708189	0.01	0.01
68	1	64976.60634	1323.303932	429143.3688	5688632.35	5165.156276	0.793393749	1.035591368	43322.9199	16254.91272	10259.75532	2109.681475	569.9112863	0.4411013107	0.01503935645	0.01560238364
68	1	64080.79412	602.5145054	346499.5967	6044899.995	13497.32636	0.4601069455	0.9621900453	40403.15678	15755.10705	9748.682739	2119.138175	530.8534489	0.2008381685	0.01214310024	0.01010934295
68	1	67860.45639	754.9090394	1359650.721	1472219.502	2133.192539	0.9146722984	1.062259225	44428.47873	16441.27093	10447.89428	2119.3224	584.4908992	0.2516363465	0.04764904534	0.01
68	1	64389.38517	2974.564662	431536.3322	5364819.347	1554.809108	0.9378076357	1.067352434	44633.20923	16476.17899	10483.47396	2119.288123	587.2196098	0.9915215542	0.015123218	0.01001918574
68	1	64392.45856	1439.886071	432905.0845	5353582.89	4007.307285	0.8397077086	1.045756229	43764.74549	16328.12294	10332.58904	2119.324364	575.6461563	0.4799620238	0.01517118601	0.01
68	1	65430.21614	1607.208131	617900.5352	4272036.303	2630.002395	0.8947999042	1.057902269	44234.18546	16409.36716	10416.40577	2113.753528	581.9900321	0.5357360438	0.02165436326	0.01323544033
68	1	64435.54235	768.4290058	444359.181	5268946.877	7947.124224	0.682115031	1.011063177	42369.41499	16090.25881	10090.1905	2119.322172	557.0523878	0.2561430019	0.01557259555	0.01000207092
68	1	64420.57933	800.63918	360087.5872	6092598.92	9900.889587	0.6039644165	0.9938742994	41661.52298	15970.64185	9969.182895	2114.480226	547.6959167	0.2668797267	0.01261929222	0.01281524534
68	1	63885.44805	1410.427284	297116.8281	6469048.823	6334.878911	0.7466048436	1.025260261	42940.35695	16187.59167	10189.38177	2119.307206	564.6608486	0.4701424281	0.010412478	0.01001054593
68	1	63972.9271	867.710969	319730.8331	6270094.99	9961.944902	0.6015222039	0.9933213525	41655.64995	15968.59505	9966.21826	2119.261881	547.5418939	0.2892369897	0.01120498723	0.01003727948
68	1	64399.51559	830.9801732	400570.0062	5667130.74	8319.87103	0.6672051588	1.007787457	42230.61585	16067.04806	10066.91595	2117.261516	555.2354352	0.2769933911	0.01403800115	0.01119927408
68	1	64653.39386	2031.175888	457827.7738	5251916.935	2627.817218	0.8948873113	1.057912335	44244.4005	16410.48176	10417.01484	2116.620068	582.0807422	0.6770586292	0.01604460323	0.01157024638
68	1	64583.81567	1869.854303	484041.0351	4985489.269	2521.69397	0.8991322412	1.058838177	44290.88774	16417.81551	10423.99166	2119.322991	582.6573961	0.6232847676	0.01696324863	0.01
68	1	64117.08047	797.2740388	290266.854	6688726.145	12388.02412	0.5044790351	0.9719710221	40782.92551	15820.71668	9816.274196	2115.16109	535.9771635	0.2657580129	0.01017242022	0.01241984526
68	1	65274.70397	333.2932965	643487.3651	4027523.757	13214.16973	0.4714332108	0.9646877133	40499.05619	15771.74618	9765.883665	2117.80756	532.1524625	0.1110977655	0.02255105533	0.01088237418
68	1	67743.65918	1313.971298	1211912.584	1883261.14	1607.400282	0.9357039887	1.066911728	44591.53917	16470.60527	10479.07977	2112.29056	586.7751714	0.4379904328	0.04247155302	0.01408368442
68	1	64205.10094	1458.770693	382536.9852	5743307.598	4567.057836	0.8173176866	1.040827261	43566.44541	16294.32228	10298.14728	2119.306529	573.0039467	0.4862568976	0.01340603279	0.01001054593
68	1	64188.14598	2201.929661	288822.4439	6749884.843	4299.80653	0.8280077388	1.043197834	43643.37434	16308.61292	10313.69911	2113.92644	574.114319	0.7339765535	0.01012180078	0.01313599449
68	1	67258.52818	704.0612369	1102125.066	2179412.934	3487.019711	0.8605192116	1.050356425	43929.80109	16357.53552	10363.63416	2113.492103	577.938041	0.234687079	0.03862404251	0.01338793476
68	1	67899.78712	1625.522482	1289080.819	1670642.635	1005.553281	0.9597778688	1.0722046	44811.7313	16507.67431	10516.46259	2114.426302	589.6755188	0.5418408272	0.04517591866	0.01284145965
68	1	64081.021	837.1241175	347135.9578	6038337.438	9482.706982	0.6206917207	0.9975416903	41825.08184	15997.49799	9995.68867	2119.172506	549.801116	0.2790413725	0.01216540155	0.01008916639
68	1	63844.02099	2281.378181	285346.8965	6577585.691	3808.936011	0.8476425596	1.047503231	43834.80155	16340.07874	10344.78387	2119.263884	576.5806618	0.7604593936	0.01	0.01003505877
68	1	64437.80756	768.4290058	445023.6006	5263964.462	7933.861658	0.6826455337	1.011179952	42374.12377	16091.06075	10091.00707	2119.325734	557.1150795	0.2561430019	0.01559588017	0.01
68	1	64138.97031	2247.686073	364055.9509	5894742.395	2875.147496	0.8849941001	1.055725966	44165.48869	16396.45311	10402.23428	2119.256456	580.9874207	0.749228691	0.01275836378	0.01003890047
68	1	67405.24553	1150.353088	1238005.698	1744080.816	1323.793036	0.9470482786	1.069386599	44715.13427	16490.1377	10497.69273	2119.320463	588.3107991	0.3834510295	0.04338598782	0.01
68	1	67720.82213	804.2575342	1203427.124	1907230.539	2823.155325	0.887073787	1.056206546	44160.49602	16397.15587	10404.25642	2112.14987	581.0334756	0.2680858447	0.04217417953	0.01416718852
68	1	64137.88469	653.8148608	364875.8565	5885746.363	11704.50754	0.5318196985	0.9779765667	41038.71834	15863.4114	9859.017406	2119.326238	539.3198011	0.2179382869	0.01278709742	0.01
68	1	67551.6491	523.9796664	1242906.105	1752905.382	3950.806424	0.841967743	1.046260371	43777.95587	16330.82637	10335.72341	2117.259857	575.8549025	0.1746598888	0.0435577229	0.01119933687
68	1	64785.66824	1609.248575	466938.6608	5233100.623	3501.303283	0.8599478687	1.050225697	43929.83512	16357.20323	10363.01138	2115.038307	577.9139982	0.5364161917	0.01636389484	0.01248970666
68	1	64397.38123	1177.385543	434220.5612	5343781.362	5053.621855	0.7978551258	1.036542639	43394.18453	16264.95264	10268.21434	2119.32491	570.7081537	0.3924618477	0.01521728698	0.01
68	1	64116.40434	1073.190737	359135.7087	5932999.007	6953.158849	0.721873646	1.019815781	42721.44779	16150.2698	10151.34499	2119.325523	561.7434323	0.3577302456	0.01258593358	0.01
68	1	67475.27332	663.378173	1234413.448	1766447.853	2964.222315	0.8814311074	1.054945688	44129.73065	16390.63695	10396.54222	2117.977898	580.5311756	0.2211260577	0.04326009719	0.01078170208
68	1	63840.2774	1422.78888	285346.8965	6575303.126	6562.158758	0.7375136497	1.023258832	42859.92371	16173.87608	10175.40134	2119.325422	563.5887277	0.4742629599	0.01	0.01
68	1	64433.97593	830.9901042	440743.695	5301427.8	7371.172016	0.7051531194	1.016135488	42572.75802	16124.96529	10125.59413	2119.129209	559.7651416	0.2769967014	0.01544589061	0.01011410632
68	1	64161.96996	649.2599515	371286.7033	5833468.7	11575.28175	0.53698873	0.9791145023	41084.47967	15871.21276	9866.967792	2119.324693	539.9296295	0.2164199838	0.01301176596	0.01000089036
68	1	64633.41465	1442.11886	434220.5612	5462011.052	4258.474522	0.8296610191	1.043556693	43663.25992	16311.65449	10316.50588	2115.519578	574.3540682	0.4807062867	0.01521728698	0.01221045696
68	1	65286.44313	1120.154024	519787.507	5000191.981	5002.046056	0.7999181578	1.037026161	43382.24591	16264.92264	10269.86909	2110.154756	570.6943501	0.3733846747	0.01821598599	0.01532738094
68	1	64119.85078	824.1469273	359007.5189	5936219.01	9293.590621	0.6282563752	0.999206714	41892.35605	16008.94664	10007.33902	2119.262671	550.6961662	0.2747156424	0.01258144116	0.01003676836
68	1	64396.09438	1054.417978	433876.6787	5346341.873	5737.346489	0.7705061405	1.030521927	43152.03779	16223.67338	10226.14806	2119.325171	567.4813669	0.3514726594	0.01520523559	0.01
68	1	64534.51446	849.5173701	470724.6437	5079084.377	6674.535676	0.7330185729	1.022269296	42820.09633	16167.08849	10168.48591	2119.316902	563.0581335	0.2831724567	0.01649657485	0.01000496718
68	1	64916.48585	795.8179539	518528.6192	4842187.877	6679.291325	0.732828347	1.0222379	42807.62903	16165.67902	10167.65123	2116.043218	562.943865	0.2652726513	0.01817186819	0.01190684243
68	1	63947.17392	1155.878977	310417.9701	6357327.576	7540.802129	0.6983679148	1.014641813	42512.63469	16114.71909	10115.15522	2119.114849	558.9641813	0.3852929923	0.01087861736	0.01012247037
68	1	65085.57923	1148.142939	525022.8135	4863430.782	4572.820501	0.81708718	1.040794439	43545.96515	16292.05511	10296.86573	2113.70831	572.8197271	0.382714313	0.01839945764	0.01326281539
68	1	63870.9515	4255.068309	293312.8754	6503261.924	1619.479988	0.9352208005	1.066782897	44610.36839	16472.28109	10479.49823	2119.307386	586.914936	1.418356103	0.01027916823	0.01000809524
68	1	67644.88473	442.0696961	1208950.4	1875736.429	5204.002014	0.7918399194	1.035236407	43322.42895	16253.94829	10258.03227	2113.709238	569.8409303	0.1473565654	0.04236774309	0.01326246991
68	1	64567.89167	1462.948743	440731.2955	5367775.492	4017.696711	0.8392921316	1.045672285	43753.30609	16326.688	10331.55971	2116.968432	575.5310436	0.487649581	0.01544545607	0.01136866407
68	1	67357.11783	1715.048594	1225144.636	1775609.339	650.7462647	0.9739701494	1.075313285	44953.49935	16530.77229	10539.10206	2119.317165	591.4871924	0.5716828646	0.0429352711	0.01
68	1	63868.95012	1792.078917	292994.537	6505657.837	4900.488693	0.8039804523	1.037891095	43448.41502	16274.19761	10277.63574	2119.323967	571.4308295	0.5973596391	0.01026801204	0.01000050846
68	1	64431.57417	1439.532514	390276.2762	5786723.122	4759.614054	0.8096154378	1.039141851	43487.76279	16281.60531	10285.773	2116.122693	572.0058865	0.4798441712	0.01367725673	0.01186024767
68	1	64598.90897	826.8752918	488074.3863	4957556.222	6605.94525	0.73576219	1.022873259	42844.41636	16171.23251	10172.70737	2119.325434	563.3820807	0.2756250973	0.01710459768	0.01
68	1	65784.22838	1228.504556	624416.3251	4364811.402	3893.733669	0.8442506532	1.046791172	43769.12232	16331.2488	10337.77459	2108.441126	575.8769049	0.4095015186	0.02188270953	0.0163224248
68	1	64536.51503	1512.107301	471400.9867	5074051.727	3408.266503	0.8636693399	1.051031236	43976.90074	16364.28949	10369.44513	2119.323928	578.473284	0.5040357671	0.01652027734	0.01
68	1	63852.83535	2022.175432	288277.3813	6549482.03	4339.773388	0.8264090645	1.042828696	43646.91536	16308.0418	10312.12975	2119.298902	574.0763879	0.6740584775	0.01010269903	0.01001490643
68	1	64189.61483	1569.865181	333605.8233	6244737.513	5110.232868	0.7955906853	1.036052845	43365.17538	16260.60221	10264.2809	2116.604718	570.364683	0.5232883937	0.01169123714	0.01158031389
68	1	63996.5942	3527.364866	303006.7096	6469413.995	2122.573912	0.9150970435	1.062357387	44427.4484	16441.41335	10448.30674	2117.867694	584.5002146	1.175788289	0.01061888927	0.01084502023
68	1	64368.85118	1016.71976	426596.536	5400837.878	6093.523456	0.7562590617	1.02738552	43025.89477	16202.16951	10204.23421	2119.325287	565.8004166	0.3389065866	0.01495010253	0.01
68	1	63965.62786	1470.955374	285346.8965	6652165.102	6467.208426	0.741311663	1.024101411	42886.89545	16178.91586	10180.90858	2117.304752	563.980161	0.4903184581	0.01	0.01117390919
68	1	64431.45472	1649.845269	440148.6176	5305679.534	3345.192258	0.8661923097	1.051587266	43998.60769	16368.03183	10373.29404	2119.132201	578.765582	0.549948423	0.01542503609	0.01011134966
68	1	64119.31454	1970.854575	359913.3952	5926574.977	3428.692923	0.8628522831	1.050851366	43969.66656	16363.05626	10368.18839	2119.323945	578.376883	0.6569515251	0.01261318765	0.01
68	1	64494.13446	1020.549757	397920.7322	5743478.937	6829.193628	0.7268322549	1.020919392	42753.00123	16156.46866	10158.35111	2115.57613	562.2233098	0.3401832522	0.01394515718	0.01217822539
68	1	64550.70282	679.8736795	474979.5972	5049192.455	8447.753376	0.6620898649	1.006654788	42192.0825	16060.0306	10059.38767	2119.312993	554.6894464	0.2266245598	0.01664568997	0.01000745626
68	1	64151.96723	800.63918	355208.8718	5993404.607	9753.051998	0.6098779201	0.9951632006	41727.17395	15980.95102	9978.946906	2118.515881	548.506824	0.2668797267	0.01244831734	0.0104706633
68	1	64205.10094	1381.919242	382536.9852	5743307.598	4863.512414	0.8054595034	1.038216755	43461.45357	16276.4241	10279.90786	2119.306673	571.6048517	0.4606397474	0.01340603279	0.01001054593
