#gen	Feasible	f1	f2	f3	f4	f5	c1	c2	c3	c4	c5	c6	c7	x1	x2	x3
85	1	65046.84769	936.5668956	343874.1793	6641577.468	9613.757286	0.6154497086	0.9964381684	41726.73891	15984.18078	9985.0151	2103.406828	548.7404134	0.3121889652	0.01205109232	0.01924845916
85	1	65256.3589	402.9836246	628674.8243	4125653.906	11128.69426	0.5548522296	0.9830538141	41235.67548	15897.44994	9894.093926	2117.209569	541.9779382	0.1343278749	0.0220319489	0.01122967868
85	1	66115.43731	1324.920724	893333.0079	2818968.229	1748.309326	0.930067627	1.065648413	44564.78831	16464.50791	10471.57429	2119.321634	586.3073265	0.4416402413	0.03130691165	0.01
85	1	65345.92705	611.910319	687698.4278	3754024.243	6304.088334	0.7478364666	1.025531337	42951.32148	16189.45685	10191.27917	2119.32535	564.8066716	0.2039701063	0.02410043481	0.01
85	1	65055.00568	1286.05213	556451.967	4591575.421	3623.40621	0.8550637516	1.049147101	43890.07624	16350.1941	10355.67417	2116.096454	577.3674186	0.4286840433	0.01950089431	0.01187505689
85	1	65370.96862	267.4145985	512039.0716	5107934.709	21749.28867	0.1300284531	0.8895598978	37445.04378	15253.19555	9239.188952	2108.327007	491.6056747	0.08913819952	0.01794444159	0.016390508
85	1	65139.76626	2810.386151	540745.2809	4756019.573	1590.030567	0.9363987773	1.067059918	44602.59169	16472.16406	10480.39483	2113.778774	586.8988807	0.9367953837	0.0189504525	0.01321928297
85	1	64609.55983	1669.465926	412025.6993	5664531.322	3901.07628	0.8439569488	1.04670691	43786.69208	16332.90491	10338.33684	2114.564978	576.0140142	0.556488642	0.01443946664	0.01276487656
85	1	64624.46096	721.9319238	392583.8665	5867532.808	10173.76236	0.5930495054	0.9914756947	41560.51421	15953.7127	9952.174726	2113.153984	546.3709127	0.2406439746	0.01375812638	0.01358576608
85	1	64730.89725	478.5784468	485250.5902	5043314.023	12209.31256	0.5116274977	0.9735387343	40852.36824	15832.14641	9827.578662	2117.02833	536.8729551	0.1595261489	0.01700563756	0.01133503268
85	1	65060.35989	495.2608453	608516.6621	4195983.214	9118.004409	0.6352798236	1.000753235	41954.17952	16019.50984	10018.12381	2119.152793	551.5217507	0.1650869484	0.02132550483	0.01010058862
85	1	64649.09727	430.1476429	302977.7328	6873214.533	22919.69178	0.08321232873	0.8792567347	37027.32548	15182.19936	9167.018297	2107.35241	486.0547074	0.1433825476	0.01061787377	0.0169567382
85	1	65772.17064	520.3386114	731892.0598	3616297.243	7347.882408	0.7060847037	1.016353405	42567.80206	16124.99703	10126.36322	2115.12049	559.7626132	0.1734462038	0.02564920344	0.01244300991
85	1	66454.86004	471.2848741	714499.1738	3970963.194	9235.707966	0.6305716814	0.9997682665	41859.50854	16006.88863	10008.21836	2103.066836	550.5150539	0.157094958	0.02503966865	0.01944594266
85	1	66411.90283	909.5627267	889356.3223	2917644.846	3272.496439	0.8691001424	1.052242862	44008.45332	16370.76581	10376.96732	2114.304665	578.9732641	0.3031875756	0.03116754846	0.01291576793
85	1	66692.8969	834.2582605	851006.0131	3201302.56	4276.091773	0.8289563291	1.043427355	43630.48185	16307.82858	10314.0878	2107.462272	574.0449302	0.2780860868	0.02982355945	0.01689127123
85	1	65311.46875	3159.316078	677118.9574	3811572.32	631.4994714	0.9747400211	1.075483032	44960.0433	16531.90594	10540.27252	2119.234263	591.5757061	1.053105359	0.02372967661	0.01004805571
85	1	66046.96044	849.808393	539176.7158	5187488.558	7180.890064	0.7127643974	1.017875298	42574.0618	16129.57484	10133.97894	2099.065692	560.1003969	0.2832694643	0.01889548204	0.02177014255
85	1	64389.41799	922.115705	422807.476	5446939.251	6905.126768	0.7237949293	1.020240533	42736.61385	16152.97767	10154.20742	2118.765409	561.9544056	0.3073719017	0.01481731469	0.01032539641
85	1	64778.51729	869.3943828	536070.7343	4636927.773	5617.786073	0.7752885571	1.031574747	43194.3811	16230.89173	10233.50404	2119.32513	568.0456233	0.2897981276	0.01878663272	0.01
85	1	66001.17464	1197.667805	778730.1787	3404794.914	2788.378369	0.8884648652	1.056506055	44179.73525	16399.97604	10406.7441	2114.251695	581.2565539	0.3992226016	0.02729064827	0.01294619149
85	1	64065.0835	1570.084035	345174.2287	6050037.53	4725.002894	0.8109998843	1.039436425	43510.51855	16284.7876	10288.43022	2119.309853	572.2586279	0.5233613449	0.01209665263	0.01000866036
85	1	64433.1363	398.7824634	407527.2476	5616420.477	17696.32682	0.2921469272	0.9252210722	38909.46367	15500.91105	9490.007569	2117.140065	510.9805304	0.1329274878	0.01428181812	0.01127031571
85	1	63840.2774	473.8215522	285346.8965	6575303.126	21236.95401	0.1505218396	0.8940361748	37662.72356	15287.89851	9272.531922	2119.326741	494.3321401	0.1579405174	0.01	0.01
85	1	64839.34377	2892.511496	552325.1125	4533113.734	1096.99918	0.9561200328	1.071383691	44795.45516	16503.83017	10511.64626	2119.319609	589.3811353	0.9641704988	0.01935626843	0.01000000527
85	1	64804.80659	822.8660359	543095.9666	4591770.092	5891.462698	0.7643414921	1.029164818	43097.45626	16214.36875	10216.66604	2119.325223	566.7540271	0.2742886786	0.01903283243	0.01
85	1	64903.36907	1585.979416	569434.6069	4426347.616	2528.880303	0.8988447879	1.058774896	44288.34264	16417.38164	10423.54952	2119.323001	582.6234807	0.5286598052	0.01995587174	0.01
85	1	65776.75476	790.9769774	649017.7133	4179016.658	5695.370755	0.7721851698	1.03092126	43136.34263	16223.02667	10227.19424	2110.046831	567.4192198	0.2636589925	0.02274486673	0.015390277
85	1	65205.01084	762.5927141	614515.7991	4208475.162	5736.562433	0.7705375027	1.030535692	43145.25667	16222.986	10225.84144	2117.182136	567.4249569	0.2541975714	0.02153574497	0.01124500711
85	1	64393.73079	438.2319934	306115.8083	6675844.613	21960.00672	0.1215997312	0.8876937014	37381.38854	15241.61568	9226.776092	2111.658098	490.704643	0.1460773311	0.01072784783	0.01445525265
85	1	65553.95688	587.0260663	719069.9583	3623822.97	6387.091382	0.7445163447	1.02480511	42917.11291	16183.94472	10185.93046	2117.864363	564.3739647	0.1956753554	0.02519985208	0.01084878566
85	1	64610.18588	1164.462468	490572.9316	4941213.798	4444.619209	0.8222152316	1.041905467	43609.76554	16301.70998	10305.6782	2119.293554	573.5814244	0.388154156	0.01719215936	0.01001804682
85	1	65063.73999	368.2786745	573918.7553	4457735.906	13475.22576	0.4609909696	0.9623914657	40403.97963	15755.71231	9749.69036	2117.011742	530.8981052	0.1227595582	0.02011301901	0.01134472914
85	1	64609.36927	2458.363855	429086.8801	5498747.019	2322.456513	0.9071017395	1.060604545	44349.17342	16428.56655	10435.63264	2115.595421	583.4931449	0.8194546184	0.0150373768	0.01216518177
85	1	65345.92875	774.4499428	524525.2638	4986567.516	7264.233159	0.7094306736	1.01710805	42578.85651	16128.11436	10130.57616	2109.482517	559.9992487	0.2581499809	0.01838202098	0.01571842977
85	1	65587.22578	1670.152959	551906.4193	4862129.299	3329.010093	0.8668395963	1.051767827	43965.17671	16364.93264	10372.32088	2107.242063	578.5084627	0.5567176531	0.0193415953	0.01701860633
85	1	64613.29559	344.7505304	489515.4484	4951741.478	16872.38064	0.3251047743	0.9324700044	39207.99577	15551.356	9541.039076	2119.181598	514.9263477	0.1149168435	0.01715509979	0.01008422882
85	1	63840.2774	1132.066931	285346.8965	6575303.126	8443.819473	0.6622472211	1.006689388	42193.518	16060.27251	10059.63183	2119.325826	554.7083721	0.3773556437	0.01	0.01
85	1	63965.30479	439.8356752	318109.5694	6283365.789	20498.72406	0.1800510378	0.9005369723	37924.04502	15332.45508	9317.945179	2119.287622	497.8150639	0.1466118917	0.01114816994	0.01002271371
85	1	66727.97444	843.1825643	851006.0131	3211730.679	4272.314274	0.8291074291	1.043462429	43629.95718	16307.86279	10314.22658	2106.896798	574.0468974	0.2810608548	0.02982355945	0.01721977298
85	1	65134.59976	790.9769774	548055.0594	4693662.37	6457.134199	0.741714632	1.024199715	42880.59341	16178.49678	10181.03221	2114.308285	563.943657	0.2636589925	0.01920662415	0.01291472697
85	1	65125.59225	2001.389265	548299.8404	4687747.226	2294.304274	0.9082278291	1.060856065	44355.42098	16429.87873	10437.17756	2114.465015	583.5943054	0.667129755	0.01921520252	0.01282179311
85	1	64595.29933	888.8359933	487109.7895	4964222.283	6105.695891	0.7557721644	1.027278333	43021.58381	16201.43461	10203.4853	2119.325291	565.7429698	0.2962786644	0.01707079332	0.01
85	0	63840.2774	253.7753843	285346.8965	6575303.126	40314.63438	-0.6125853751	0.7260427879	30906.20522	14136.10072	8098.774207	2119.327047	404.2964687	0.08459179476	0.01	0.01
85	1	64834.57352	405.513654	550524.2558	4545329.683	12562.27951	0.4975088195	0.9704233382	40734.82673	15811.6133	9806.237574	2119.294567	535.2707206	0.135171218	0.0192931573	0.01001844293
85	1	64926.1523	849.5636836	492793.8022	5068480.801	6698.44899	0.7320620404	1.022074671	42795.21755	16163.93675	10166.18969	2114.335002	562.8055375	0.2831878945	0.01726998991	0.01289924716
85	1	64898.32745	1533.514714	526911.3111	4764046.202	3094.703613	0.8762118555	1.053800346	44079.77017	16382.369	10388.32584	2116.839657	579.88345	0.5111715713	0.01846564016	0.01144301677
85	1	64440.30963	923.7034031	390827.5825	5785858.829	7712.538498	0.6914984601	1.013139465	42441.60589	16103.28828	10104.07598	2116.016115	558.0667657	0.3079011344	0.0136965773	0.01192273488
85	1	65117.53773	728.7794526	626666.441	4087152.314	5748.533624	0.770058655	1.030423416	43148.07578	16222.99796	10225.45977	2119.325175	567.4285701	0.2429264842	0.02196156498	0.01
85	1	66478.18766	801.7641072	716761.1463	3963928.857	5595.168055	0.7761932778	1.031826738	43148.04669	16226.60081	10232.16356	2102.826091	567.6895866	0.2672547024	0.02511893962	0.01958513526
85	1	65702.63636	1554.109592	586401.2726	4628144.341	3350.152692	0.8659938923	1.051580944	43958.4149	16363.73174	10371.05657	2107.462526	578.4148643	0.5180365306	0.02055046961	0.01689055401
85	1	64540.25166	779.8134286	471027.7269	5079107.514	7339.576102	0.7064169559	1.01641335	42584.32235	16126.91184	10127.55689	2119.242862	559.9174442	0.2599378095	0.01650719642	0.01004807454
85	1	64293.07242	849.9032093	406044.7932	5558276.9	7856.276061	0.6857489576	1.01186321	42401.54144	16095.73867	10095.77753	2119.307529	557.4807287	0.2833010698	0.01422986541	0.01001056772
85	1	64579.66072	866.8682206	481898.9575	5002178.484	6360.45179	0.7455819284	1.025035214	42931.15489	16186.03262	10187.80109	2119.263128	564.5389228	0.2889560735	0.01688817939	0.01003615808
85	1	65391.94715	490.7288364	657256.0402	3975157.854	8643.000468	0.6542799813	1.004943703	42114.48414	16047.36322	10046.95025	2116.747666	553.6960354	0.1635762788	0.02303357942	0.01149783445
85	1	64489.29338	736.192307	456683.9346	5182922.305	8092.021568	0.6763191373	1.00978764	42317.69325	16081.4686	10081.2553	2119.199201	556.3651057	0.2453974357	0.01600451732	0.0100735285
85	1	65169.49543	1221.505834	614608.3896	4193964.709	3309.652709	0.8676138916	1.051904615	44006.67097	16369.70669	10375.25322	2117.758842	578.8947891	0.4071686114	0.02153898981	0.01090915989
85	1	66301.24072	957.5672109	857136.3838	3054387.64	3230.906875	0.870763725	1.052609601	44022.65648	16373.22198	10379.49968	2114.144879	579.1650626	0.3191890703	0.03003839868	0.01300856515
85	1	64225.00912	785.4847972	381314.1858	5766173.546	9196.431731	0.6321427308	1.00006339	41925.61432	16014.69268	10013.25886	2118.913115	551.1448957	0.2618282657	0.01336317971	0.01023983945
85	1	65784.52385	1138.51495	568826.8641	4808221.841	4850.114913	0.8059954035	1.038380264	43419.35097	16272.35686	10278.377	2105.083697	571.2691441	0.3795049834	0.01993457336	0.01827332801
85	1	65784.52385	429.914156	568826.8641	4808221.841	12421.06302	0.5031574791	0.971712347	40738.03705	15815.26768	9812.573052	2105.08566	535.5386264	0.1433047187	0.01993457336	0.01827332801
85	1	65639.7071	1810.652507	740885.4246	3516693.211	1562.080302	0.9375167879	1.06729319	44625.71206	16475.22769	10482.77915	2117.793568	587.1433798	0.6035508357	0.02596437647	0.01088731357
85	1	64150.67694	2821.287154	368294.3008	5857784.868	2097.904935	0.9160838026	1.062569959	44440.97613	16443.40139	10450.06536	2119.322338	584.6574364	0.9404290513	0.01290689702	0.01
85	1	63926.87005	1494.831845	285346.8965	6628304.251	6309.179868	0.7476328053	1.025490971	42944.92048	16188.67089	10190.73477	2117.929481	564.7434894	0.4982772818	0.01	0.01081094167
85	1	64940.81483	878.0487815	555477.4784	4550930.6	5437.79338	0.7824882648	1.033164347	43253.36555	16241.26303	10244.33875	2117.879495	568.8545383	0.2926829272	0.0194667433	0.01083980865
85	1	64394.29157	1349.493189	285346.8965	6921865.863	7600.883853	0.6959646459	1.014140665	42462.63425	16108.10219	10110.01475	2110.395021	558.4360439	0.4498310629	0.01	0.01518835221
85	1	66494.74034	1592.737768	792335.046	3480836.705	2468.017982	0.9012792807	1.059349915	44269.69	16416.87116	10425.27275	2107.114663	582.5683229	0.5309125892	0.0277674317	0.01709165937
85	1	64776.28557	1597.137523	510155.1389	4849802.231	2995.522743	0.8801790903	1.054670646	44118.04656	16388.68489	10394.58635	2117.796134	580.3783565	0.5323791743	0.01787841905	0.01088731357
85	1	66132.11583	555.7461121	889356.3223	2842934.095	5290.122264	0.7883951094	1.034461703	43308.75023	16250.49972	10253.57937	2118.816261	569.577738	0.185248704	0.03116754846	0.0102955578
85	1	64209.05221	2821.287154	376094.0498	5810184.023	2072.289472	0.9171084211	1.062797029	44448.49829	16444.78659	10451.56344	2118.851737	584.7651294	0.9404290513	0.01318023972	0.0102733427
85	1	65517.00352	1800.377861	731892.0598	3531748.809	1499.146563	0.9400341375	1.067842773	44652.7288	16479.51939	10486.88886	2119.229125	587.4806548	0.6001259536	0.02564920344	0.01005336549
85	1	64539.5227	618.7585986	470832.9292	5080485.974	9451.769443	0.6219292223	0.9978138923	41836.27161	15999.39006	9997.60382	2119.243232	549.9491073	0.2062528662	0.01650036973	0.01004807454
85	1	64513.01681	651.9022552	463165.0818	5136086.564	9095.615887	0.6361753645	1.000950206	41962.29015	16020.88042	10019.51039	2119.207908	551.6289577	0.2173007517	0.01623164953	0.01006856661
85	1	63840.2774	2799.14846	285346.8965	6575303.126	2959.346939	0.8816261224	1.054984312	44135.88932	16391.3926	10397.06498	2119.323509	580.591926	0.9330494868	0.01	0.01
85	1	66451.00281	2391.326988	779840.301	3542945.096	1709.473267	0.9316210693	1.06602963	44538.17457	16462.65092	10471.93429	2107.063055	586.1468522	0.797108996	0.02732955258	0.01711993579
85	1	66912.88146	934.7070428	851006.0131	3267265.356	4080.238754	0.8367904498	1.045163342	43688.16434	16318.43727	10325.55049	2103.915786	574.869777	0.3115690143	0.02982355945	0.01895143036
85	1	64754.55757	1216.734676	285346.8965	7156971.737	8860.452029	0.6455819189	1.003067809	41997.4188	16030.06586	10031.55793	2104.587851	552.3287116	0.4055782252	0.01	0.01856224949
85	1	65310.47848	1617.152476	677978.4636	3805526.852	1949.272929	0.9220290829	1.063878824	44493.56628	16452.3698	10459.2075	2119.307152	585.3584758	0.5390508254	0.02375979805	0.01000866036
85	1	64615.76061	866.8682206	471771.9606	5108170.49	6598.89268	0.7360442928	1.02293938	42842.78011	16171.22802	10172.93345	2118.070376	563.3801613	0.2889560735	0.01653327814	0.01072913544
85	1	65722.12964	1311.221836	713373.1687	3717434.552	2739.199771	0.8904320092	1.056937331	44198.98255	16403.13566	10409.86184	2114.80734	581.5042347	0.4370739455	0.02500020773	0.01262337083
85	1	66416.55233	617.2144228	719663.8012	3921485.941	7031.964407	0.7187214237	1.019170919	42643.04275	16140.25619	10143.95793	2103.995358	560.9415147	0.2057381409	0.02522066334	0.0189061956
85	1	64278.7028	529.2008289	402031.0551	5589778.96	13219.05085	0.471237966	0.9646399606	40502.23585	15771.96238	9765.830108	2119.297691	532.1712241	0.1764002763	0.0140892037	0.01001665774
85	1	64105.4727	711.9904573	335142.9841	6179660.566	11792.7094	0.5282916241	0.9772039522	41003.29413	15857.65051	9853.38029	2118.055171	538.8678859	0.2373301524	0.01174510704	0.01073845154
85	1	64366.41622	2417.293604	425945.8481	5405735.606	2124.118963	0.9150352415	1.062339125	44431.69222	16441.81874	10448.45254	2119.322384	584.5337213	0.8057645347	0.01492729914	0.01
85	1	66479.92268	1042.614812	721196.6108	3934087.168	4357.713895	0.8256914442	1.042722689	43587.09049	16301.39313	10308.33783	2103.064814	573.5363784	0.3475382707	0.02527438075	0.01944594266
85	1	64593.03663	628.4575477	475774.0037	5062047.2	9230.287679	0.6307884928	0.999766014	41912.85155	16012.56826	10011.13704	2118.678624	550.9785376	0.2094858492	0.01667352999	0.01037607312
85	1	65099.15183	740.5396657	621753.216	4115222.063	5695.748732	0.7721700507	1.030888227	43166.76998	16226.18481	10228.70737	2119.325157	567.6776844	0.2468465552	0.0217893807	0.01
85	1	64359.01965	1490.450866	423969.2783	5420640.503	3942.574108	0.8422970357	1.046326254	43787.67128	16332.03115	10336.57176	2119.324322	575.9516596	0.4968169552	0.01485803012	0.01
85	1	64664.21742	436.5755505	295569.3412	6972154.295	23196.86664	0.07212533457	0.8768182118	36926.88687	15165.2284	9149.850702	2106.661799	484.7272299	0.1455251835	0.01035824622	0.01735796621
85	1	64539.96202	505.7884798	470950.8649	5079650.427	11729.27404	0.5308290383	0.9777587438	41029.67462	15861.88778	9857.479945	2119.243523	539.2005973	0.1685961599	0.01650450279	0.01004805571
85	1	64115.42027	651.8508626	350442.6076	6022873.488	12293.6774	0.5082529041	0.9727901091	40828.38394	15827.66645	9822.684417	2118.817768	536.5249946	0.2172836209	0.01228128331	0.01029543441
85	1	65088.48459	391.9841381	567929.5012	4514779.652	12818.07124	0.4872771503	0.9681806414	40634.21245	15795.12681	9789.996033	2116.251531	533.9781741	0.1306613794	0.01990312522	0.01178635655
85	1	64226.01762	1195.739019	350216.0665	6087348.093	6503.952678	0.7398418929	1.02377876	42872.94547	16176.59997	10178.60079	2117.020387	563.7987728	0.3985796729	0.01227334416	0.01133911967
85	1	64668.76473	1592.737768	506741.7913	4830299.417	2920.685011	0.8831725996	1.055324759	44149.58176	16393.72678	10399.44367	2119.323468	580.774388	0.5309125892	0.01775879806	0.01
85	1	64201.63101	590.033018	381910.6486	5747720.774	12436.1308	0.5025547681	0.9715340712	40779.60791	15819.2403	9814.004153	2119.326302	535.8669604	0.1966776727	0.01338408279	0.01
85	1	63936.42091	430.1476429	302977.7328	6433746.736	22095.42483	0.1161830069	0.8864782476	37357.08726	15235.90239	9219.633826	2118.840489	490.2670119	0.1433825476	0.01061787377	0.01028251185
85	1	65776.99211	1192.183363	565347.82	4834039.889	4676.676748	0.8129329301	1.039907801	43480.48417	16282.79771	10289.03316	2104.995115	572.0851914	0.3973944542	0.01981265004	0.01832471648
85	1	64616.92547	599.849009	492888.8978	4924418.069	9296.395839	0.6281441664	0.9991818093	41891.57102	16008.79897	10007.17691	2119.32596	550.6847024	0.1999496697	0.01727332254	0.01
85	1	64019.55029	780.2426437	333253.6063	6150815.388	10675.49133	0.5729803466	0.9870378317	41403.15294	15925.53732	9922.327813	2119.326133	544.1761654	0.2600808812	0.01167889367	0.01
85	1	64453.26358	1409.99571	449153.8821	5233764.403	3932.169888	0.8427132045	1.046417871	43791.35602	16332.65929	10337.21188	2119.324315	576.0007615	0.46999857	0.01574062615	0.01
85	1	65128.60072	755.3745696	546451.9489	4704155.965	6801.642801	0.727934288	1.021166057	42758.58284	16157.69738	10159.83626	2114.308386	562.3177747	0.2517915232	0.01915044304	0.01291472697
85	1	65084.46887	2310.39971	617829.5193	4137776.922	1318.979493	0.9472408203	1.069428986	44716.83902	16490.42831	10497.98889	2119.320447	588.3335162	0.7701332367	0.0216518745	0.01
85	1	64555.58407	857.7012244	476449.4285	5038575.442	6514.618161	0.7394152736	1.023677472	42876.7512	16176.74532	10178.32581	2119.322554	563.8130119	0.2859004081	0.0166972003	0.01000165896
85	1	65471.39738	1567.926208	554055.1435	4792244.3	3382.823841	0.8646870463	1.051287563	43952.69518	16362.36826	10369.34062	2109.239047	578.3105007	0.5226420694	0.01941689748	0.01585856921
85	1	64735.3127	784.582794	524525.2638	4712107.904	6463.430778	0.7414627689	1.024128207	42894.88904	16179.83669	10181.4756	2119.325395	564.054667	0.261527598	0.01838202098	0.01
85	1	65072.2861	529.2008289	614515.7991	4157005.528	8382.609057	0.6646956377	1.007228403	42215.18462	16063.96683	10063.39723	2119.322309	554.9971517	0.1764002763	0.02153574497	0.01000203765
85	1	64061.33664	1142.970516	343937.3674	6060966.12	6804.282508	0.7278286997	1.021126843	42774.07766	16159.24809	10160.49981	2119.296367	562.4452262	0.3809901721	0.01205330675	0.01001691684
85	1	63970.14046	2279.769403	319776.3219	6267979.13	3316.67112	0.8673331552	1.051837855	44009.28564	16369.81382	10375.07782	2119.307345	578.9050985	0.7599231344	0.01120658139	0.01000958841
85	1	64361.65811	1311.221836	424674.3474	5415319.016	4577.161533	0.8169135387	1.040738232	43562.9269	16293.7185	10297.52865	2119.324687	572.9567722	0.4370739455	0.01488273931	0.01
85	1	64759.17228	1064.017833	526494.0161	4706393.251	4564.225611	0.8174309756	1.040852994	43566.63257	16294.40835	10298.28051	2119.058822	573.0103653	0.3546726109	0.01845101603	0.0101544503
85	1	68596.96208	2250.726974	1551578.307	1128741.951	107.9818982	0.9956807241	1.080093679	45144.75277	16563.44013	10572.44691	2119.015581	594.0404586	0.7502423248	0.0543751597	0.01017127407
85	1	64412.02416	728.6474809	402625.2725	5653453.093	9528.513199	0.618859472	0.9971446982	41802.30943	15994.05075	9992.54116	2117.184052	549.5291615	0.2428824936	0.01411002809	0.01124439012
85	1	63842.22347	1959.205791	285866.9413	6570541.413	4546.353735	0.8181458506	1.041009518	43573.83773	16295.57849	10299.42411	2119.324672	573.1021673	0.653068597	0.010018225	0.01
85	1	65857.32032	622.2939385	750119.7464	3531169.913	5928.997242	0.7628401103	1.028848635	43069.41255	16210.56733	10213.61517	2114.847014	566.4512753	0.2074313128	0.02628799386	0.01260164771
85	1	64215.87583	697.8721177	385717.2606	5717322.615	10286.06915	0.5885572342	0.9904669882	41541.07003	15949.04834	9946.287083	2119.326089	546.014014	0.2326240392	0.01351748574	0.01
85	1	64208.79537	866.8682206	383825.1653	5732412.022	8175.518156	0.6729792738	1.009051984	42288.53913	16076.47096	10076.13911	2119.325779	555.9745999	0.2889560735	0.01345117715	0.01
85	1	63876.44313	456.2582471	295011.3881	6487372.819	21335.37834	0.1465848666	0.8931694742	37627.86577	15281.95623	9266.476348	2119.326744	493.8676339	0.1520860824	0.01033869272	0.01
85	1	68998.89583	2005.331023	1577129.421	1120651.073	551.0139932	0.9779594403	1.076208255	44971.58477	16534.99958	10544.37162	2114.079449	591.8110993	0.6684436742	0.05527060011	0.01303995011
85	1	63926.76575	1266.259908	308458.9943	6366975.634	6851.034841	0.7259586064	1.02071506	42757.61585	16156.43545	10157.62819	2119.325497	562.2253989	0.4220866361	0.01080996493	0.01
85	1	65457.78241	1087.522334	401485.3534	6241409.611	7416.164586	0.7033534166	1.015799714	42494.66228	16115.77887	10119.70095	2100.257357	559.0234596	0.3625074446	0.01407007955	0.02107788267
85	1	64491.96946	731.5991252	459497.1708	5158893.726	8083.979681	0.6766408128	1.009858049	42320.95824	16081.99751	10081.77103	2119.325762	556.4066088	0.2438663751	0.01610310736	0.01
85	1	65005.43469	1612.510598	571390.166	4453253.746	2573.180516	0.8970727794	1.058389689	44267.62256	16414.18342	10420.57103	2117.795614	582.3715688	0.5375035326	0.02002440444	0.01088731357
85	1	66074.43201	316.3780555	872921.4244	2909802.146	10047.2066	0.5981117359	0.9925721791	41623.78675	15963.27393	9960.888711	2118.755784	547.1253117	0.1054593518	0.03059158642	0.0103313099
85	1	63854.75087	1216.734676	285346.8965	6584132.373	7819.753939	0.6872098424	1.012185504	42413.76747	16097.86991	10097.98894	2119.092402	557.647058	0.4055782252	0.01	0.01013554431
85	1	65335.64853	872.883539	484815.3723	5338204.679	7130.575264	0.7147769895	1.018292147	42618.84825	16135.41941	10138.43027	2107.252781	560.5674956	0.2909611797	0.01699038533	0.01701379101
85	1	64605.60582	464.675499	489863.9705	4945212.602	12303.44591	0.5078621635	0.9727024619	40826.59936	15827.25103	9822.167615	2119.326291	536.4931567	0.154891833	0.01716731377	0.01
85	1	64861.17119	847.8661317	489874.3425	5063694.292	6692.584954	0.7322966019	1.022123518	42800.16455	16164.58953	10166.69476	2115.206383	562.857654	0.2826220439	0.01716767726	0.01239301063
85	1	63842.103	1000.492839	285346.8965	6576416.142	9656.976136	0.6137209545	0.9960067216	41763.77159	15987.01917	9984.987271	2119.296581	548.9821454	0.3334976129	0.01	0.01001709676
85	1	64636.95984	2184.623002	490436.6505	4954669.416	2045.234449	0.918190622	1.06303527	44458.07881	16446.41989	10453.22795	2118.851311	584.892803	0.7282076672	0.01718738338	0.01027356137
85	1	64552.91584	459.0068338	475773.6304	5043255.926	12856.69315	0.4857322739	0.967830704	40630.66026	15793.84902	9788.128878	2119.325726	533.882131	0.1530022779	0.01667351691	0.01000035432
85	1	64363.33964	614.3517736	352264.6231	6143408.383	13295.91885	0.4681632462	0.963977059	40460.63014	15765.82456	9760.377757	2114.931365	531.6859771	0.2047839245	0.01234513595	0.01255335088
85	1	64735.3127	774.5178586	524525.2638	4712107.904	6557.364944	0.7377054022	1.023301045	42861.62147	16174.1655	10175.69628	2119.325421	563.6113518	0.2581726195	0.01838202098	0.01
85	1	65212.18078	487.8900724	462228.3806	5488984.833	13246.94547	0.470122181	0.9644308772	40454.75296	15766.36428	9762.223446	2107.881513	531.7193572	0.1626300241	0.01619882278	0.01664907595
85	1	64738.02438	777.6350694	525249.8997	4707353.677	6517.951217	0.7392819513	1.023648113	42875.58017	16176.54507	10178.12122	2119.32541	563.7973619	0.2592116898	0.01840741589	0.01
85	1	64418.15202	1308.781363	349672.0052	6202625.556	6125.072897	0.7549970841	1.027125104	42996.81906	16198.4014	10201.39313	2113.890244	565.4990726	0.4362604542	0.0122542775	0.01315752827
85	1	64643.28216	790.6644119	416761.3107	5635640.332	8622.513125	0.655099475	1.005131918	42113.70655	16047.76397	10047.80688	2114.308792	553.7243148	0.263554804	0.01460542644	0.01291472697
85	1	63840.32072	901.4549485	285346.8965	6575329.533	10799.68793	0.5680124828	0.9859441891	41359.16539	15918.03883	9914.686479	2119.325449	543.5900093	0.3004849828	0.01	0.01000040567
85	1	65195.27784	818.2530387	548055.0594	4720141.861	6298.566333	0.7480573467	1.025599157	42933.52973	16187.73483	10190.62616	2113.330104	564.6645703	0.2727510129	0.01920662415	0.01348297825
85	1	64760.54816	1016.556579	436881.7583	5501240.496	6341.646373	0.7463341451	1.025218839	42919.26576	16185.23729	10188.02558	2113.631648	564.469715	0.338852193	0.0153105488	0.01330780266
85	1	64643.28216	454.1310257	416761.3107	5635640.332	15312.3667	0.3875053319	0.9462227039	39744.43956	15643.87008	9636.212436	2114.309475	522.1520562	0.1513770086	0.01460542644	0.01291472697
85	0	68589.90225	30	1554578.977	1122129.281	63019.50244	-1.520780098	0.5261092735	22865.08835	12765.31473	6701.853115	2119.327173	297.142559	0.01	0.05448031837	0.01
85	1	64541.0497	1669.465926	393717.8826	5810854.899	4102.17012	0.8359131952	1.044936127	43715.47303	16320.76405	10325.96451	2114.565127	575.0649671	0.556488642	0.01379786805	0.01276487656
85	1	64327.26679	1493.177327	349184.5673	6155798.675	5227.30493	0.7909078028	1.035026033	43319.49988	16253.09553	10256.8662	2115.325566	569.77629	0.4977257756	0.0122371952	0.0123234688
85	1	63903.87944	1077.400006	302343.1343	6421451.737	8367.130991	0.6653147604	1.007364688	42220.67786	16064.9025	10064.3501	2119.325813	555.0702976	0.3591333354	0.01059563423	0.01
85	1	64679.07192	287.3102306	509496.1603	4811801.312	19556.56782	0.2177372873	0.9088332445	38257.84623	15389.35032	9375.917985	2119.326687	502.2625958	0.09577007687	0.0178553251	0.01
85	1	64638.03429	806.0058885	458479.6578	5238498.066	7458.247729	0.7016700909	1.015375827	42534.60864	16118.94723	10119.86925	2116.909711	559.2919382	0.2686686295	0.01606744855	0.01140355843
85	1	64071.26254	667.4678379	346603.124	6038472.587	12095.41602	0.516183359	0.9745344129	40900.18159	15839.80094	9834.962002	2119.297956	537.4741437	0.2224892793	0.01214672836	0.01001645146
85	1	68077.90965	2276.572017	1417510.199	1358331.698	157.8928617	0.9936842855	1.07965328	45127.99777	16560.5227	10569.42245	2119.296594	593.8127537	0.7588573389	0.04967673441	0.01000876439
85	1	65546.23826	1046.869873	738073.3882	3503449.969	3098.61641	0.8760553436	1.053758548	44085.93924	16382.91911	10388.4649	2119.133395	579.929318	0.3489566245	0.02586582848	0.01011052431
85	1	64170.82594	2821.287154	373678.6751	5814012.01	2056.653046	0.9177338782	1.062933213	44455.58583	16445.89193	10452.60339	2119.322264	584.8521216	0.9404290513	0.01309559276	0.01
85	1	65071.85054	682.865466	614457.5501	4157258.99	6324.607335	0.7470157066	1.025350652	42944.05451	16188.21803	10190.01673	2119.325356	564.7098337	0.227621822	0.02153370363	0.01
85	1	64351.33316	2435.089062	421915.2326	5436173.176	2130.403946	0.9147838422	1.062283781	44429.46634	16441.43929	10448.06585	2119.322395	584.5040598	0.811696354	0.01478604596	0.01
85	1	64552.91584	459.0068338	475773.6304	5043255.926	12856.69315	0.4857322739	0.967830704	40630.66026	15793.84902	9788.128878	2119.325726	533.882131	0.1530022779	0.01667351691	0.01000035432
85	1	64624.65584	1051.277034	411203.3951	5680586.954	6478.857931	0.7408456828	1.024008533	42872.78444	16177.17322	10179.68985	2114.273278	563.8401514	0.3504256779	0.01441064894	0.01293506867
85	1	64353.53356	512.6467	422253.1507	5434086.269	12978.34212	0.4808663151	0.9667595393	40587.52959	15786.49961	9780.642006	2119.31126	533.3076119	0.1708822333	0.01479788832	0.01000876439
85	1	64200.14197	1154.958669	372227.6505	5844573.532	6194.677363	0.7522129055	1.026496577	42988.22538	16195.87041	10197.91795	2118.765214	565.3073179	0.3849862232	0.01304474151	0.01032539641
85	1	64511.62789	253.7753843	463281.1194	5134388.467	24543.37511	0.01826499541	0.864920923	36491.43522	15088.24592	9069.089092	2119.238195	478.7252493	0.08459179476	0.01623571607	0.01005149285
85	1	65284.61205	429.914156	574440.5369	4545832.862	11699.7042	0.5320118321	0.9780375724	41021.17136	15861.69796	9858.345279	2113.482667	539.17856	0.1433047187	0.02013130488	0.01339491393
85	1	63840.2774	919.5669275	285346.8965	6575303.126	10571.85835	0.577125666	0.9879503984	41439.85542	15931.79407	9928.703851	2119.326122	544.6652534	0.3065223092	0.01	0.01
85	0	64155.0082	347.7475205	285383.0732	6769570.072	29573.70093	-0.1829480371	0.8206410565	34693.49166	14782.83628	8758.772315	2114.255755	454.8452474	0.1159158402	0.01000126782	0.01294619149
85	1	64694.53155	851.0855708	513626.9759	4784192.526	6040.002404	0.7583999038	1.027856813	43044.84961	16205.40079	10207.5271	2119.325245	566.0530045	0.2836951903	0.01800008979	0.01000001503
85	1	63840.2774	919.5669275	285346.8965	6575303.126	10571.85835	0.577125666	0.9879503984	41439.85542	15931.79407	9928.703851	2119.326122	544.6652534	0.3065223092	0.01	0.01
85	1	63845.184	433.3620642	286658.0771	6563304.108	23181.06421	0.07275743177	0.8769168159	36974.20085	15170.52461	9152.920193	2119.326795	485.1570589	0.1444540214	0.01004595041	0.01
85	1	65238.72666	675.5046903	484911.4159	5289566.511	9070.207476	0.637191701	1.0012072	41937.07678	16018.85349	10019.35372	2108.821385	551.4575339	0.2251682301	0.01699375118	0.01610275021
85	1	64539.46384	1065.871668	471550.6324	5074117.759	5156.321662	0.7937471335	1.035638413	43357.68571	16258.73903	10261.88934	2119.286445	570.2223896	0.3552905562	0.01652552168	0.01002237132
85	1	64530.19908	1396.974412	382969.1581	5914602.822	5170.717727	0.7931712909	1.035528274	43335.47847	16256.08912	10260.14352	2114.092249	570.0087565	0.4656581372	0.01342117832	0.01303995011
85	1	64334.05941	1233.490627	389833.7239	5739059.008	5540.214849	0.778391406	1.032263125	43216.39635	16235.00701	10238.00227	2117.668294	568.3652428	0.4111635422	0.01366174746	0.01096252956
85	1	64395.98646	1211.55813	349568.95	6191001.972	6623.564109	0.7350574357	1.022734388	42821.43072	16168.42581	10170.78151	2114.241494	563.1563288	0.4038527101	0.01225066592	0.01295355894
85	1	64425.2782	292.212376	418505.2994	5506142.627	23660.10257	0.05359589737	0.872702996	36799.94167	15141.12391	9123.215828	2117.929145	482.8570694	0.09740412533	0.01466654463	0.01081199795
85	1	64899.77273	1592.737768	568473.5645	4432277.453	2520.448508	0.8991820597	1.058849144	44291.32883	16417.8907	10424.06829	2119.322989	582.6632739	0.5309125892	0.01992219195	0.01
85	1	64641.87147	1210.596073	425945.8481	5545567.755	5322.51988	0.7870992048	1.034189005	43284.32628	16247.19584	10250.93507	2114.884652	569.3145618	0.4035320242	0.01492729914	0.01257964311
85	1	64619.36644	1168.765828	471526.8201	5112058.529	4728.061286	0.8108775486	1.039413697	43505.11036	16284.15278	10288.02462	2117.996772	572.2073636	0.3895886093	0.01652468717	0.01077149511
85	1	64795.67555	1879.978943	540655.8979	4607404.61	2161.68032	0.9135327872	1.062008369	44418.38955	16439.55101	10446.14157	2119.322449	584.3564533	0.6266596477	0.01894732007	0.01
85	1	63841.0393	438.8858643	285346.8965	6575767.612	22989.20945	0.08043162191	0.8786062813	37042.10734	15182.10346	9164.722057	2119.314508	486.0621584	0.1462952881	0.01	0.01000713521
85	1	65228.76212	1620.990017	632892.5186	4085022.337	2236.298488	0.9105480605	1.061355837	44387.29434	16434.56008	10441.31597	2117.905074	583.9645427	0.5403300058	0.02217975826	0.010823425
85	1	64630.55115	318.1155002	471842.953	5114548.236	19160.1709	0.233593164	0.9123285866	38393.32828	15412.77187	9400.05978	2117.837501	504.0915902	0.1060385001	0.01653576607	0.01086516119
85	1	65913.71118	1782.043746	814978.4149	3170864.218	1389.069882	0.9444372047	1.068816509	44687.15829	16485.69106	10493.43236	2117.845596	587.961364	0.5940145821	0.02856097	0.01085677295
85	1	64136.87166	458.3083109	285457.1116	6757326.001	22315.47174	0.1073811303	0.884554297	37265.03128	15221.14711	9205.385323	2114.552421	489.1082376	0.152769437	0.0100038625	0.01277374789
85	1	64321.52137	371.9649925	413479.256	5501330.026	18578.67742	0.2568529032	0.9174443988	38604.08093	15448.37986	9436.078178	2119.298334	506.8768813	0.1239883308	0.01449040663	0.01001645146
85	1	63887.3599	1301.574272	286268.265	6593489.362	7269.219247	0.7092312301	1.017034882	42607.19553	16130.94679	10131.78284	2118.622211	560.2320796	0.4338580907	0.01003228942	0.01040863902
85	1	64764.98011	807.4887962	532300.2513	4661594.422	6156.457949	0.753741682	1.026831364	43003.57561	16198.36674	10200.36063	2119.316079	565.5031432	0.2691629321	0.01865449591	0.01000536087
85	1	64366.41622	2104.912874	425945.8481	5405735.606	2552.880221	0.8978847912	1.058563558	44279.84287	16415.93267	10422.07292	2119.323033	582.5102149	0.7016376246	0.01492729914	0.01
85	1	64959.08237	468.0472638	500598.9742	5015400.585	12293.43909	0.5082624366	0.9728067488	40813.50788	15826.12368	9821.946978	2114.275901	536.3987214	0.1560157546	0.01754352265	0.01293410516
85	1	64437.22095	872.7329304	444816.4853	5265575.438	6898.008936	0.7240796426	1.020301427	42740.96958	16153.59839	10154.73759	2119.322471	562.003623	0.2909109768	0.01558862181	0.0100017648
85	1	65076.22578	955.1945216	615626.7361	4150493.472	4293.711609	0.8282515356	1.043234223	43663.31303	16310.83154	10314.96796	2119.324535	574.2944927	0.3183981739	0.02157467783	0.01
85	1	64064.73601	459.4616588	345328.4898	6048218.982	17983.54336	0.2806582655	0.9226849131	38814.94585	15484.32025	9472.698598	2119.326627	509.6863659	0.1531538863	0.01210205872	0.01
85	1	64713.88198	829.9765047	473516.7578	5139226.503	7000.148431	0.7199940628	1.019410747	42695.80882	16146.49637	10148.00163	2116.594023	561.4450514	0.2766588349	0.01659442467	0.01158689727
85	1	64447.7587	452.2480066	397948.8854	5718556.768	15979.20162	0.3608319351	0.9403442611	39514.91819	15604.30203	9595.519296	2116.326489	519.0615548	0.1507493355	0.01394614381	0.01174292898
85	1	65028.99043	1571.705789	602105.4525	4230730.768	2382.331214	0.9047067514	1.060065545	44340.06565	16426.21082	10432.557	2119.26858	583.3135875	0.5239019297	0.02110082359	0.01003149439
85	1	64598.23268	866.8682206	487846.326	4959212.923	6269.37871	0.7492248516	1.025836991	42963.60478	16191.55143	10193.41421	2119.322484	564.970401	0.2889560735	0.01709660529	0.01000165896
85	1	64609.41835	1140.001697	490572.9316	4940862.19	4555.465352	0.8177813859	1.040929343	43570.54921	16295.02198	10298.86042	2119.305985	573.0586414	0.3800005658	0.01719215936	0.01001085887
85	1	64462.32628	2717.753723	427001.1105	5444013.526	1904.723383	0.9238110647	1.064275815	44504.51014	16454.55632	10461.70542	2117.839368	585.5275616	0.9059179076	0.01496428087	0.01086121758
85	1	64225.24531	1156.090428	388138.6819	5698232.609	5864.69941	0.7654120236	1.029400505	43106.91834	16215.98286	10218.31183	2119.320246	566.8801951	0.385363476	0.01360234461	0.01000288651
85	1	64392.37696	2840.641368	404603.4856	5623773.591	1945.628724	0.922174851	1.063916328	44489.28696	16452.01007	10459.1517	2117.615917	585.3282427	0.9468804561	0.01417935469	0.01099106719
85	1	64339.30448	1146.397245	402497.8648	5616710.12	5752.021104	0.7699191559	1.030395835	43143.62121	16222.45232	10225.08335	2118.347762	567.3846956	0.3821324151	0.01410556308	0.01056783406
85	1	64591.45242	549.1505099	486081.7883	4971336.381	10379.18918	0.5848324328	0.989646996	41508.0908	15943.4263	9940.557856	2119.3261	545.574541	0.18305017	0.01703476695	0.01
85	1	66561.21607	1164.462468	801007.0632	3449905.039	3339.412623	0.8664234951	1.051678383	43959.27182	16364.07345	10371.56922	2106.567813	578.4404577	0.388154156	0.02807134309	0.01741029432
85	1	64201.17427	1170.430239	372222.473	5845185.589	6104.521988	0.7558191205	1.027290517	43020.09882	16201.30765	10203.46197	2118.748233	565.7323239	0.3901434129	0.01304456006	0.01033524533
85	1	65024.74622	849.808393	539176.7158	4718431.563	5998.617934	0.7600552826	1.028233343	43047.04953	16206.60278	10209.44705	2115.543407	566.1422383	0.2832694643	0.01889548204	0.01219708886
85	1	63937.41868	804.1123279	288823.8502	6594771.572	12140.83768	0.5143664928	0.974138692	40879.72137	15836.60341	9831.947546	2117.970123	537.2225343	0.2680374426	0.01012185006	0.01078787971
