#gen	Feasible	f1	f2	f3	f4	f5	c1	c2	c3	c4	c5	c6	c7	x1	x2	x3
77	1	64037.5458	1119.0715	335881.0855	6132983.314	7158.619699	0.7136552121	1.018006964	42648.24869	16137.82017	10138.68218	2119.193982	560.7700844	0.3730238334	0.01177097384	0.01007644811
77	1	64178.09247	503.1875591	364217.6248	5914498.341	15515.84146	0.3793663418	0.9444170947	39686.63721	15633.06971	9624.410499	2118.638667	521.3132048	0.1677291864	0.01276402965	0.01039961427
77	1	64325.09823	562.1245493	414902.4963	5489543.436	11989.71963	0.5204112149	0.9754650592	40937.70772	15846.19193	9841.469661	2119.326141	537.9737608	0.1873748498	0.01454028417	0.01000007125
77	1	68850.8235	1071.604135	1624023.702	1018759.841	945.5313426	0.9621787463	1.072717534	44849.043	16512.9691	10520.96255	2119.30199	590.0955016	0.3572013785	0.05691401314	0.01000983716
77	1	64271.99395	547.419488	400537.9524	5600835.157	12802.80591	0.4878877637	0.9683052538	40649.71199	15797.09899	9791.442647	2119.315737	534.1361677	0.1824731627	0.01403687783	0.01000615509
77	0	63840.2774	364.3750582	285346.8965	6575303.126	27845.63008	-0.1138252033	0.8358417898	35322.20625	14888.90564	8865.931938	2119.326894	463.1429926	0.1214583527	0.01	0.01
77	1	70601.73478	1736.808823	2092196.676	530627.1808	53.64326372	0.9978542695	1.080571228	45164.96832	16566.82185	10575.83893	2119.309699	594.305175	0.5789362745	0.07332116458	0.01
77	1	71087.77695	596.4995201	1966721.877	690521.4152	2875.899653	0.8849640139	1.055768445	44114.70441	16391.14956	10399.64834	2103.918017	580.5536786	0.1988331734	0.06892389234	0.01894906546
77	1	65912.88217	309.5203762	836061.0298	3056418.576	10743.95023	0.5702419908	0.9864356065	41378.28304	15921.33917	9918.084466	2119.136512	543.8477597	0.1031734587	0.02929981157	0.01011016771
77	1	66752.45683	748.5197869	1063531.275	2223958.067	2971.898544	0.8811240582	1.054873791	44131.43789	16390.63417	10396.29243	2119.321646	580.532637	0.2495065956	0.03727152066	0.01000108971
77	0	64155.12162	265.0137893	314073.4458	6439991.43	35214.39871	-0.4085759484	0.7709649165	32701.48648	14442.87695	8412.013652	2115.984656	428.2728936	0.08833792978	0.01100672373	0.01194179777
77	1	68748.26018	1741.07576	1596896.627	1057891.516	304.9284711	0.9878028612	1.078358472	45075.97358	16551.65073	10560.37856	2119.313856	593.1192534	0.5803585866	0.0559633431	0.01
77	1	65222.80733	1090.226266	615736.4244	4206481.261	3835.425611	0.8465829756	1.047277321	43817.8576	16337.69232	10342.77391	2116.967906	576.3912471	0.3634087553	0.02157852186	0.01136889468
77	1	66742.13928	1051.088265	1060805.232	2232395.498	1902.929667	0.9238828133	1.064286864	44510.02824	16455.17285	10462.06125	2119.321969	585.5776075	0.3503627551	0.03717598633	0.01
77	1	71616.94465	1038.123908	2210176.792	474802.8127	1195.046861	0.9521981256	1.070549915	44730.26845	16494.73997	10504.08244	2110.068173	588.6590005	0.3460413027	0.07745578518	0.01537283727
77	1	68740.19317	521.0619355	1592758.36	1064739.749	2827.926957	0.8868829217	1.056141947	44182.03887	16399.28597	10405.13082	2119.203767	581.2087982	0.1736873118	0.05581831727	0.01006947812
77	1	66306.35115	2309.257038	872651.3108	2974444.078	1021.488188	0.9591404725	1.072062469	44807.95177	16506.90626	10515.5759	2114.992569	589.6161879	0.7697523459	0.03058212027	0.01251270281
77	1	63980.11943	2138.542748	322716.5831	6241766.058	3545.324812	0.8581870075	1.049824334	43928.36041	16356.01472	10361.01259	2119.324038	577.8264476	0.7128475827	0.01130962303	0.01
77	1	63847.32643	2379.0421	287230.3599	6558074.373	3588.282477	0.8564687009	1.049446059	43913.14655	16353.42118	10358.36961	2119.324057	577.6237118	0.7930140333	0.01006600609	0.01000000823
77	1	65129.66921	515.1419981	629908.3087	4068736.123	8402.37342	0.6639050632	1.007054352	42208.19646	16062.77477	10062.1818	2119.325819	554.9039736	0.1717139994	0.02207517644	0.01
77	1	68530.06596	1482.217305	1538561.655	1147459.445	539.5535509	0.978417858	1.076292426	44992.87372	16537.48489	10545.94293	2119.314638	592.0119117	0.4940724351	0.05391899032	0.01000096017
77	1	65952.55745	1376.823534	849806.9704	2995180.532	1777.439617	0.9289024153	1.065391899	44554.47157	16462.74919	10469.78205	2119.3217	586.1698483	0.458941178	0.02978153892	0.01
77	1	64494.94355	1555.819585	436051.4483	5375185.916	3724.739229	0.8510104308	1.048249136	43860.00285	16344.68141	10349.73195	2117.861869	576.9386996	0.5186065284	0.01528145053	0.01084950921
77	1	65759.5823	1352.54195	798238.6367	3218261.556	1990.279927	0.9203888029	1.063517679	44479.09242	16449.89915	10456.68701	2119.322141	585.1653645	0.4508473167	0.02797432341	0.01
77	1	67161.79971	730.9166263	1130307.152	2056593.594	3020.244963	0.8791902015	1.054456294	44105.84883	16386.83403	10392.89227	2116.751076	580.2323697	0.2436388754	0.0396116855	0.01149442803
77	1	64528.43707	285.8360828	469242.3321	5089332.847	21413.64355	0.143454258	0.8924802899	37600.14749	15277.23104	9261.661067	2119.326747	493.4982671	0.09527869425	0.01644462715	0.01
77	1	64922.78059	1303.120622	343439.4773	6570586.946	6882.399795	0.7247040082	1.020483515	42700.57296	16149.76071	10153.38919	2105.379911	561.6862106	0.4343735407	0.01203585816	0.01810180281
77	1	69982.40637	1080.969116	1926462.23	668485.8978	664.4910511	0.973420358	1.075192296	44948.58529	16529.93765	10538.25408	2119.303223	591.4219313	0.3603230386	0.06751299047	0.01000815288
77	1	68788.26147	1837.357741	1550349.077	1151400.018	527.0272469	0.9789189101	1.076413778	44985.94277	16537.05799	10546.14216	2115.860892	591.9742292	0.6124525802	0.05433208126	0.01200587461
77	1	71499.70233	1038.123908	2178846.378	495984.237	1213.689721	0.9514524112	1.070385751	44723.66593	16493.61442	10502.93544	2110.068332	588.571017	0.3460413027	0.07635780885	0.01537283727
77	1	66772.54568	489.543441	940518.7618	2759891.187	6251.637908	0.7499344837	1.026018003	42944.38246	16189.9678	10193.2235	2111.579137	564.8369327	0.163181147	0.03296053938	0.01450020345
77	1	63840.31401	1101.82988	285346.8965	6575325.445	8696.575551	0.652136978	1.004463682	42104.0004	16045.01238	10044.08086	2119.325278	553.5154924	0.3672766267	0.01	0.01000034287
77	1	71836.2919	2375.649639	2421565.278	335433.1813	-245.5698511	1.009822794	1.083206129	45270.82993	16584.87542	10594.24268	2119.266836	595.7163759	0.7918832131	0.08486390804	0.01001890513
77	1	69722.39224	601.5365239	1674710.909	1011260.206	2977.766655	0.8808893338	1.054857358	44093.10384	16386.50621	10394.10872	2108.313732	580.1962014	0.2005121746	0.05869034951	0.01639575706
77	1	70598.47372	595.0038165	2091103.255	531476.9667	1626.819848	0.9349272061	1.066718262	44607.77071	16471.83814	10479.04674	2119.307949	586.8803113	0.1983346055	0.07328284558	0.01000777912
77	1	66208.11014	2266.619813	845971.8589	3087528.034	1098.532908	0.9560586837	1.071384114	44780.58096	16502.24593	10510.83144	2114.967304	589.2518592	0.7555399376	0.0296471372	0.01252765712
77	1	69254.337	1574.343804	1728842.504	881274.4946	342.1824438	0.9863127022	1.078031058	45062.12568	16549.33347	10558.05362	2119.115566	592.9378661	0.5247812678	0.06058739467	0.01011536651
77	1	68574.07344	1741.07576	1550349.077	1128760.863	337.0519138	0.9865179234	1.0780756	45064.5968	16549.71131	10558.40216	2119.314251	592.9676492	0.5803585866	0.05433208126	0.01
77	1	64196.85782	1400.287934	380634.2001	5757951.985	4816.158713	0.8073536515	1.038633682	43478.28388	16279.28924	10282.8243	2119.324748	571.8288415	0.4667626446	0.01333934957	0.01000003221
77	1	64707.75061	507.7508277	517159.9047	4760704.184	10563.53447	0.5774586214	0.9880236965	41442.80339	15932.29662	9929.215979	2119.326121	544.7045373	0.1692502759	0.0181239015	0.01
77	1	63840.2774	2316.839539	285346.8965	6575303.126	3734.664231	0.8506134308	1.048157057	43861.30429	16344.58352	10349.36345	2119.32418	576.9328746	0.7722798462	0.01	0.01
77	1	69636.80314	785.3468274	1832661.246	762182.2397	1309.099681	0.9476360128	1.06951631	44720.00447	16490.99008	10498.57997	2119.21912	588.3773027	0.2617822758	0.06422572905	0.01005883412
77	1	64964.43364	2668.297511	585741.4453	4326948.701	1138.35671	0.9544657316	1.071019509	44780.80583	16501.33302	10509.10162	2119.319104	589.1859326	0.8894325036	0.02052734592	0.0100003966
77	1	63900.43081	956.4895727	301346.2273	6430543.69	9555.885007	0.6177645997	0.9968968257	41799.65582	15993.13099	9991.211041	2119.321451	549.4599354	0.3188298576	0.01056069756	0.0100026402
77	1	64089.62641	696.0883206	315374.4581	6386530.5	12944.02535	0.4822389862	0.9670687456	40592.45954	15787.81958	9782.390202	2117.11823	533.4080536	0.2320294402	0.01105231779	0.01128283995
77	1	63857.70632	2292.215395	290004.3897	6532780.128	3709.960646	0.8516015741	1.048374591	43870.05326	16346.07498	10350.88334	2119.324162	577.0494613	0.7640717982	0.01016322214	0.01
77	1	63967.63821	1742.063678	319358.2436	6271085.423	4582.061128	0.8167175549	1.040695092	43561.18709	16293.42222	10297.22697	2119.323302	572.93361	0.5806878927	0.01119192981	0.0100008064
77	1	64034.55955	697.3469159	336329.0831	6126507.996	11922.45497	0.5231018012	0.9760575556	40961.34459	15850.23367	9845.598807	2119.269832	538.2896319	0.232448972	0.01178667395	0.01003278174
77	1	70284.28878	512.0514704	2007366.26	597187.9789	2129.069653	0.9148372139	1.062295531	44429.93889	16441.51985	10448.14794	2119.322393	584.5103569	0.1706838235	0.07034827729	0.01
77	1	69414.69509	734.8099001	1774986.601	825464.6084	1515.757645	0.9393696942	1.067696206	44647.14841	16478.54801	10485.88208	2119.321047	587.4048366	0.2449366334	0.06220451747	0.01
77	1	69920.66809	430.8407423	1910196.682	683750.5565	2849.551069	0.8860179572	1.055951147	44174.77443	16398.02143	10403.8202	2119.323391	581.1100993	0.1436135808	0.0669429633	0.01
77	1	63873.2151	2492.55057	294148.76	6495173.247	3292.310274	0.868307589	1.052052318	44017.9676	16371.29024	10376.57936	2119.323828	579.0205306	0.8308501901	0.01030846186	0.01000000029
77	1	64939.74239	662.3770316	560908.0867	4507682.305	7320.647919	0.7071740832	1.016583286	42587.67301	16127.70562	10128.5529	2118.224932	559.9782221	0.2207923439	0.01965705931	0.01063944926
77	1	66898.46709	1306.771796	1102554.957	2106283.364	1299.773243	0.9480090703	1.069598117	44723.63602	16491.58735	10499.1703	2119.318848	588.4241156	0.4355905987	0.03863910806	0.01000089099
77	1	68574.26409	494.2155759	1549541.036	1130368.976	3123.169288	0.8750732285	1.053541898	44077.6996	16381.48421	10386.9772	2119.271854	579.8173253	0.1647385253	0.05430376341	0.01003010332
77	1	63999.73523	2412.309107	327955.7894	6196382.564	2995.125143	0.8801949943	1.054669258	44123.21764	16389.23247	10394.8637	2119.323384	580.4230689	0.8041030357	0.01149323134	0.01000009396
77	1	65862.37486	664.673206	825707.6722	3097439.568	4655.192676	0.813792293	1.040051109	43535.29152	16289.00744	10292.72777	2119.324727	572.5885101	0.2215577353	0.02893697749	0.01
77	1	70975.74514	459.0565979	1995484.305	650026.964	3333.541844	0.8666583262	1.051727223	43964.29011	16364.73381	10372.07817	2107.460178	578.4931928	0.153018866	0.06993187343	0.01689190457
77	1	64305.73601	1106.160118	406676.3663	5558694.669	5860.970849	0.7655611661	1.029433911	43107.64838	16216.14651	10218.51155	2119.140984	566.8927636	0.3687200394	0.01425199893	0.01010702894
77	1	65204.80743	693.2699128	649987.3338	3956506.765	5836.490014	0.7665403994	1.029648894	43116.92529	16217.68768	10220.04824	2119.325205	567.0134666	0.2310899709	0.02277884714	0.01
77	1	65095.50482	855.2844201	585866.0461	4378901.49	5322.738659	0.7870904537	1.034179605	43291.93764	16247.98292	10251.30815	2117.218974	569.3790047	0.2850948067	0.02053171257	0.01122351375
77	1	65517.06261	439.1932404	697390.7748	3750279.762	9103.177303	0.6358729079	1.000890205	41952.84004	16019.71903	10018.70472	2117.151925	551.5356028	0.1463977468	0.02444010372	0.01126301855
77	1	66795.58892	1127.528995	1060805.232	2243485.619	1783.876384	0.9286449446	1.065337976	44549.35394	16462.06519	10469.24335	2118.459985	586.115303	0.3758429983	0.03717598633	0.01050055688
77	1	69388.3529	1224.427228	1767747.672	833888.544	610.2093429	0.9755916263	1.075670281	44967.81618	16533.21555	10541.5941	2119.304818	591.6781657	0.4081424095	0.06195082876	0.01000699367
77	1	71378.05066	606.6784978	2299649.906	397449.8483	1367.204666	0.9453118134	1.069004327	44699.75968	16487.51676	10495.02182	2119.320604	588.1059211	0.2022261659	0.08059137611	0.01
77	1	69681.3485	734.8099001	1747372.416	887773.9403	1979.722954	0.9208110818	1.063629736	44463.18603	16448.49175	10456.34891	2113.357058	585.0478956	0.2449366334	0.06123677663	0.01346495464
77	1	69966.46358	425.8032984	1849672.744	762917.5193	3326.903029	0.8669238788	1.051761755	43991.25891	16367.69694	10373.72422	2114.934452	578.7341589	0.1419344328	0.06482189807	0.01254994083
77	1	65130.64177	333.6983073	630168.2033	4067263.329	13381.16526	0.4647533894	0.9632123289	40444.91614	15762.18469	9755.860738	2119.326376	531.4069416	0.1112327691	0.02208428446	0.01
77	1	64849.19812	2169.772465	549983.7429	4555779.509	1749.318598	0.9300272561	1.065640486	44563.44238	16464.34409	10471.4625	2119.021494	586.2941457	0.7232574884	0.01927421499	0.01017434492
77	1	65111.58443	630.3563102	624821.5954	4098030.644	6788.88343	0.7284446628	1.021262399	42779.57683	16160.18253	10161.44953	2119.310162	562.5182881	0.2101187701	0.02189691225	0.01000889997
77	1	65946.78756	562.2567829	848265.0958	3001620.78	5472.103007	0.7811158797	1.032857597	43245.97597	16239.68721	10242.46722	2119.325077	568.7331635	0.1874189276	0.02972750383	0.01
77	1	72216.36542	1482.883959	2451128.208	330042.5753	367.3893855	0.9853044246	1.077822466	45039.43867	16546.37945	10555.81102	2114.933794	592.7017305	0.4942946532	0.08589994276	0.01254226547
77	1	70014.00962	1482.217305	1935113.04	660431.2658	272.2420399	0.9891103184	1.078646306	45087.54437	16553.62358	10562.38933	2119.311793	593.2734687	0.4940724351	0.06781615865	0.01000094972
77	1	68859.34084	2574.154763	1624023.702	1019564.647	-42.35663576	1.001694265	1.081417073	45198.45946	16572.56488	10581.7198	2119.152807	594.7539131	0.8580515878	0.05691401314	0.01008960224
77	1	70931.79969	390.5485724	2013300.652	627622.7584	3741.467742	0.8503412903	1.048129418	43825.69316	16340.71698	10347.27573	2109.243906	576.6180329	0.1301828575	0.07055624843	0.01585597971
77	1	65080.28522	544.6149287	616711.5311	4144226.132	8091.815676	0.676327373	1.009789048	42318.18305	16081.52442	10081.28892	2119.325764	556.3696275	0.1815383096	0.02161269454	0.01
77	1	70238.81049	385.850649	1995213.194	607384.2723	3099.03164	0.8760387344	1.053754283	44086.41883	16382.95926	10388.47086	2119.32365	579.9326946	0.128616883	0.06992237233	0.01
77	1	64457.83417	496.1348356	445596.3355	5268494.418	12711.43277	0.4915426891	0.9691107523	40681.15789	15802.52036	9797.018413	2119.03805	534.5596075	0.1653782785	0.01561595171	0.01016747808
77	1	68325.94206	429.8299761	1461883.799	1286652.322	4065.024186	0.8373990325	1.045252268	43739.90196	16324.18009	10328.81666	2117.987752	575.3362746	0.1432766587	0.05123181002	0.01077651663
77	1	68520.76076	1726.009064	1536102.442	1151386.19	356.9821957	0.9857207122	1.077900099	45057.53832	16548.50803	10557.17594	2119.314485	592.8735898	0.5753363547	0.05383280706	0.01
77	1	64204.21402	1121.114654	380634.2001	5761880.362	6214.452578	0.7514218969	1.026321028	42982.67595	16194.82785	10196.77438	2119.206687	565.2263731	0.3737048847	0.01333934957	0.0100689231
77	1	65862.64779	1051.750925	825766.9587	3097198.43	2660.202893	0.8935918843	1.057618504	44241.83095	16409.45287	10415.46974	2119.322346	582.0036906	0.3505836417	0.02893905519	0.01000047826
77	1	71967.65908	1500.88357	2457182.602	319139.597	41.72948296	0.9983308207	1.080676143	45169.18229	16567.54057	10576.57165	2119.3078	594.3613553	0.5002945232	0.08611211939	0.01000094972
77	1	65081.34949	1482.883959	544453.1773	4699910.041	3233.494831	0.8706602068	1.052584242	44024.38371	16373.34091	10379.47336	2114.947567	579.1753624	0.4942946532	0.01908039597	0.01254226547
77	1	65248.18049	628.5580463	575319.7736	4523578.549	7834.440735	0.6866223706	1.012072087	42392.19549	16095.27929	10096.26234	2114.122409	557.4383393	0.2095193488	0.02016211778	0.01302291889
77	1	66898.465	541.2486017	1102554.957	2106282.954	4219.958637	0.8312016545	1.043883678	43689.42832	16315.28379	10319.50537	2119.322993	574.6425222	0.1804162006	0.03863910806	0.01000087136
77	1	70111.64892	1404.634967	1694868.452	1012287.707	1637.377978	0.9345048809	1.066676689	44551.15051	16465.6966	10475.73868	2103.248305	586.3801678	0.4682116555	0.0593967719	0.0193347302
77	1	69416.09987	1335.435297	1775361.996	825033.0514	489.6986972	0.9804120521	1.07673143	45010.53568	16540.49539	10549.01054	2119.315851	592.2472443	0.445145099	0.06221767323	0.01
77	1	67804.3712	429.8299761	1344173.491	1504561.431	4385.814769	0.8245674092	1.04242328	43630.59663	16305.26076	10309.2964	2119.295046	573.8589902	0.1432766587	0.04710664485	0.01001716169
77	1	64976.36177	2380.362924	565321.936	4488408.543	1547.82196	0.9380871216	1.067418417	44631.09973	16476.1237	10483.67339	2117.896146	587.2135489	0.793454308	0.01981174293	0.01082770667
77	1	64951.36212	558.5981353	579388.0141	4369749.071	8438.798356	0.6624480658	1.006734158	42194.72568	16060.51626	10059.91207	2119.152599	554.72721	0.1861993784	0.02030468953	0.01010063794
77	1	64810.91766	754.285477	395017.172	5944624.733	9866.79995	0.605328002	0.9941878835	41659.81073	15971.26513	9970.587239	2110.295081	547.7394088	0.2514284923	0.01384340173	0.015246661
77	1	68623.52535	1741.07576	1563564.005	1108171.666	327.7375926	0.9868904963	1.07815762	45067.89554	16550.27365	10558.97522	2119.314139	593.0116075	0.5803585866	0.05479519926	0.01
77	1	71697.22909	2373.894124	2384943.275	352923.5904	-239.5761074	1.009583044	1.083153246	45268.81438	16584.5247	10593.8793	2119.299821	595.6890016	0.7912980414	0.08358048763	0.01
77	1	64149.0979	2160.653079	285346.8965	6766287.5	4417.105556	0.8233157778	1.042163584	43603.21467	16301.67502	10306.55178	2114.346325	573.5725101	0.7202176931	0.01	0.01289210924
77	1	64734.85504	1557.69909	524402.9629	4712910.775	2876.669377	0.8849332249	1.05571235	44165.17026	16396.38419	10402.15174	2119.323421	580.9821165	0.5192330299	0.01837773494	0.01
77	1	64029.3861	1119.0715	335881.0855	6128345.368	7149.182351	0.714032706	1.018089646	42652.02426	16138.43504	10139.2846	2119.325513	560.8183127	0.3730238334	0.01177097384	0.01000003235
77	1	70070.8815	615.9197035	1950337.889	646565.6957	1711.368447	0.9315452621	1.065973705	44577.87123	16466.73818	10473.84709	2119.321548	586.4816662	0.2053065678	0.06834971442	0.01
77	1	66963.24946	702.6834254	1119638.075	2056913.907	3017.144168	0.8793142333	1.054475413	44115.36949	16387.89789	10393.50646	2119.308248	580.3187266	0.2342278085	0.039237787	0.01000889997
77	1	69390.50658	826.6384548	1767910.293	833819.0992	1273.161484	0.9490735406	1.069832567	44732.94415	16493.18187	10500.80173	2119.283336	588.5487145	0.2755461516	0.0619565278	0.01002146389
77	1	66642.31577	417.0450332	825707.6722	3329715.978	8775.595708	0.6489761717	1.0038081	42034.60435	16035.93142	10037.13733	2106.753364	552.7899265	0.1390150111	0.02893697749	0.01730415999
77	1	65759.5823	1524.498684	798238.6367	3218261.556	1679.496492	0.9328201403	1.066254362	44589.15894	16468.66242	10475.80801	2119.321472	586.6320835	0.5081662281	0.02797432341	0.01
77	1	67222.65282	2342.937584	1189211.839	1866751.067	302.6509084	0.9878939637	1.078378527	45076.7802	16551.78824	10560.51869	2119.313827	593.1300022	0.7809791948	0.04167600395	0.01
77	1	72535.36168	1507.498108	2536139.588	293206.8252	328.0506687	0.9868779733	1.078168918	45053.32444	16548.74966	10558.22901	2114.918803	592.8869919	0.5024993694	0.08887917194	0.0125504418
77	1	70971.80785	1736.179013	2141642.545	503878.5716	249.0466943	0.9900381322	1.078860103	45085.93952	16554.0019	10563.32276	2116.326504	593.2993166	0.5787263377	0.07505399819	0.01173290698
77	1	72409.00586	484.9839972	2531973.208	291900.4395	1844.36531	0.9262253876	1.064810906	44522.19031	16457.81568	10465.23314	2116.716931	585.7809421	0.1616613324	0.0887331609	0.01151312835
77	1	64049.52584	1471.970947	340615.418	6089429.142	5170.961468	0.7931615413	1.035509501	43352.49888	16257.85495	10260.98853	2119.28584	570.153281	0.4906569823	0.01193688883	0.0100227264
77	1	67681.53798	946.0049389	1188541.233	1950159.756	2414.345511	0.9034261795	1.059807273	44304.40752	16421.74665	10429.36469	2111.884412	582.955398	0.3153349796	0.04165250253	0.01432096878
77	1	65279.57244	569.9571017	669966.6271	3847907.623	7025.294537	0.7189882185	1.019180572	42695.90034	16145.91467	10146.90683	2119.32554	561.4029934	0.1899857006	0.02347902274	0.01
77	1	65250.35846	697.3469159	661937.7975	3891485.858	5680.370849	0.772785166	1.031023684	43172.17207	16227.10864	10229.65128	2119.311757	567.7498835	0.232448972	0.0231976519	0.01000778147
77	1	63873.21595	2335.889264	294148.76	6495173.758	3564.423264	0.8574230695	1.049656158	43921.59649	16354.86166	10359.83755	2119.324039	577.7363136	0.7786297548	0.01030846186	0.01000000823
77	1	65342.0957	620.3310511	686673.1542	3759391.62	6218.546239	0.7512581505	1.0262846	42981.61664	16194.62135	10196.54215	2119.325239	565.2103786	0.206777017	0.02406450404	0.01000005017
77	1	65595.42439	529.5182931	754371.07	3421060.719	6682.032068	0.7327187173	1.022203257	42817.46958	16166.63884	10168.02611	2119.325454	563.0229947	0.1765060977	0.02643698177	0.01
77	1	70210.81001	510.1043708	1966721.877	636599.1393	2291.081284	0.9083567486	1.060872953	44368.38679	16431.30406	10437.97029	2118.055227	583.710208	0.1700347903	0.06892389234	0.010736255
77	1	66572.00202	463.419618	1015339.819	2378358.206	5557.129446	0.7777148222	1.032108875	43215.86315	16234.55382	10237.23595	2119.325108	568.3318877	0.154473206	0.03558264805	0.01
77	1	67507.83491	882.1665581	1265420.437	1678730.412	1899.794864	0.9240082054	1.064314468	44511.13845	16455.36211	10462.25412	2119.321962	585.5924019	0.2940555194	0.0443467391	0.01
77	1	65573.68472	620.6570141	694789.6417	3787120.71	6366.062588	0.7453574965	1.024995992	42918.68858	16184.60315	10186.92907	2116.081684	564.4232059	0.2068856714	0.02434894685	0.0118844425
77	1	71615.22883	1848.541261	2363030.521	363862.8264	-83.99431543	1.003359773	1.081783231	45213.7138	16575.13159	10584.3071	2119.306122	594.9547451	0.6161804204	0.08281255378	0.01
77	1	68429.76165	1056.037054	1511784.947	1191057.864	1098.288243	0.9560684703	1.07137234	44794.99865	16503.75235	10511.56696	2119.319623	589.3750519	0.3520123512	0.0529805989	0.01
77	1	65251.61633	931.346553	661937.7975	3891939.718	4062.675903	0.8374929639	1.045268775	43745.02533	16324.76856	10329.1769	2119.290727	575.3839038	0.310448851	0.0231976519	0.01001956148
77	1	64512.53679	2138.542748	368844.1834	6051850.476	3422.416012	0.8631033595	1.050925208	43952.78524	16361.44675	10367.61415	2113.523681	578.2438208	0.7128475827	0.01292616769	0.01336955302
77	1	69641.82459	494.6561857	1835681.931	758539.8157	2511.033542	0.8995586583	1.05893205	44294.66322	16418.45912	10424.64755	2119.322977	582.7077072	0.1648853952	0.06433158915	0.01
77	1	66832.67074	1457.241794	1051864.781	2286506.257	1319.098482	0.9472360607	1.069434337	44710.21353	16489.7359	10497.6506	2117.321297	588.2768932	0.4857472646	0.03686266764	0.01116114741
77	1	63950.1649	761.8092753	314701.547	6311870.279	11643.11047	0.5342755813	0.9785172163	41060.46056	15867.11797	9862.794768	2119.325608	539.6095424	0.2539364251	0.01102873558	0.01000036277
77	1	69520.21501	1224.427228	1767910.293	843906.9294	761.8881164	0.9695244753	1.074341409	44907.12875	16523.33269	10531.91168	2117.189059	590.9029825	0.4081424095	0.0619565278	0.0112361855
77	1	69341.09529	1096.964412	1755308.46	848408.6335	779.9544188	0.9688018232	1.074175511	44907.73718	16522.97125	10531.1524	2119.317404	590.877387	0.3656548039	0.06151489577	0.01000035826
77	1	64232.78417	1507.498108	317459.5752	6448424.048	5765.879442	0.7693648223	1.030284728	43127.47239	16220.44564	10223.66561	2114.935095	567.2235697	0.5024993694	0.01112539085	0.0125504418
77	1	70809.66776	424.9600339	1893872.131	763887.1758	4030.010184	0.8387995926	1.045605346	43706.25845	16321.50155	10328.65615	2104.00841	575.1094263	0.1416533446	0.06637086838	0.01889759212
77	1	69044.46771	1507.498108	1676051.53	947443.2352	412.3486075	0.9835060557	1.077412556	45037.92985	16545.16534	10553.76952	2119.315092	592.6122922	0.5024993694	0.05873733167	0.01
77	1	70226.44665	1781.528285	1991909.23	610186.2374	73.2758491	0.997068966	1.080398348	45158.01527	16565.63655	10574.63103	2119.310114	594.2125205	0.5938427617	0.06980658469	0.01000000005
77	0	64392.82973	124.563447	285346.8965	6920927.788	83566.35973	-2.342654389	0.3452071905	15558.9101	11521.76298	5436.229089	2110.420288	199.9233798	0.04152114899	0.01	0.01517466204
77	1	64987.37697	562.216417	364217.6248	6375346.349	14747.64867	0.4100940531	0.9512233785	39915.72864	15674.9761	9669.513464	2105.593196	524.5727121	0.1874054723	0.01276402965	0.01797857753
77	1	68066.351	1741.07576	1414671.495	1363595.442	442.7469381	0.9822901225	1.077144876	45027.16403	16543.33006	10551.89925	2119.315402	592.4688296	0.5803585866	0.04957725185	0.01
77	0	63840.2774	70.63039242	285346.8965	6575303.126	146834.3498	-4.873373993	-0.2119437711	-6818.633287	7705.068687	1545.129555	2119.327302	-98.41528192	0.02354346414	0.01	0.01
77	1	68499.86784	355.064991	1530519.274	1160376.107	4708.97186	0.8116411256	1.039577543	43516.24518	16285.76057	10289.419	2119.324753	572.3347033	0.118354997	0.05363714457	0.01
77	1	69193.34987	2463.313641	1714786.444	898001.8913	-56.21514809	1.002248606	1.081538817	45203.66684	16573.43273	10582.58749	2119.243453	594.8218659	0.821104547	0.06009479919	0.01003681651
77	1	66849.36899	1322.671746	1089459.622	2145040.871	1299.364321	0.9480254272	1.069601713	44723.78582	16491.61255	10499.19571	2119.320358	588.4260879	0.440890582	0.03818018124	0.0100000132
77	1	65256.02872	692.72989	653220.5419	3953039.113	5854.183739	0.7658326505	1.029495106	43108.58165	16216.40322	10218.8552	2118.69456	566.9122731	0.2309099633	0.02289215512	0.01036638033
77	1	65336.32341	558.6969043	684636.4728	3770719.27	7014.159686	0.7194336126	1.019278718	42699.74536	16146.57668	10147.58695	2119.295641	561.4547049	0.1862323014	0.02399312841	0.01001736822
77	1	64283.73695	1410.03437	403851.6422	5574700.978	4458.933803	0.8216426479	1.041779317	43604.79822	16300.85639	10304.80263	2119.324626	573.514739	0.4700114567	0.01415300629	0.01
77	1	65718.3638	1651.728035	787223.9037	3268023.284	1522.770229	0.9390891909	1.067634455	44644.66485	16478.12463	10485.45063	2119.321066	587.3717412	0.5505760116	0.0275883114	0.01
77	1	64879.86907	693.9849622	560813.3602	4483468.06	6888.431938	0.7244627225	1.020386203	42743.90614	16154.12921	10155.30394	2119.184267	562.0449444	0.2313283207	0.01965373961	0.01008205425
77	1	66856.96278	447.9306793	1091479.553	2139020.471	5319.512758	0.7872194897	1.034201271	43300.01514	16248.89951	10251.85526	2119.324432	569.4532852	0.1493102264	0.03825096984	0.01000034058
77	1	63844.27137	1565.706753	286413.6579	6565540.428	5868.537995	0.7652584802	1.029366687	43105.57513	16215.7528	10218.07648	2119.325183	566.8622176	0.521902251	0.01003738472	0.01000001887
77	1	68574.07344	1041.023583	1550349.077	1128760.863	1078.143521	0.9568742592	1.071549729	44802.13307	16504.96857	10512.80636	2119.319538	589.4701234	0.3470078611	0.05433208126	0.01
77	1	72540.54627	269.0392764	2608973.765	258430.9087	3478.772848	0.8608490861	1.050410631	43951.6666	16360.00528	10365.09395	2119.243913	578.1382887	0.08967975881	0.09143165028	0.01004651722
77	1	70601.73478	1760.725088	2092196.676	530627.1808	42.52347594	0.998299061	1.080669146	45168.90648	16567.4932	10576.52307	2119.309455	594.357654	0.5869083628	0.07332116458	0.01
77	1	63944.46875	872.0079787	311887.7925	6339499.476	10178.44504	0.5928621985	0.9914149513	41578.92731	15955.51912	9952.895671	2119.24754	546.5197349	0.2906693262	0.01093012738	0.01004562643
77	1	68296.28852	269.0392764	1476039.422	1251901.822	6726.263824	0.730949447	1.021813778	42801.78908	16163.96677	10165.30397	2119.320773	562.8141147	0.08967975881	0.05172789471	0.01000272603
77	1	72446.31425	1535.61703	2287338.763	448331.3725	1370.722493	0.9451711003	1.069030859	44639.3463	16481.14594	10491.83088	2101.347648	587.5854697	0.5118723432	0.08015993133	0.02043575164
77	1	65002.20438	1493.075581	595846.1439	4266451.371	2578.746136	0.8968501546	1.058335789	44270.68224	16414.37103	10420.48152	2119.323066	582.3881427	0.4976918604	0.02088146573	0.01000000039
77	1	64233.37152	1554.813724	336016.182	6243881.106	5164.25547	0.7934297812	1.035578928	43344.19841	16257.14867	10260.86443	2116.044779	570.0940211	0.5182712414	0.01177570831	0.01190562491
77	1	65083.76767	496.5082297	560040.9302	4575175.568	10182.31174	0.5927075303	0.9913917748	41566.37152	15954.12134	9952.095403	2115.851445	546.4062272	0.1655027432	0.01962666975	0.01201863802
77	1	68635.82649	1733.531344	1566851.213	1103108.709	330.1907329	0.9867923707	1.078136018	45067.02674	16550.12554	10558.82429	2119.314169	593.0000301	0.5778437814	0.05491039967	0.01
77	1	68305.09595	269.0392764	1477143.443	1250519.967	6726.073294	0.7309570682	1.021815697	42801.60828	16163.95244	10165.30321	2119.245396	562.8128996	0.08967975881	0.05176658521	0.01004651722
77	1	65508.52788	435.3567028	731149.9004	3533534.702	8580.392724	0.656784291	1.005486758	42145.14945	16052.02702	10051.22913	2119.325849	554.063825	0.1451189009	0.02562319441	0.01
77	1	65002.25362	1149.640367	595846.1439	4266470.851	3577.689513	0.8568924195	1.049539341	43916.89556	16354.06045	10359.02122	2119.323269	577.6736826	0.3832134558	0.02088146573	0.01000046157
77	1	65893.91327	952.4797679	833936.0499	3062349.991	2980.940357	0.8807623857	1.054794204	44128.20218	16390.08479	10395.73445	2119.311493	580.4896798	0.317493256	0.02922534151	0.01000699367
77	1	65752.59989	653.4552653	787329.5717	3277810.255	5056.122174	0.797755113	1.036522368	43391.50219	16264.61466	10267.97018	2118.779395	570.6810525	0.2178184218	0.02759201454	0.0103169184
77	1	71308.08106	628.5166825	2280950.048	407939.6054	1310.001785	0.9475999286	1.069508042	44720.01815	16490.97029	10498.54122	2119.320294	588.3758824	0.2095055608	0.07993603841	0.01000007125
77	1	64999.04287	1728.799671	595001.3109	4271475.442	2126.922321	0.9149231072	1.062314439	44430.69938	16441.64949	10448.28006	2119.322389	584.5204911	0.5762665569	0.0208518585	0.01
77	1	67038.80591	2275.794663	1140082.823	1998982.435	381.5149974	0.9847394001	1.077684069	45048.84983	16547.02689	10555.66656	2119.314761	592.7578091	0.758598221	0.03995427449	0.01
77	1	66301.48296	2311.499	870923.6759	2982052.648	1024.828693	0.9590068523	1.072033136	44806.68392	16506.69576	10515.36611	2114.966838	589.5997007	0.7704996668	0.0305215752	0.01252765712
77	1	70218.47365	2020.997731	1989778.623	611999.9738	-25.26080528	1.001010432	1.081266038	45192.91284	16571.58561	10580.69351	2119.307811	594.6775568	0.6736659105	0.06973191746	0.01
77	1	64369.1991	1358.437029	406676.3663	5591497.862	4706.309006	0.8117476397	1.039604856	43513.21174	16285.50745	10289.38292	2118.117483	572.3134079	0.4528123429	0.01425199893	0.01070136188
77	1	64133.66722	1164.619122	337313.9116	6172475.518	6921.768475	0.723129261	1.020097302	42727.31247	16151.61826	10153.01223	2117.730888	561.8468486	0.3882063739	0.01182118733	0.01092641335
77	1	68143.55734	1407.469941	1434873.018	1325954.54	709.8409884	0.9716063605	1.074792994	44932.48499	16527.19561	10535.46195	2119.291614	591.2075715	0.469156647	0.05028521548	0.01001507506
77	1	70347.98514	1056.708331	2024090.279	583496.1644	627.085746	0.9749165702	1.075521691	44961.81982	16532.19462	10540.5548	2119.29904	591.5983532	0.3522361103	0.07093437158	0.01001042322
77	1	66235.1594	282.0493107	924878.4554	2698192.583	10640.47268	0.5743810929	0.9873462839	41415.46615	15927.64229	9924.477871	2119.299127	544.3406759	0.09401643691	0.03241242385	0.01001568722
77	1	70602.04193	1736.179013	2092196.676	530642.2917	54.29547531	0.997828181	1.0805655	45164.72102	16566.78077	10575.79798	2119.304754	594.301958	0.5787263377	0.07332116458	0.01000287646
77	1	65389.53301	219.5006386	699215.1268	3694452.441	18617.76835	0.2552892659	0.9171001093	38590.3028	15446.02668	9433.676432	2119.318447	506.6929588	0.07316687954	0.02450403826	0.01000476719
77	1	65028.03466	410.6549943	602748.7261	4225623.549	11253.09982	0.5498760071	0.9819515526	41198.58812	15890.66473	9886.790347	2119.326194	541.4501857	0.1368849981	0.02112336715	0.01
77	1	72017.38789	611.1870355	2470451.977	313296.6832	1205.349063	0.9517860375	1.070429597	44757.07291	16497.28768	10504.97955	2119.317231	588.8697075	0.2037290118	0.08657714546	0.01000163481
77	1	64769.4178	696.0392497	477368.7915	5131248.602	8431.394761	0.6627442096	1.006809664	42186.7377	16059.85891	10059.83418	2115.931463	554.6717995	0.2320130832	0.01672941943	0.01197199639
77	1	68584.451	451.281616	1530964.589	1168605.732	3636.527059	0.8545389177	1.049025509	43891.65777	16350.05022	10355.18003	2117.987447	577.3585345	0.1504272053	0.05365275065	0.01077651663
77	1	69290.39264	2484.313152	1740236.358	866868.1046	-70.29116575	1.002811647	1.08166286	45208.55609	16574.27257	10583.4487	2119.213857	594.88748	0.828104384	0.06098669303	0.01005372986
77	1	65083.76767	668.5769846	560040.9302	4575175.568	7429.011384	0.7028395446	1.015636664	42541.47562	16120.34938	10121.4927	2115.850975	559.4002202	0.2228589949	0.01962666975	0.01201863802
77	1	65348.08089	722.5755261	602757.9616	4352817.892	6435.155309	0.7425937876	1.024393709	42887.91144	16179.77523	10182.36104	2114.166809	564.0434166	0.2408585087	0.02112369081	0.01299691481
77	1	64641.06339	1333.664298	499339.2233	4880367.574	3701.908027	0.8519236789	1.048445501	43872.90517	16346.56114	10351.37878	2119.324156	577.087465	0.4445547659	0.0174993746	0.01
77	1	65086.35892	496.0398313	614642.4295	4161515.862	9007.841178	0.6396863529	1.001723464	41993.03143	16026.14384	10024.89341	2119.103197	552.0402671	0.1653466104	0.02154018274	0.01012939212
77	1	65010.81192	677.613294	597777.8294	4255530.152	6580.507421	0.7367797032	1.02309733	42853.35216	16172.76067	10174.26875	2119.303198	563.5015091	0.225871098	0.02094916177	0.0100129141
77	1	68237.56527	1299.532083	1460295.604	1279684.353	803.1089291	0.9678756428	1.073971641	44899.51319	16521.57086	10529.72663	2119.310367	590.7679099	0.433177361	0.05117615164	0.01000452484
77	1	71514.99906	1224.427228	2336046.772	377826.7132	275.8669869	0.9889653205	1.078614418	45086.22629	16553.40116	10562.16458	2119.301429	593.2560692	0.4081424095	0.08186690658	0.01000699367
77	1	63848.35681	2292.215395	287505.9388	6555556.724	3748.848432	0.8500460627	1.048032155	43856.28083	16343.72716	10348.49076	2119.32419	576.8659333	0.7640717982	0.01007566378	0.01
77	1	72255.3675	1484.67904	2479673.506	315187.9821	278.5529303	0.9888578828	1.078601238	45074.50175	16552.11767	10561.45772	2116.026767	593.1516516	0.4948930134	0.08690031453	0.01190714882
77	1	69002.63301	1237.11545	1664872.133	962313.6013	679.3022976	0.9728279081	1.075061827	44943.38599	16529.04825	10537.34514	2119.317367	591.3524244	0.4123718168	0.05834554899	0.01
77	1	68510.52457	1016.707953	1149799.258	2252814.296	3439.773532	0.8624090587	1.05082787	43889.52936	16354.45468	10363.67523	2096.184257	577.6755871	0.3389026511	0.04029478757	0.02344215747
77	1	64902.44045	274.0629513	502439.7209	4973177.337	21126.92678	0.1549229289	0.8950179382	37688.42839	15293.16091	9278.634641	2115.300455	494.7384689	0.09135431711	0.01760803173	0.0123391435
77	1	65397.95232	504.6844324	529078.217	4971139.132	11122.31169	0.5551075322	0.9831365595	41210.62844	15894.99299	9893.113796	2108.919236	541.7755195	0.1682281441	0.01854157951	0.01604607285
77	1	64326.01281	1538.816189	415140.5318	5487735.562	3891.619184	0.8443352326	1.046774952	43805.71572	16335.10733	10339.70668	2119.323782	576.1921233	0.5129387298	0.01454862614	0.01000029431
77	1	65686.39725	770.0012481	778077.3286	3310623.338	4202.795455	0.8318881818	1.044034925	43695.39168	16316.30802	10320.55556	2119.288034	574.7225423	0.2566670827	0.0272677691	0.01002117505
77	1	64020.004	1349.165858	333209.3748	6151547.549	5852.800424	0.765887983	1.0295053	43111.11595	16216.69953	10219.04309	2119.315228	566.9362108	0.4497219526	0.01167734357	0.01000579913
77	1	66232.72198	365.5626026	924666.391	2698578.471	8035.435552	0.6785825779	1.010285519	42338.14888	16084.92814	10084.75764	2119.32525	556.6356951	0.1218542009	0.03240499204	0.01000029254
77	1	70800.62937	728.5578081	2145346.852	492758.5409	1138.214259	0.9544714296	1.071020761	44780.85852	16501.34185	10509.1105	2119.319786	589.1866241	0.2428526027	0.07518381585	0.01
77	1	65609.07467	456.5030427	664844.6474	4002787.796	9439.601778	0.6224159289	0.9979387672	41822.34024	15998.2261	9997.435432	2113.705501	549.8512008	0.1521676809	0.02329952264	0.01326529417
77	1	66732.98381	768.0551641	816498.494	3412062.778	5025.313909	0.7989874436	1.036838622	43356.15368	16261.65977	10267.54008	2104.734939	570.4325203	0.256018388	0.02861424126	0.01847600395
77	1	65404.41085	1047.604653	703326.9281	3673178.084	3272.332826	0.869106687	1.052228235	44025.04278	16372.49636	10377.80847	2119.323811	579.1148127	0.349201551	0.02464813659	0.01
77	1	69417.01883	996.3117179	1760794.955	846284.0977	994.7950185	0.9602081993	1.072286536	44828.70845	16509.69432	10517.78643	2118.425333	589.8384172	0.332103906	0.06170717035	0.01051910898
77	1	63840.38853	1161.327212	285346.8965	6575370.873	8211.926708	0.6715229317	1.008731385	42275.63884	16074.27221	10073.89877	2119.323994	555.8027223	0.3871090707	0.01	0.01000104073
77	1	69277.74078	2373.894124	1708033.219	915753.1967	100.0345014	0.9959986199	1.08016858	45142.50702	16563.39324	10572.68148	2117.476562	594.0348733	0.7912980414	0.05985813198	0.01106380605
