#gen	Feasible	f1	f2	f3	f4	f5	c1	c2	c3	c4	c5	c6	c7	x1	x2	x3
56	1	70635.98021	540.2956446	2098938.57	526106.6116	1868.547384	0.9252581046	1.064590091	44521.72626	16457.19882	10464.15256	2119.176534	585.7357953	0.1800985482	0.07355743468	0.01008443894
56	1	71922.56191	700.7066857	2445094.589	324563.2655	971.5466488	0.961138134	1.072488407	44839.87254	16511.40294	10519.36412	2119.3152	589.9730912	0.2335688952	0.08568849423	0.01000223911
56	1	64260.84667	799.0136864	394699.7853	5652175.718	8680.663527	0.6527734589	1.004604384	42109.03469	16045.91049	10045.02964	2119.142791	553.5854694	0.2663378955	0.01383227889	0.01010635959
56	1	71305.96631	2507.521418	2074674.885	583963.9496	697.1489323	0.9721140427	1.074944403	44896.19155	16523.71642	10534.19229	2106.893163	590.920131	0.8358404728	0.07270711232	0.01720919259
56	1	64952.29289	468.6962289	580643.0326	4360593.471	10173.78768	0.5930484928	0.9914560716	41580.4648	15955.78865	9953.176587	2119.213551	546.5407616	0.1562320763	0.02034867173	0.01006537241
56	1	71490.75433	318.1812449	2329767.465	381119.7979	3247.934437	0.8700826225	1.052443081	44033.68367	16373.96939	10379.30959	2119.323789	579.2299591	0.106060415	0.08164684787	0.01
56	1	65392.08875	373.5476823	700034.1214	3690065.711	10610.85275	0.5755658901	0.9876070233	41426.04523	15929.43982	9926.304714	2119.326126	544.4812223	0.1245158941	0.02453273997	0.01
56	1	72146.8573	543.8152306	2505096.457	298530.8378	1418.601577	0.9432559369	1.068551739	44681.55704	16484.41372	10491.85962	2119.320764	587.8633573	0.1812717435	0.08779126347	0.01000000007
56	1	68802.95701	1200.9798	1598378.719	1060531.412	841.4973831	0.9663401047	1.073636114	44883.33352	16518.98423	10527.23486	2118.525759	590.5647333	0.4003266	0.0560152831	0.01046029677
56	1	72386.06516	2253.267468	2528206.434	293195.6127	-66.17409215	1.002646964	1.081634192	45199.29329	16573.21166	10582.80303	2116.83774	594.8015877	0.751089156	0.08860115408	0.01143029517
56	1	69148.39801	535.8585634	1703664.98	911740.7906	2494.169238	0.9002332305	1.059080584	44300.60413	16419.47399	10425.68353	2119.313324	582.7870269	0.1786195211	0.05970504678	0.01000559391
56	1	71021.28998	2660.085972	2203718.006	454370.2804	-254.9676226	1.010198705	1.083288895	45274.14709	16585.44164	10594.82032	2119.262922	595.7606331	0.8866953239	0.07722943664	0.01002086957
56	1	64867.21488	2563.109618	559773.2001	4486323.364	1308.337174	0.947666513	1.0695227	44720.60809	16491.07083	10498.64366	2119.320411	588.3837418	0.8543698728	0.01961728713	0.01
56	1	64066.66163	3118.958035	345818.7149	6044141.111	1993.085919	0.9202765633	1.063492975	44478.09381	16449.72924	10456.51412	2119.320677	585.1520806	1.039652678	0.01211923869	0.0100008535
56	1	68577.05525	725.0272281	1551145.899	1127508.627	1880.10095	0.924795962	1.064487888	44518.11321	16456.55111	10463.46579	2119.321922	585.6853459	0.2416757427	0.05436000593	0.01
56	1	72169.74153	1893.572258	2511211.762	295998.4932	-139.4183549	1.005576734	1.082271281	45233.34268	16578.47777	10587.71708	2119.304236	595.2163147	0.6311907528	0.08800557472	0.01
56	1	67019.76745	709.3141046	1134959.125	2013326.467	2930.291973	0.8827883211	1.05524017	44146.1722	16393.14602	10398.85224	2119.321301	580.7289876	0.2364380349	0.03977471418	0.0100012648
56	1	64867.21488	2566.740345	559773.2001	4486323.364	1305.404381	0.9477838248	1.069548525	44721.64676	16491.2479	10498.8241	2119.320401	588.3975829	0.8555801149	0.01961728713	0.01
56	1	71123.85529	992.1216169	2034905.281	615326.9055	1560.300797	0.9375879681	1.06734198	44592.26667	16471.78837	10481.17557	2107.445264	586.8616023	0.3307072056	0.07131338402	0.01689744811
56	1	68842.92503	2151.714465	1619601.008	1025878.358	99.82558492	0.9960069766	1.080165058	45148.09731	16563.98001	10572.97165	2119.154028	594.0828341	0.7172381548	0.05675901958	0.01009086148
56	1	65246.09647	3414.484027	661020.9164	3896159.288	552.980333	0.9778807867	1.076174188	44988.12396	16536.67482	10545.11712	2119.316405	591.9485914	1.138161342	0.02316551974	0.01
56	1	65715.50668	227.1563109	786195.601	3273008.661	15893.03159	0.3642787365	0.9410934996	39555.26528	15610.52755	9601.315065	2119.310557	519.5519302	0.07571877029	0.02755227446	0.01000927997
56	1	66052.5661	2907.775885	767204.9696	3490353.834	1041.625261	0.9583349896	1.071892414	44793.3436	16504.91232	10513.9611	2112.72174	589.4574856	0.9692586283	0.02688674659	0.01383137506
56	1	69872.63514	2180.730601	1897360.767	696086.6762	-46.05157538	1.001842063	1.081449116	45200.27603	16572.84083	10581.97267	2119.307234	594.7756769	0.7269102003	0.06649312784	0.01000000608
56	1	72026.58279	3309.070566	2472955.757	312200.7957	-401.4812286	1.016059249	1.084578943	45326.15442	16594.29958	10603.84054	2119.287538	596.4531006	1.103023522	0.08666489061	0.01
56	1	72407.32874	2987.895315	2574701.683	270943.4925	-378.3153586	1.015132614	1.08437495	45317.95004	16592.90096	10602.41526	2119.289926	596.343771	0.9959651051	0.09023058301	0.01
56	1	73652.27289	900.3124227	2804095.902	204014.3999	860.3635096	0.9655854596	1.073487394	44858.73858	16515.9807	10525.17357	2113.084505	590.3231524	0.3001041409	0.09826971789	0.01361978852
56	1	72365.00959	2528.384251	2563392.827	275245.6545	-306.0229439	1.012240918	1.08373836	45292.34708	16588.53637	10597.96745	2119.295828	596.0025925	0.8427947502	0.08983426342	0.01
56	1	73267.98188	405.8063315	2745236.876	218104.7628	2162.568133	0.9134972747	1.062012033	44406.26167	16438.26781	10445.49305	2115.73553	584.2516642	0.1352687772	0.09620699961	0.01208361482
56	1	63862.80999	2565.4226	291368.2323	6520380.353	3214.679533	0.8714128187	1.052735915	44045.46117	16375.97713	10381.3556	2119.323759	579.3869031	0.8551408665	0.0102110181	0.01
56	1	67139.33402	481.2792352	1159482.796	1950728.496	4598.04788	0.8160780848	1.040555754	43554.04678	16292.30314	10296.16906	2118.874445	572.8455716	0.1604264117	0.04063414776	0.01026157416
56	1	65730.12532	438.7229739	784442.5733	3287460.018	7904.301095	0.6838279562	1.011441399	42383.41576	16092.72292	10092.76661	2118.968358	557.2445643	0.1462409913	0.0274908395	0.01020761877
56	1	69484.99969	352.6888402	1767532.049	841709.8966	4120.464222	0.8351814311	1.044764865	43719.4559	16320.74848	10325.36491	2117.741408	575.067719	0.1175629467	0.06194327222	0.01091964907
56	1	64354.34029	1280.752687	421134.5433	5445080.524	4757.079844	0.8097168062	1.039154222	43498.89255	16282.82333	10286.44332	2119.229206	572.1049807	0.4269175624	0.01475868665	0.01005552116
56	1	71490.76174	535.4796391	2329767.465	381120.06	1619.48855	0.935220458	1.066782777	44610.41086	16472.28531	10479.49999	2119.321203	586.9152831	0.178493213	0.08164684787	0.01000006946
56	1	64364.21813	1359.504921	425358.455	5410160.729	4379.146912	0.8248341235	1.042481901	43633.05541	16305.67346	10309.71154	2119.324583	573.8912872	0.4531683072	0.01490671391	0.01
56	1	70591.11847	2519.738516	2089359.701	532728.3811	-199.9582626	1.007998331	1.082804381	45254.78339	16582.13281	10591.44181	2119.301755	595.5020282	0.8399128388	0.0732217426	0.01
56	1	69230.58752	214.6388994	1675952.566	964100.046	7720.187085	0.6911925166	1.013071143	42439.89637	16102.93051	10103.65564	2116.319496	558.0391784	0.0715462998	0.05873386349	0.01174648344
56	1	69196.84258	378.7057899	1638593.998	1025637.747	4367.108171	0.8253156732	1.042603009	43621.7858	16304.78351	10309.67133	2114.60865	573.8158277	0.1262352633	0.05742463011	0.01273969481
56	1	73450.5107	764.9399023	2853468.965	183749.9671	597.8521625	0.9760859135	1.075779057	44972.23223	16533.96573	10542.35638	2119.316767	591.7368222	0.2549799674	0.1	0.01
56	1	71872.77331	760.5312635	2427308.439	333223.0463	866.0858455	0.9653565662	1.073417935	44876.33196	16517.67736	10525.80785	2119.044237	590.4632231	0.2535104212	0.08506517745	0.01015928478
56	1	64523.891	2867.312565	368796.8967	6058723.038	2477.587848	0.9008964861	1.059245729	44286.79169	16418.42618	10425.71409	2113.336494	582.6976521	0.955770855	0.01292451053	0.01347754258
56	1	71354.03253	465.7942927	2293231.516	401019.4246	2019.884605	0.9192046158	1.063256987	44468.60766	16448.11179	10454.86557	2119.322192	585.0256473	0.1552647642	0.08036644325	0.0100000027
56	1	64141.90667	2779.050526	365920.0293	5877253.742	2160.406766	0.9135837293	1.062019589	44418.83451	16439.62726	10446.21962	2119.3206	584.362412	0.9263501753	0.01282369052	0.01000107279
56	1	71823.01504	582.9224012	2418556.785	336778.879	1344.998678	0.9462000529	1.069199868	44707.62411	16488.85743	10496.38805	2119.320532	588.2107206	0.1943074671	0.0847584752	0.01
56	1	64645.3245	815.1403363	499244.8673	4883097.638	6550.098471	0.7379960611	1.02336527	42863.94996	16174.57871	10176.13103	2119.251038	563.643559	0.2717134454	0.01749606789	0.01004321202
56	1	72270.14889	2987.895315	2537894.78	285212.7474	-372.0640396	1.014882562	1.084319931	45315.70655	16592.52047	10602.02916	2119.281496	596.3140169	0.9959651051	0.08894068277	0.01000520858
56	1	72403.84384	2891.860852	2573770.421	271295.2119	-365.3295684	1.014613183	1.0842606	45313.35101	16592.11696	10601.6163	2119.291143	596.2824856	0.9639536172	0.09019794687	0.01
56	1	66204.34948	873.1782039	752758.1145	3629928.157	4472.00471	0.8211198116	1.041695955	43567.51661	16296.66863	10302.35692	2109.411255	573.1749953	0.2910594013	0.02638045564	0.01575912004
56	1	67694.21229	400.5139371	1315225.666	1566207.452	4882.175808	0.8047129677	1.038052351	43454.90357	16275.30354	10278.76259	2119.324834	571.5172804	0.1335046457	0.0460921665	0.01
56	1	70795.42475	2992.048335	2142172.098	495249.0518	-293.1633234	1.011726533	1.083625466	45287.43828	16587.72309	10597.15844	2119.188568	595.938884	0.9973494451	0.0750725564	0.01006251808
56	1	72013.49775	1787.769719	2469459.07	313725.2447	-91.19255118	1.003647702	1.081846616	45216.26312	16575.56618	10584.74998	2119.305894	594.9887166	0.5959232396	0.086542349	0.01
56	1	72403.84384	1034.938186	2573770.421	271295.2119	351.7732438	0.9859290702	1.077945968	45059.38312	16548.82252	10557.49643	2119.314424	592.898173	0.3449793953	0.09019794687	0.01
56	1	65881.41927	2301.470533	830796.8674	3075558.053	790.7827363	0.9683686905	1.074080158	44903.90427	16522.31772	10530.48629	2119.318086	590.8263009	0.7671568442	0.02911532866	0.01
56	1	65978.2436	705.6320705	764673.0567	3481690.325	5146.263679	0.7941494529	1.035744625	43343.09515	16257.45685	10261.59558	2113.775301	570.1152758	0.2352106902	0.02679801554	0.0132240747
56	1	67759.80589	401.1911957	1296114.934	1629040.056	5114.344364	0.7954262254	1.036015008	43365.39914	16260.52883	10264.1124	2117.114731	570.3595844	0.1337303986	0.04542242966	0.01128402202
56	1	71425.83365	1645.442059	2312418.853	390442.6472	16.80802046	0.9993276792	1.08089559	45178.01382	16569.04574	10578.10522	2119.308865	594.4790161	0.5484806864	0.08103886467	0.01
56	1	66193.05668	597.7060949	805212.1463	3309828.932	5887.058679	0.7645176528	1.029224623	43077.38549	16212.38324	10215.84957	2112.758263	566.590614	0.199235365	0.02821871049	0.01381510789
56	1	63967.49316	537.9251106	318085.5792	6284903.107	16625.78923	0.3349684307	0.9346412066	39295.55597	15566.26744	9556.222109	2119.250747	516.0920572	0.1793083702	0.0111473292	0.0100440486
56	0	64023.0786	196.7963521	334196.4705	6142741.911	44465.3881	-0.778615524	0.6894922659	29436.18145	13885.50269	7843.398337	2119.32708	384.7073	0.06559878403	0.0117119364	0.01
56	0	65919.0374	125.7888887	840849.4811	3032789.005	27359.75035	-0.09439001415	0.8401203278	35494.28458	14918.24019	8895.825776	2119.326885	465.4360652	0.04192962957	0.02946762314	0.01
56	1	64740.78425	741.3977918	525093.7688	4709837.668	6880.058915	0.7247976434	1.020459654	42747.15917	16154.66466	10155.83355	2119.271597	562.0869099	0.2471325973	0.01840194427	0.01003131789
56	1	68302.19369	242.666158	1447471.151	1316425.057	7834.771882	0.6866091247	1.012058349	42403.21187	16096.41814	10096.80168	2117.502522	557.5315867	0.08088871933	0.05072671787	0.01105920484
56	1	68753.80635	1100.981208	1598378.719	1055709.631	925.4005369	0.9629839785	1.072894746	44856.22826	16514.19029	10522.2039	2119.318828	590.1909824	0.3669937361	0.0560152831	0.01
56	1	64331.03757	828.5814382	302610.605	6677757.459	11591.8502	0.5363259919	0.9789905931	41055.98929	15867.8578	9864.811122	2112.456682	539.6587906	0.2761938127	0.01060500775	0.01399096968
56	1	71229.10019	2496.853164	2259846.19	420110.1663	-237.7976518	1.009511906	1.083137585	45268.18453	16584.41733	10593.76988	2119.299914	595.6806083	0.8322843881	0.07919645236	0.01000000003
56	1	66118.74991	336.0706302	894217.4246	2815498.101	9133.643444	0.6346542622	1.000614967	41949.21097	16018.62499	10017.19027	2119.325888	551.4527986	0.1120235434	0.03133790609	0.01000002814
56	1	71142.61467	680.4332099	2234553.692	435505.4083	1200.908971	0.9519636412	1.070469108	44758.22129	16497.51161	10505.23141	2119.188422	588.8870506	0.22681107	0.07831007518	0.01007643885
56	1	64185.10936	707.0999572	345446.7914	6114837.884	11552.02546	0.5379189814	0.979325476	41086.3532	15871.95456	9868.078761	2117.392972	539.9852017	0.2356999857	0.01210620461	0.01112315262
56	1	68344.85521	242.666158	1458871.5	1295683.839	7768.591211	0.6892563516	1.01264112	42426.6503	16100.41374	10100.87346	2117.502509	557.8439214	0.08088871933	0.0511262438	0.01105920484
56	1	67047.73916	2993.679284	1030613.966	2420419.648	683.2777372	0.9726688905	1.075048423	44919.75284	16526.49493	10535.98323	2112.565026	591.1444006	0.9978930947	0.03611793149	0.01392000304
56	1	64014.78966	584.0603329	331981.4346	6161725.452	14576.84915	0.4169260341	0.9526834291	40021.4548	15689.99635	9682.296072	2119.326455	525.7640019	0.1946867776	0.01163431033	0.01
56	1	69837.10825	902.1442634	1777598.349	854541.8303	1567.232149	0.937310714	1.06726423	44607.00845	16473.1598	10481.61363	2112.66799	586.9753302	0.3007147545	0.06229604635	0.01386437757
56	1	72488.19566	2979.648537	2593493.01	264201.2388	-367.8556943	1.014714228	1.084283389	45313.68562	16592.21118	10601.74357	2119.119736	596.2896384	0.9932161791	0.09088912625	0.01009877685
56	1	69089.28466	80.40053379	1675952.566	951552.0275	21363.67834	0.1454528665	0.8929226034	37615.44379	15279.99791	9264.614566	2118.598341	493.7136426	0.02680017793	0.05873386349	0.01042317973
56	1	72403.84384	757.9400241	2573770.421	271295.2119	759.9112569	0.9696035497	1.074352004	44914.83766	16524.18155	10532.38566	2119.317897	590.9719965	0.2526466747	0.09019794687	0.01
56	1	65171.15816	2550.948797	605939.9844	4258357.79	1311.221516	0.9475511394	1.069504071	44712.62126	16490.17171	10498.11603	2117.205275	588.3108153	0.8503162658	0.021235205	0.01122851614
56	1	66065.75254	2919.960552	880055.0378	2871596.034	392.6138736	0.9842954451	1.077586336	45044.91891	16546.35679	10554.98369	2119.314833	592.7054274	0.9733201841	0.03084158435	0.01000002857
56	1	64913.79271	936.8361736	571326.4485	4416066.695	4796.646282	0.8081341487	1.038805676	43485.01699	16280.44883	10284.01589	2119.270886	571.9194184	0.3122787245	0.02002217145	0.01003131789
56	1	67792.32735	2712.371946	1341444.742	1510034.966	52.57421435	0.9978970314	1.080580641	45165.34693	16566.88639	10575.9047	2119.309676	594.3102203	0.9041239819	0.04701101567	0.01
56	1	65414.67078	1303.191581	632223.8222	4160881.679	3165.12815	0.873394874	1.053186514	44048.33762	16377.44156	10383.66663	2114.868942	579.4958106	0.4343971936	0.02215632376	0.01258789733
56	1	65138.01234	765.5516176	469993.1825	5378213.421	8204.443497	0.6718222601	1.008828589	42246.07769	16071.37129	10072.73983	2109.544812	555.563738	0.2551838725	0.01647094075	0.0156823693
56	1	64184.0137	2982.835967	355248.9339	6010819.353	2137.306426	0.914507743	1.062227239	44422.65965	16440.56853	10447.42188	2117.997944	584.4343378	0.9942786558	0.01244972131	0.01076937509
56	1	65984.24286	702.6505275	858246.2559	2960203.241	4167.97108	0.8332811568	1.044341469	43707.83953	16318.42243	10322.70389	2119.322777	574.8878683	0.2342168425	0.03007729421	0.01000097916
56	1	64867.21488	2055.848941	559773.2001	4486323.364	1819.912902	0.9272034839	1.065017889	44539.42931	16460.18491	10467.16887	2119.321794	585.9693988	0.6852829804	0.01961728713	0.01
56	1	64786.81524	1400.482962	518169.3355	4787314.324	3421.281049	0.8631487581	1.050920519	43968.29402	16363.08767	10368.44344	2118.110263	578.3778215	0.4668276539	0.01815927707	0.01070506607
56	1	71302.96401	893.9233612	2279503.539	408773.6675	695.2025235	0.9721918991	1.074921829	44937.73868	16528.08661	10536.36607	2119.31258	591.2772472	0.2979744537	0.07988534542	0.01000284287
56	1	69328.84455	235.9020864	1752044.944	852271.4373	6432.342876	0.742706285	1.024401959	42905.89907	16181.7136	10183.38829	2119.325387	564.201384	0.07863402879	0.06140052564	0.01
56	1	66496.24226	615.5182227	930299.4261	2738350.316	4710.438135	0.8115824746	1.039577145	43502.8514	16284.33201	10288.68155	2115.416052	572.2181489	0.2051727409	0.03260240211	0.01227075441
56	1	69991.22224	208.0857704	1929032.299	666047.3509	6645.91797	0.7341632812	1.022521273	42830.25603	16168.81881	10170.24786	2119.324334	563.1934013	0.06936192347	0.0676030587	0.01000064544
56	1	64677.98244	532.6564472	509205.0199	4813753.233	10202.54317	0.5918982731	0.9912024975	41570.65145	15954.09114	9951.426034	2119.326079	546.4082085	0.1775521491	0.01784512207	0.01
56	1	68541.82502	2544.198441	1541731.399	1142393.051	-6.61537918	1.000264615	1.081101851	45186.30941	16570.45991	10579.54635	2119.308293	594.5895611	0.848066147	0.05403007421	0.01
56	1	70369.66963	615.2960702	2030097.357	578591.1435	1616.85505	0.935325798	1.066805983	44611.32703	16472.44258	10479.66119	2119.316185	586.9275711	0.2050986901	0.07114489004	0.01000298039
56	1	65559.61241	873.1782039	744793.6774	3467018.269	3809.18161	0.8476327356	1.047500877	43834.91186	16340.08445	10344.77868	2119.323784	576.5811828	0.2910594013	0.02610134144	0.01000026047
56	1	64293.34371	2760.118119	406396.8982	5555012.337	1887.080563	0.9245167775	1.064426432	44515.63697	16456.12927	10463.03615	2119.320613	585.652369	0.920039373	0.01424220495	0.01000076879
56	1	72026.58279	3071.72812	2472955.757	312200.7957	-373.393315	1.014935733	1.084331607	45316.20685	16592.6038	10602.11243	2119.290397	596.3205418	1.023909373	0.08666489061	0.01
56	1	71623.55306	498.7170714	2359123.4	366627.761	1789.929422	0.9284028231	1.065283101	44548.82989	16461.86833	10468.95236	2118.951801	586.1005289	0.1662390238	0.08267562845	0.01021488184
56	1	64740.78425	854.73814	525093.7688	4709837.668	5866.818455	0.7653272618	1.029382001	43106.00666	16215.83814	10218.17335	2119.271307	566.8688217	0.2849127133	0.01840194427	0.01003131789
56	1	73050.3018	405.8063315	2745376.11	213695.3338	1910.065753	0.9235973699	1.064224247	44507.27325	16454.71831	10461.61075	2119.252851	585.5419904	0.1352687772	0.09621187907	0.01004015768
56	1	68975.92398	2996.34568	1613784.639	1049171.086	40.4123683	0.9983835053	1.080696224	45160.92149	16566.71172	10576.21395	2116.652702	594.293253	0.9987818932	0.05655518454	0.01154023391
56	1	71476.16524	2635.658597	2325868.855	383195.2616	-279.7396138	1.011189585	1.083506916	45283.03862	16586.94954	10596.35037	2119.297538	595.8785503	0.8785528656	0.08151022083	0.01
56	1	71926.45958	623.2257792	2446200.047	324056.6563	1186.245155	0.9525501938	1.070597812	44763.84798	16498.44203	10506.15539	2119.319974	588.9599459	0.2077419264	0.08572723505	0.01
56	1	69417.77354	1200.9798	1585473.656	1148235.778	1621.049088	0.9351580365	1.066805794	44572.03989	16468.25478	10477.50276	2107.836765	586.5858712	0.4003266	0.05556302435	0.01667032289
56	1	72277.60354	3577.137259	2535090.34	286806.0556	-415.5620471	1.016622482	1.08470389	45330.15868	16595.04743	10604.65747	2118.984925	596.5111867	1.192379086	0.08884240098	0.01017330333
56	1	70437.896	506.1938463	2048414.388	563997.715	2103.894238	0.9158442305	1.062517219	44438.85497	16443.03979	10449.69687	2119.322349	584.6291704	0.1687312821	0.07178681154	0.01
56	1	65016.55558	855.4207285	561940.6591	4531749.597	5586.752245	0.7765299102	1.031855312	43197.87315	16231.98485	10235.03641	2117.048486	568.1282276	0.2851402428	0.01969324587	0.01132261949
56	1	69375.73338	105.9016282	1749779.359	859365.5537	15352.29815	0.3859080738	0.9458578722	39743.88331	15642.87333	9634.438641	2118.434003	522.0792945	0.03530054273	0.0613211281	0.01051851231
56	0	63841.49867	373.5476823	285673.254	6572314.479	27111.20113	-0.08444804506	0.8423089915	35582.31034	14933.24613	8911.117812	2119.32688	466.6090745	0.1245158941	0.01001143722	0.01
56	1	64890.02885	2064.749903	561383.1646	4483246.125	1820.806512	0.9271677395	1.065010887	44538.22137	16460.03817	10467.06907	2119.051117	585.9575902	0.6882499678	0.01967370844	0.01015723193
56	1	70773.89873	577.7847861	2138203.679	497686.3273	1642.875582	0.9342849767	1.066576837	44602.12854	16470.87338	10478.06112	2119.321382	586.8049131	0.1925949287	0.0749334829	0.01
56	1	71213.73048	2948.701141	2255708.239	422543.321	-317.632229	1.012705289	1.083840595	45296.4525	16589.23664	10598.68141	2119.293145	596.0573296	0.9829003803	0.07905143764	0.01000107715
56	1	71802.25333	570.7213692	2413008.676	339391.8413	1395.061915	0.9441975234	1.068759023	44689.8938	16485.8349	10493.3079	2119.320692	587.974451	0.1902404564	0.08456404138	0.01
56	1	71189.20912	2520.933203	2249186.185	426395.28	-240.358705	1.009614348	1.083160137	45269.09154	16584.57195	10593.92745	2119.29978	595.692695	0.8403110677	0.07882287183	0.01
56	1	64023.0786	537.1611908	334196.4705	6142741.911	15805.77156	0.3677691378	0.941861839	39586.22176	15615.80127	9606.6864	2119.326526	519.9641954	0.1790537303	0.0117119364	0.01
56	1	68541.82502	2544.198441	1541731.399	1142393.051	-6.61537918	1.000264615	1.081101851	45186.30941	16570.45991	10579.54635	2119.308293	594.5895611	0.848066147	0.05403007421	0.01
56	1	71818.9242	517.40705	2417463.598	337292.135	1613.246859	0.9354701256	1.06683774	44612.6218	16472.66218	10479.88403	2119.321307	586.9447436	0.1724690167	0.08472016439	0.01
56	1	64767.47504	1401.858165	530926.3686	4673832.472	3241.279455	0.8703488218	1.052502107	44035.60473	16374.32582	10379.69712	2119.191455	579.2576552	0.4672860551	0.0186063481	0.01007687375
56	1	72600.16037	2126.520635	2623836.091	253229.2393	-221.48977	1.008859591	1.082994445	45261.93297	16583.38322	10592.74261	2119.155715	595.5995912	0.7088402115	0.09195250143	0.01008395311
56	1	66408.77878	641.2635432	903948.3112	2843674.951	4660.121325	0.813595147	1.040020797	43520.07972	16287.30824	10291.74755	2115.236353	572.4505757	0.2137545144	0.03167892563	0.01237513398
56	1	73168.13981	2155.740581	2778011.596	204116.5568	-268.2719722	1.010730879	1.083405934	45278.97726	16586.25719	10595.64482	2119.298228	595.8244296	0.7185801936	0.09735559173	0.01
56	1	71003.85383	178.7329004	2011883.481	633389.4928	8320.280852	0.6671887659	1.007813503	42199.96118	16063.84774	10065.35694	2107.999013	554.9736929	0.05957763346	0.0705065836	0.0165804328
56	1	71418.10897	577.7847861	2187324.042	485038.5135	2121.286627	0.9151485349	1.062387826	44408.24978	16439.44533	10447.39786	2111.899835	584.3389189	0.1925949287	0.07665490913	0.01431161374
56	1	64066.57049	3496.543798	345818.7149	6044090.041	1695.15093	0.9321939628	1.066116513	44583.61479	16467.7173	10474.84487	2119.32151	586.5582035	1.165514599	0.01211923869	0.01
56	1	68876.4962	2730.626519	1598378.719	1067786.915	58.46548737	0.9976613805	1.080535096	45156.74605	16565.85266	10575.21474	2117.328424	594.2269422	0.9102088395	0.0560152831	0.0111489925
56	1	64089.05451	2982.835967	351276.1997	5999460.586	2076.421648	0.9169431341	1.062759242	44448.47516	16444.68703	10451.38162	2119.289066	584.7578931	0.9942786558	0.01231049659	0.01001930531
56	1	65715.87638	1657.958069	786356.4352	3272204.995	1517.565408	0.9392973837	1.067680326	44646.46789	16478.43467	10485.76883	2119.308818	587.3959619	0.5526526895	0.02755791091	0.01000710576
56	1	71795.7575	614.1056686	2347946.06	379844.2094	1572.171461	0.9371131415	1.06721167	44614.5863	16473.83241	10481.77864	2115.500401	587.0314461	0.2047018895	0.08228391789	0.01221928996
56	1	70591.11847	2529.167477	2089359.701	532728.3811	-202.0647883	1.008082592	1.08282293	45255.52944	16582.25999	10591.57141	2119.301659	595.5119698	0.8430558257	0.0732217426	0.01
56	1	63946.36872	2890.357857	313170.7335	6326477.919	2523.649481	0.8990540208	1.058821059	44290.09052	16417.68655	10423.86609	2119.291218	582.647276	0.9634526189	0.01097508813	0.01001845894
56	1	64103.85332	537.1611908	338042.9027	6147634.567	15693.99527	0.3722401892	0.9428495394	39622.28364	15622.1828	9613.386264	2118.25648	520.4617008	0.1790537303	0.01184673487	0.01062165814
56	1	72116.93715	325.7416882	2421168.13	344513.563	3335.461962	0.8665815215	1.051687	43987.59762	16367.11462	10373.16595	2114.743163	578.6884001	0.1085805627	0.08484998996	0.01266107087
56	1	66346.70377	179.8715801	952623.0071	2597757.708	16606.50188	0.3357399249	0.9348112885	39302.1376	15567.40597	9557.396242	2119.175107	516.1809607	0.05995719337	0.03338473342	0.01008799259
56	1	63904.88035	776.4872963	302610.605	6419059.564	11894.91292	0.5242034833	0.9762999035	40971.2847	15851.91584	9847.302681	2119.326255	538.4211973	0.2588290988	0.01060500775	0.01
56	1	66172.67327	705.6320705	683487.7864	4082891.898	6377.361872	0.7449055251	1.024929589	42880.63686	16180.37688	10184.5221	2105.744215	564.0799223	0.2352106902	0.02395287262	0.0178900548
56	0	71600.6079	30	2359123.4	365848.6516	41266.73372	-0.6506693486	0.717658834	30569.01136	14078.61858	8040.196123	2119.327055	399.8031078	0.01	0.08267562845	0.01
56	1	68819.8403	471.2642225	1589721.592	1078314.008	3319.511025	0.867219559	1.051817875	44003.10791	16369.10404	10374.64308	2117.737095	578.8476533	0.1570880742	0.05571189355	0.01092179861
56	1	71019.06152	2603.789436	2203718.006	454276.4133	-246.573329	1.009862933	1.083214862	45271.29251	16584.94716	10594.30981	2119.299449	595.7220245	0.867929812	0.07722943664	0.01
56	1	74034.23639	3176.81484	2829805.121	202121.722	343.4469583	0.9862621217	1.078053983	45026.63611	16545.60982	10556.21418	2108.446724	592.6334954	1.05893828	0.09917069909	0.01629590199
56	1	71784.63941	545.1699067	2351579.444	377061.5182	1800.870206	0.9279651917	1.065196529	44534.90301	16460.16151	10467.77388	2115.899571	585.9632945	0.1817233022	0.08241125005	0.01198783666
56	1	71453.73081	2737.573268	2319873.749	386408.8903	-296.5975963	1.011863904	1.083655363	45289.00901	16587.96733	10597.38756	2119.296463	595.9581102	0.9125244226	0.08130012198	0.01
56	1	66287.74995	522.8273018	939379.7471	2643822.89	5291.891114	0.7883243555	1.034444498	43309.7995	16250.56735	10253.55478	2119.325008	569.5836599	0.1742757673	0.03292062253	0.01
56	1	64041.51651	2571.244796	339123.5936	6100724.423	2646.518932	0.8941392427	1.057738999	44246.67995	16410.27931	10416.31178	2119.323152	582.0682941	0.8570815985	0.01188460774	0.01
56	1	71163.13404	434.6168162	2242218.197	430554.3218	2287.564282	0.9084974287	1.060899866	44373.8067	16431.95088	10438.39653	2119.322653	583.7623535	0.1448722721	0.07857867824	0.01
56	0	64087.20033	205.9504777	351331.5831	5997851.303	40347.05831	-0.6138823325	0.7257572707	30894.72201	14134.14315	8096.779318	2119.327048	404.1434464	0.06865015925	0.01231243751	0.01
56	1	63840.408	2174.897393	285346.8965	6575382.741	4028.480622	0.8388607751	1.045569789	43757.23985	16326.8439	10331.28599	2119.322272	575.5461713	0.7249657976	0.01	0.01000122303
56	1	68411.08929	2982.835967	1506230.075	1200545.573	-100.4466886	1.004017868	1.081928215	45219.42826	16576.1132	10585.31369	2119.271427	595.0314347	0.9942786558	0.05278592806	0.01001980385
56	1	70922.08097	509.806412	2177802.101	470976.3014	1914.325708	0.9234269717	1.064186513	44505.99223	16454.48482	10461.3601	2119.321992	585.5238247	0.1699354707	0.07632121212	0.01
56	1	69059.33878	352.6888402	1679944.375	942345.7783	4256.031733	0.8297587307	1.043566038	43676.64155	16313.10475	10317.28541	2119.31962	574.4721828	0.1175629467	0.05887375667	0.01000284287
56	1	71003.51282	544.3771588	2197153.522	458833.0391	1732.503419	0.9306998632	1.065788061	44569.90736	16465.41235	10472.52269	2119.176232	586.3778445	0.1814590529	0.07699938389	0.01008443894
56	1	65197.67058	838.2926195	641651.5596	4011655.361	4793.195124	0.808272195	1.038837135	43485.13948	16280.54272	10284.17293	2118.936995	571.9263407	0.2794308732	0.02248671941	0.01022529101
56	1	70649.46212	2552.87726	2104932.522	521299.3431	-211.3402006	1.008453608	1.082904611	45258.81078	16582.81961	10592.1419	2119.300124	595.5557136	0.8509590868	0.07376749311	0.01000063879
56	1	73771.33477	670.6791433	2853468.965	189297.6674	1160.453125	0.953581875	1.070841488	44755.94772	16498.22614	10506.88587	2114.146512	588.9366078	0.2235597144	0.1	0.01300452294
56	1	64728.15467	768.6208607	408131.7296	5766094.452	9213.282151	0.6314687139	0.9999357973	41898.25971	16011.4493	10011.14696	2112.420205	550.8832482	0.2562069536	0.01430300223	0.01401198369
56	1	67408.84302	2758.796525	1030613.966	2502825.259	1183.011047	0.9526795581	1.07066653	44723.59471	16494.32832	10504.27315	2106.745345	588.6226728	0.9195988415	0.03611793149	0.01730174687
56	1	70609.64956	2164.75607	2001496.231	621795.4027	323.2825446	0.9870686982	1.078214775	45051.03138	16548.62309	10558.3222	2113.707509	592.8755877	0.7215853566	0.07014256177	0.01325272481
56	1	66822.54884	431.1037238	1082292.908	2166562.92	5610.62302	0.7755750792	1.031637823	43196.91796	16231.32419	10233.94475	2119.325127	568.0794288	0.1437012413	0.03792902329	0.01
56	1	72407.44176	2716.502492	2574701.683	270946.3316	-339.5528221	1.013582113	1.084033622	45304.21596	16590.56008	10600.03008	2119.291508	596.1607831	0.9055008305	0.09023058301	0.01000105843
56	1	64500.86823	2483.314703	461851.1365	5142047.411	1828.778325	0.926848867	1.064939827	44536.28477	16459.64917	10466.62318	2119.320363	585.9275185	0.8277715676	0.01618560223	0.01000084222
56	1	65748.93492	705.6320705	723935.611	3658819.278	5367.597956	0.7852960818	1.033791643	43268.78902	16244.51879	10248.18312	2115.014461	569.1054597	0.2352106902	0.02537036919	0.01250424132
56	1	69357.6101	505.6524738	1744936.314	865182.9187	2670.4923	0.893180308	1.057530753	44235.24977	16408.52595	10414.68903	2118.430607	581.9301193	0.1685508246	0.06115140326	0.01051851231
56	1	69329.72521	468.5100457	1752269.04	852008.7435	2858.559139	0.8856576345	1.055871827	44171.58192	16397.47734	10403.26586	2119.322723	581.0675673	0.1561700152	0.06140837912	0.01000039398
56	1	72001.85513	688.44833	2428781.599	336371.5804	1176.644251	0.9529342299	1.070689611	44759.78401	16498.24476	10506.37084	2117.053197	588.941694	0.2294827767	0.08511680446	0.01131651124
56	1	71522.49404	2415.781793	2238488.262	448039.3768	216.8655806	0.9913253768	1.079153198	45087.33981	16554.90428	10564.80014	2113.283312	593.3660627	0.8052605977	0.07844796243	0.01349612837
56	1	63902.78147	2819.982849	302049.7259	6424076.913	2727.40261	0.8909038956	1.057026757	44218.03432	16405.39603	10411.3354	2119.323251	581.6865697	0.9399942831	0.01058535171	0.01
56	1	66075.6307	1359.504921	701612.5293	3920705.214	3137.421263	0.8745031495	1.053451205	44036.84257	16376.89653	10384.30011	2108.399523	579.4451227	0.4531683072	0.02458805538	0.01634606671
56	1	71602.13808	499.8065699	2359123.4	365900.5578	1759.649802	0.9296140079	1.06554863	44560.69074	16463.81478	10470.87248	2119.29699	586.2531141	0.16660219	0.08267562845	0.01001433018
56	1	71580.25537	605.6504837	2353684.637	368631.0017	1321.79062	0.9471283752	1.069404232	44715.84344	16490.25859	10497.81593	2119.320456	588.3202493	0.2018834946	0.08248502668	0.01
56	1	70911.64091	689.2841285	2175012.227	472810.27	1219.217318	0.9512313073	1.070307468	44752.17062	16496.45136	10504.12677	2119.320097	588.8043363	0.2297613762	0.07622344079	0.01
56	1	66155.1611	575.5203176	903948.3112	2777589.28	4953.01064	0.8018795744	1.037428597	43429.81682	16271.02695	10274.40447	2119.324866	571.1829807	0.1918401059	0.03167892563	0.01
56	1	64203.28744	2265.110765	382353.2927	5744177.698	2669.748468	0.8932100613	1.057534445	44238.45301	16408.87685	10414.88258	2119.323181	581.9586641	0.7550369216	0.01339959528	0.01
56	1	70931.29396	2490.897242	2180264.07	469363.7964	-217.2475769	1.008689903	1.082956626	45260.90655	16583.17664	10592.50553	2119.300945	595.5836238	0.8302990806	0.07640749197	0.01
56	1	70303.33902	179.5712626	1926576.411	688538.6637	8205.265109	0.6717893956	1.008806625	42260.93997	16072.89891	10073.45107	2114.145254	555.6889003	0.05985708753	0.06751699192	0.01300969123
56	1	71996.91268	1916.762909	2465027.077	315668.16	-135.4081086	1.005416324	1.082235968	45231.92242	16578.23566	10587.47035	2119.304384	595.1973886	0.6389209697	0.08638702952	0.01
56	1	74460.10057	405.8063315	2853468.965	201780.1505	2971.630495	0.8811347802	1.054928249	44077.93303	16385.07143	10393.61432	2103.047545	580.0774654	0.1352687772	0.1	0.01945482648
56	1	68961.8185	636.7352351	1648042.079	987168.1657	2095.433823	0.9161826471	1.062592863	44440.67437	16443.42808	10450.15823	2118.964986	584.6590764	0.2122450784	0.05775573868	0.01020758173
56	1	64780.16096	1359.504921	452327.2441	5365110.84	4436.789382	0.8225284247	1.041990573	43595.91419	16300.45235	10305.32418	2114.246362	573.4768096	0.4531683072	0.01585183682	0.01295018886
56	1	67529.60344	544.0666566	1270807.617	1666428.005	3539.325489	0.8584269804	1.049877246	43930.39968	16356.36803	10361.37741	2119.298095	577.8540335	0.1813555522	0.04453553315	0.01001506861
56	1	71743.2934	498.7170714	2359123.4	370720.5796	1928.418655	0.9228632538	1.064069778	44493.42496	16452.84541	10460.11216	2117.021631	585.3927984	0.1662390238	0.08267562845	0.01133625215
56	1	71144.55187	544.3771588	2215698.703	450111.0198	1794.544986	0.9282182006	1.065245436	44544.13094	16461.27072	10468.51434	2118.021362	586.0526514	0.1814590529	0.0776493009	0.01075535506
56	1	68646.89971	2544.198441	1555770.842	1125737.794	47.30450119	0.99810782	1.080629757	45164.42368	16566.9142	10576.08868	2118.461236	594.3113353	0.848066147	0.05452208737	0.01049201315
56	1	72403.84384	757.9400241	2573770.421	271295.2119	759.9112569	0.9696035497	1.074352004	44914.83766	16524.18155	10532.38566	2119.317897	590.9719965	0.2526466747	0.09019794687	0.01
56	1	65623.69455	417.7638865	651032.3383	4105714.458	10652.3954	0.5739041839	0.9872626252	41389.29864	15924.63833	9922.641092	2112.636806	544.0975319	0.1392546288	0.02281546939	0.01388626284
56	1	65791.56664	708.4068103	805212.1463	3188889.99	4456.832951	0.821726682	1.04179812	43605.22959	16300.95069	10304.91617	2119.229699	573.5219913	0.2361356034	0.02821871049	0.01005514676
56	1	73450.62522	1194.168217	2853468.965	183751.9181	108.1250383	0.9956749985	1.08009148	45145.66706	16563.53193	10572.48662	2119.308955	594.0480006	0.3980560724	0.1	0.01000107249
56	1	71818.06226	3577.137259	2412288.106	340316.0692	-398.8627857	1.015954511	1.08455684	45324.2445	16594.03922	10603.63005	2118.987065	596.4323758	1.192379086	0.08453878895	0.01017330333
56	1	71322.04234	771.4782072	2284682.901	405823.5345	922.7170865	0.9630913165	1.072918376	44857.17863	16514.3523	10522.369	2119.318813	590.2036467	0.2571594024	0.08006685649	0.01000000076
56	1	65591.20811	2277.776212	517161.7236	5167045.305	2782.074157	0.8887170337	1.056590926	44151.76356	16397.21284	10405.61352	2105.080764	581.0290965	0.7592587373	0.01812396525	0.01827353093
56	1	72170.21641	1920.482655	2511338.662	295946.172	-148.2153666	1.005928615	1.082348745	45236.45822	16579.00888	10588.25831	2119.303906	595.2578315	0.640160885	0.08801002195	0.01
56	1	72856.96775	456.20687	2694685.584	229253.2971	1655.544186	0.9337782326	1.066465313	44597.60764	16470.10496	10477.27996	2119.311026	586.7448332	0.1520689567	0.0944354264	0.01000603371
56	1	72146.86186	543.8152306	2505096.457	298530.964	1418.606852	0.9432557259	1.068551692	44681.55492	16484.41337	10491.85928	2119.32069	587.8633303	0.1812717435	0.08779126347	0.01000004278
56	1	66713.36872	568.011848	1052195.582	2260053.493	4216.30523	0.8313477908	1.043916023	43690.54407	16315.48582	10319.7212	2119.268911	574.6582473	0.1893372827	0.03687426058	0.01003228897
56	1	64807.86313	445.3369011	543912.7603	4586548.421	11515.93087	0.5393627651	0.9796371267	41105.50433	15874.79654	9870.619619	2119.32622	540.2097744	0.1484456337	0.01906145702	0.01
56	1	71148.45104	504.8889685	2195054.466	466741.9244	2106.30339	0.9157478644	1.062504355	44429.41018	16442.00009	10449.11672	2116.713691	584.5446378	0.1682963228	0.07692582232	0.0115153494
56	1	71456.39583	196.1217845	2305896.215	396019.6882	5876.422825	0.764943087	1.029300092	43099.86399	16214.97297	10217.44463	2118.43909	566.8001515	0.06537392815	0.0808102784	0.01051480156
56	1	71490.79251	397.0511396	2329767.465	381121.1473	2450.85278	0.9019658888	1.059461989	44315.9747	16422.09227	10428.35008	2119.322278	582.9917085	0.1323503799	0.08164684787	0.01000035762
56	1	64071.97168	2565.4226	347261.8962	6031951.491	2574.129501	0.89703482	1.058376442	44272.31723	16414.64976	10420.76556	2119.32305	582.4099303	0.8551408665	0.01216981507	0.01000000586
56	1	72840.54743	2833.264924	2566283.106	286209.4246	181.6144256	0.992735423	1.079468329	45094.97103	16556.52739	10566.72499	2111.800834	593.4910992	0.9444216413	0.08993555345	0.01435213005
56	1	72978.0767	2946.592705	2706230.415	227231.2199	-301.1018017	1.012044072	1.08369908	45286.43341	16587.80515	10597.455	2118.022342	595.9438504	0.9821975683	0.09484001571	0.01073563177
56	1	72403.84674	641.7152122	2573770.421	271295.2849	1036.100248	0.9585559901	1.071919952	44817.02289	16507.50688	10515.39308	2119.319308	589.6685421	0.2139050707	0.09019794687	0.01000002717
56	1	73019.27976	2383.552411	2738232.045	215746.8529	-309.221051	1.012368842	1.083766522	45293.47971	16588.72946	10598.16422	2119.295607	596.0176857	0.7945174703	0.09596151487	0.01
