#gen	Feasible	f1	f2	f3	f4	f5	c1	c2	c3	c4	c5	c6	c7	x1	x2	x3
53	1	67817.89328	800.7415926	1327674.326	1550323.267	2122.281444	0.9151087422	1.062359285	44428.24941	16441.5036	10448.3598	2118.079453	584.5075339	0.2669138642	0.04652843057	0.01072201048
53	1	66339.71065	961.3004383	824440.7089	3244742.121	3546.010463	0.8581595815	1.049843176	43902.52085	16353.30909	10359.68359	2111.552638	577.6052392	0.3204334794	0.02889257669	0.01451465866
53	1	65698.39234	168.6884956	755125.6929	3449344.306	22703.92273	0.09184309068	0.8811235753	37137.86712	15198.77814	9182.009092	2117.712494	487.3636115	0.05622949853	0.02646342757	0.01093785081
53	0	65368.56596	59.88537704	693748.1763	3722519.957	70837.2343	-1.833489372	0.457268239	20096.37393	12293.32619	6220.865757	2119.327198	260.247364	0.01996179235	0.02431244863	0.01
53	1	65341.38434	297.4774971	686484.4894	3760377.917	13801.8071	0.447927716	0.9595082598	40295.94235	15736.78882	9729.980673	2119.326405	529.4217543	0.09915916571	0.02405789227	0.01
53	1	71910.54361	155.7295737	2441933.802	325989.7536	7057.532435	0.7176987026	1.018896695	42684.48043	16143.96807	10144.92325	2119.32476	561.250827	0.05190985791	0.08557772422	0.0100004575
53	1	68735.93043	198.1063308	1528641.909	1189933.001	9339.172182	0.6264331127	0.9988176767	41863.51424	16004.87295	10003.89621	2115.407438	550.3729097	0.0660354436	0.05357135219	0.0122765226
53	1	67489.92615	1123.003781	930536.4568	3001377.394	3510.340318	0.8595863873	1.050196149	43875.16166	16351.30008	10359.8677	2099.410233	577.4330236	0.3743345937	0.03261070887	0.02156831439
53	1	65586.53029	1005.384126	737155.6253	3522182.078	3313.043905	0.8674782438	1.051872609	44007.67624	16369.73159	10375.15549	2118.428695	578.8975726	0.3351280421	0.02583366542	0.01052002291
53	0	66030.72232	136.3671252	848867.599	3021900.549	25027.48436	-0.001099374351	0.8606619071	36315.93892	15058.59724	9039.100831	2118.010183	476.4060865	0.04545570841	0.02974861859	0.01076493572
53	1	66641.97062	1066.488864	883604.8299	3010525.609	3042.792798	0.8782882881	1.05427856	44076.44612	16383.24352	10390.42831	2110.248468	579.9435756	0.3554962879	0.03096598704	0.01527191813
53	1	67638.30963	963.7747946	1297271.472	1607554.681	1627.31588	0.9349073648	1.066714434	44607.03999	16471.75042	10478.98831	2119.139413	586.8732437	0.3212582649	0.04546296062	0.0101056765
53	1	66997.83335	730.6146998	1129098.345	2029830.729	2841.181052	0.8863527579	1.056024859	44177.7317	16398.52603	10404.33481	2119.321242	581.1495409	0.2435382333	0.03956932277	0.01000124293
53	1	66065.27146	321.2861406	867645.4622	2934144.379	9959.397516	0.6016240994	0.9933459507	41654.32316	15968.51684	9966.262932	2118.585181	547.534935	0.1070953802	0.03040668999	0.01043041764
53	1	65945.73485	425.8295673	847983.7819	3002797.291	7473.077202	0.7010769119	1.015237507	42537.3144	16118.8802	10119.35692	2119.325641	559.2897169	0.1419431891	0.02971764517	0.01
53	1	64029.80115	767.1214313	334791.2753	6140213.584	10822.93179	0.5670827285	0.9857397392	41350.69693	15916.61089	9913.244509	2119.253664	543.4782981	0.2557071438	0.01173278137	0.01004211181
53	1	64341.81816	960.2940448	388727.7898	5754251.163	7336.551199	0.7065379521	1.01644564	42579.57726	16126.48906	10127.4506	2117.477038	559.8821897	0.3200980149	0.01362298993	0.01107394792
53	1	67144.44455	938.7730479	1168044.852	1922793.039	1949.02864	0.9220388544	1.063880979	44493.64874	16452.38413	10459.22233	2119.305919	585.3595941	0.3129243493	0.04093420556	0.01000937654
53	1	64677.32938	576.7154577	509024.4165	4814974.64	9368.282257	0.6252687097	0.9985487963	41866.11064	16004.45877	10002.75403	2119.325603	550.3454295	0.1922384859	0.01783879281	0.0100002134
53	1	67276.1232	422.0771166	1124368.225	2100098.036	5845.776763	0.7661689295	1.029582399	43097.91313	16215.49045	10218.68642	2114.551691	566.8357454	0.1406923722	0.03940355542	0.01277319957
53	1	66334.23151	463.3380007	939076.4949	2656642.387	6126.831991	0.7549267204	1.027094671	43011.57001	16199.89539	10202.05779	2118.557722	565.6216896	0.1544460002	0.03290999504	0.01044592809
53	1	66092.42392	720.619368	887183.1882	2843221.938	3887.967115	0.8444813154	1.04680711	43807.0108	16335.32799	10339.93146	2119.324286	576.2093732	0.240206456	0.03109139083	0.01
53	1	65764.15822	629.5555636	748946.984	3507952.128	5762.68143	0.7694927428	1.03030859	43133.02826	16221.09911	10224.08474	2116.277987	567.2763294	0.2098518545	0.02624689433	0.0117702826
53	1	67987.38315	1072.069486	1393569.086	1404275.408	1226.121577	0.9509551369	1.07024667	44749.72542	16496.03453	10503.70199	2119.320122	588.7717521	0.3573564953	0.04883771657	0.01
53	1	65676.22878	984.8531393	775964.2519	3319686.867	3127.566398	0.8748973441	1.053503012	44076.31301	16381.2365	10386.71525	2119.323677	579.7980269	0.3282843798	0.02719371619	0.01
53	1	66187.01892	525.6313983	792712.834	3380708.721	6892.521266	0.7242991494	1.020372867	42719.12964	16151.4542	10153.87957	2112.101925	561.8269903	0.1752104661	0.02778067131	0.01419660331
53	1	72424.12431	1372.894398	2550436.876	283068.2179	209.0118342	0.9916395266	1.079208643	45104.23017	16556.84697	10565.99264	2117.575911	593.5232742	0.457631466	0.08938022133	0.01100765253
53	1	66094.55193	225.7028229	887183.1882	2843782.95	14093.35969	0.4362656123	0.9569410288	40192.5736	15719.17483	9712.037167	2119.292122	528.0448316	0.0752342743	0.03109139083	0.01001992892
53	1	72062.26949	225.1479712	2476524.656	311296.3536	4595.878448	0.8161648621	1.040574568	43555.11242	16292.46507	10296.31748	2118.964709	572.8583419	0.07504932373	0.08678996289	0.01020913434
53	1	65305.11307	1752.537501	676786.2211	3811533.055	1743.040632	0.9302783747	1.065694809	44566.65315	16464.82589	10471.89839	2119.321286	586.3321823	0.5841791671	0.02371801584	0.01000019542
53	1	66999.01096	599.5832572	1129413.037	2028941.088	3628.009059	0.8548796376	1.049096244	43899.07005	16351.022	10355.92507	2119.321962	577.4361656	0.1998610857	0.03958035118	0.01000124293
53	1	67093.00027	1145.857621	1083805.391	2215736.489	1936.592968	0.9225362813	1.064004099	44484.04652	16451.67707	10459.2833	2115.053009	585.2990097	0.3819525402	0.03798202833	0.01247977728
53	1	68091.77879	1220.405707	1417560.356	1359960.754	971.4110353	0.9611435586	1.072490344	44839.15713	16511.33166	10519.33408	2119.083347	589.96723	0.4068019024	0.04967849217	0.01013689146
53	1	68259.36239	1072.069486	1466233.508	1269092.988	1127.51375	0.95489945	1.07111499	44784.64502	16501.98755	10509.76869	2119.318777	589.2370972	0.3573564953	0.05138424583	0.01000056107
53	1	66139.02288	453.4325045	866670.0991	2959294.134	6947.448629	0.7221020548	1.01987243	42716.92001	16149.93278	10151.36702	2117.336944	561.714603	0.1511441682	0.03037250833	0.01115528263
53	1	68006.62538	282.0437958	1398702.757	1394272.732	6775.659427	0.7289736229	1.021378799	42784.30901	16160.98599	10162.26559	2119.324972	562.5811133	0.09401459858	0.04901762641	0.01000029398
53	1	72432.19424	1222.135201	2528404.381	294350.8366	426.8199586	0.9829272017	1.077295349	45022.28539	16543.19674	10552.35033	2116.118795	592.4544171	0.4073784004	0.08860809114	0.01185535771
53	1	65095.99989	581.1236893	486804.0548	5202870.053	10330.83911	0.5867664355	0.9900986544	41498.56805	15943.57192	9942.193022	2111.236472	545.5758148	0.1937078964	0.01706007883	0.01469978386
53	1	71616.76735	324.4352768	2363393.291	363685.0963	3114.793227	0.8754082709	1.053615499	44080.82712	16382.00667	10387.50064	2119.320747	579.8582271	0.1081450923	0.08282526706	0.01000169494
53	1	67858.62673	375.3695787	1358732.527	1474323.35	5069.376989	0.7972249204	1.036403986	43388.51943	16263.99256	10267.24072	2119.299022	570.6330722	0.1251231929	0.04761686718	0.01001504339
53	1	66419.46444	371.7577621	887183.1882	2930751.93	8632.611455	0.6546955418	1.00504381	42109.29096	16047.06695	10047.14339	2114.054021	553.6695102	0.123919254	0.03109139083	0.01306274015
53	1	65800.69234	260.0136084	808804.9246	3171699.547	13382.02389	0.4647190442	0.963204849	40444.5287	15762.12418	9755.803721	2119.301073	531.4021797	0.08667120281	0.02834461964	0.01001469997
53	1	72973.57674	421.3969531	2650225.231	250384.865	2226.67707	0.9109329172	1.061450661	44380.3106	16434.05939	10441.38553	2114.749958	583.9214621	0.140465651	0.09287731051	0.01265619476
53	1	71859.02688	624.2768931	2392527.069	353561.2493	1380.968383	0.9447612647	1.068890013	44687.80106	16485.94844	10493.81887	2117.169471	587.9806388	0.2080922977	0.08384626217	0.01124946447
53	1	70181.69409	213.3026503	1976403.565	624277.3281	6306.654523	0.7477338191	1.025509425	42949.70797	16189.22857	10191.08586	2119.111413	564.7885599	0.07110088344	0.06926318769	0.01012428863
53	1	66877.65417	732.0498122	1097018.587	2122571.926	2939.201451	0.8824319419	1.055161708	44143.02401	16392.60887	10398.30444	2119.323488	580.6870011	0.2440166041	0.03844508563	0.01
53	1	72945.36539	992.1526006	2718480.065	221765.6216	337.9214657	0.9864831414	1.078067943	45064.28884	16549.65881	10558.34866	2119.314261	592.9635455	0.3307175335	0.09526930549	0.01
53	1	64282.84906	766.1135486	403614.3725	5576543.869	8855.31852	0.6457872592	1.003065828	42047.7822	16035.42862	10034.31427	2119.325894	552.7663335	0.2553711829	0.01414469116	0.01
53	1	67938.98646	284.8604786	1380636.143	1429804.281	6798.760676	0.7280495729	1.021175374	42776.12918	16159.59145	10160.84436	2119.325484	562.4721029	0.09495349287	0.04838448079	0.01
53	1	67070.51396	763.2861471	1051969.603	2337060.468	3357.780422	0.8656887831	1.051494457	43975.58957	16365.34003	10371.5865	2113.497231	578.5481236	0.2544287157	0.03686634113	0.01338487973
53	1	72015.73422	204.0389493	2409676.276	348189.2822	5546.637847	0.7781344861	1.032212922	43207.58156	16233.93851	10237.27831	2115.682756	568.2792374	0.0680129831	0.08444725718	0.01211603643
53	1	67504.06641	344.4449079	1192094.569	1906510.285	6792.672763	0.7282930895	1.021242949	42763.91589	16158.46337	10160.49654	2114.963008	562.3784699	0.1148149693	0.04177702942	0.01253441762
53	1	68470.86986	253.6315649	1393240.361	1469495.654	8213.825812	0.6714469675	1.008739672	42249.23525	16071.47935	10072.48837	2111.512223	555.5746436	0.08454385497	0.04882619641	0.01453938154
53	1	67319.2745	733.6225985	1055434.228	2377213.559	3767.642578	0.8492942969	1.047897481	43817.91352	16339.29183	10345.74024	2109.696434	576.5071944	0.2445408662	0.03698775914	0.01559310849
53	1	71570.55551	1000.902159	2308134.413	398677.8327	708.571722	0.9716571311	1.074812384	44924.48442	16526.39271	10535.11523	2116.724839	591.1416038	0.333634053	0.08088871621	0.01150547115
53	1	67828.64042	1187.522021	1351140.219	1489781.58	1089.025182	0.9564389927	1.071453909	44798.27758	16504.31142	10512.13678	2119.319078	589.418754	0.3958406735	0.04735079426	0.01000029398
53	1	70483.83633	1253.321757	2048520.629	566300.3776	446.3079133	0.9821476835	1.077115869	45023.48471	16542.86338	10551.55859	2118.580761	592.4314315	0.417773919	0.07179053475	0.01042650882
53	1	72945.66683	1601.332371	2718559.958	221740.9927	-81.66976827	1.003266791	1.081762761	45212.89041	16574.99124	10584.16408	2119.306154	594.9437735	0.5337774571	0.09527210533	0.01000002315
53	1	66869.73129	1150.166002	1094901.374	2128841.408	1597.18382	0.9361126472	1.066979187	44618.31066	16473.63198	10480.87232	2119.321266	587.0205519	0.3833886673	0.03837088775	0.01
53	1	64683.34808	1064.767041	510638.8688	4804147.787	4706.176791	0.8117529283	1.039602155	43517.23507	16285.92932	10289.59096	2119.324751	572.3478944	0.3549223469	0.01789537139	0.01
53	1	64677.48636	576.7154577	467979.2123	5171503.558	10434.87089	0.5826051643	0.9891646126	41480.20565	15939.21471	9936.721552	2116.847272	545.242225	0.1922384859	0.01640036104	0.01144011528
53	1	66438.38926	332.931704	979634.7649	2499645.779	8355.735778	0.6657705689	1.007465032	42224.71356	16065.59048	10065.05119	2119.325811	555.1240765	0.1109772347	0.03433136218	0.01
53	0	66622.00196	30	1028640.147	2334747.373	95632.48028	-2.825299211	0.2389273797	11314.9203	10796.33425	4695.333179	2119.323567	143.2279704	0.01	0.0360487589	0.0100021394
53	1	66950.68524	211.3280096	1028634.408	2407014.332	13300.00591	0.4679997636	0.9639439741	40456.1941	15765.26675	9759.976056	2114.02406	531.6412389	0.07044266987	0.03604855777	0.01308046513
53	1	66068.00208	671.5340487	823804.9938	3167526.23	4858.266208	0.8056693517	1.038273873	43452.07516	16275.5713	10279.66575	2115.895298	571.5339256	0.2238446829	0.02887029801	0.01199238186
53	1	67331.94345	121.4136988	1218417.339	1792327.503	19343.76768	0.226249293	0.9107071105	38333.21116	15402.19793	9389.010552	2119.326679	503.26689	0.04047123294	0.04269951255	0.01
53	0	64185.17987	173.715533	377420.5345	5783973.396	44607.10505	-0.784284202	0.6882443593	29385.97256	13876.94472	7834.678238	2119.321416	384.0383187	0.05790517768	0.01322672646	0.01000329112
53	1	66208.83978	259.3209137	855036.8403	3039416.255	12924.893	0.4830042798	0.9672423672	40593.94011	15788.42352	9783.301113	2115.510618	533.4532542	0.08644030455	0.02996482004	0.01221680731
53	1	65849.81434	1532.68359	789385.5181	3295676.249	1836.388805	0.9265444478	1.064879173	44527.04413	16458.50843	10465.8259	2117.332965	585.8358638	0.5108945301	0.02766406531	0.01115528263
53	1	65870.17544	965.5463203	745717.6949	3562564.305	3721.66579	0.8511333684	1.048287369	43849.60002	16343.6709	10349.34335	2114.373021	576.8553485	0.3218487734	0.02613372369	0.01287630636
53	1	65244.47098	916.9917511	478061.1249	5355843.96	6810.771031	0.7275691588	1.021104864	42735.60877	16155.09151	10158.2822	2108.315028	562.1065854	0.305663917	0.0167536823	0.01639661466
53	1	65734.30678	732.0498122	791484.3124	3248685.252	4369.123037	0.8252350785	1.042570168	43636.60545	16306.27864	10310.32826	2119.324578	573.9385942	0.2440166041	0.02773761769	0.01
53	1	67726.68145	270.304719	1248069.009	1765650.421	8380.945492	0.6647621803	1.007257687	42200.71765	16062.50015	10062.74267	2114.751364	554.8767901	0.09010157301	0.04373865719	0.0126575835
53	1	72534.53201	695.4914888	2579825.726	271724.3126	1017.876715	0.9592849314	1.072085999	44817.7411	16508.0101	10516.22593	2117.577281	589.7057026	0.2318304963	0.09041015543	0.01101168839
53	1	66879.82013	1163.177587	1089264.285	2151836.64	1618.913968	0.9352434413	1.066789446	44608.959	16472.1477	10479.45213	2118.818561	586.9038984	0.3877258623	0.03817333561	0.01029203429
53	1	65255.18857	325.5824533	611326.1114	4251630.54	14406.26435	0.4237494262	0.9541956237	40071.51196	15699.21727	9692.270666	2116.182196	526.4808687	0.1085274844	0.02142396216	0.01182670526
53	1	72522.9298	719.8159731	2528404.381	296837.486	1203.565566	0.9518573774	1.0704602	44742.37674	16495.79997	10504.31871	2114.662358	588.7475985	0.2399386577	0.08860809114	0.01270509775
53	1	71113.99022	475.2545638	2063090.917	585342.0641	2987.358818	0.8805056473	1.054769704	44092.98641	16386.26846	10393.68344	2109.309548	580.1788608	0.1584181879	0.07230115142	0.01581729409
53	0	65407.36069	132.2617812	704115.2095	3669146.75	31177.66336	-0.2471065344	0.8065007198	34142.1391	14687.73713	8660.927992	2119.326946	447.4177132	0.04408726038	0.02467576196	0.01
53	0	65835.11441	30	818422.919	3129032.296	120392.4654	-3.815698618	0.02089699495	2545.978831	9301.473678	3171.971248	2119.32728	26.37519402	0.01	0.02868168286	0.01
53	1	70345.19743	409.3107237	2023642.748	583799.8009	2826.387354	0.8869445058	1.056155121	44182.97806	16399.41992	10405.24535	2119.323365	581.2194187	0.1364369079	0.07091868784	0.01
53	1	72375.67351	1936.012773	2566232.988	274159.7143	-166.2095624	1.006648382	1.0825072	45242.82912	16580.09507	10589.36532	2119.302623	595.3427376	0.6453375909	0.08993379704	0.01000033425
53	1	65236.71827	976.9079655	567244.4115	4582715.461	4998.182822	0.8000726871	1.037048448	43395.68377	16266.41215	10270.71355	2113.819119	570.8153633	0.3256359885	0.01987911621	0.0131985765
53	1	65824.92886	380.5949406	787193.0293	3300648.819	9287.37217	0.6285051132	0.9992667752	41889.10243	16008.75419	10007.44733	2117.606289	550.6790529	0.1268649802	0.0275872294	0.01099906566
53	1	71673.56121	268.3959217	2285409.939	418737.3983	4488.049543	0.8204780183	1.041540932	43575.96658	16297.1709	10302.08023	2113.701913	573.2196193	0.08946530724	0.08009233556	0.0132665019
53	1	72494.49331	195.685786	2521801.453	299476.9234	5592.848946	0.7762860422	1.031809052	43188.07364	16230.82153	10234.27722	2114.728906	568.0343925	0.06522859533	0.08837669111	0.01267018961
53	1	67609.57365	831.6288227	1198840.144	1902786.219	2624.555157	0.8950177937	1.057950515	44235.82744	16409.66614	10416.72647	2113.666318	582.0132942	0.2772096076	0.04201342851	0.01328609562
53	1	66561.50902	600.8715806	1012500.329	2387813.877	4124.742781	0.8350102888	1.044722128	43723.14769	16321.03214	10325.36344	2119.322297	575.0918683	0.2002905269	0.03548313794	0.01000124293
53	1	65830.24921	593.7729354	817122.8013	3134704.477	5366.14362	0.7853542552	1.033790649	43283.50236	16246.08442	10248.98639	2119.325037	569.2332308	0.1979243118	0.02863612015	0.01
53	1	65649.09931	332.3974125	768714.5016	3353382.918	10876.97088	0.5649211648	0.9852636521	41331.79729	15913.37318	9909.931748	2119.326155	543.2252979	0.1107991375	0.02693964823	0.01
53	1	64063.52244	931.3567853	344801.785	6053083.375	8499.131221	0.6600347512	1.006202366	42173.88867	16056.92892	10056.22674	2119.313626	554.44699	0.3104522618	0.01208360032	0.01000709332
53	0	66966.44085	31.3221037	1120477.305	2054520.303	83996.99359	-2.359879744	0.3413866692	15435.68314	11498.81203	5411.206527	2119.31109	198.1404214	0.01044070123	0.03926719789	0.01000937654
53	1	73214.0725	429.1765221	2790286.092	200656.062	1719.073985	0.9312370406	1.065905852	44575.14225	16466.27297	10473.373	2119.321567	586.4453005	0.1430588407	0.09778575222	0.01
53	1	64432.01053	616.4156296	371042.2077	5983906.821	12554.74643	0.4978101429	0.9705035596	40723.20729	15810.58101	9805.982786	2114.957051	535.1846065	0.2054718765	0.01300319759	0.0125383933
53	1	66477.58415	712.5135342	824195.695	3287886.499	5018.622556	0.7992550977	1.036882877	43373.61377	16263.63443	10268.71039	2109.316389	570.5926031	0.2375045114	0.02888399016	0.01581443289
53	1	64359.35502	766.1135486	403614.3725	5616239.74	8943.803756	0.6422478498	1.002290597	42012.38221	16029.66359	10028.66598	2118.092646	552.3141417	0.2553711829	0.01414469116	0.01071647965
53	1	64232.47326	1565.844656	389603.6242	5687536.526	4113.5314	0.835458744	1.044820952	43727.01627	16321.6984	10326.04809	2119.291316	575.1439108	0.5219482187	0.0136536836	0.01001923736
53	1	69905.78927	211.4986179	1906217.969	687551.4114	6613.529295	0.7354588282	1.022806476	42841.72987	16170.77457	10172.24073	2119.325275	563.3462838	0.07049953931	0.06680352907	0.0100000938
53	1	64569.69264	1409.993845	480266.9692	5011769.149	3627.87941	0.8548848236	1.049097378	43899.12301	16351.03056	10355.9334	2119.324101	577.4368375	0.4699979483	0.01683098625	0.01
53	1	65332.47203	268.3912558	572662.3816	4580197.873	19071.83256	0.2371266977	0.9131232267	38407.37659	15416.31106	9404.628241	2112.604375	504.3617084	0.08946375194	0.02006898931	0.01390543902
53	1	68821.98333	926.7649195	1616597.507	1029253.367	1220.535819	0.9511785672	1.070295857	44751.70366	16496.37176	10504.04565	2119.320102	588.7981137	0.3089216398	0.05665376167	0.01
53	1	73117.90162	992.1526006	2764521.95	207993.1682	319.8324044	0.9872067038	1.078227244	45070.68239	16550.74958	10559.46095	2119.310142	593.0488061	0.3307175335	0.09688284625	0.01000226401
53	1	66297.85764	819.9056697	872363.1483	2973593.313	3695.733901	0.8521706439	1.048513333	43861.23925	16345.49206	10351.06224	2115.118431	576.9986401	0.2733018899	0.0305720216	0.01244325958
53	1	63840.2774	432.624494	285346.8965	6575303.126	23332.10995	0.0667156018	0.875586744	36920.70674	15161.40536	9143.627076	2119.326799	484.4442099	0.1442081647	0.01	0.01
53	1	65923.93442	321.2861406	829433.6813	3095037.518	10452.93418	0.5818826327	0.989000073	41479.44512	15938.71086	9935.893579	2118.558544	545.2049771	0.1070953802	0.02906755572	0.01044592809
53	0	66066.92767	98.28525276	867645.4622	2934594.961	34173.45208	-0.3669380831	0.7801229945	33078.62746	14506.60592	8476.484449	2118.559426	433.2577848	0.03276175092	0.03040668999	0.01044592809
53	1	66719.35443	604.0681459	1054005.075	2254199.551	3910.269939	0.8435892024	1.046610854	43798.97072	16333.96677	10338.55217	2119.281385	576.102913	0.2013560486	0.0369376744	0.01002493142
53	1	63908.07889	1753.280063	303465.3439	6411421.025	4825.991363	0.8069603455	1.038547098	43474.80175	16278.69562	10282.21935	2119.324808	571.7824386	0.5844266878	0.01063496213	0.01
53	0	64169.50218	229.2681763	373324.9294	5816877.758	33990.09252	-0.3596037008	0.7817351565	33146.09404	14517.93924	8487.892782	2119.326983	434.1446662	0.07642272545	0.01308319572	0.01
53	1	66021.31599	1157.581285	867645.4622	2922211.27	2199.116472	0.9120353411	1.061678819	44405.02479	16437.27975	10443.83295	2119.290193	584.1788698	0.3858604283	0.03040668999	0.01001877388
53	1	67774.24542	826.5886274	1300366.417	1619199.891	2159.417379	0.9136233049	1.062035296	44411.98903	16438.93802	10445.91873	2117.135725	584.3058038	0.2755295425	0.04557142318	0.01127025497
53	1	72057.7595	78.57723772	2479717.946	309442.0821	14508.66701	0.4196533194	0.9532841273	40045.29029	15694.08034	9686.475316	2119.2318	526.0831274	0.02619241257	0.08690187195	0.01005498909
53	1	65829.31304	334.5080126	812652.3548	3158908.729	10196.3033	0.5921478681	0.9912582594	41572.0228	15954.38059	9951.767787	2119.071502	546.4305163	0.1115026709	0.02847945307	0.01014789988
53	1	68489.48693	453.8515899	1450484.809	1332478.431	4088.178168	0.8364728733	1.045059021	43720.75316	16321.6426	10326.84169	2114.663717	575.1337666	0.1512838633	0.05083233169	0.01270759548
53	1	64359.35502	766.1135486	403614.3725	5616239.74	8943.803756	0.6422478498	1.002290597	42012.38221	16029.66359	10028.66598	2118.092646	552.3141417	0.2553711829	0.01414469116	0.01071647965
53	1	66482.48064	871.2058514	841114.6702	3193955.525	3945.025571	0.8421989771	1.046333694	43756.93875	16328.77472	10334.91957	2110.257331	575.6857762	0.2904019505	0.02947691671	0.01526736207
53	1	70152.55034	674.7900598	1916681.747	690770.6722	1775.136783	0.9289945287	1.065422892	44544.26349	16461.74083	10469.36954	2115.974434	586.0868429	0.2249300199	0.06717023281	0.01194431171
53	1	73375.0342	311.5662305	2748034.485	219210.6021	3078.40747	0.8768637012	1.053952361	44076.78133	16382.44106	10388.88806	2114.179899	579.8857592	0.1038554102	0.09630504198	0.01298811928
53	1	65576.19948	391.9523397	749233.6371	3445631.892	9364.749106	0.6254100358	0.9985799072	41867.36315	16004.67221	10002.97146	2119.325969	550.3621143	0.1306507799	0.02625694011	0.01
53	1	72303.90961	318.035896	2477444.348	317840.1084	3311.777514	0.8675288995	1.05189434	43997.23981	16368.67509	10374.68619	2115.123915	578.810857	0.1060119653	0.08682219357	0.01243986751
53	0	68909.81294	30	1640065.349	996150.3381	59694.82593	-1.387793037	0.5553855621	24042.54951	12966.03902	6906.404409	2119.326999	312.8331141	0.01	0.05747619369	0.0100000938
53	1	65584.50438	1001.588384	658048.2206	4041188.22	4152.645027	0.8338941989	1.04449446	43694.7139	16317.41659	10322.71409	2113.689861	574.8022037	0.3338627946	0.02306134143	0.0132733742
53	1	66188.21456	462.8562649	869086.8893	2960346.518	6819.140315	0.7272343874	1.021004354	42760.22975	16157.4574	10159.15405	2116.689732	562.3019915	0.1542854216	0.0304572049	0.01153126698
53	1	65851.35441	624.2768931	822762.3741	3110174.579	5026.587739	0.7989364904	1.036780695	43403.75882	16266.58479	10269.87762	2119.324878	570.8357386	0.2080922977	0.02883375934	0.01000001144
53	1	66045.04231	463.5269925	869086.8893	2921310.459	6642.84953	0.7342860188	1.022549339	42830.26657	16168.89205	10170.38254	2118.997613	563.1987183	0.1545089975	0.0304572049	0.01019045634
53	1	66064.03463	617.4528832	879596.7802	2873428.953	4712.2399	0.811510404	1.039548765	43515.08777	16285.56327	10289.21793	2119.324754	572.31928	0.2058176277	0.03082552468	0.01
53	1	64226.45569	917.0059784	295101.2873	6700299.117	10632.16805	0.5747132781	0.9874373723	41399.92957	15926.22042	9924.059891	2113.689432	544.2225192	0.3056686595	0.01034184324	0.01327472311
53	1	66683.91981	960.2640682	892518.985	2975742.031	3366.910222	0.8653235911	1.051424905	43961.20108	16363.62775	10370.46399	2110.110395	578.4100433	0.3200880227	0.03127838417	0.01535237586
53	1	63909.9103	738.268955	303954.7471	6407051.471	12491.40245	0.500343902	0.9710473626	40760.033	15815.90332	9810.603555	2119.326307	535.60611	0.2460896517	0.0106521133	0.01
53	1	65300.7419	257.5945289	675623.6979	3817703.229	16327.58342	0.3468966634	0.9372668914	39401.41777	15584.29735	9574.581831	2119.326552	517.5015437	0.08586484296	0.02367727514	0.01
53	1	72453.67643	983.0764991	2460399.332	331985.7338	1013.174609	0.9594730156	1.072146296	44799.97016	16506.27097	10515.53812	2111.673602	589.5623819	0.3276921664	0.08622484991	0.01443978006
53	1	71612.03293	624.2768931	2357091.175	367533.7051	1278.611172	0.9488555531	1.069785442	44730.12537	16492.76034	10500.42176	2119.013478	588.515427	0.2080922977	0.08260440903	0.01017821508
53	1	67905.26464	292.1062285	1367095.754	1459320.917	6703.79882	0.7318480472	1.022012459	42808.86082	16165.23102	10166.64167	2119.052259	562.9126051	0.09736874283	0.04790995699	0.01015871841
53	1	65986.82947	890.1986088	858235.8532	2960966.821	3131.796299	0.874728148	1.053465906	44074.66999	16380.96604	10386.44772	2119.27967	579.7768298	0.2967328696	0.03007692965	0.01002556742
53	1	65244.80761	1381.423444	508236.3217	5082051.619	4131.75378	0.8347298488	1.044689824	43690.38267	16317.45696	10323.40973	2110.128535	574.8009096	0.4604744812	0.01781117398	0.01534227554
53	1	66020.96225	1063.759816	867645.4622	2922115.434	2459.931941	0.9016027224	1.059382123	44312.67361	16421.53521	10427.78718	2119.296291	582.9481308	0.3545866053	0.03040668999	0.0100154611
53	1	71715.91597	702.1204775	2262221.594	437693.2321	1660.60789	0.9335756844	1.066445355	44570.47213	16467.16151	10475.6944	2111.615661	586.5051307	0.2340401592	0.07927969856	0.01447579199
53	1	67676.31012	1189.003652	1307426.259	1584974.24	1161.640751	0.95353437	1.070815055	44771.96268	16499.86513	10507.63906	2119.137931	589.0709623	0.3963345505	0.04581883579	0.0101056765
53	1	65632.45607	1001.05988	763664.7616	3377761.092	3128.831969	0.8748467212	1.053491984	44075.74514	16381.14764	10386.63137	2119.28735	579.7910352	0.3336866268	0.02676267977	0.01002110427
53	1	64601.44319	1042.742613	485153.254	4983989.191	5130.788084	0.7947684766	1.035863827	43366.1405	16260.21938	10263.43073	2119.107877	570.337885	0.347580871	0.01700222641	0.01012610432
53	1	72014.74291	1601.332371	2469574.61	313698.393	-11.83870485	1.000473548	1.081147888	45188.11614	16570.77077	10579.86555	2119.295034	594.6138446	0.5337774571	0.0865463981	0.01000761192
53	1	67017.19337	240.8168792	1105774.323	2117700.536	10529.58901	0.5788164398	0.9883281224	41449.1561	15933.75595	9931.019466	2117.604943	544.8164621	0.08027229307	0.03875193095	0.01099994169
53	0	70096.54434	30	1844224.735	779528.8166	53490.73713	-1.139629485	0.6100390676	26217.33267	13338.269	7286.983658	2112.512533	341.9216986	0.01	0.06463097226	0.01395907518
53	1	67331.94345	427.1402449	1218417.339	1792327.503	4950.874098	0.8019650361	1.037447411	43430.5735	16271.15594	10274.53592	2119.324865	571.193064	0.1423800816	0.04269951255	0.01
53	1	65266.2021	946.5299671	666393.7004	3867107.302	3951.110431	0.8419555827	1.046251085	43784.64807	16331.51577	10336.04656	2119.324327	575.9113731	0.315509989	0.0233538093	0.01
53	1	66898.27487	585.4895342	1082949.746	2179335.367	4011.34898	0.8395460408	1.04572442	43759.42379	16327.474	10332.14479	2118.143257	575.5939534	0.1951631781	0.03795204221	0.01068615664
53	1	73142.25821	429.1765221	2771095.311	206092.6566	1736.277045	0.9305489182	1.065754366	44569.04964	16465.23435	10472.31458	2119.321607	586.3641119	0.1430588407	0.09711321011	0.01
53	1	65315.07894	273.7118597	584315.255	4481033.768	18246.57522	0.270136991	0.9203870928	38702.88718	15466.47235	9455.565174	2113.587636	508.2840292	0.09123728656	0.020477365	0.0133341768
53	1	67831.68014	282.0437958	1351140.219	1490201.495	7044.61845	0.718215262	1.019010569	42688.89355	16144.73104	10145.70972	2119.276038	561.310407	0.09401459858	0.04735079426	0.01002876104
53	1	66822.95559	584.8969901	898645.262	2982387.945	5689.854764	0.7724058094	1.030975616	43132.34596	16222.74037	10227.23448	2108.240351	567.3945823	0.1949656634	0.03149307993	0.01643975261
53	0	65622.7192	135.933235	668227.0654	3984336.256	32388.51555	-0.2955406219	0.7958562969	33694.74015	14612.70061	8585.496751	2113.690625	441.5450895	0.04531107832	0.02341805969	0.01327453844
53	1	68911.33655	579.2941886	1639069.766	998018.4365	2374.026518	0.9050389393	1.060138772	44342.90614	16426.70173	10433.06289	2119.237998	583.3519235	0.1930980629	0.05744130342	0.0100492527
53	1	64303.84368	971.0839509	287303.8551	6840730.522	10424.98365	0.583000654	0.9892672872	41467.64727	15938.14004	9936.522487	2111.971571	545.1521257	0.3236946503	0.01006858174	0.01427272442
53	1	65759.07637	201.3928063	771342.1538	3372296.471	18500.35801	0.2599856795	0.918139138	38626.59434	15452.56458	9440.634167	2117.712358	507.2020177	0.06713093545	0.02703173447	0.01093785081
53	1	67658.25009	191.4604266	1304917.396	1589245.118	11144.60555	0.5542157779	0.9829070615	41236.87354	15897.20054	9893.458502	2119.284068	541.9610349	0.06382014219	0.0457309125	0.01002446735
53	1	65704.865	422.1180296	769540.9422	3365921.954	8453.560945	0.6618575622	1.006606326	42187.2712	16059.39327	10058.89188	2118.476748	554.6385817	0.1407060099	0.0269686109	0.01049328406
53	1	67828.61019	282.0437958	1351140.219	1489777.404	7041.067806	0.7183572878	1.019041676	42690.31404	16144.96237	10145.93637	2119.325525	561.3285521	0.09401459858	0.04735079426	0.01000001088
53	1	72455.43799	983.8683535	2460399.332	332039.9581	1014.222146	0.9594311142	1.072137163	44799.50563	16506.19799	10515.46896	2111.645197	589.5566416	0.3279561178	0.08622484991	0.01445627703
53	1	67749.52262	1242.913848	1330006.127	1534289.289	1034.511178	0.9586195529	1.071933945	44817.58583	16507.60283	10515.49085	2119.319347	589.6760429	0.414304616	0.04661014868	0.01
53	1	67918.92442	960.4609945	1375275.007	1440522.438	1487.059881	0.9405176048	1.067948912	44657.31196	16480.28061	10487.64771	2119.320966	587.5402735	0.3201536648	0.04819659945	0.01
53	1	65263.91098	288.0931107	601840.5909	4325881.515	16668.48412	0.3332606352	0.9342773518	39267.98025	15562.39341	9552.969155	2115.469536	515.7844998	0.09603103691	0.0210915415	0.0122408114
53	1	65692.10828	244.1028357	780207.6979	3300121.104	14854.46526	0.4058213896	0.9502388095	39923.13475	15673.23553	9665.215691	2119.326472	524.4538136	0.0813676119	0.02734242802	0.01
53	1	67378.27743	618.4610878	1218417.339	1800043.532	3236.258254	0.8705496699	1.05254829	44035.3587	16374.41826	10379.90429	2118.576843	579.2641139	0.2061536959	0.04269951255	0.01043391849
53	1	70245.62342	418.3666123	1997033.799	605845.7896	2795.465513	0.8881813795	1.056427412	44193.92928	16401.2868	10407.14782	2119.32333	581.365352	0.1394555374	0.06998617554	0.01
53	0	65252.74248	50.74164835	662796.9163	3886531.944	87686.28907	-2.507451563	0.308899584	14129.14178	11276.07966	5184.224631	2119.327236	180.7295228	0.01691388278	0.02322775977	0.01
53	1	65494.60915	928.1666735	656013.559	4021860.197	4429.612763	0.8228154895	1.042051303	43600.99236	16301.14965	10305.89324	2115.01645	573.5322792	0.3093888912	0.02299003658	0.01250280865
53	1	65635.20671	987.179603	765002.014	3370770.358	3174.040672	0.8730383731	1.053093771	44059.85376	16378.43066	10383.85591	2119.323721	579.5786951	0.3290598677	0.02680954387	0.01
53	1	65542.27924	1043.729384	739900.6012	3491047.397	3088.177146	0.8764729142	1.053849916	44090.20967	16383.60904	10389.136	2119.307436	579.983467	0.3479097946	0.02592986328	0.01000941318
53	1	64252.44277	1665.334901	362548.6231	5972729.428	4304.554461	0.8278178215	1.043145105	43652.92787	16309.49567	10313.97181	2117.337443	574.1875852	0.5551116337	0.01270553938	0.01115439637
53	1	68420.90026	786.8833792	1509416.936	1194993.338	1739.549539	0.9304180184	1.065725549	44567.89066	16465.03677	10472.11324	2119.321614	586.3486676	0.2622944597	0.05289761182	0.01
53	1	65734.30678	412.708002	791484.3124	3248685.252	8341.76262	0.6663294952	1.007588076	42229.66227	16066.4341	10065.91089	2119.325809	555.1900217	0.137569334	0.02773761769	0.01
53	1	64969.01633	273.8213726	584315.255	4339542.972	17838.8874	0.286444504	0.9239592323	38865.64801	15492.99867	9481.57199	2119.166037	510.3645544	0.09127379085	0.020477365	0.01009329448
53	1	67860.40777	268.2575354	1313577.408	1595095.49	7876.27954	0.6849488184	1.011695902	42385.36501	16093.58464	10094.08973	2116.547248	557.3088993	0.08941917848	0.04603440319	0.01161418685
53	1	67129.16887	644.1808091	1133660.458	2038452.586	3440.72128	0.8623711488	1.050751351	43959.33254	16361.69784	10367.14298	2117.479817	578.2683915	0.2147269364	0.03972920232	0.01107132282
53	0	70059.42825	30	1817526.446	813790.6713	54353.16077	-1.174126431	0.6024480167	25908.56414	13285.85392	7233.755277	2111.500349	337.8231637	0.01	0.06369532904	0.01454712553
53	1	70632.24609	317.2916854	2100350.148	524634.3499	3698.739316	0.8520504274	1.048473403	43874.02739	16346.75245	10351.57374	2119.324154	577.1024195	0.1057638951	0.07360690353	0.01
53	1	64493.86922	1069.10044	409412.1382	5629640.699	6250.22866	0.7499908536	1.026015383	42960.34383	16191.66227	10194.08753	2116.273432	564.9752547	0.3563668135	0.01434787423	0.01177302443
53	1	71106.74379	1409.446758	2099091.505	549431.4357	794.7119862	0.9682115206	1.074070289	44877.06831	16519.43212	10528.96538	2111.588338	590.5910818	0.4698155858	0.0735627943	0.01448778835
53	1	68407.13263	477.2016086	1407874.661	1424109.122	4086.310619	0.8365475752	1.045079445	43717.32091	16321.32927	10326.7508	2113.420857	575.1077202	0.1590672029	0.04933905637	0.01342962134
53	1	65865.09961	649.1027283	826400.1498	3094491.34	4780.714131	0.8087714347	1.038945805	43490.82997	16281.42846	10285.00468	2119.322636	571.9960608	0.2163675761	0.02896124542	0.01000124939
53	1	67543.42656	427.1402449	1274931.517	1656635.061	4697.505249	0.81209979	1.039678515	43520.30617	16286.45286	10290.12448	2119.324747	572.3888191	0.1423800816	0.0446800555	0.01
53	1	72013.93011	1601.332371	2469574.61	313674.7542	-12.77877674	1.000511151	1.081156124	45188.49223	16570.83202	10579.92555	2119.308136	594.6186488	0.5337774571	0.0865463981	0.01
53	1	72079.83659	321.7637889	2460399.332	320676.2136	3108.501839	0.8756599265	1.053676064	44077.74238	16381.83352	10387.62063	2117.707687	579.8426762	0.1072545963	0.08622484991	0.01093876351
53	0	63840.2774	30	285346.8965	6575303.126	346735	-12.8694	-1.97222	-77615.1024	-4363.7533	-10753.7939	2119.327358	-1041.8313	0.01	0.01	0.01
53	1	66192.58551	814.1834795	768325.7617	3529071.009	4620.60715	0.815175714	1.040383784	43518.60567	16288.08386	10293.40103	2110.540107	572.5053371	0.2713944932	0.02692602482	0.01510338109
53	1	66838.30738	472.1055316	1065037.645	2235862.315	5244.13955	0.790234418	1.034869133	43322.44585	16253.00636	10256.27828	2118.030063	569.7726984	0.1573685105	0.03732431149	0.0107522908
53	1	67520.1326	254.9212491	1218502.503	1823603.663	9029.006338	0.6388397465	1.001546072	41976.29391	16023.9041	10023.12661	2116.297485	551.8616807	0.08497374971	0.04270249714	0.01175941005
53	1	67918.8404	407.5951952	1374913.395	1441417.873	4544.637846	0.8182144862	1.041024693	43574.37804	16295.67508	10299.52629	2119.304211	573.1096914	0.1358650651	0.04818392671	0.01001188587
53	1	67297.41245	694.9674276	1055434.228	2372400.039	3956.04949	0.8417580204	1.046237287	43752.34846	16328.03775	10334.20683	2110.049041	575.6279072	0.2316558092	0.03698775914	0.01538837004
53	1	67680.14612	1258.356522	1299310.964	1608085.46	1107.028896	0.9557188442	1.071297719	44789.48778	16502.97324	10510.90776	2118.586176	589.3132332	0.4194521741	0.04553443476	0.01042600179
53	1	73060.699	1372.894398	2719554.114	223731.1787	160.4798361	0.9935808066	1.079636196	45121.22082	16559.7565	10568.96865	2117.514866	593.7506367	0.457631466	0.09530694561	0.01104246113
53	1	67353.23203	995.6225188	1223490.293	1780086.437	1679.712642	0.9328114943	1.066252577	44588.96001	16468.63663	10475.78856	2119.284311	586.6300212	0.3318741729	0.04287729453	0.01002158596
53	1	66191.84596	603.1159731	913288.1209	2742125.701	4637.587817	0.8144964873	1.040206223	43541.43435	16290.06074	10293.80628	2119.296763	572.6708108	0.2010386577	0.03200623985	0.01001624012
53	1	64325.01002	782.0210225	291537.0479	6803867.729	12816.63286	0.4873346858	0.9682072841	40620.34217	15793.71694	9789.361625	2111.88598	533.8625101	0.2606736742	0.01021693425	0.01432259502
53	1	66007.38146	377.2154674	864457.4736	2934672.176	8357.546619	0.6656981353	1.007449086	42224.07224	16065.48115	10064.93978	2119.325812	555.1155303	0.1257384891	0.03029496673	0.01
53	0	65341.38434	30	686484.4894	3760377.917	143678.2439	-4.747129756	-0.1841518743	-5700.872258	7895.615745	1739.309541	2119.3273	-83.52027836	0.01	0.02405789227	0.01
53	1	66066.92767	579.2147283	867645.4622	2934594.961	5209.330814	0.7916267674	1.035173962	43336.51064	16255.28869	10258.50722	2118.557394	569.9517671	0.1930715761	0.03040668999	0.01044592809
53	0	65451.0909	136.3671252	629820.2534	4192452.213	34242.74638	-0.3697098551	0.7795269536	33039.53064	14500.90732	8471.489353	2114.140471	432.8068046	0.04545570841	0.02207209054	0.01301320561
53	1	67823.44623	1397.593023	1309330.472	1601429.035	1035.604812	0.9585758075	1.071932123	44809.16526	16506.70067	10515.01971	2116.879675	589.6024733	0.4658643409	0.04588556905	0.01141687549
53	1	66710.94291	204.5097737	1052468.694	2258471.745	13055.57024	0.4777771904	0.966079439	40560.22831	15781.8422	9775.89303	2119.326352	532.9435628	0.06816992458	0.03688383181	0.01
