#gen	Feasible	f1	f2	f3	f4	f5	c1	c2	c3	c4	c5	c6	c7	x1	x2	x3
55	1	66020.94013	1063.843788	867645.4622	2922109.442	2459.651959	0.9016139216	1.059384588	44312.77394	16421.55224	10427.80446	2119.296648	582.9494622	0.3546145961	0.03040668999	0.01001525398
55	1	67612.90396	444.5881271	1293497.814	1614337.824	4407.799645	0.8236880142	1.042229592	43622.90781	16303.94357	10307.94867	2119.324599	573.7560628	0.1481960424	0.04533071254	0.01
55	1	64432.81202	382.3558943	443686.6607	5273780.917	16769.97977	0.3292008092	0.9333712577	39244.73904	15557.58802	9547.363296	2119.326453	515.4136842	0.1274519648	0.01554902703	0.01000006985
55	1	65564.1118	186.799326	746003.4713	3461171.324	20581.81389	0.1767274444	0.8998051784	37894.74685	15327.45201	9312.839536	2119.326721	497.4240244	0.06226644201	0.02614373874	0.01
55	1	65801.12988	267.2978377	771333.9993	3385518.539	13827.66963	0.4468932149	0.9592878609	40279.23107	15734.44136	9728.009825	2117.033732	529.2353891	0.08909927924	0.02703144869	0.01133196846
55	1	65813.52024	991.7556603	812652.3548	3154286.812	2925.963335	0.8829614666	1.05527828	44147.7124	16393.40811	10399.11892	2119.323474	580.7494774	0.3305852201	0.02847945307	0.01
55	1	67696.41992	125.5196337	1315815.605	1564920.859	17246.19472	0.3101522111	0.9291778249	39076.08398	15528.83702	9518.064105	2119.326595	513.1662271	0.04183987789	0.04611284092	0.01
55	1	63903.66702	1026.368743	302286.3685	6421959.546	8822.982577	0.6470806969	1.003350571	42059.23425	16037.38087	10036.30375	2119.325889	552.9189405	0.3421229144	0.01059364487	0.01
55	1	67992.03543	505.7945716	1394812.305	1401845.511	3451.569694	0.8619372122	1.050649919	43961.56456	16361.6751	10366.78089	2119.323963	578.2689178	0.1685981905	0.04888128527	0.01
55	1	65998.53322	943.6107976	862028.5528	2944684.53	2892.360544	0.8843055782	1.05557419	44159.6003	16395.43551	10401.18569	2119.319551	580.9079542	0.3145369325	0.03020984505	0.01000225775
55	1	64830.28439	1607.21373	549904.3435	4548426.008	2600.800985	0.8959679606	1.05814158	44262.87133	16413.03949	10419.12459	2119.323095	582.2840565	0.53573791	0.01927143243	0.01
55	1	67826.5411	123.4421919	1350385.205	1491449.695	17081.34317	0.316746273	0.9306295064	39134.4273	15538.78559	9528.204605	2119.314379	513.943889	0.0411473973	0.04732433477	0.01000709332
55	1	67224.43762	443.6450404	1188267.466	1870130.462	4884.012917	0.8046394833	1.038036449	43453.97053	16275.16323	10278.63537	2119.239096	571.5062054	0.1478816801	0.04164290835	0.01004981023
55	1	66080.00478	313.3920928	830514.2904	3134249.143	10895.05666	0.5641977337	0.9851146965	41314.79167	15911.17793	9908.286107	2116.107962	543.0496742	0.1044640309	0.02910542573	0.01186965965
55	1	66039.67792	1227.684716	872321.0987	2903472.596	2016.02332	0.9193590672	1.063291137	44469.82281	16448.32906	10455.09548	2119.275923	585.0425729	0.4092282386	0.03057054797	0.01002687569
55	1	68698.28036	204.4060645	1527846.553	1187428.729	9001.28265	0.639948694	1.00179126	41985.02168	16025.46435	10024.77748	2115.966319	551.9832316	0.06813535482	0.05354347888	0.01195180234
55	1	71168.01103	619.3422511	2207868.384	457279.0896	1564.739939	0.9374104024	1.067271765	44622.71685	16474.8534	10482.5123	2117.170086	587.1133429	0.206447417	0.07737488687	0.01124946447
55	0	64660.90166	255.4204457	447627.2245	5349686.942	25499.94658	-0.01999786308	0.8565083157	36141.62122	15029.34507	9009.681037	2115.887704	474.1168013	0.08514014857	0.01568712434	0.01199803599
55	1	63915.55543	738.268955	303954.7471	6410405.675	12497.93149	0.5000827404	0.9709901608	40757.42095	15815.47794	9810.186786	2119.23531	535.5727442	0.2460896517	0.0106521133	0.01005286673
55	1	65939.47085	463.1649727	768299.8026	3447373.528	7932.180489	0.6827127804	1.011209822	42359.21898	16089.54892	10090.33127	2114.61997	556.9910196	0.1543883242	0.02692511508	0.01273386762
55	1	65530.69606	531.131993	690436.8582	3800733.883	7548.751688	0.6980499325	1.014580143	42501.24713	16113.34691	10114.23518	2116.512392	558.8536665	0.1770439977	0.02419640328	0.01163439652
55	1	67828.60903	981.529877	1351140.219	1489777.244	1478.082627	0.9408766949	1.068027963	44660.49133	16480.8226	10488.20004	2119.32094	587.582641	0.3271766257	0.04735079426	0.01
55	1	65809.66204	668.820781	760342.0522	3453623.533	5306.597717	0.7877360913	1.034324899	43294.40211	16248.61894	10252.13773	2116.231671	569.427488	0.2229402603	0.02664623522	0.01179708579
55	1	67413.32235	582.4838118	1236762.736	1749166.227	3379.045151	0.864838194	1.051289209	43986.5739	16365.98336	10371.209	2119.118718	578.6054369	0.1941612706	0.04334242815	0.0101191992
55	1	66130.46167	668.8136943	895574.5962	2811908.88	4209.081973	0.8316367211	1.043979793	43692.93296	16315.9043	10320.1571	2119.217512	574.6908954	0.2229378981	0.03138546826	0.01006214675
55	1	66189.55127	1261.518079	869444.0946	2958873.811	2136.263788	0.9145494485	1.062240619	44418.70921	16440.18186	10447.26887	2116.686348	584.4024735	0.4205060265	0.03046972318	0.01153126698
55	1	64397.99503	382.3558943	434382.5905	5342579.028	17145.56251	0.3141774997	0.930063968	39111.72331	15534.91255	9524.255501	2119.326471	513.6411498	0.1274519648	0.01522296531	0.01000006985
55	1	70799.81168	1412.664086	2057828.49	573767.5295	636.1351247	0.974554595	1.075458807	44941.32798	16529.84897	10539.12898	2114.047167	591.4084361	0.4708880287	0.07211672931	0.01305942877
55	1	65262.5306	647.8525744	665308.9524	3873094.538	6137.046502	0.7545181399	1.027002287	43010.46014	16199.53971	10201.55541	2119.31905	565.5948376	0.2159508581	0.02331579423	0.01000363138
55	1	70668.38695	738.2863497	2109241.103	518314.4713	1148.604089	0.9540558364	1.070929419	44777.0265	16500.69871	10508.4636	2119.273554	589.1362925	0.2460954499	0.07391848762	0.01002687569
55	1	72018.34429	1062.114035	2469296.317	313955.1418	375.5495635	0.9849780175	1.077736881	45050.67286	16547.3569	10556.01902	2119.226682	592.7834957	0.3540380115	0.08653664531	0.01005109166
55	1	72043.94382	618.8041535	2360102.969	380550.3861	1780.391787	0.9287843285	1.065388593	44530.08097	16460.14109	10468.42679	2112.232964	585.9571175	0.2062680512	0.08270995754	0.01411751947
55	1	63840.2774	1034.955039	285346.8965	6575303.126	9307.901344	0.6276839462	0.9990804946	41887.49625	16008.10434	10006.46903	2119.325961	550.630403	0.3449850129	0.01	0.01
55	1	66112.22287	1104.87728	892038.7528	2824481.779	2255.107755	0.9097956898	1.061185754	44385.21497	16433.90141	10440.38908	2119.296343	583.9147931	0.3682924266	0.0312615544	0.01001525398
55	1	63840.5021	1658.655427	285346.8965	6575440.109	5520.471285	0.7791811486	1.032431689	43228.83401	16236.76578	10239.49075	2119.321472	568.5047915	0.5528851423	0.01	0.01000210432
55	1	68333.92829	1397.593023	1474435.247	1259789.719	729.3994534	0.9708240219	1.074622951	44923.31092	16525.78087	10534.14563	2118.609164	591.0961298	0.4658643409	0.05167167631	0.01041144154
55	1	67189.2521	433.8537214	1012495.973	2530928.409	6733.139161	0.7306744336	1.021785625	42766.03054	16160.08321	10163.2057	2109.203872	562.4978953	0.1446179071	0.0354829853	0.01588022032
55	1	71807.61647	727.6064754	2412960.145	339589.3163	935.7605479	0.9625695781	1.072803805	44852.26477	16513.53417	10521.5517	2119.229468	590.139582	0.2425354918	0.08456234059	0.01005192667
55	1	67200.81571	852.1238824	1031486.568	2451291.2	3276.798398	0.8689280641	1.052218246	43993.28155	16369.08551	10376.01651	2110.160873	578.8367382	0.2840412941	0.03614851187	0.01532298719
55	0	71547.18402	34.98222484	2318085.567	390986.0634	36034.4574	-0.441378296	0.7637381478	32416.74794	14393.9591	8361.845547	2117.712708	424.4511598	0.01166074161	0.08123745501	0.01093785794
55	1	73118.56891	1030.242731	2764764.87	207918.1355	279.3629483	0.9888254821	1.078583595	45085.02782	16553.19423	10561.95148	2119.313525	593.239908	0.3434142436	0.09689135939	0.01
55	1	65462.30809	422.1180296	718689.9394	3595538.138	9041.061092	0.6383575563	1.001430246	41981.97833	16024.21233	10022.88534	2119.319362	551.8895514	0.1407060099	0.02518653429	0.010003811
55	1	71736.58623	238.4908672	2360102.969	369859.18	4673.048637	0.8130780545	1.039900702	43521.94231	16287.19817	10291.276	2117.191827	572.4444147	0.07949695574	0.08270995754	0.01123911031
55	1	73228.6806	988.0612539	2780114.075	204515.9278	378.8564329	0.9848457427	1.077710198	45046.99461	16546.8963	10555.68953	2118.464949	592.7465397	0.3293537513	0.09742927325	0.01049328406
55	1	66718.35945	1337.735362	878544.0929	3058738.546	2527.470647	0.8989011741	1.058821281	44253.89018	16413.82881	10421.87914	2108.710702	582.3324973	0.4459117874	0.03078863319	0.01616465463
55	1	66424.74163	240.8168792	763469.6332	3636451.394	16334.4945	0.3466202201	0.9372470769	39356.74392	15579.48499	9572.033803	2106.507058	517.1093439	0.08027229307	0.02675584149	0.01744771047
55	1	66053.35458	302.6165396	811634.4155	3230928.456	11628.24214	0.5348703142	0.9786607152	41052.79167	15866.66934	9863.059287	2115.398759	539.5695657	0.1008721799	0.02844377933	0.01228172645
55	1	67905.48394	703.3518866	1371650.929	1447829.569	2318.562202	0.9072575119	1.060626912	44362.8221	16430.07873	10436.48906	2119.320746	583.6160063	0.2344506289	0.0480695934	0.01000113572
55	1	73123.10016	514.6023257	2765975.748	207567.7142	1324.917317	0.9470033073	1.069376699	44714.73609	16490.06982	10497.62356	2119.320466	588.3054931	0.1715341086	0.09693379468	0.01
55	1	66939.91718	159.1656005	1113656.999	2073940.73	16017.18693	0.3593125229	0.9400001669	39511.34725	15603.03726	9593.679031	2119.326537	518.9664365	0.05305520017	0.03902817983	0.01
55	1	66049.91436	1226.158687	875093.2978	2892244.758	2010.510924	0.919579563	1.063339671	44471.78237	16448.66262	10455.435	2119.278129	585.0686504	0.4087195624	0.03066769986	0.0100255882
55	1	65635.20671	751.8971265	765002.014	3370770.358	4406.639138	0.8237344345	1.042239811	43623.31881	16304.01364	10308.02007	2119.324598	573.7615398	0.2506323755	0.02680954387	0.01
55	1	70331.82485	1242.913848	1986574.848	621922.8034	584.7333843	0.9766106646	1.075901047	44970.2232	16534.06506	10542.82894	2117.294936	591.7420623	0.414304616	0.06961964096	0.01117381251
55	1	65579.44915	198.1063308	731381.1708	3555414.546	19846.88258	0.2061246967	0.9062804192	38151.30911	15371.43566	9357.869316	2118.19742	500.8608012	0.0660354436	0.0256312993	0.01065607403
55	1	63861.38899	1658.571113	290953.21	6524231.041	5399.569142	0.7840172343	1.033496319	43271.65742	16244.06565	10246.92952	2119.32292	569.0754219	0.5528570376	0.01019647361	0.01000123679
55	0	66190.11183	36.83324793	913288.1209	2741684.866	87665.35977	-2.506614391	0.3090838823	14136.55407	11277.34325	5185.51231	2119.327236	180.8282971	0.01227774931	0.03200623985	0.01
55	1	67331.94345	117.3272994	1218417.339	1792327.503	20044.13714	0.1982345146	0.9045398284	38085.16952	15359.91376	9345.920195	2119.326704	499.9615492	0.03910909979	0.04269951255	0.01
55	1	66152.01858	1014.488564	867645.4622	2957837.806	2768.043412	0.8892782635	1.056675733	44196.59472	16402.20897	10408.48073	2117.18392	581.4347645	0.3381628545	0.03040668999	0.01124280584
55	0	66024.32329	64.27635939	868984.8029	2916222.154	52493.11183	-1.099724473	0.6188020944	26593.09667	13400.83609	7349.491191	2119.327128	346.8210643	0.02142545313	0.03045362727	0.01
55	1	65813.52024	991.7556603	812652.3548	3154286.812	2925.963335	0.8829614666	1.05527828	44147.7124	16393.40811	10399.11892	2119.323474	580.7494774	0.3305852201	0.02847945307	0.01
55	1	64957.63046	1042.742613	476948.4047	5225394.91	5679.414307	0.7728234277	1.031052726	43151.29733	16224.95839	10228.64367	2112.871382	567.5737511	0.347580871	0.01671468695	0.01374934366
55	1	67745.73993	204.5097737	1328909.491	1536680.693	10180.97568	0.5927609726	0.9913924321	41578.2727	15955.39149	9952.75212	2119.320901	546.5098494	0.06816992458	0.046571717	0.01000300674
55	1	67539.94726	872.2863451	1274001.751	1658782.13	1911.825853	0.9235269659	1.064208526	44506.87758	16454.63575	10461.51391	2119.321987	585.5356226	0.290762115	0.04464747179	0.01
55	1	69050.27827	382.3558943	1379557.821	1587953.019	6164.476443	0.7534209423	1.026818286	42941.54592	16191.72186	10196.89166	2101.346172	564.9612608	0.1274519648	0.04834669094	0.02044505678
55	1	66828.20874	1145.857621	1083805.391	2162002.885	1630.340474	0.934786381	1.066687218	44606.56795	16471.63017	10478.83235	2119.32135	586.8640716	0.3819525402	0.03798202833	0.01
55	1	65876.35939	1093.393089	827988.6314	3089173.381	2527.158016	0.8989136793	1.058790343	44288.66328	16417.45551	10423.64094	2119.235156	582.6291452	0.3644643629	0.02901691385	0.01005102897
55	1	64143.93733	929.5414188	365748.3547	5880116.55	7988.023393	0.6804790643	1.010703161	42354.79393	16087.77538	10087.66732	2119.280808	556.8582069	0.3098471396	0.01281767418	0.01002610626
55	1	66814.23157	204.5097737	1047559.207	2299765.315	13261.0518	0.4695579279	0.9642762974	40480.99553	15768.76407	9762.92599	2117.365233	531.9187988	0.06816992458	0.03671177854	0.01113935333
55	1	65261.46913	252.9335545	665126.2428	3873944.775	16917.30881	0.3233076476	0.9320739143	39192.56111	15548.69315	9538.298844	2119.326419	514.7183748	0.08431118482	0.02330939116	0.0100000938
55	1	66020.94013	1063.843788	867645.4622	2922109.442	2459.651959	0.9016139216	1.059384588	44312.77394	16421.55224	10427.80446	2119.296648	582.9494622	0.3546145961	0.03040668999	0.01001525398
55	1	72015.73422	204.0389493	2409676.276	348189.2822	5546.637847	0.7781344861	1.032212922	43207.58156	16233.93851	10237.27831	2115.682756	568.2792374	0.0680129831	0.08444725718	0.01211603643
55	1	65785.98873	366.5428648	804932.132	3188794.557	9319.000496	0.6272399802	0.9989828283	41883.49326	16007.42673	10005.78253	2119.304064	550.5774071	0.1221809549	0.02820889738	0.01001272268
55	1	66126.82203	1063.759816	895934.1442	2809202.166	2358.166584	0.9056733367	1.060278244	44348.71466	16427.6792	10434.04831	2119.296145	583.4284048	0.3545866053	0.03139806864	0.0100154611
55	1	71345.86402	1640.821155	2278878.443	410849.3905	83.22261185	0.9966710955	1.08031311	45152.07437	16564.78433	10573.89748	2118.575053	594.1449852	0.546940385	0.07986343887	0.01042650882
55	1	68140.86186	1245.35421	1434582.873	1326292.623	900.0630458	0.9639974782	1.073117862	44865.20175	16515.72002	10523.7628	2119.318697	590.3105607	0.41511807	0.05027504733	0.01
55	1	73500.863	235.6927992	2823174.2	194602.0713	3894.948114	0.8442020754	1.046754086	43795.84547	16334.00172	10339.06494	2116.685068	576.1024008	0.07856426639	0.09893831805	0.01153323208
55	1	63840.2774	1651.039244	285346.8965	6575303.126	5549.20485	0.778031806	1.032178657	43218.66971	16235.03226	10237.72351	2119.325105	568.3692872	0.5503464146	0.01	0.01
55	1	64886.32573	523.4134143	564862.3629	4454657.929	9296.553787	0.6281378485	0.9991804219	41891.51155	16008.78907	10007.16702	2119.324887	550.6839268	0.1744711381	0.01979563717	0.01000062342
55	1	64497.33712	491.5636428	460931.5599	5148595.707	12364.0414	0.5054383438	0.9721688728	40805.13897	15823.59263	9818.439466	2119.326296	536.2071809	0.1638545476	0.01615337561	0.01
55	1	70152.55034	325.8243565	1916681.747	690770.6722	4238.507267	0.8304597093	1.043731054	43671.84045	16313.01705	10317.81023	2115.977692	574.4611519	0.1086081188	0.06717023281	0.01194431171
55	1	67384.0702	504.0110225	1232275.086	1758103.399	4024.936537	0.8390025385	1.045601004	43758.48765	16327.0571	10331.50367	2119.320033	575.5628346	0.1680036742	0.04318515817	0.01000252233
55	1	67620.07175	268.3385985	1294969.746	1611278.987	7797.563714	0.6880974514	1.012380244	42422.3067	16099.28044	10099.3884	2119.298955	557.757577	0.0894461995	0.04538229649	0.01001554253
55	1	67487.60629	1172.931504	1116287.918	2172005.714	2129.017496	0.9148393001	1.062323747	44401.39959	16438.55057	10446.71548	2110.651178	584.2674152	0.3909771679	0.03912038055	0.01503691717
55	1	72106.99317	208.3761881	2494443.651	302994.0093	4958.048552	0.8016780579	1.037384234	43428.03261	16270.72279	10274.09451	2119.324868	571.1592047	0.06945872936	0.08741793521	0.01
55	1	63841.82768	1793.590889	285761.1735	6571509.581	5038.935899	0.7984425641	1.03667196	43399.38568	16265.83929	10269.1179	2119.324903	570.777463	0.5978636297	0.01001451836	0.01
55	1	66163.33484	462.1230093	906132.5623	2769150.61	6338.949853	0.7464420059	1.025224355	42938.97499	16187.35212	10189.13431	2119.32536	564.6421453	0.1540410031	0.03175547285	0.01
55	1	69703.87068	1055.153739	1851651.815	742008.2888	760.2016052	0.9695919358	1.074349566	44914.61352	16524.1514	10532.3617	2119.281053	590.9695932	0.3517179132	0.06489125474	0.01002139708
55	1	65692.10848	244.1028357	780207.6979	3300121.163	14854.46549	0.4058213806	0.9502388075	39923.13466	15673.23552	9665.215676	2119.326469	524.4538124	0.0813676119	0.02734242802	0.01000000183
55	1	64612.08092	1258.356522	479438.4704	5038762.555	4218.357248	0.8312657101	1.043900123	43687.5851	16315.12959	10319.48273	2118.591201	574.6295541	0.4194521741	0.01680195146	0.01042600179
55	1	67637.60697	1342.306649	1294691.198	1614683.061	970.1202641	0.9611951894	1.072502	44839.31587	16511.37853	10519.39849	2118.992718	589.9707807	0.4474355497	0.04537253476	0.01018952193
55	1	66413.91508	1314.410441	919901.1739	2767143.713	1925.462107	0.9229815157	1.064098722	44491.47893	16452.71237	10460.14359	2116.112795	585.3812634	0.4381368136	0.03223799471	0.0118641664
55	1	67536.01993	998.5624877	1257775.722	1705660.874	1669.170718	0.9332331713	1.066348219	44589.8004	16468.97196	10476.29171	2118.405808	586.6551363	0.3328541626	0.04407882958	0.01053186271
55	1	64232.47326	1565.844656	389603.6242	5687536.526	4113.5314	0.835458744	1.044820952	43727.01627	16321.6984	10326.04809	2119.291316	575.1439108	0.5219482187	0.0136536836	0.01001923736
55	1	67834.06176	670.475207	1352597.34	1486756.317	2515.182181	0.8993927128	1.058895518	44293.19394	16418.20865	10424.3923	2119.322982	582.688128	0.2234917357	0.04740185916	0.01
55	1	66950.96586	715.7575534	1116609.515	2065428.179	2957.047859	0.8817180856	1.055004557	44136.70356	16391.53141	10397.20644	2119.323507	580.6027763	0.2385858511	0.03913165092	0.01
55	1	65692.10828	245.1599775	780207.6979	3300121.104	14787.11336	0.4085154656	0.9508318939	39946.98799	15677.30184	9669.359528	2119.326468	524.7716758	0.08171999252	0.02734242802	0.01
55	1	65730.05696	1043.608295	790348.6419	3253828.856	2841.558519	0.8863376592	1.056021528	44177.60506	16398.50397	10404.31194	2119.323382	581.1478195	0.3478694316	0.02769781804	0.01
55	1	67716.89256	1244.223382	1309130.636	1586237.894	1113.893362	0.9554442655	1.071237272	44787.05667	16502.55881	10510.48542	2118.586206	589.2808369	0.4147411274	0.04587856577	0.01042600179
55	1	73213.5059	1079.036918	2790134.68	200698.3894	223.0700743	0.991077197	1.079079297	45104.96441	16556.59286	10565.41491	2119.312734	593.5055779	0.3596789727	0.09778044598	0.01
55	1	64547.09396	1712.506172	473679.0396	5058938.527	2904.561528	0.8838175389	1.055466845	44155.18296	16394.68887	10400.43018	2119.290336	580.8495528	0.5708353908	0.01660011184	0.01001923736
55	1	67980.65889	378.0575187	1387243.196	1418932.719	4926.634527	0.8029346189	1.037661733	43438.25826	16272.52572	10275.98202	2119.05165	571.2997977	0.1260191729	0.04861602539	0.01015871841
55	1	65288.82712	255.4204457	531294.5459	4902156.613	21766.77652	0.1293289391	0.8893979461	37447.03772	15252.99192	9238.524611	2110.812626	491.5928632	0.08514014857	0.0186192509	0.01494644209
55	1	71540.33747	744.3241358	2342703.788	374353.9543	942.3211059	0.9623071558	1.072745809	44850.17338	16513.16224	10521.15973	2119.299984	590.1105963	0.2481080453	0.08210020215	0.01001099275
55	1	65175.87265	1215.262679	642255.1546	3999353.61	3046.285281	0.8781485888	1.054218754	44105.09939	16386.14378	10391.71609	2119.323598	580.181627	0.4050875598	0.02250787243	0.01
55	1	67341.80785	771.8199182	1221053.383	1785757.934	2391.447598	0.9043420961	1.059985095	44337.01557	16425.67901	10432.00509	2119.322809	583.272084	0.2572733061	0.04279189288	0.01
55	1	68871.58779	948.5980256	1628058.232	1013582.564	1168.949609	0.9532420156	1.070750459	44769.6167	16499.44911	10507.20157	2119.211602	589.0385338	0.3161993419	0.05705540351	0.01006290474
55	1	71609.98102	268.3959217	2285409.939	416276.3057	4414.513992	0.8234194403	1.042185186	43605.38571	16301.96192	10306.77423	2114.726802	573.5954127	0.08946530724	0.08009233556	0.01267107233
55	1	68188.30783	1659.088943	1447261.758	1303073.021	473.8891842	0.9810444326	1.076870645	45016.13475	16541.44988	10549.98322	2119.315703	592.3218561	0.5530296476	0.05071937968	0.01
55	1	64382.95046	787.7639594	430362.1715	5372584.847	8009.441159	0.6796223536	1.010514418	42347.35625	16086.49766	10086.35701	2119.325623	556.7583842	0.2625879865	0.01508206946	0.01000007309
55	1	65786.53481	932.5846753	804396.8137	3191927.733	3204.95258	0.8718018968	1.05282177	44048.69856	16376.54279	10381.94362	2119.260753	579.4310417	0.3108615584	0.02819013711	0.01003659695
55	1	70525.10571	1367.570187	2069347.152	548239.9129	296.4203475	0.9881431861	1.07843385	45078.51548	16552.11534	10560.87833	2119.170525	593.1553932	0.4558567289	0.07252040156	0.01008313044
55	1	69994.13531	1069.111536	1878997.525	726828.6258	935.8149062	0.9625674038	1.072812857	44842.43995	16512.51028	10521.0554	2116.251365	590.0558247	0.356370512	0.06584958689	0.01178139817
55	1	64871.42486	1441.374639	560898.2239	4479297.883	2914.495497	0.8834201801	1.055379263	44151.77383	16394.10047	10399.82448	2119.323462	580.8035989	0.4804582131	0.01965671366	0.01
55	1	65398.4574	412.708002	701736.0021	3681327.703	9506.469227	0.6197412309	0.9973319544	41817.17179	15996.11598	9994.252108	2119.325989	549.6932769	0.137569334	0.02459238249	0.01
55	1	65883.37086	412.113274	831318.3862	3073324.481	7917.908571	0.6832836571	1.011320431	42379.77369	16092.0239	10091.98859	2119.325731	557.1903689	0.1373710913	0.02913360532	0.01
55	1	63918.01235	1063.843788	305562.8604	6393950.122	8388.457689	0.6644616925	1.007176998	42213.01416	16063.6034	10063.03241	2119.292219	554.9687055	0.3546145961	0.01070846973	0.01001951937
55	1	65703.24784	417.9119989	768890.1425	3369230.43	8554.502537	0.6578198985	1.005717501	42151.47846	16053.29449	10052.67925	2118.463575	554.1618255	0.1393039996	0.02694580358	0.01050094662
55	1	68131.30392	1001.588384	1338624.008	1565912.327	1857.975737	0.9256809705	1.064700756	44507.39001	16455.95519	10463.89404	2113.686541	585.6317221	0.3338627946	0.04691216285	0.0132733742
55	1	65013.28253	1021.138358	474661.2938	5273370.006	5909.657595	0.7636136962	1.029028574	43066.34538	16210.70279	10214.30652	2111.836391	566.4581022	0.3403794525	0.016634535	0.01435067823
55	1	65698.27834	571.8965667	665308.9524	4032770.394	7557.653959	0.6976938416	1.014515253	42484.20346	16111.36362	10112.98914	2112.295204	558.6933633	0.1906321889	0.02331579423	0.0140844165
55	1	65420.52792	1193.123735	707633.8514	3651206.025	2758.344712	0.8896662115	1.056754288	44207.07592	16403.52793	10409.43168	2119.323287	581.5405408	0.3977079117	0.02479907299	0.01000000024
55	0	65871.23726	73.34871579	828075.9522	3087237.607	48211.36286	-0.9284545145	0.6565061285	28109.51349	13659.34284	7612.926566	2119.327104	367.0284551	0.02444957193	0.02901997402	0.01
55	1	63895.24455	712.6655097	299612.665	6446869.273	13168.50487	0.4732598053	0.965085046	40520.14753	15775.01513	9768.940482	2119.300845	532.4098606	0.2375551699	0.01049994476	0.01001482357
55	1	65854.98135	142.3487238	823731.919	3105976.413	24604.37361	0.01582505544	0.8643835014	36470.12404	15084.59358	9065.350826	2119.326829	478.4398576	0.0474495746	0.0288677371	0.01000000006
55	1	67602.74489	1242.913848	1290783.028	1620454.499	1089.193028	0.9564322789	1.07145243	44798.2198	16504.30146	10512.12654	2119.319585	589.4179761	0.414304616	0.0452355727	0.01
55	0	69576.33773	62.02829607	1818182.017	777258.8171	25611.79403	-0.02447176103	0.8555124037	36113.33777	15023.77148	9003.369104	2119.326851	473.6854131	0.02067609869	0.06371830355	0.01
55	1	68325.17714	998.5624877	1472185.293	1263705.601	1308.968182	0.9476412727	1.069519394	44718.06947	16490.79176	10498.48845	2118.617385	588.3610489	0.3328541626	0.05159282653	0.01040833663
55	1	73211.51361	415.9220659	2786235.725	202027.2625	1816.53245	0.927338702	1.065048307	44539.95761	16460.31938	10467.34322	2119.118678	585.9796563	0.1386406886	0.09764380685	0.0101179813
55	1	65681.92971	344.4687123	768714.5016	3363605.587	10506.96948	0.5797212208	0.9885234883	41461.09316	15935.53024	9932.608516	2118.796896	544.9566472	0.1148229041	0.02693964823	0.01030745732
55	1	67649.66626	1387.485331	1303321.726	1592395.907	880.0124228	0.9647995031	1.073294423	44872.30284	16516.93055	10524.99641	2119.318591	590.4051881	0.4624951103	0.04567499215	0.01
55	1	66438.38926	925.111346	979634.7649	2499645.779	2517.396349	0.8993041461	1.058876021	44292.40978	16418.07497	10424.25607	2119.322985	582.6776784	0.3083704487	0.03433136218	0.01
55	1	67093.00027	1145.857621	1083805.391	2215736.489	1936.592968	0.9225362813	1.064004099	44484.04652	16451.67707	10459.2833	2115.053009	585.2990097	0.3819525402	0.03798202833	0.01247977728
55	1	65966.22038	917.4214417	853458.0865	2979985.254	3034.252284	0.8786299086	1.054324714	44109.36097	16386.87026	10392.45642	2119.323586	580.2384158	0.3058071472	0.02990949252	0.01
55	1	70152.55034	641.4485899	1916681.747	690770.6722	1894.68784	0.9242124864	1.064370154	44501.9235	16454.52304	10462.01414	2115.974745	585.5226307	0.2138161966	0.06717023281	0.01194431171
55	1	65420.52818	1288.428894	707633.8514	3651206.113	2497.723005	0.9000910798	1.059049259	44299.37724	16419.26273	10425.46648	2119.322954	582.7705251	0.4294762981	0.02479907299	0.01000000268
55	1	68782.84028	187.3546988	1606137.392	1044360.802	9120.574984	0.6351770007	1.000730045	41953.83943	16019.414	10017.99432	2119.325934	551.5144756	0.06245156627	0.05628718628	0.01
55	1	68821.98333	101.2328292	1616597.507	1029253.367	17412.15615	0.303513754	0.9277164091	39017.30736	15518.81724	9507.853299	2119.326603	512.3829846	0.03374427639	0.05665376167	0.01
55	1	67723.07167	1242.913848	1309409.107	1586378.047	1121.370122	0.9551451951	1.071171699	44784.13595	16502.07901	10510.0117	2118.503405	589.2432282	0.414304616	0.04588832481	0.01047411023
55	1	63910.22182	1409.644757	304037.1753	6406317.641	6175.856567	0.7529657373	1.026660515	42996.73566	16197.19871	10199.16864	2119.325263	565.4118504	0.4698815857	0.010655002	0.01000002874
55	0	68319.08833	30	1453513.938	1304698.219	67578.73431	-1.703149372	0.4859673348	21244.69691	12489.46174	6421.058913	2117.596196	275.5770545	0.01	0.0509384877	0.0110056536
55	1	65704.59173	803.257276	780207.6979	3303942.83	3996.056499	0.8401577401	1.045855945	43768.06722	16328.7332	10333.24792	2119.123119	575.6936091	0.2677524253	0.02734242802	0.01011690772
55	1	65420.52789	1305.700978	707633.8514	3651206.016	2454.562701	0.901817492	1.059429318	44314.66283	16421.8685	10428.12193	2119.322899	582.974217	0.4352336593	0.02479907299	0.01
55	1	68295.78214	1005.384126	1362818.017	1524430.229	1895.878116	0.9241648753	1.064370813	44490.04053	16453.25822	10461.36471	2112.494492	585.4194119	0.3351280421	0.04776004343	0.01396583498
55	1	65605.817	255.4204457	573881.0759	4687805.226	20322.37922	0.1871048314	0.9021250904	37950.21356	15339.32498	9326.970663	2108.271704	498.3383162	0.08514014857	0.02011169853	0.01642261018
55	1	67543.42656	427.1402449	1274931.517	1656635.061	4697.505249	0.81209979	1.039678515	43520.30617	16286.45286	10290.12448	2119.324747	572.3888191	0.1423800816	0.0446800555	0.01
55	1	66498.69896	134.1932794	995751.1991	2444151.861	21497.17605	0.140112958	0.8917447231	37570.56377	15272.18784	9256.521714	2119.326749	493.1040418	0.04473109312	0.03489616363	0.01
55	1	64252.19878	813.6251267	394222.117	5652341.661	8514.5593	0.659417628	1.006066703	42168.22614	16055.9768	10055.26754	2119.253352	554.3724877	0.2712083756	0.01381553897	0.01004211181
55	1	65893.65747	556.8360739	574088.5591	4812853.888	9665.77439	0.6133690244	0.9959793608	41709.09615	15981.12143	9981.853927	2103.643495	548.5015607	0.1856120246	0.02011896979	0.01911096985
55	1	70065.75252	420.0371015	1948967.285	647801.3679	2868.766484	0.8852493406	1.055781941	44167.96914	16396.86132	10402.63796	2119.323412	581.0194136	0.1400123672	0.06830168152	0.01
55	1	68757.1929	204.4060645	1494415.848	1265441.711	9427.193441	0.6229122624	0.9980502903	41824.41128	15998.7334	9998.08205	2113.000109	549.8899752	0.06813535482	0.05237189772	0.01367510045
55	1	71593.01949	446.5638249	2357091.175	366886.3853	2061.13053	0.9175547788	1.062893787	44453.99922	16445.62152	10452.32787	2119.322008	584.830983	0.1488546083	0.08260440903	0.01000015389
55	1	71811.54996	213.2215649	2380685.299	359336.5836	5245.899406	0.7901640238	1.034856212	43319.17174	16252.62419	10256.03674	2117.225269	569.7418192	0.07107385497	0.08343126658	0.01121983795
55	1	65788.87916	975.9037928	806067.5718	3183353.798	3016.557962	0.8793376815	1.054480526	44115.62756	16387.93854	10393.54507	2119.323568	580.3219229	0.3253012643	0.02824868894	0.01
55	1	70710.69716	326.6326146	1992988.596	637008.3578	4360.072897	0.8255970841	1.042674645	43614.31296	16304.17111	10309.60323	2111.583399	573.7641765	0.1088775382	0.06984441116	0.01449718796
55	1	66444.85943	931.4999587	981161.3688	2494510.793	2490.688236	0.9003724706	1.059111245	44301.82846	16419.68326	10425.89727	2119.310738	582.8033828	0.3104999862	0.0343848621	0.01000709332
55	1	68106.73	1441.349914	1367396.181	1486058.116	995.6464305	0.9601741428	1.072287392	44819.81275	16508.74839	10517.302	2115.815179	589.7612142	0.4804499713	0.04792048547	0.01203491642
55	1	68190.35396	1694.422155	1447808.543	1302080.857	447.5969198	0.9820961232	1.077102168	45025.44637	16543.03725	10551.60086	2119.31545	592.4459404	0.5648073852	0.05073854178	0.01
55	1	65801.47599	244.1028357	780207.6979	3333754.172	14980.95773	0.4007616909	0.9491305921	39872.52933	15664.99423	9657.141282	2117.563505	523.807391	0.0813676119	0.02734242802	0.0110242305
55	1	70152.55034	410.5348751	1916681.747	690770.6722	3255.621723	0.8697751311	1.052386103	44019.9375	16372.35789	10378.28244	2115.976901	579.099806	0.1368449584	0.06717023281	0.01194431171
55	1	72035.71597	1288.715302	2449479.532	325493.2301	289.5333016	0.9884186679	1.078499043	45076.27636	16552.04421	10561.06687	2117.748674	593.1480581	0.4295717672	0.08584216483	0.0109082582
55	1	66710.94291	319.4597088	1052468.694	2258471.745	8082.568612	0.6766972555	1.009870475	42321.45798	16082.0827	10081.85785	2119.325762	556.4132683	0.1064865696	0.03688383181	0.01
55	1	66040.89238	195.685786	796852.1826	3311280.68	18643.44997	0.2542620011	0.9168887227	38566.02233	15442.89564	9431.332971	2114.708393	506.4424453	0.06522859533	0.02792573504	0.01268306211
55	1	65942.91763	357.1083854	780207.6979	3377759.504	10201.82764	0.5919268943	0.9912217422	41557.58769	15952.74823	9950.800568	2115.283089	546.2981811	0.1190361285	0.02734242802	0.01234883384
55	1	65928.37136	255.4204457	660076.5863	4157403.005	17672.28098	0.2931087607	0.9254612072	38888.76777	15499.32228	9490.018433	2108.271597	510.8452546	0.08514014857	0.02313242563	0.01642261018
55	1	72532.11193	122.9614526	2508913.907	307338.3607	9306.662631	0.6277334948	0.9991105477	41868.23768	16006.12894	10005.55501	2113.34601	550.4685141	0.04098715088	0.08792504623	0.01347413352
55	1	67039.36334	1140.363096	1097691.982	2152111.554	1795.548017	0.9281780793	1.065240656	44539.6059	16460.77615	10468.243	2116.755231	586.0124091	0.380121032	0.03846868479	0.01149081002
55	1	66066.67072	418.6104472	880301.2171	2870610.612	7307.49625	0.70770015	1.016695573	42595.95627	16128.877	10129.54432	2119.325605	560.0711637	0.1395368157	0.03085021172	0.01
55	1	66712.53324	1253.122914	1052858.208	2257274.384	1489.837374	0.940406505	1.06792446	44656.32124	16480.11219	10487.47647	2119.318834	587.5271053	0.4177076381	0.03689748237	0.01000124293
55	1	67841.88216	288.010343	1351140.219	1491611.693	6894.704032	0.7242118387	1.020331205	42741.44529	16153.7256	10154.906	2119.111546	562.0133039	0.09600344766	0.04735079426	0.01012430307
55	1	65847.87823	1042.742613	588875.3615	4670737.681	5087.756415	0.7964897434	1.036287049	43335.80788	16258.07396	10263.78721	2105.27197	570.1528895	0.347580871	0.02063717422	0.01816404203
55	1	69710.33529	422.7189292	1853989.898	739438.8124	3030.684949	0.878772602	1.054356127	44110.62437	16387.08563	10392.6759	2119.323582	580.2552516	0.1409063097	0.064973193	0.01
55	1	65751.2699	991.66314	760380.7832	3434745.518	3334.300033	0.8666279987	1.051689449	43996.01578	16368.01814	10373.63996	2117.174071	578.7620656	0.33055438	0.02664759255	0.01124888502
55	1	69377.79001	71.68867636	1765124.535	836883.3161	22743.41255	0.090263498	0.8807706693	37129.1988	15196.94743	9179.84679	2119.326784	487.2225228	0.02389622545	0.06185890076	0.01
55	1	72851.5181	1357.971783	2690033.707	230999.7074	63.90642884	0.9974437428	1.080481503	45160.66438	16566.13257	10575.17384	2119.106457	594.2510404	0.4526572609	0.09427240107	0.01011802298
55	1	67499.0233	756.0895247	1262902.607	1684724.143	2351.050919	0.9059579632	1.060340849	44351.28998	16428.11455	10434.48888	2119.312909	583.4624571	0.2520298416	0.04425850157	0.01000571664
55	1	72163.73197	1038.35415	2426224.973	342980.343	776.667785	0.9689332886	1.074220554	44892.33586	16521.44549	10530.52183	2114.285455	590.7518338	0.3461180498	0.08502720733	0.01292208779
55	1	73619.4265	1352.30668	2711871.706	238797.0927	854.3636824	0.9658254527	1.073556343	44844.28304	16514.61716	10524.70917	2108.045293	590.2102752	0.4507688932	0.09503771512	0.01654418421
55	1	64152.90422	1615.310936	368886.815	5852957.301	4227.303259	0.8309078697	1.043818999	43686.83157	16314.84082	10319.05372	2119.324336	574.6078974	0.5384369786	0.01292766172	0.0100000938
55	1	65369.5269	505.3921509	665308.9524	3911706.914	8206.225308	0.6717509877	1.008787126	42271.96219	16074.02357	10073.96321	2117.594771	555.7811258	0.1684640503	0.02331579423	0.0110056536
55	1	65759.07637	201.3928063	771342.1538	3372296.471	18500.35801	0.2599856795	0.918139138	38626.59434	15452.56458	9440.634167	2117.712358	507.2020177	0.06713093545	0.02703173447	0.01093785081
55	1	68332.58957	1793.590889	1423370.051	1376678.201	670.4983933	0.9731800643	1.075151413	44934.09592	16528.28829	10537.26302	2115.548008	591.2883112	0.5978636297	0.04988209329	0.01218848741
55	1	63967.0852	1827.25711	319227.8982	6272186.27	4334.772157	0.8266091137	1.042872655	43648.76999	16308.35243	10312.44165	2119.324222	574.1007011	0.6090857032	0.01118736184	0.01000019542
55	1	66813.0635	1153.622612	968317.6708	2639469.787	2380.299849	0.904788006	1.060104781	44318.821	16424.04734	10431.57779	2112.599682	583.1361361	0.3845408707	0.0339347539	0.01390543902
55	1	64198.1277	1793.590889	305537.5127	6562468.821	4989.764157	0.8004094337	1.037119523	43401.81134	16267.24787	10271.38967	2114.774248	570.8818849	0.5978636297	0.01070758142	0.01264369277
55	1	71700.58303	523.5146525	2385839.541	352483.2278	1616.656605	0.9353337358	1.066807715	44611.41421	16472.45632	10479.67425	2119.321316	586.9286516	0.1745048842	0.08361189732	0.01
55	1	65706.23731	463.9589703	769540.9422	3366350.233	7629.289999	0.6948284	1.013864725	42479.12071	16109.1503	10109.60163	2118.45447	558.5280457	0.1546529901	0.0269686109	0.01050613575
55	1	67513.29323	167.2253737	1188267.466	1920890.842	14545.61646	0.4181753417	0.9529736385	40016.8964	15690.25623	9683.432425	2114.58445	525.7783903	0.05574179124	0.04164290835	0.01275494804
55	1	67135.46203	444.5881271	1165912.029	1928335.353	4973.859251	0.8010456299	1.037245009	43422.43312	16269.76823	10273.12175	2119.324875	571.0845873	0.1481960424	0.04085946064	0.01
55	1	67518.83603	329.8342329	1181941.168	1943150.51	7239.608787	0.7104156485	1.017310063	42602.82816	16131.1884	10132.85787	2114.112558	560.2453313	0.1099447443	0.04142120284	0.01302856191
55	1	69971.6148	252.4516294	1923811.061	670905.1536	5360.035662	0.7855985735	1.033844434	43285.66555	16246.45318	10249.36218	2119.325034	569.2620569	0.08415054312	0.06742008007	0.01
55	1	64575.02068	1042.742613	419221.3093	5576167.078	6310.381555	0.7475847378	1.025487985	42936.68033	16187.78496	10190.26798	2115.557009	564.6712721	0.347580871	0.01469163725	0.01218924622
55	1	65652.60794	1342.265295	769540.9422	3349653.692	2115.392514	0.9153842994	1.06241599	44434.76067	16442.34329	10448.98832	2119.315663	584.574717	0.447421765	0.0269686109	0.01000389578
55	1	70041.07686	733.8701976	1941635.33	654619.3066	1325.865971	0.9469653612	1.069368488	44714.25349	16489.99729	10497.55782	2119.275946	588.2997674	0.2446233992	0.06804473272	0.01002586082
55	1	64930.23935	247.4275361	574674.6437	4397114.025	20164.24	0.1934303998	0.9034826067	38042.24854	15352.62253	9338.511461	2119.209656	499.3914495	0.08247584535	0.02013950917	0.0100680032
55	1	68902.59123	1500.075858	1471383.266	1335062.43	1304.478786	0.9478208486	1.069588881	44688.84124	16487.85511	10497.21535	2109.257714	588.1197996	0.500025286	0.05156471942	0.01584393661
55	1	69853.33229	310.0265747	1892200.004	701109.5914	4305.890679	0.8277643728	1.043126978	43658.99918	16310.09618	10314.21861	2119.324381	574.23701	0.1033421916	0.0663122686	0.0100000938
55	1	65953.99143	176.2723566	820391.2421	3152893.03	19934.4311	0.2026227558	0.9055116278	38118.10193	15365.92089	9352.37222	2117.529175	500.4288783	0.0587574522	0.02875066287	0.01104430531
55	1	66473.6516	620.8555533	905909.9471	2851082.047	4883.870166	0.8046451933	1.038053489	43437.78244	16273.48165	10277.82779	2114.30904	571.3685966	0.2069518511	0.03174767128	0.01291392338
55	1	68358.27771	669.5866931	1492682.447	1223178.067	2211.288163	0.9115484735	1.061571534	44400.82052	16436.55598	10443.08944	2119.322531	584.1223328	0.2231955644	0.05231115058	0.01
55	1	65931.39579	331.5766176	809403.0233	3207028.769	10469.49738	0.5812201049	0.988858475	41469.20297	15937.25538	9934.654524	2117.229977	545.0895426	0.1105255392	0.02836558004	0.01121777962
