#gen	Feasible	f1	f2	f3	f4	f5	c1	c2	c3	c4	c5	c6	c7	x1	x2	x3
65	1	66059.31167	2162.285409	816926.2297	3203084.199	1184.823463	0.9526070615	1.070622191	44752.14995	16497.25787	10505.62946	2115.614536	588.8627515	0.7207618031	0.02862923129	0.0121520628
65	1	65786.78078	1150.358785	805506.8266	3185841.419	2445.307832	0.9021876867	1.059510814	44317.94052	16422.42725	10428.69133	2119.322886	583.0178947	0.3834529283	0.02822903759	0.01
65	1	65361.78703	1215.56725	643104.7505	4062876.699	3251.644242	0.8699342303	1.052419844	44022.66717	16372.73552	10378.59356	2116.37797	579.1298267	0.4051890835	0.02253764658	0.01171131727
65	1	65468.61764	1143.734284	719646.8791	3591656.759	2852.763619	0.8858894552	1.05592302	44173.4702	16397.81015	10403.61417	2119.272847	581.0935202	0.3812447613	0.0252200703	0.01002936399
65	1	68253.22354	476.4729161	1464204.61	1272856.47	3500.672191	0.8599731123	1.050217612	43944.09414	16358.70221	10363.75581	2119.299605	578.036498	0.1588243054	0.05131314297	0.01001417346
65	1	65932.80366	1298.760278	839235.6907	3045201.141	1987.112094	0.9205155162	1.063546596	44479.16274	16449.98095	10456.82904	2119.002837	585.1713599	0.4329200928	0.02941106776	0.01018547663
65	1	66250.96032	788.3902988	870934.8949	2968059.022	3821.020868	0.8471591653	1.047407942	43819.07415	16338.15762	10343.46486	2115.788383	576.4261459	0.2627967663	0.03052196837	0.01205411858
65	1	68103.75071	490.4816591	1423339.173	1347850.004	3501.805327	0.8599277869	1.050207812	43943.50961	16358.61473	10363.67688	2119.243979	578.02959	0.1634938864	0.04988101116	0.01004648962
65	1	64471.24596	1189.729007	453959.2748	5198846.011	4742.877509	0.8102848996	1.039278978	43504.23721	16283.71355	10287.33295	2119.324769	572.1746882	0.3965763355	0.01590903144	0.01
65	1	68621.39729	1196.585144	1562995.328	1109049.896	825.5522133	0.9669779115	1.073773986	44891.59037	16520.21854	10528.34709	2119.318289	590.662209	0.3988617148	0.05477526994	0.01
65	1	68299.64482	2069.459102	1385722.153	1465396.619	667.4457865	0.9733021685	1.075183864	44929.44584	16527.87606	10537.16271	2113.806548	591.2539131	0.6898197005	0.04856272034	0.01319933221
65	1	68371.25394	1051.242663	1459409.868	1297642.798	1332.974433	0.9466810227	1.069312846	44704.58251	16488.82355	10496.76085	2117.103697	588.2053033	0.3504142209	0.05114511094	0.01128756224
65	1	70526.40559	140.2735238	2072066.617	545717.6241	9469.574611	0.6212170156	0.9976568394	41830.23833	15998.34346	9996.522056	2119.325984	549.8673982	0.04675784125	0.07261570538	0.01
65	1	65245.62688	1245.433874	660895.4296	3896840.429	2849.063632	0.8860374547	1.05595544	44174.94706	16398.05086	10403.85019	2119.32339	581.1123997	0.4151446247	0.02316112205	0.01
65	1	67115.33096	782.467451	1160532.448	1942840.539	2510.86238	0.8995655048	1.058933557	44294.72384	16418.46945	10424.65808	2119.322977	582.708515	0.2608224837	0.04067093289	0.01
65	1	66223.94336	703.9570472	922328.8478	2707372.318	3816.600988	0.8473359605	1.047435542	43832.2857	16339.63666	10344.32228	2119.324237	576.5461802	0.2346523491	0.03232307269	0.01
65	1	66788.36608	1013.551531	1073158.318	2194308.289	1969.888278	0.9212044689	1.063697243	44486.31429	16451.13028	10457.94161	2119.322101	585.2616014	0.3378505105	0.037608901	0.01000000016
65	1	66279.83173	1506.144122	931054.4722	2680431.208	1383.20116	0.9446719536	1.068864665	44692.86063	16486.42257	10493.97561	2118.946013	588.0199207	0.5020480406	0.03262886275	0.0102176055
65	1	63847.82584	2199.897852	287363.4971	6556858.911	3940.60341	0.8423758636	1.046343607	43788.36911	16332.15011	10336.693	2119.324287	575.9609592	0.733299284	0.0100706719	0.01000001936
65	1	65285.47365	564.6218015	632747.1537	4107596.495	7729.392194	0.6908243123	1.012987953	42438.82968	16102.60306	10103.19956	2116.985394	558.0144136	0.1882072672	0.02217466394	0.01135962374
65	1	65113.33142	1326.105108	608242.564	4218652.66	2997.904936	0.8800838025	1.054648121	44118.7963	16388.70692	10394.51989	2118.279916	580.3806829	0.442035036	0.02131589905	0.0106062737
65	1	65623.34608	1282.375892	761832.5219	3385685.999	2279.909321	0.9088036271	1.060967273	44376.51777	16432.41304	10438.86751	2119.322641	583.7984805	0.4274586308	0.02669846882	0.01
65	1	67184.18724	1309.86526	1178634.501	1894656.721	1163.121098	0.9534751561	1.070801495	44771.9783	16499.83195	10507.57512	2119.301888	589.0685735	0.4366217532	0.04130532047	0.01001045265
65	1	64755.95141	651.7744092	530040.503	4676043.705	7845.787169	0.6861685132	1.011955514	42405.31608	16096.37817	10096.42587	2119.325717	557.5307404	0.2172581364	0.01857530289	0.01
65	1	66032.76704	529.9243204	736411.3146	3675716.371	7441.359392	0.7023456243	1.015542846	42521.75753	16118.0067	10119.96156	2111.192335	559.2112728	0.1766414401	0.025807581	0.01472512217
65	1	68008.07072	265.4496593	1399097.383	1393502.413	7244.752572	0.7102098971	1.017248078	42618.17746	16132.66509	10133.40463	2119.325591	560.3672778	0.08848321977	0.0490314561	0.01
65	1	64091.85635	1317.460285	285346.8965	6730473.435	7438.923092	0.7024430763	1.015551244	42536.05233	16119.55185	10120.78671	2115.270209	559.3371525	0.4391534285	0.01	0.01235604123
65	1	65293.15355	957.3967055	673595.8797	3828502.855	3847.728214	0.8460908714	1.047161444	43821.26174	16337.75738	10342.40717	2119.324259	576.3992776	0.3191322352	0.02360621012	0.01
65	1	67136.49386	2700.381649	1162484.456	1940055.767	198.6540463	0.9920538381	1.079295013	45112.87572	16557.99037	10566.88012	2119.088719	593.6145415	0.9001272162	0.04073934113	0.01012978269
65	1	65216.65333	455.4085538	653152.8893	3939097.974	9235.764054	0.6305694379	0.999715718	41913.04427	16012.45956	10010.90729	2119.325951	550.9708495	0.1518028513	0.02288978424	0.01
65	1	69770.5058	2020.176149	1870069.134	723060.2105	22.41251945	0.9991034992	1.080846238	45176.02894	16568.70738	10577.7604	2119.308997	594.4525661	0.6733920496	0.06553669085	0.01
65	1	66676.38547	642.1567795	1043085.753	2288303.281	3676.716802	0.8529313279	1.048667357	43881.79739	16348.07898	10352.92719	2119.315196	577.2061023	0.2140522598	0.03655500605	0.01000519479
65	1	65198.67687	1983.586226	648349.0782	3965546.448	1548.072448	0.9380771021	1.06741165	44635.70386	16476.59703	10483.8939	2119.321135	587.2523293	0.6611954086	0.02272143437	0.01
65	1	69286.02152	564.4211575	1665328.624	987148.1074	2725.583576	0.8909766569	1.057057312	44203.72223	16403.94913	10410.69542	2114.78224	581.5677919	0.1881403858	0.05836154675	0.0126379405
65	1	66279.3448	319.6837778	934436.5152	2664583.665	9204.826913	0.6318069235	0.9999886638	41923.46501	16014.27159	10012.78376	2119.163249	551.1122914	0.1065612593	0.03274738666	0.01009452142
65	1	64386.44035	2822.863815	422528.0646	5448083.793	1766.993692	0.9293202523	1.065485576	44556.42877	16463.19851	10470.33714	2118.792642	586.2043101	0.9409546049	0.0148075227	0.01030730268
65	1	64956.70287	769.0350384	583686.8833	4339333.518	5862.094382	0.7655162247	1.029423428	43107.8573	16216.14184	10218.47293	2119.325213	566.8926287	0.2563450128	0.02045534367	0.01
65	1	66873.96183	1134.147105	1095408.019	2127799.962	1632.139903	0.9347144039	1.066671493	44605.80671	16471.50863	10478.7154	2119.283715	586.8545237	0.3780490351	0.03838864316	0.01002186364
65	1	69291.88133	1282.375892	1741935.382	864428.4857	567.6899338	0.9772924026	1.076044703	44982.86834	16535.78195	10544.2098	2119.302526	591.878778	0.4274586308	0.06104623543	0.01000812909
65	1	64127.83917	493.0917677	331777.1905	6228860.815	17550.02836	0.2979988657	0.926508214	38962.43563	15509.86433	9499.066881	2117.491967	511.6808459	0.1643639226	0.01162715258	0.01106586835
65	1	69076.33548	1368.942872	1614938.13	1056860.657	881.9356964	0.9647225721	1.073290934	44857.78671	16515.37443	10524.18256	2115.116472	590.2782976	0.4563142908	0.0565956087	0.01244016522
65	0	67797.24186	30	1342758.036	1507274.925	73081.54859	-1.923261944	0.4375053563	19301.53146	12157.82774	6082.783916	2119.327204	249.6554923	0.01	0.04705704012	0.01
65	1	66947.91299	200.5005557	1115793.702	2067776.791	12531.87942	0.498724823	0.9706909323	40745.69774	15813.45956	9808.113202	2119.32631	535.415082	0.06683351857	0.03910306073	0.01
65	1	65108.04922	1126.24244	624129.8742	4101621.366	3466.97203	0.8613211188	1.05051429	43956.1095	16360.74517	10365.83325	2119.323917	578.196226	0.3754141465	0.02187267084	0.01000003401
65	1	68429.16584	1048.698982	1511625.729	1191322.067	1111.523879	0.9555390448	1.07125579	44790.31114	16502.95326	10510.75263	2119.319678	589.3125873	0.3495663275	0.05297501908	0.01
65	1	70449.61916	773.058943	1995057.815	619539.749	1408.262524	0.943669499	1.068653691	44673.99456	16483.86967	10491.93147	2115.912357	587.816571	0.2576863143	0.06991692705	0.01197967208
65	1	65325.14922	763.0429654	571573.3598	4585770.597	6534.254629	0.7386298148	1.023525904	42847.83598	16173.274	10176.01365	2112.655349	563.5333287	0.2543476551	0.02003082447	0.01387502562
65	1	64107.99176	571.5842346	356887.6323	5951608.286	13817.68442	0.4472926231	0.959368448	40290.31926	15735.83024	9729.003818	2119.326406	529.3468224	0.1905280782	0.0125071496	0.01
65	1	65379.72881	1003.913886	686825.5077	3771531.496	3592.132736	0.8563146906	1.049414068	43909.81478	16352.98387	10358.03378	2118.726513	577.5887806	0.3346379621	0.02406984327	0.01034714563
65	1	68786.86955	1165.477985	1581049.969	1091366.295	962.5970505	0.961496118	1.072572256	44837.85613	16511.40348	10519.65403	2117.740158	589.9711661	0.3884926618	0.05540799596	0.01091692453
65	1	67656.11982	1384.684482	1245787.304	1761115.195	1215.942206	0.9513623118	1.070347752	44741.55608	16495.42356	10503.73634	2115.744396	588.7195259	0.4615614941	0.04365869472	0.01207673507
65	1	64478.11482	1192.790566	455077.2157	5192048.464	4718.350285	0.8112659886	1.039495097	43512.78115	16285.17952	10288.83482	2119.281469	572.2892283	0.3975968553	0.01594820975	0.01002514862
65	1	63840.2774	2368.632024	285346.8965	6575303.126	3636.274615	0.8545490154	1.049023452	43896.14978	16350.5237	10355.41689	2119.324108	577.3972169	0.7895440081	0.01	0.01
65	1	65627.04603	811.988406	762680.1398	3381856.217	4039.101407	0.8384359437	1.045476285	43753.4573	16326.20048	10330.63149	2119.315871	575.4958675	0.270662802	0.02672817364	0.01000494525
65	1	65843.918	179.6890155	820775.4843	3118794.552	19404.87987	0.2238048051	0.9101689715	38311.56777	15398.50834	9385.250613	2119.326682	502.9784756	0.05989633851	0.02876412866	0.01
65	1	64373.92605	452.5802852	427952.6818	5390644.424	14593.81937	0.416247225	0.9525339934	40015.44465	15688.97179	9681.251976	2119.326457	525.6839122	0.1508600951	0.01499762875	0.01
65	1	70409.58733	1309.700117	1985533.523	627558.8885	618.3430527	0.9752662779	1.075609302	44953.98421	16531.58461	10540.54312	2115.977979	591.5465215	0.4365667057	0.06958314764	0.01193855279
65	1	63840.2774	2244.083102	285346.8965	6575303.126	3880.549886	0.8447780046	1.046872424	43809.63767	16335.7758	10340.38781	2119.324281	576.2443782	0.7480277007	0.01	0.01
65	1	69056.64195	437.8000135	1665328.624	966376.4566	3375.615211	0.8649753915	1.051321454	43985.68747	16365.97174	10371.3144	2118.480781	578.6037314	0.1459333378	0.05836154675	0.01048979692
65	1	71460.21734	702.9250916	2280981.684	413711.6377	1266.147657	0.9493540937	1.069902056	44727.47779	16492.77781	10500.83357	2116.868995	588.5141133	0.2343083639	0.07993714709	0.0114237214
65	1	65614.93416	2064.964716	742080.5599	3501336.697	1252.026867	0.9499189253	1.070021935	44737.07288	16494.10851	10501.93331	2118.264061	588.619877	0.688321572	0.02600626006	0.01061343098
65	1	67235.75814	1605.668562	1191498.964	1861597.511	795.1484239	0.968194063	1.074041949	44902.11672	16522.02901	10530.20555	2119.244791	590.8036416	0.5352228541	0.0417561564	0.01004257911
65	1	63847.82377	2374.759699	287363.4971	6556857.654	3594.111189	0.8562355525	1.049394733	43911.08231	16353.06928	10358.011	2119.324076	577.596204	0.7915865663	0.0100706719	0.01
65	1	63981.96243	553.1921803	285346.8965	6662247.025	18244.03879	0.2702384486	0.9203983663	38715.16623	15467.81005	9456.293368	2117.042721	508.3929141	0.1843973934	0.01	0.01132688272
65	1	65164.99739	747.7938934	638516.0975	4021401.114	5468.711016	0.7812515594	1.032887626	43247.01178	16239.87478	10242.66759	2119.274833	568.7477625	0.2492646311	0.02237683694	0.01002918853
65	1	65417.90562	1293.304239	706933.1076	3654771.936	2488.645214	0.9004541914	1.059129196	44302.59223	16419.8108	10426.02499	2119.322946	582.8133672	0.4311014131	0.02477451538	0.01
65	1	71836.87227	698.1794194	2372163.017	365561.9997	1247.951734	0.9500819306	1.070064114	44732.04012	16493.68049	10501.85847	2116.29741	588.5839619	0.2327264731	0.08313260268	0.0117556457
65	1	65028.65716	1225.562163	577346.5902	4416837.516	3549.803021	0.8580078791	1.049789838	43921.69409	16355.21556	10360.48167	2117.78162	577.7620509	0.4085207208	0.0202331477	0.01089604919
65	1	69144.98311	2311.210477	1690214.314	933035.3707	51.45316314	0.9979418735	1.080592965	45163.22099	16566.69147	10575.84684	2118.542422	594.2940262	0.7704034923	0.05923366733	0.01044499276
65	1	65843.918	266.0761902	820775.4843	3118794.552	12856.30845	0.485747662	0.9678340896	40630.79852	15793.87245	9788.152648	2119.326336	533.8839637	0.0886920634	0.02876412866	0.01
65	1	65287.43114	1003.913886	672054.1916	3836750.558	3644.139001	0.85423444	1.048954203	43893.36206	16350.04864	10354.93291	2119.323359	577.3600804	0.3346379621	0.02355218157	0.01000043807
65	1	69150.97743	2591.530466	1545719.754	1200408.959	664.8837086	0.9734046517	1.075219461	44916.94089	16526.63472	10536.64607	2109.72916	591.15179	0.8638434888	0.05416984636	0.01556495064
65	1	64710.51887	1326.105108	511690.3564	4807461.527	3645.80858	0.8541676568	1.048940698	43891.53949	16349.81968	10354.76828	2118.949539	577.3417159	0.442035036	0.01793222084	0.0102176055
65	1	68603.50401	221.4270947	1324406.283	1676966.787	10390.65327	0.5843738691	0.9895912003	41457.57438	15937.89877	9937.517046	2105.222316	545.1248317	0.07380903157	0.04641390178	0.01819379732
65	1	65484.24139	768.0063819	712138.0999	3644165.173	4728.208934	0.8108716426	1.039410564	43506.9442	16284.34019	10288.11035	2118.569401	572.2227284	0.2560021273	0.02495692466	0.01043882639
65	1	70544.27492	105.6072617	2076546.969	542377.7118	12801.08483	0.4879566066	0.9683204322	40650.29784	15797.20043	9791.547346	2119.308547	534.1440885	0.03520242056	0.07277271962	0.01001033233
65	1	66921.49567	477.5332121	1107907.556	2091217.774	4861.241743	0.8055503303	1.038236851	43462.15328	16276.55032	10280.04231	2119.274955	571.6146783	0.1591777374	0.03882669024	0.01002897176
65	1	63840.2774	2665.182969	285346.8965	6575303.126	3146.551335	0.8741379466	1.053335836	44069.58933	16380.09031	10385.5472	2119.323695	579.708429	0.888394323	0.01	0.01
65	1	65796.45988	1253.625327	807255.4601	3179014.429	2178.106172	0.9128757531	1.061863889	44412.40572	16438.54198	10445.12259	2119.271927	584.277515	0.4178751091	0.02829031856	0.01002936399
65	1	64053.04732	478.1683168	285346.8965	6706299.846	21283.03173	0.1486787309	0.8936414064	37635.10736	15283.94073	9269.129033	2115.896963	494.0184752	0.1593894389	0.01	0.01199259397
65	1	64618.21202	660.053819	493102.6212	4923174.341	8375.275972	0.6649889611	1.007292991	42217.7674	16064.40807	10063.84768	2119.317968	555.0316379	0.2200179397	0.01728081249	0.0100045586
65	1	65335.14285	1167.148448	684811.2663	3769160.049	2956.816113	0.8817273555	1.055006599	44136.78457	16391.54529	10397.22064	2119.323185	580.603861	0.3890494828	0.02399925406	0.01000018655
65	1	64962.65022	564.4246426	585276.1816	4329737.042	8239.972688	0.6704010925	1.008484413	42265.71202	16072.57957	10072.17354	2119.325791	555.6704116	0.1881415475	0.02051104073	0.01
65	1	66660.29894	272.9378129	1038926.474	2301488.918	9725.64674	0.6109741304	0.9954019326	41739.54653	15982.88316	9980.767085	2119.325491	548.6588704	0.09097927096	0.03640924385	0.01000030629
65	1	68724.74609	2390.757343	1590446.9	1067500.737	18.05712687	0.9992777149	1.080884623	45177.53844	16568.96689	10578.02671	2119.298858	594.47284	0.7969191144	0.05573731202	0.01000582115
65	1	65333.72117	624.0823246	683603.7913	3776589.524	6211.335154	0.7515465938	1.02634826	42984.0053	16195.03951	10196.97751	2119.275081	565.243004	0.2080274415	0.02395693802	0.01002918853
65	1	70563.99388	438.7962614	2082021.311	538219.0195	2491.514731	0.9003394108	1.059103945	44301.55809	16419.63569	10425.84755	2119.317524	582.7996725	0.1462654205	0.07296456826	0.01000315212
65	1	65624.21411	1282.375892	761832.5219	3385958.483	2280.913263	0.9087634695	1.060958478	44376.11613	16432.34763	10438.80342	2119.308649	583.79335	0.4274586308	0.02669846882	0.01000812909
65	1	71274.25758	1332.412615	2261954.557	420327.9128	265.124451	0.989395022	1.078710899	45088.09171	16553.8479	10562.72803	2118.711979	593.2902548	0.4441375382	0.07927034025	0.01034901188
65	1	64756.94139	2667.72873	285346.8965	7158553.692	4203.013504	0.8318794598	1.044080196	43646.76261	16311.24135	10318.10131	2104.547408	574.3080631	0.88924291	0.01	0.01858457397
65	1	68397.82079	2291.397843	1503249.46	1205304.413	98.60999644	0.9960556001	1.080175262	45149.04297	16564.10702	10573.07234	2119.310621	594.0929579	0.763799281	0.0526814722	0.01
65	1	65710.39978	292.3605886	784845.6683	3279152.576	12200.29412	0.5119882352	0.9736108396	40863.08174	15833.47356	9828.51155	2119.3112	536.9795507	0.09745352953	0.02750496599	0.01000876223
65	1	64254.3155	1134.938749	344130.7629	6168307.477	7075.909897	0.7169636041	1.018744881	42667.67045	16141.78632	10143.2747	2116.197297	561.0763725	0.3783129163	0.01206008431	0.01181738957
65	1	65003.47745	944.8625857	596186.3546	4264429.845	4515.785569	0.8193685772	1.041278694	43584.6637	16297.42402	10301.30482	2119.324656	573.2464314	0.3149541952	0.02089338843	0.01
65	1	65166.06671	359.3004187	485638.0201	5247414.317	16949.71892	0.3220112434	0.9318182591	39150.485	15543.55166	9534.766574	2110.037212	514.3048577	0.1197668062	0.01701921507	0.01539682459
65	1	68885.25968	1297.476899	1427374.702	1438995.829	1733.397046	0.9306641182	1.065819536	44529.11227	16461.14519	10470.43274	2106.884152	586.0289257	0.4324922997	0.05002243653	0.01722390923
65	1	65651.18572	918.1816103	758826.0325	3412239.815	3549.72468	0.8580110128	1.049787607	43924.72659	16355.53304	10360.63754	2118.693885	577.788008	0.3060605368	0.02659310621	0.0103660813
65	1	68667.10075	973.2890002	1520346.161	1199554.272	1482.766805	0.9406893278	1.067997311	44647.93152	16479.40519	10487.36383	2116.0108	587.4677064	0.3244296667	0.05328062718	0.01192265643
65	1	64603.64931	1147.370891	488816.9022	4953331.838	4541.215923	0.8183513631	1.041054862	43575.55317	16295.87784	10299.73497	2119.293045	573.1255278	0.3824569636	0.01713061919	0.0100183719
65	1	64352.96847	319.4980856	404160.6647	5607582.461	22350.78688	0.1059685249	0.8842315482	37264.63586	15220.27563	9203.821441	2118.229425	489.0447096	0.1064993619	0.01416383601	0.01063752467
65	1	71758.52622	504.6112671	2368974.078	364935.5849	1863.478189	0.9254608724	1.064640512	44517.57263	16456.88567	10464.16537	2117.370201	585.70906	0.1682037557	0.08302084612	0.01113369016
65	1	66177.02432	813.8214469	899679.016	2803977.445	3341.630308	0.8663347877	1.051619971	43998.49135	16368.10347	10373.44393	2118.713875	578.7706592	0.2712738156	0.03152930791	0.01035436714
65	1	64725.66466	1515.699316	453343.7675	5328638.402	3861.128043	0.8455548783	1.047056697	43802.88497	16335.52959	10340.89747	2115.185789	576.2199605	0.5052331052	0.01588746095	0.01240420597
65	1	69175.73949	453.6204307	1708433.868	906501.6535	3085.145936	0.8765941626	1.053877078	44090.80066	16383.74182	10389.29824	2119.160929	579.9936635	0.1512068102	0.05987217275	0.01009452142
65	1	64104.97232	981.5193461	355650.4951	5962764.062	7758.575802	0.6896569679	1.012723559	42436.11722	16101.63458	10101.78727	2119.299746	557.9415999	0.3271731154	0.01246379405	0.01001507839
65	1	65567.49449	1326.105108	740698.1169	3494365.929	2290.391368	0.9083843453	1.06087617	44371.57171	16431.65178	10438.16057	2118.94806	583.738505	0.442035036	0.02595781226	0.0102176055
65	1	64476.13829	444.0286813	293103.5715	6881090.619	22793.73944	0.08825042222	0.8803588209	37079.15416	15190.55528	9175.130587	2109.54482	486.7106267	0.1480095604	0.01027183316	0.01568301495
65	1	64190.31019	1011.041479	378882.8783	5772019.83	7000.615378	0.7199753849	1.019397891	42704.64016	16147.4046	10148.42519	2119.325381	561.5194605	0.3370138263	0.01327797439	0.01000008873
65	1	65333.91044	819.0698089	684481.9335	3770889.639	4541.0116	0.818359536	1.041056561	43575.72864	16295.90091	10299.75273	2119.324348	573.1273701	0.2730232696	0.02398771257	0.01000018655
65	1	63840.2774	2088.707113	285346.8965	6575303.126	4226.125819	0.8309549673	1.043829367	43687.2491	16314.91197	10319.12619	2119.324497	574.6134587	0.6962357044	0.01	0.01
65	1	70323.82641	197.3085959	2017931.817	588462.7805	6706.309426	0.7317476229	1.021989477	42808.87155	16165.17311	10166.53244	2119.32546	562.9084195	0.06576953195	0.0707185479	0.01
65	1	70761.88143	553.1410677	1955540.813	683131.1956	2761.764822	0.8895294071	1.056758828	44170.20859	16399.61019	10407.42874	2108.497317	581.2207655	0.1843803559	0.06853205122	0.01628888945
65	1	68397.33828	904.8266631	1503120.518	1205520.93	1422.20769	0.9431116924	1.068519984	44680.2799	16484.196	10491.63775	2119.320775	587.8463385	0.3016088877	0.05267695345	0.01
65	1	65292.28392	649.0573991	519615.3782	5004399.024	8720.747286	0.6511701086	1.004280522	42064.89278	16040.37356	10041.05802	2110.051415	553.1412884	0.2163524664	0.01820995373	0.01538811224
65	1	65454.60245	1338.962713	716739.5223	3605184.517	2334.697986	0.9066120806	1.060484818	44357.11391	16429.10522	10435.49662	2119.322725	583.5399095	0.4463209043	0.0251181818	0.01
65	1	67762.37993	1853.066431	1332226.976	1530194.833	445.2389811	0.9821904408	1.077123166	45026.04004	16543.15448	10551.73379	2119.242085	592.4550128	0.6176888104	0.04668797847	0.01004257911
65	1	68797.80936	577.6942901	1610137.548	1038557.408	2433.071464	0.9026771414	1.059618565	44322.27413	16423.16601	10429.44418	2119.322869	583.0756433	0.1925647634	0.05642737201	0.01
65	1	64436.08875	2101.114278	444564.2889	5267333.636	2419.673906	0.9032130438	1.059736541	44327.01899	16423.97488	10430.26847	2119.32285	583.1388721	0.700371426	0.01557978357	0.01
65	1	68107.37744	2771.369637	1421888.681	1351710.487	6.113439697	0.9997554624	1.080990487	45181.05704	16569.61394	10578.72579	2119.082226	594.5231497	0.9237898791	0.0498301786	0.01013128657
65	1	64025.93974	569.7813853	329422.8358	6195619.675	15107.4367	0.3957025321	0.9480122745	39832.44241	15657.84807	9649.596257	2118.992412	523.2505633	0.1899271284	0.01154464407	0.01019408691
65	1	65716.34887	536.3926709	786685.459	3270475.468	6284.61272	0.7486154912	1.025702835	42958.21893	16190.63267	10192.47741	2119.325344	564.8985853	0.178797557	0.02756944157	0.01
65	1	66144.54867	510.4334626	700845.1095	3951109.703	8417.263363	0.6633094655	1.006961912	42163.13101	16057.73406	10059.26524	2107.245203	554.4948468	0.1701444875	0.0245611611	0.01701837889
65	1	66250.32335	753.6820031	870764.6802	2968762.88	4021.417995	0.8391432802	1.045643294	43748.10184	16326.05882	10331.13539	2115.788531	575.4803868	0.2512273344	0.03051600318	0.01205411858
65	1	67616.59129	237.2026042	1294483.172	1612123.433	8922.982715	0.6430806914	1.002469994	42023.81837	16031.34346	10030.15122	2119.325904	552.4469974	0.07906753475	0.04536524446	0.01
65	1	68253.18495	235.4763763	1464598.733	1271979.332	7860.478937	0.6855808425	1.011826142	42400.11287	16095.49117	10095.52196	2119.32572	557.4614037	0.07849212544	0.05132695505	0.01
65	1	63922.01793	2343.767363	307190.2432	6378238.721	3366.685888	0.8653325645	1.051397385	43991.62686	16366.79988	10372.00338	2119.323893	578.6695206	0.7812557878	0.01076550146	0.01
65	1	66831.03894	1003.787168	1070292.479	2214019.736	2065.644301	0.917374228	1.062856794	44449.56628	16445.05399	10451.90767	2118.461423	584.7855443	0.3345957226	0.03750846748	0.01050006573
65	1	63961.25871	448.7243936	317676.4733	6285744.209	20103.17572	0.1958729713	0.9040199491	38064.26052	15356.34936	9342.287836	2119.326706	499.6829211	0.1495747979	0.01113299206	0.01
65	1	65793.33569	1151.769479	807255.4601	3178093.745	2434.443429	0.9026222628	1.059606484	44321.78764	16423.08312	10429.35974	2119.322689	583.0691633	0.3839231595	0.02829031856	0.01000010591
65	1	65488.49219	2917.273464	710168.4313	3658117.28	738.4917158	0.9704603314	1.074543638	44919.31849	16525.15155	10533.5474	2118.374639	591.0466427	0.9724244879	0.0248878975	0.0105476623
65	1	66939.4644	476.620619	1112783.682	2077007.411	4847.000407	0.8061199837	1.038362242	43467.21174	16277.41166	10280.91925	2119.279435	571.6820151	0.1588735397	0.03899757438	0.01002636513
65	1	67070.01352	1811.087639	1147960.565	1977482.297	667.8113837	0.9732875447	1.075163103	44947.36384	16529.73245	10538.04751	2119.289416	591.4058735	0.6036958796	0.04023035048	0.01001618381
65	1	63905.62219	2313.31354	302777.5155	6417636.978	3482.221997	0.8607111201	1.050380008	43950.70257	16359.82384	10364.89469	2119.322098	578.1242036	0.7711045135	0.01061085714	0.01000109794
65	1	64014.02535	708.146808	331777.1905	6163478.839	11896.3318	0.5241467279	0.9762874092	40970.78219	15851.83018	9847.215384	2119.326256	538.414501	0.236048936	0.01162715258	0.01
65	1	65430.75175	3046.745966	710345.2619	3637467.144	609.58556	0.9756165776	1.07567574	44968.07264	16533.25691	10541.63427	2119.315609	591.6814123	1.015581989	0.02489409455	0.01000072508
65	1	69555.13486	1447.343775	1691650.83	966779.3262	973.0858938	0.9610765642	1.072498183	44815.32482	16508.8117	10518.06274	2112.024684	589.7614294	0.4824479251	0.05928401013	0.01423572817
65	1	68840.36394	1205.539663	1552906.045	1151839.381	1120.914446	0.9551634221	1.071186348	44773.35429	16500.96752	10509.4896	2115.180017	589.1521916	0.4018465544	0.05442169038	0.01240420597
65	1	69004.34126	437.8000135	1665328.624	961701.85	3315.125292	0.8673949883	1.051851415	44009.88747	16369.9128	10375.17566	2119.323848	578.9128569	0.1459333378	0.05836154675	0.01
65	1	65527.84165	2064.964716	718807.0153	3616713.776	1314.881277	0.9474047489	1.069468455	44714.81247	16490.31374	10498.06618	2118.264295	588.3232403	0.688321572	0.02519063722	0.01061343098
65	1	65881.65048	368.8541132	820775.4843	3129724.19	9104.492435	0.6358203026	1.000873611	41957.53173	16020.17644	10018.88308	2118.717692	551.5733151	0.1229513711	0.02876412866	0.01035336534
65	1	67070.09599	3160.812615	1147960.565	1977497.417	56.92350035	0.99772306	1.080542436	45163.71046	16566.6138	10575.63228	2119.280539	594.2888755	1.053604205	0.04023035048	0.01001695614
65	1	65609.37888	3303.048217	744948.4643	3482114.212	500.8703905	0.9799651844	1.076635595	45003.96597	16539.54892	10548.19183	2118.522085	592.1722676	1.101016072	0.02610676596	0.01046089983
65	1	65161.92041	643.9847344	638516.0975	4020254.061	6469.433953	0.7412226419	1.024075346	42892.76085	16179.47404	10181.10614	2119.324756	564.0263175	0.2146615781	0.02237683694	0.01000037257
65	1	70111.23426	349.6162219	1961121.271	636925.7672	3573.635759	0.8570545696	1.049575035	43918.33385	16354.30547	10359.27075	2119.32406	577.6928363	0.1165387406	0.06872761874	0.01
65	1	69506.77466	2791.649406	1443963.402	1480980.45	1512.146234	0.9395141506	1.067796689	44577.76572	16471.41124	10482.55192	2097.855605	586.8201506	0.9305498019	0.05060378857	0.0224630556
65	1	65477.03457	1326.105108	716524.7056	3614040.853	2392.564522	0.9042974191	1.059976458	44335.38624	16425.48317	10431.87435	2118.948216	583.2563065	0.442035036	0.02511065354	0.0102176055
65	1	64121.92693	2024.578245	347578.74	6056613.522	3518.69083	0.8592523668	1.050061383	43935.20351	16357.35319	10362.52107	2118.537814	577.9300931	0.6748594151	0.01218091888	0.01045673383
65	1	64424.78731	637.451463	441544.2292	5289540.345	9803.853593	0.6078458563	0.9947132604	41711.85066	15978.16167	9975.955482	2119.326029	548.2897938	0.212483821	0.01547394538	0.01
65	1	65223.1202	768.3374004	654881.0174	3929626.577	5147.00566	0.7941197736	1.035720324	43361.11188	16259.31467	10262.46889	2119.324949	570.2674359	0.2561124668	0.02295034659	0.01
65	1	66989.90434	1134.147105	1111204.032	2092486.678	1663.832981	0.9334466808	1.066395344	44591.56476	16469.28111	10476.61378	2118.367519	586.6792539	0.3780490351	0.03894221543	0.01055409499
65	1	65224.7698	1182.551801	655321.8358	3927214.219	3073.613655	0.8770554538	1.053978107	44095.42082	16384.49385	10390.0347	2119.323625	580.0526528	0.3941839338	0.0229657951	0.01
65	1	64371.77099	2980.700828	427376.7916	5394970.744	1570.177484	0.9371929006	1.067216998	44627.87517	16475.26246	10482.53389	2119.321195	587.1480063	0.9935669425	0.01497744664	0.01
65	1	65288.45783	1003.913886	672054.1916	3837115.79	3645.326453	0.8541869419	1.048943799	43892.887	16349.97127	10354.85711	2119.306809	577.3540121	0.3346379621	0.02355218157	0.01001005308
65	1	64330.87777	2106.59729	416030.9156	5481712.192	2631.045858	0.8947581657	1.057875332	44252.0768	16411.20484	10417.25959	2119.297912	582.1406107	0.7021990965	0.0145798297	0.01001465117
65	1	66018.65038	439.689038	675457.6212	4081636.023	10082.29441	0.5967082234	0.992298461	41575.08692	15957.38005	9956.906378	2107.743517	546.6508278	0.1465630127	0.02367145497	0.01672904539
65	1	65109.73167	2492.276624	624110.5841	4102398.907	1149.489463	0.9540204215	1.070921565	44776.77196	16500.6514	10508.4121	2119.29148	589.1326166	0.8307588747	0.02187199482	0.01001646625
65	1	63886.98421	1330.758332	285564.0992	6601342.975	7116.000738	0.7153599705	1.018384204	42661.33916	16140.18473	10141.20361	2118.585754	560.9541612	0.4435861107	0.01000761188	0.01042979816
65	1	68714.10691	1949.79581	1389826.94	1511964.744	1189.449819	0.9524220072	1.070607821	44723.38279	16494.15487	10503.98099	2107.373949	588.6098995	0.6499319367	0.04870657284	0.01693692429
65	1	66171.29316	501.2839867	700845.1095	3960918.955	8599.970566	0.6560011773	1.005354417	42097.00369	16046.55547	10047.95276	2106.814122	553.6204813	0.1670946622	0.0245611611	0.01726884158
65	1	65770.15792	784.2571887	706349.3613	3779939.517	5014.895582	0.7994041767	1.036901945	43389.08031	16265.33188	10269.65088	2113.611312	570.7306597	0.2614190629	0.02475405795	0.01331930631
65	1	67422.40259	3129.154226	1187701.176	1906649.648	272.9794646	0.9890808214	1.078650407	45076.38236	16552.44445	10561.79594	2115.998278	593.1771608	1.043051409	0.04162306267	0.01192360124
65	1	69048.60793	962.4252046	1543866.555	1192910.108	1813.932412	0.9274427035	1.065096294	44515.06306	16457.78936	10466.20538	2111.279805	585.7720925	0.3208084015	0.05410490087	0.01467120408
65	1	65437.41359	748.318334	712138.0999	3628378.043	4817.147798	0.8073140881	1.038624973	43477.93217	16279.22938	10282.76337	2119.324317	571.8241615	0.2494394447	0.02495692466	0.01000028321
65	1	64872.58989	541.2400524	507083.1838	4919524.194	10308.03448	0.587678621	0.9902840201	41522.5362	15946.60281	9944.394999	2116.06107	545.8187677	0.1804133508	0.01777076219	0.01189686206
65	1	65334.52343	766.4820063	684509.9521	3770920.108	4905.407433	0.8037837027	1.037847806	43446.64786	16273.89803	10277.33185	2119.316332	571.4074017	0.2554940021	0.02398869448	0.01000494525
65	1	66879.54917	334.4835438	1038926.474	2348751.155	8048.931258	0.6780427497	1.010177994	42321.72771	16082.90165	10083.34206	2115.790947	556.4728678	0.1114945146	0.03640924385	0.01205358855
65	1	63901.83784	1251.750691	301797.5611	6426333.933	7109.36699	0.7156253204	1.01844025	42666.12538	16140.83887	10141.73425	2119.32556	561.0062198	0.4172502302	0.01057651458	0.01
65	1	68425.05229	557.5735042	1452013.759	1321022.905	3162.56161	0.8734975356	1.053206153	44052.29299	16377.91359	10383.97769	2115.793872	579.5338654	0.1858578347	0.05088591383	0.01205058177
65	1	67396.82175	1617.400514	1186884.704	1904837.205	996.124709	0.9601550116	1.072281405	44821.47052	16508.9097	10517.36443	2116.370134	589.7745164	0.5391335047	0.04159444937	0.01171264957
65	1	67930.62832	1659.707389	1244678.467	1810000.816	1253.760285	0.9498495886	1.070029116	44713.36666	16491.6003	10500.66575	2111.250874	588.4150503	0.5532357965	0.04361983545	0.01468637123
65	1	66507.96822	906.5654111	998228.2014	2435732.686	2522.155408	0.8991137837	1.058834114	44290.72432	16417.78765	10423.96327	2119.322992	582.6552184	0.3021884704	0.03498297033	0.01
65	1	70964.16943	1336.941344	1952240.163	700073.1849	1399.659756	0.9440136098	1.06876427	44641.2127	16480.65984	10490.65956	2105.029964	587.5520675	0.4456471145	0.06841637976	0.01829899151
65	1	65934.88865	1356.138667	803530.8262	3241014.105	2144.724639	0.9142110145	1.062165702	44416.13787	16439.7153	10446.76968	2116.815452	584.3661635	0.4520462224	0.02815978853	0.01145628183
65	1	71405.92735	1307.957889	2131471.639	533938.8781	1062.156333	0.9575137467	1.071724427	44772.89877	16502.30161	10512.03565	2108.719664	589.2484093	0.4359859629	0.07469755812	0.01615488367
65	1	69937.63864	1039.832868	1914731.686	679444.6134	729.0934154	0.9708362634	1.074623379	44925.75206	16526.04215	10534.28173	2119.317701	591.117439	0.346610956	0.06710189281	0.01
65	1	64688.99307	452.9596324	465475.5857	5199625.367	13545.88732	0.4581645072	0.9617708403	40377.30502	15751.27452	9745.259984	2116.511053	530.550579	0.1509865441	0.01631262128	0.01163561559
65	1	65116.07782	1924.43584	626276.3106	4089374.153	1703.196864	0.9318721255	1.066045662	44580.76526	16467.23153	10474.34984	2119.321529	586.5202313	0.6414786134	0.02194789284	0.01
65	1	65271.90838	1243.80224	667918.5779	3858901.444	2815.752956	0.8873698817	1.056248765	44186.74432	16400.06196	10405.89963	2119.323353	581.2696069	0.4146007466	0.02340724872	0.01
65	1	69203.50692	1368.942872	1645043.634	1014818.931	874.0959918	0.9650361603	1.073360718	44859.79262	16515.76754	10524.62616	2114.882329	590.3087344	0.4563142908	0.05765065799	0.01257607866
65	1	64633.75225	755.9672673	382258.8191	5979046.591	10027.38351	0.5989046596	0.9927671446	41609.81063	15962.28531	9961.052774	2112.38136	547.0400654	0.2519890891	0.01339628444	0.01403462112
65	1	71811.84832	557.2366768	2258799.431	444240.9259	2276.895786	0.9089241686	1.061024087	44346.43501	16429.35273	10437.48692	2109.864442	583.5474401	0.1857455589	0.07915976866	0.01549412995
65	1	65725.18023	1133.465479	788431.0015	3263228.176	2566.379054	0.8973448379	1.05844481	44274.94006	16415.10498	10421.23627	2119.285982	582.4454686	0.3778218265	0.02763061422	0.01002153321
65	1	64228.79385	1151.387104	389169.3144	5689894.849	5873.79513	0.7650481948	1.029320394	43103.71338	16215.43541	10217.75304	2119.325217	566.8374079	0.3837957015	0.01363846319	0.01
65	1	66459.01403	1280.794617	985138.7685	2480559.986	1592.6444	0.936294224	1.067019162	44619.91684	16473.90588	10481.15153	2119.320801	587.0419626	0.4269315391	0.03452425033	0.01000026324
65	1	67616.59129	906.5654111	1294483.172	1612123.433	1769.85816	0.9292056736	1.065458659	44557.15661	16463.20692	10470.2485	2119.321683	586.2056284	0.3021884704	0.04536524446	0.01
65	1	70724.32304	3044.534066	2085048.211	543409.6812	-123.6671174	1.004946685	1.082140287	45219.83485	16576.70147	10586.34935	2116.889193	595.0744539	1.014844689	0.07307064617	0.01139855951
65	1	64133.22311	741.9563704	305337.6782	6525366	12618.07136	0.4952771455	0.9699432049	40703.58974	15807.05025	9802.227949	2115.809997	534.909674	0.2473187901	0.01070057821	0.01204286338
65	0	63991.98946	252.6745807	292519.0258	6585742.248	39626.42852	-0.5850571408	0.7321094049	31143.30866	14176.96041	8140.78287	2117.314133	407.4879425	0.08422486023	0.01025134773	0.01116943829
65	1	67110.42164	860.3394172	1159205.882	1946444.052	2217.826946	0.9112869222	1.061513958	44398.50185	16436.1609	10442.68699	2119.321658	584.0914487	0.2867798057	0.0406244433	0.01000051372
65	1	66378.34504	840.2785969	906016.5077	2825476.302	3391.596101	0.864336156	1.05118915	43971.36529	16364.10528	10369.89569	2115.850806	578.4545448	0.2800928656	0.0317514057	0.0120176414
65	1	66005.46223	695.2880733	530040.503	5250373.012	8752.051446	0.6499179422	1.004039658	42018.0101	16034.75778	10037.33246	2099.183953	552.6887244	0.2317626911	0.01857530289	0.02170169029
65	1	66991.28456	2670.003843	1123660.438	2047884.137	242.6366631	0.9902945335	1.078907717	45097.29493	16555.33454	10564.17388	2119.088186	593.4069349	0.8900012811	0.03937875099	0.01013048522
65	1	64774.03897	400.7274722	509403.9446	4855134.015	13917.86131	0.4432855474	0.9584912337	40249.78002	15729.2554	9722.585999	2117.790009	528.8309495	0.1335758241	0.01785209339	0.01089259974
65	1	65405.17173	1325.137662	702165.8097	3680866.276	2437.948882	0.9024820447	1.059575879	44320.27565	16422.84332	10429.13046	2119.240562	583.050316	0.4417125541	0.02460744512	0.01004781712
65	1	68684.12498	1020.567223	1579757.914	1083452.526	1080.087901	0.956796484	1.071532607	44801.44445	16504.85118	10512.68674	2119.319546	589.460947	0.3401890743	0.05536271583	0.01
65	1	64530.16811	1194.082725	453959.2748	5227324.441	4790.943506	0.8083622598	1.038858761	43484.08567	16280.48597	10284.21839	2118.374956	571.9212025	0.3980275751	0.01590903144	0.01055180687
65	1	67120.32866	490.2470427	1112783.682	2112129.546	4900.289194	0.8039884322	1.037902329	43438.73577	16273.19484	10277.15787	2116.363896	571.3487443	0.1634156809	0.03899757438	0.01172016203
65	1	69603.13692	1172.881145	1733108.068	903508.6121	1097.622968	0.9560950813	1.071396011	44776.90757	16501.88498	10510.68656	2113.753703	589.222128	0.3909603818	0.06073688165	0.01323239681
65	1	71185.80458	1772.110565	2248267.397	426942.7104	-18.32243899	1.000732898	1.081204942	45190.45378	16571.16653	10580.26654	2119.307449	594.6447964	0.5907035217	0.07879067284	0.01000031546
65	1	67986.1517	968.4493372	1393240.008	1404919.301	1439.684118	0.9424126353	1.068366091	44674.09048	16483.14088	10490.56251	2119.320827	587.7638598	0.3228164457	0.04882618404	0.01
