#gen	Feasible	f1	f2	f3	f4	f5	c1	c2	c3	c4	c5	c6	c7	x1	x2	x3
88	1	69028.15952	979.8262975	1671693.528	953212.5402	1051.115498	0.9579553801	1.071787731	44811.70527	16506.60036	10514.46927	2119.319421	589.5976801	0.3266087658	0.05858460523	0.01
88	1	71652.07342	627.4157473	2367132.765	362511.0985	1262.813888	0.9494874445	1.069924676	44735.5893	16493.70047	10501.38711	2118.973698	588.5888672	0.2091385824	0.08295631717	0.01020128679
88	1	68931.22605	1280.223483	1645601.22	988561.77	647.8313572	0.9740867457	1.075338989	44954.49414	16530.94437	10539.27951	2119.305738	591.5006294	0.4267411612	0.05767019865	0.0100066229
88	1	71386.58452	382.7705001	2142998.063	522399.2773	3549.38033	0.8580247868	1.049819316	43895.34509	16352.48297	10359.17551	2109.736341	577.5383923	0.1275901667	0.07510150239	0.0155697935
88	1	66313.87179	1991.69398	946340.26	2618329.661	813.3491162	0.9674660354	1.073881448	44895.90823	16520.95488	10529.09769	2119.317014	590.7197668	0.6638979934	0.03316455415	0.01000069981
88	1	65743.9822	518.9529759	794069.8537	3237005.296	6453.758312	0.7418496675	1.02421338	42898.31462	16180.42066	10182.0707	2119.325393	564.1003154	0.1729843253	0.02782822815	0.01
88	1	69627.3052	819.6518901	1827805.082	767973.143	1237.890125	0.950484395	1.070143811	44744.76334	16495.24135	10502.938	2119.079005	588.7094486	0.2732172967	0.06405554447	0.01014007032
88	1	66523.32726	1265.422706	940744.1479	2695794.943	2000.419521	0.9199832192	1.063440286	44463.2641	16448.01327	10455.44797	2115.606485	585.013303	0.4218075686	0.03296843805	0.01215837
88	1	68820.7753	669.5628272	1616274.687	1029716.328	1983.797272	0.9206481091	1.063574764	44481.3883	16450.29054	10457.08585	2119.322128	585.1959589	0.2231876091	0.05664244845	0.01
88	1	69521.33362	395.0086662	1803483.387	793337.8655	3410.71113	0.8635715548	1.051009709	43976.03496	16364.1419	10369.29472	2119.32393	578.4617468	0.1316695554	0.06320318913	0.01
88	1	65186.19411	542.937503	645013.337	3984016.53	7729.360356	0.6908255858	1.01298074	42446.5496	16103.40733	10103.58905	2119.325694	558.080208	0.1809791677	0.02260453311	0.01
88	1	70409.2808	344.3269722	2038412.975	572377.9432	3483.435433	0.8606625827	1.050369772	43949.81119	16359.70253	10364.79683	2119.181945	578.1145458	0.1147756574	0.07143631139	0.01008251838
88	1	69620.3009	1319.950088	1715778.095	932650.8529	1042.559315	0.9582976274	1.071885121	44792.05409	16504.75614	10513.85543	2112.430523	589.4449135	0.4399833625	0.06012955166	0.01400046775
88	1	63861.66002	623.3949236	290045.4332	6534708.54	15691.44145	0.3723423419	0.942868798	39626.51094	15622.68284	9613.710436	2119.265263	520.5020494	0.2077983079	0.01016466052	0.01003558807
88	1	71890.70432	504.529212	2435107.553	329278.5874	1662.933771	0.9334826492	1.066400506	44594.71924	16469.63058	10476.81168	2119.228659	586.7076482	0.168176404	0.08533849793	0.01005388853
88	1	67470.2271	985.9066648	1255089.951	1703229.163	1640.237276	0.934390509	1.066600123	44603.00716	16471.02686	10478.22064	2119.304444	586.8168895	0.3286355549	0.04398470657	0.01000983472
88	1	70818.60989	1154.651124	2150151.745	489471.3172	433.200022	0.9826719991	1.077228944	45030.54515	16543.90645	10552.48663	2119.315306	592.5138855	0.3848837082	0.07535220364	0.01
88	1	69277.07161	622.5370224	1580759.452	1142689.073	2939.316744	0.8824273302	1.055191101	44111.69862	16389.34566	10396.72459	2109.824941	580.4200489	0.2075123408	0.05539781478	0.01551785644
88	1	65035.95783	795.8133557	604866.0188	4213178.536	5414.862426	0.783405503	1.033361643	43266.24819	16243.14306	10245.98895	2119.325055	569.0033061	0.2652711186	0.02119756781	0.01
88	1	71567.98143	517.2114476	2350404.699	370319.1632	1682.025199	0.932718992	1.066232095	44588.26338	16468.50975	10475.65243	2119.321478	586.6201494	0.1724038159	0.08237008105	0.01
88	1	65526.58069	897.3188049	728654.2764	3554856.862	3816.361554	0.8473455378	1.047439064	43830.91609	16339.49973	10344.26389	2118.88267	576.534925	0.2991062683	0.02553573511	0.01025652419
88	1	64521.00889	1461.212825	397671.868	5760301.179	4655.473797	0.8137810481	1.040062072	43521.3657	16287.55137	10292.01539	2115.127059	572.4694439	0.4870709417	0.01393643572	0.01243862639
88	1	68005.1834	639.7525323	1359915.773	1491419.144	2820.446562	0.8871821375	1.056214853	44177.45016	16398.98423	10405.22718	2117.006205	581.1824655	0.2132508441	0.04765833412	0.01134608218
88	1	64358.66263	386.3701629	394369.7231	5706944.314	18885.49432	0.2445802272	0.9147482516	38489.65014	15429.2556	9416.911189	2117.546918	505.379755	0.1287900543	0.01382071184	0.01103397473
88	1	68955.4371	115.6736924	1652260.07	979370.0025	14799.53717	0.4080185133	0.9507224928	39942.58799	15676.55177	9668.595151	2119.326469	524.7130426	0.03855789745	0.05790355845	0.01
88	1	63871.15415	755.5537933	293598.0248	6500158.217	12645.05927	0.4941976293	0.9696942983	40705.61416	15806.62643	9801.149792	2119.326319	534.8809383	0.2518512644	0.01028916131	0.01
88	1	72905.33717	642.115189	2686655.583	233523.8238	1050.788082	0.9579684767	1.071794695	44807.62324	16506.18318	10514.27837	2118.044531	589.5634767	0.2140383963	0.09415401449	0.01074042607
88	1	66963.04465	510.849328	1118988.402	2059201.302	4442.596423	0.8222961431	1.041923344	43610.41557	16301.82519	10305.79931	2119.273408	573.5904057	0.1702831093	0.03921501918	0.0100297498
88	1	72569.17722	441.0165217	2509638.773	308007.6109	2391.501724	0.904339931	1.060005536	44315.47511	16423.43571	10430.91983	2112.788368	583.0885609	0.1470055072	0.08795044922	0.01379584758
88	1	71124.38061	491.1298776	2231862.202	436810.6587	1948.847782	0.9220460887	1.06388252	44493.76596	16452.40058	10459.23613	2119.32206	585.3609004	0.1637099592	0.07821575177	0.01
88	1	70306.15674	192.568074	1977098.18	630760.0204	7204.633749	0.71181465	1.017608329	42625.21064	16134.3404	10135.51223	2117.147221	560.4955139	0.06418935799	0.0692875305	0.01126554066
88	1	69018.56922	1417.530693	1625783.535	1031564.188	713.3948408	0.9714642064	1.074769988	44922.69898	16526.09347	10534.8146	2116.701399	591.1181832	0.4725102308	0.0569756866	0.01151910525
88	1	68912.81697	490.6506533	1506066.744	1258068.118	3844.059199	0.846237632	1.047219786	43795.7763	16335.191	10341.28636	2111.192196	576.188503	0.1635502178	0.05278020413	0.01472421608
88	1	68863.331	198.6863911	1591868.329	1078634.193	8795.17953	0.6481928188	1.003602307	42061.97194	16038.31952	10037.65695	2117.167645	552.9896173	0.06622879703	0.05578712609	0.01125385721
88	1	70596.3118	555.0383265	2081517.622	540307.4346	1849.763253	0.9260094699	1.064756817	44527.02363	16458.19184	10465.24012	2118.76501	585.8129053	0.1850127755	0.07294691647	0.01032346181
88	1	67565.26836	506.6296075	1184886.16	1941559.066	4605.421706	0.8157831318	1.040507897	43533.86705	16290.02937	10294.83218	2113.540708	572.6611666	0.1688765358	0.04152441028	0.01336019408
88	1	72520.49682	717.9290844	2601177.834	261473.8671	844.2308134	0.9662307675	1.073610234	44884.22701	16519.01296	10527.16027	2119.091161	590.5676854	0.2393096948	0.09115844139	0.01013196267
88	1	65728.98072	626.276507	788822.7955	3262153.578	5261.844695	0.7895262122	1.034709319	43320.19466	16252.35576	10255.39103	2119.2503	569.7233666	0.2087588357	0.02764434466	0.01004339439
88	1	72469.19592	671.4458983	2581000.421	269531.8307	995.8179102	0.9601672836	1.072276645	44829.25595	16509.72725	10517.76924	2118.701632	589.841337	0.2238152994	0.09045132267	0.01035864757
88	0	71149.58501	30	2231862.202	437832.588	43692.54187	-0.7477016747	0.6962990616	29708.55306	13932.0233	7890.880562	2118.920788	388.3432932	0.01	0.07821575177	0.01023603962
88	1	64790.77234	292.6471568	532253.5382	4673134.815	18363.62738	0.2654549049	0.9193393559	38678.9268	15461.22635	9449.243018	2118.898835	507.8805882	0.09754905227	0.01865285884	0.01024854265
88	1	68852.97099	622.5370224	1580759.452	1098630.491	2448.810606	0.9020475758	1.05948849	44307.93381	16421.30335	10428.03513	2116.661286	582.926714	0.2075123408	0.05539781478	0.01154614681
88	1	67144.67931	558.7449664	1073135.024	2268100.063	4608.3425	0.8156663	1.040482054	43532.96019	16289.86631	10294.65889	2113.579437	572.6484684	0.1862483221	0.03760808467	0.01333769599
88	1	69938.95963	193.210391	1887298.044	712751.1808	7513.159991	0.6994736004	1.014889914	42517.59769	16115.88558	10116.61326	2117.649487	559.0535339	0.06440346365	0.06614047909	0.0109737848
88	1	69612.34844	587.0308002	1827805.082	766908.9356	2007.416331	0.9197033468	1.06336678	44473.02342	16448.86456	10455.63269	2119.322173	585.0844906	0.1956769334	0.06405554447	0.01
88	1	72118.55448	577.1945208	2493767.643	303675.948	1317.966897	0.9472813241	1.06943863	44716.44945	16490.41157	10498.01357	2119.093246	588.3319238	0.1923981736	0.08739424445	0.01013196267
88	1	71654.78014	578.8755306	2373599.731	358544.7941	1399.993221	0.9440002712	1.068715599	44688.14734	16485.53718	10493.0045	2119.320707	587.951178	0.1929585102	0.0831829524	0.01
88	1	67063.47024	350.7264162	1143783.955	1990697.473	6662.944345	0.7334822262	1.022371897	42823.65546	16167.73147	10169.17162	2119.151125	563.1081881	0.1169088054	0.04008398089	0.01010127542
88	1	71234.40991	1226.728951	2261083.88	419412.8239	308.2512864	0.9876699485	1.078329247	45074.76077	16551.44637	10560.17231	2119.302957	593.103265	0.4089096503	0.07923982732	0.01000635068
88	1	69998.73282	1647.25319	1930447.975	664871.5342	173.1110788	0.9930755568	1.079519341	45122.53664	16559.59648	10568.48256	2119.275127	593.7403239	0.5490843965	0.06765267115	0.01002136967
88	1	68705.62902	245.9579045	1585504.391	1074814.024	6863.180897	0.7254727641	1.020608105	42753.31422	16155.70214	10156.8809	2119.3255	562.1680765	0.08198596817	0.05556410148	0.01
88	1	64718.50839	589.8525636	451849.1647	5338970.541	10691.34662	0.572346135	0.9869113823	41383.98956	15923.16992	9920.671215	2115.213038	543.9859667	0.1966175212	0.0158350825	0.01238956578
88	1	72074.35171	392.050312	2231862.202	477027.973	3733.412832	0.8506634867	1.048217104	43811.30708	16339.40899	10346.90467	2104.009956	576.509248	0.1306834373	0.07821575177	0.01889649563
88	1	67461.91661	214.6044207	1236534.259	1757763.27	10516.88179	0.5793247283	0.9884377174	41456.0244	15934.7696	9931.920323	2118.323831	544.8965974	0.07153480689	0.04333442118	0.0105822923
88	1	68232.36817	1299.102849	1444645.075	1314377.711	882.3401426	0.9647063943	1.073276705	44868.61908	16516.4924	10524.70945	2118.450179	590.3698532	0.4330342829	0.05062767784	0.0105043277
88	1	69384.28207	1196.406695	1754988.814	852286.368	703.135803	0.9718745679	1.074854248	44932.58654	16527.36382	10535.76021	2118.601119	591.2198588	0.3988022317	0.06150369377	0.01041600519
88	1	65496.94	995.3998097	727746.76	3550703.555	3342.822508	0.8662870997	1.051607579	44000.01737	16368.23427	10373.46852	2119.305381	578.7816233	0.3317999366	0.02550393114	0.01001074257
88	1	68485.39971	103.4235078	1497322.437	1227727.46	18571.38084	0.2571447665	0.9175142246	38600.93052	15448.22351	9436.238811	2117.557378	506.8624836	0.03447450261	0.05247375934	0.01102789096
88	1	67078.4132	1299.102849	1077507.987	2237121.133	1676.765399	0.9329293841	1.06629254	44575.58987	16467.3143	10475.24527	2114.907508	586.5211866	0.4330342829	0.03776133541	0.01256386199
88	1	66033.16405	305.0810066	871347.3002	2906640.479	10425.32646	0.5829869416	0.9892407224	41491.7509	15940.6408	9937.719252	2119.326105	545.3567996	0.1016936689	0.03053642114	0.01
88	1	68919.16573	1271.497078	1642567.35	992683.4876	659.3301411	0.9736267944	1.075237697	44950.4593	16530.25405	10538.57393	2119.317226	591.4466815	0.4238323593	0.05756387646	0.01
88	1	71618.91509	623.7270045	2363834.378	363478.4508	1253.396184	0.9498641526	1.070006532	44740.02989	16494.3841	10502.0221	2119.309287	588.6427251	0.2079090015	0.08284072498	0.01000635068
88	1	64945.70928	228.3500362	540351.8203	4674414.789	23518.41549	0.05926338056	0.8739539848	36846.69837	15149.32187	9131.76107	2116.889968	483.4966022	0.07611667875	0.01893666365	0.01141572488
88	1	69813.28137	623.230096	1827805.082	781329.7654	2078.780016	0.9168487994	1.062748739	44437.08049	16443.44557	10450.70567	2116.082887	584.6568426	0.2077433653	0.06405554447	0.01188174034
88	1	64709.44561	638.2299715	417284.9022	5665153.496	10838.87043	0.5664451829	0.9856185313	41325.35625	15913.59857	9911.273719	2113.274153	543.2353538	0.2127433238	0.01462377574	0.01351599952
88	1	64822.66285	1203.79871	540853.5836	4617358.684	3834.299227	0.8466280309	1.047281051	43824.62407	16338.42309	10343.16332	2118.901128	576.4507868	0.4012662368	0.01895424798	0.01024580864
88	1	65235.39647	551.8415553	658161.5776	3911709.329	7425.34679	0.7029861284	1.01565781	42554.21852	16121.76188	10122.29354	2119.325631	559.514977	0.1839471851	0.02306531403	0.01
88	1	66132.6359	1162.72231	869984.83	2940533.481	2296.717174	0.908131313	1.060824664	44365.01278	16430.82036	10437.55427	2117.636837	583.6718753	0.3875741034	0.03048867329	0.01097930346
88	1	71038.06946	853.6578172	1874691.205	806715.1499	2539.846471	0.8984061412	1.058742855	44218.07372	16409.80988	10419.53747	2099.165759	582.0064144	0.2845526057	0.06569867161	0.02170877469
88	1	71646.03116	724.2804757	2365480.455	363351.2107	996.3151098	0.9601473956	1.072271406	44829.96457	16509.78932	10517.78312	2118.970316	589.8465243	0.2414268252	0.08289841185	0.01020260621
88	1	67153.5671	342.1190087	1140385.633	2019300.803	6991.076227	0.7203569509	1.019487754	42701.98575	16147.3526	10148.70881	2117.493858	561.5131069	0.1140396696	0.03996488648	0.01106412847
88	1	69238.25587	720.4202837	1342756.745	1722724.896	3976.800464	0.8409279814	1.046099234	43699.03628	16322.00088	10330.61944	2096.093998	575.1385697	0.2401400946	0.04705699488	0.02349516623
88	1	65257.51712	807.5426213	661721.6	3895534.665	4812.012609	0.8075194956	1.038670645	43479.28527	16279.49095	10283.05591	2119.182967	571.844432	0.2691808738	0.02319007524	0.01008239904
88	1	70982.38875	202.3867336	2193918.022	460520.6214	5934.567702	0.7626172919	1.028785246	43082.19027	16211.76632	10214.01399	2119.325237	566.5505963	0.06746224454	0.07688599557	0.01
88	1	66372.08123	692.9330441	937185.2024	2674769.147	3922.741062	0.8430903575	1.046505675	43789.78156	16332.7171	10337.54496	2117.832469	576.0034163	0.2309776814	0.03284371458	0.01086667183
88	1	69193.8344	432.233274	1584374.472	1126794.645	4148.372405	0.8340651038	1.044539458	43688.63947	16316.88479	10322.59552	2111.386216	574.7577547	0.144077758	0.05552450337	0.01461164991
88	1	71404.37796	445.9944242	2213042.888	463221.2388	2654.198214	0.8938320714	1.057689462	44225.35401	16407.87906	10414.90393	2113.673926	581.8736081	0.1486648081	0.0775562277	0.01328170404
88	1	68433.55272	193.2211891	1512798.025	1189378.158	9411.853384	0.6235258646	0.9981651184	41850.68078	16001.82833	10000.07337	2119.325976	550.1398092	0.06440706302	0.05301610228	0.01
88	1	68540.75157	574.2639159	1512483.693	1201915.275	2785.237301	0.888590508	1.056523072	44191.79732	16401.30537	10407.48782	2117.576202	581.3646211	0.1914213053	0.05300508648	0.01101493488
88	1	64783.60727	294.1076639	532253.5382	4670031.483	18260.50212	0.2695799152	0.9202470819	38715.8299	15467.49204	9455.606944	2119.014329	508.3705197	0.09803588797	0.01865285884	0.01018144165
88	1	72338.49288	697.3327483	2552541.311	279803.3479	922.5279801	0.9630988808	1.072920769	44856.49742	16514.28584	10522.34302	2119.091587	590.1981679	0.2324442494	0.08945397136	0.01013196267
88	1	64732.88482	733.9806481	397671.868	5874574.055	9972.759973	0.6010896011	0.9932502856	41626.95488	15965.35405	9964.302841	2111.713107	547.2791131	0.244660216	0.01393643572	0.01442284808
88	1	68270.673	1408.003493	1444977.454	1318291.232	802.2732036	0.9679090719	1.073983667	44895.00762	16521.12155	10529.53666	2117.852	590.7309658	0.4693344978	0.05063932608	0.01085140488
88	1	72484.62503	726.3541326	2581000.421	269917.669	883.9033958	0.9646438642	1.073262933	44868.07216	16516.39872	10524.61361	2118.452231	590.3625328	0.2421180442	0.09045132267	0.01050314143
88	1	64878.41402	947.9031688	555751.8485	4522518.055	4912.182332	0.8035127067	1.037789476	43442.88285	16273.34686	10276.84637	2118.901733	571.3637989	0.3159677229	0.01947635861	0.01024580864
88	1	63999.76367	485.9858824	285346.8965	6673251.6	20870.69898	0.1651720408	0.8972695578	37783.9676	15309.12942	9294.64011	2116.755865	495.9885408	0.1619952941	0.01	0.01149359167
88	1	69418.71113	679.972614	1774406.44	826606.035	1707.654044	0.9316938382	1.066006733	44578.8582	16466.92824	10474.0591	2119.221789	586.4963985	0.226657538	0.06218418571	0.01005794204
88	1	68546.11511	188.1966567	1512483.693	1202513.105	9817.277445	0.6073089022	0.9946009232	41701.05734	15976.72263	9974.825973	2117.492588	548.1750137	0.06273221892	0.05300508648	0.01106516453
88	1	72450.73488	720.093941	2564072.072	277114.2885	942.3355102	0.9623065796	1.072749914	44845.81383	16512.70814	10520.93993	2117.977519	590.0734474	0.2400313137	0.08985806763	0.01077901459
88	1	64626.90972	623.3949236	495556.9671	4906149.304	8864.247939	0.6454300824	1.002987198	42044.61978	16034.88952	10033.76489	2119.325895	552.7241917	0.2077983079	0.0173668252	0.01
88	1	68513.97456	335.0878232	1477257.585	1274720.24	5491.280296	0.7803487881	1.03269974	43227.85233	16237.34993	10240.71765	2115.88476	568.5461598	0.1116959411	0.05177058533	0.0119986689
88	1	66863.60953	485.6317801	1093216.586	2133879.812	4838.408748	0.8064636501	1.038437763	43470.39432	16277.94492	10281.45488	2119.321865	571.723753	0.16187726	0.03831184425	0.01000171313
88	1	68672.48766	109.1544115	1531083.884	1177938.628	17231.75147	0.3107299411	0.9293138082	39072.1458	15528.7667	9518.497592	2116.578077	513.1572956	0.03638480383	0.05365693137	0.01159680074
88	1	72258.48488	623.3949236	2534926.456	286379.7756	1117.437612	0.9553024955	1.071203715	44788.21675	16502.59622	10510.38879	2119.319702	589.2846779	0.2077983079	0.08883665767	0.01
88	1	65200.45601	541.0894787	645013.337	3989287.974	7774.866825	0.689005327	1.012580758	42429.67585	16100.5811	10100.75119	2119.095803	557.8589951	0.1803631596	0.02260453311	0.01013356299
88	1	70156.31065	1025.091264	1973166.938	626327.2526	705.695808	0.9717721677	1.074829412	44934.03851	16527.45476	10535.72128	2119.317547	591.2278622	0.3416970881	0.06914975991	0.01
88	0	69819.52471	30	1882843.306	710387.3064	51900.39975	-1.07601599	0.6240214347	26802.94597	13436.61383	7385.954661	2119.307517	349.6177742	0.01	0.0659843625	0.01001139129
88	1	64878.41402	1232.773499	555751.8485	4522518.055	3607.309299	0.855707628	1.049279868	43905.01443	16352.1274	10357.12892	2118.900962	577.5220486	0.4109244998	0.01947635861	0.01024580864
88	1	66356.38681	519.5262758	956420.2338	2582968.391	5227.40675	0.79090373	1.035012583	43332.37863	16254.43362	10257.5092	2119.246489	569.8857874	0.1731754253	0.03351780747	0.01004560035
88	0	69814.06309	30	1865584.855	731672.8176	52455.97115	-1.098238846	0.6191322601	26603.04659	13402.74497	7351.615217	2118.354501	346.9690649	0.01	0.06537953899	0.01056506664
88	1	68814.54342	668.8631044	1504726.311	1249568.561	2666.240899	0.893350364	1.057586553	44217.86206	16406.81611	10414.00078	2112.694169	581.7892942	0.2229543681	0.05273322856	0.01385085816
88	0	67608.38461	32.41327882	1292290.118	1617056.024	70252.6388	-1.810105552	0.462416044	20303.41326	12328.62062	6256.8331	2119.327196	263.0063183	0.01080442627	0.04528838875	0.01
88	1	67465.00962	388.3180982	1253976.327	1705707.395	5344.029852	0.7862388059	1.033985377	43291.33414	16247.41952	10250.34694	2119.325028	569.3375951	0.1294393661	0.04394567952	0.01
88	1	72849.49291	719.944899	2692860.267	229823.2422	769.3913434	0.9692243463	1.074268525	44911.48021	16523.6092	10531.8024	2119.317956	590.927256	0.239981633	0.09437145805	0.01
88	1	66037.75391	558.7449664	872573.839	2901678.377	5336.454897	0.7865418041	1.034052081	43294.01687	16247.87685	10250.81299	2119.325025	569.3733445	0.1862483221	0.03057940527	0.01
88	1	68095.08648	1312.938727	1421520.21	1351036.956	832.458876	0.966701645	1.073713328	44888.97936	16519.78439	10527.91386	2119.268229	590.6282088	0.4376462423	0.0498172655	0.01002909469
88	1	72431.63133	717.9290844	2577430.499	270268.352	858.9074163	0.9656437033	1.073480996	44879.02917	16518.12688	10526.25729	2119.091244	590.4984203	0.2393096948	0.09032621453	0.01013196267
88	1	64256.29622	638.1104718	384023.1933	5755729.536	11428.44422	0.5428622312	0.980409926	41134.00565	15879.82005	9875.877435	2118.572456	540.6015185	0.2127034906	0.01345811705	0.01043790632
88	1	68270.10462	226.6875646	1427609.263	1358667.054	8606.707239	0.6557317105	1.005263055	42127.58195	16049.57981	10049.19548	2116.821818	553.8693987	0.07556252152	0.05003065675	0.01145475131
88	1	66253.21873	1952.118767	762095.5301	3587647.583	1961.915531	0.9215233788	1.063799905	44455.74596	16448.13603	10456.75343	2109.182704	585.0148743	0.6507062556	0.02670768596	0.01588955106
88	1	64630.4844	620.4343741	496512.2208	4899624.995	8891.581796	0.6443367282	1.002746503	42034.93926	16033.23926	10032.08317	2119.325899	552.5951917	0.206811458	0.01740030212	0.01
88	1	72307.45394	504.529212	2432233.736	343966.0482	2160.236832	0.9135905267	1.06204344	44395.89617	16437.24373	10445.07388	2112.337463	584.1673668	0.168176404	0.08523778482	0.01405746899
88	1	70013.05208	875.7841604	1934884.257	660635.5703	990.4850682	0.9603805973	1.072321628	44833.17804	16510.26087	10518.19957	2119.319145	589.8838208	0.2919280535	0.06780814093	0.01
88	1	71587.10975	475.0740539	2355252.556	367860.3872	1894.725788	0.9242109685	1.064359156	44512.8813	16455.66269	10462.56336	2119.306039	585.6158788	0.158358018	0.0825399745	0.01000924354
88	1	65955.80019	976.5855419	850673.5212	2991567.109	2815.766583	0.8873693367	1.056248645	44186.73949	16400.06114	10405.89879	2119.323353	581.2695426	0.325528514	0.02981190725	0.01
88	1	65681.74052	573.0485095	777437.1445	3312882.516	5912.171688	0.7635131325	1.028982459	43090.122	16213.11846	10215.39191	2119.32523	566.6562926	0.1910161698	0.0272453338	0.01
88	1	72636.96612	261.0796901	2564072.072	281940.54	3990.311528	0.8403875389	1.045919794	43756.45963	16327.66011	10332.91555	2114.981274	575.6045498	0.08702656335	0.08985806763	0.01252307343
88	1	69574.44938	671.7936818	1771041.154	843553.0762	1937.101687	0.9225159325	1.06399496	44488.65955	16452.14525	10459.49296	2116.508428	585.3374261	0.2239312273	0.06206624903	0.01163437007
88	1	69116.83355	1332.411371	1694559.49	923594.1189	556.1036381	0.9777558545	1.076146845	44986.85286	16536.46909	10544.91667	2119.266322	591.9324465	0.4441371236	0.05938594431	0.01002909469
88	1	72454.7703	399.2096882	2587379.391	266200.4814	2114.97044	0.9154011824	1.062419685	44434.93224	16442.37107	10449.0154	2119.322368	584.5768971	0.1330698961	0.09067487407	0.01
88	1	66817.12656	551.9710899	1080843.923	2170940.537	4221.202366	0.8311519054	1.043872722	43688.99278	16315.20922	10319.4291	2119.324494	574.6366946	0.1839903633	0.0378782435	0.01
88	1	67674.42921	869.0276096	1309939.075	1577784.268	1848.151236	0.9260739505	1.064769229	44529.42847	16458.48004	10465.4315	2119.321855	585.8361301	0.2896758699	0.04590689758	0.01
88	1	69080.07937	2223.114617	1674454.202	953222.2089	82.22491237	0.9967110035	1.080321691	45152.63764	16564.86641	10573.96942	2118.638866	594.1514814	0.7410382055	0.0586813532	0.01038948233
88	1	72049.69044	192.9352492	2336031.295	397039.5069	6454.572499	0.7418171	1.024233847	42869.59315	16177.41205	10180.5912	2110.693206	563.8543467	0.06431174972	0.0818663642	0.01501493004
88	1	73134.51615	787.773568	2769009.734	206693.4836	598.7863087	0.9760485477	1.075770835	44971.89808	16533.90898	10542.29874	2119.315768	591.7323853	0.2625911893	0.09704012094	0.01000058472
88	1	72372.36578	559.2521909	2564072.072	275108.1047	1315.057958	0.9473976817	1.069463767	44717.97224	16490.63846	10498.21731	2119.242809	588.3498468	0.186417397	0.08985806763	0.01004508666
88	1	65891.47779	376.1264364	833484.7855	3064063.526	8723.939578	0.6510424169	1.004222719	42094.31114	16043.36051	10042.39739	2119.325873	553.3863665	0.1253754788	0.02920952692	0.01
88	1	66172.43952	849.7660181	908551.8796	2759846.827	3088.069231	0.8764772308	1.053850817	44090.29853	16383.62083	10389.14519	2119.322812	579.9844076	0.2832553394	0.03184025797	0.01000048033
88	1	70661.21798	470.7702957	2106771.774	520200.3811	2240.034181	0.9103986327	1.061318659	44390.37751	16434.79315	10441.30764	2119.242916	583.9844339	0.1569234319	0.07383194981	0.01004627594
88	1	68062.92329	719.0963225	1413755.517	1365336.494	2161.091056	0.9135563578	1.062013558	44418.59824	16439.58658	10446.17782	2119.322448	584.3592343	0.2396987742	0.04954515134	0.01
88	1	71404.37796	445.9944242	2213042.888	463221.2388	2654.198214	0.8938320714	1.057689462	44225.35401	16407.87906	10414.90393	2113.673926	581.8736081	0.1486648081	0.0775562277	0.01328170404
88	1	68488.74952	875.7841604	1511870.314	1197411.707	1549.515915	0.9380193634	1.067401967	44632.07754	16476.18565	10483.64849	2118.375237	587.2189899	0.2919280535	0.05298359061	0.01054943064
88	1	65237.88004	480.6025793	555751.8485	4675781.643	10818.46707	0.5672613174	0.9857987285	41332.03676	15914.77362	9912.501615	2113.108539	543.3270006	0.1602008598	0.01947635861	0.01361221415
88	1	67390.76182	164.677338	1127093.402	2112497.342	15725.40347	0.3709838613	0.9425902133	39593.41613	15618.43968	9610.56183	2112.869553	520.1623703	0.05489244602	0.03949905941	0.01375128823
88	1	66007.85423	1338.769246	844951.9776	3036115.498	1949.699687	0.9220120125	1.06387881	44489.5635	16451.94314	10458.98761	2118.137665	585.3236626	0.4462564152	0.02961139539	0.01068799884
88	1	67900.39132	878.347386	1236492.834	1830825.231	2553.218685	0.8978712526	1.058586424	44253.13176	16413.14449	10420.71529	2111.249284	582.2821761	0.292782462	0.04333296942	0.01469006722
88	1	64809.29091	483.9627286	502658.2693	4928538.194	11643.45797	0.5342616813	0.9785221953	41052.06669	15866.23613	9862.357593	2116.81466	539.5374712	0.1613209095	0.01761569078	0.01145913739
88	1	68627.3813	1273.340952	1534202.073	1166675.673	889.2667085	0.9644293317	1.073218802	44862.98656	16515.74329	10524.12346	2117.484567	590.310089	0.4244469839	0.05376620851	0.01106510179
88	1	68632.56706	225.1077903	1536620.151	1162335.992	7961.947799	0.681522088	1.010938303	42358.34315	16088.75788	10088.98579	2117.554668	556.9328515	0.0750359301	0.05385095018	0.01102892485
88	1	69657.64418	1320.407238	1725746.717	919792.2851	1034.565489	0.9586173804	1.071955514	44794.88307	16505.23854	10514.34715	2112.429819	589.4826219	0.4401357459	0.06047890264	0.01400083723
88	1	69481.59565	285.3269087	1792864.295	805160.812	5050.125175	0.797994993	1.03657343	43395.42291	16265.16375	10268.42948	2119.324908	570.724656	0.09510896955	0.06283104239	0.01
88	1	64942.29925	550.6515487	508862.9009	4936112.817	10158.44456	0.5936622177	0.9916045263	41572.16699	15955.28572	9953.430247	2115.044709	546.496238	0.1835505162	0.01783313248	0.01248732109
88	1	69424.66752	979.8262975	1734471.583	886575.7679	1172.267952	0.9531092819	1.070729231	44760.2185	16498.39288	10506.58402	2116.714436	588.9528492	0.3266087658	0.06078466611	0.01151324337
88	1	65192.50604	563.1640259	555698.4847	4656585.279	9134.363678	0.6346254529	1.0006262	41930.87452	16016.69951	10016.23696	2113.836509	551.295425	0.187721342	0.01947448848	0.01318915593
88	1	64648.53629	783.8223441	401331.9625	5791809.572	9124.268255	0.6350292698	1.000716836	41932.66111	16017.12283	10016.76816	2113.293446	551.327837	0.2612741147	0.01406470396	0.01350465447
88	1	73320.76236	641.6513127	2715220.239	230926.0554	1390.723714	0.9443710515	1.068817228	44670.85013	16483.95475	10492.5402	2113.071015	587.8196722	0.2138837709	0.09515506467	0.01362983985
88	1	67351.48905	266.2841642	1116598.622	2143608.198	9703.046739	0.6118781305	0.9956216135	41726.28359	15982.03405	9981.088411	2112.869009	548.5844279	0.08876138807	0.03913126918	0.01375128823
88	1	69251.91604	518.3503589	1725746.717	885835.5486	2585.283748	0.8965886501	1.05827933	44267.22623	16413.85761	10420.02195	2118.976749	582.3475754	0.172783453	0.06047890264	0.0102011862
88	1	68711.01762	1006.647991	1380044.418	1537480.45	2271.781485	0.9091287406	1.061078803	44338.28638	16428.62483	10437.30087	2106.840083	583.4867617	0.3355493302	0.04836374374	0.01725082213
88	1	68986.50916	226.6875646	1569550.815	1134223.298	7989.675742	0.6804129703	1.010706044	42336.27303	16085.80879	10086.66398	2113.835637	556.6976747	0.07556252152	0.05500500737	0.01318954148
88	1	71652.76426	2262.262581	2268064.353	430736.6697	269.1959328	0.9892321627	1.078693401	45067.76626	16551.6366	10561.52821	2112.968831	593.1102346	0.7540875269	0.07948445841	0.01367961525
88	1	68312.93532	562.1217165	1372251.772	1501998.326	3560.216183	0.8575913527	1.049714122	43901.5651	16352.87561	10359.01446	2112.789966	577.5729003	0.1873739055	0.04809064999	0.01379586828
88	1	66694.58477	2059.525001	1048097.345	2272266.599	613.0993502	0.975476026	1.075644794	44966.83231	16533.04519	10541.41829	2119.316885	591.6648642	0.6865083337	0.03673063761	0.01
88	1	72227.47193	788.2328625	2504339.851	301166.6602	838.4708104	0.9664611676	1.073664535	44882.58444	16518.97742	10527.32953	2117.972666	590.5635103	0.2627442875	0.08776474816	0.01078147274
88	1	66964.39187	2284.149897	1120197.318	2055131.008	397.5993811	0.9840960248	1.077542434	45043.15341	16546.05581	10554.67696	2119.314936	592.6819	0.7613832988	0.03925738574	0.01
88	1	70459.22421	984.8860034	1880946.375	756286.1781	1590.263205	0.9363894718	1.067073571	44586.35417	16470.46851	10479.56835	2108.872624	586.7602115	0.3282953345	0.06591788445	0.01606866618
88	1	68470.16223	326.7084705	1493221.055	1234774.667	5459.753459	0.7816098617	1.032972014	43244.51597	16239.82561	10242.93375	2117.553976	568.7417687	0.1089028235	0.05233002613	0.01102892485
88	1	66052.63617	562.2080515	875629.2743	2890277.999	5281.700227	0.7887319909	1.034534415	43313.22559	16251.16355	10254.17258	2119.269414	569.6301958	0.1874026838	0.03068648319	0.01003229474
88	1	65419.47605	335.0878232	707211.4872	3653533.994	11788.43042	0.5284627834	0.9772375897	41008.96829	15858.34171	9853.852625	2119.317723	538.9234944	0.1116959411	0.02478427121	0.01000495125
88	1	64245.41239	888.7866168	285346.8965	6826978.788	11433.04542	0.5426781833	0.9803879042	41113.34753	15877.56167	9874.637729	2112.795539	540.417763	0.2962622056	0.01	0.01379409612
88	1	72249.29532	1154.651124	2532470.752	287361.1289	252.3115983	0.9899075361	1.078821803	45094.60828	16554.82743	10563.61582	2119.313156	593.3675748	0.3848837082	0.08875059737	0.01
88	1	69285.55602	623.6742848	1671052.517	977323.2208	2389.784813	0.9044086075	1.060013144	44323.81017	16424.34363	10431.41392	2115.13452	583.1624642	0.2078914283	0.05856214093	0.0124329869
88	1	65235.39647	545.7719522	658161.5776	3911709.329	7516.432735	0.6993426906	1.014855729	42521.95968	16116.26265	10116.68946	2119.32565	559.0851038	0.1819239841	0.02306531403	0.01
88	1	69776.78041	1154.651124	1871745.885	721373.2692	611.4218149	0.9755431274	1.075659566	44967.42643	16533.14647	10541.5215	2119.316872	591.6727812	0.3848837082	0.06559545271	0.01
88	1	71511.08074	202.3867336	2205356.443	474125.4277	6461.787511	0.7415284995	1.024167753	42869.67193	16177.25061	10180.27971	2111.492891	563.8427265	0.06746224454	0.07728685574	0.01455034939
88	1	69455.95307	1319.950088	1671849.233	991510.2515	1077.118003	0.9569152799	1.071580807	44779.81275	16502.66947	10511.7291	2112.430169	589.2817985	0.4399833625	0.05859006189	0.01400083723
88	1	64489.85477	620.4644005	458932.0654	5162956.485	9681.816003	0.6127273599	0.9957878936	41755.07128	15985.52958	9983.463866	2119.326013	548.865741	0.2068214668	0.0160833032	0.01
88	1	71751.62563	676.8816461	2377180.463	359531.6001	1180.24545	0.952790182	1.070654951	44761.54212	16498.34309	10506.30178	2117.974444	588.9505307	0.2256272154	0.08330843939	0.01078147274
88	1	67810.91896	889.7059356	1346132.31	1500352.673	1720.005197	0.9311997921	1.065897706	44574.75669	16466.21094	10473.31291	2119.304638	586.4404309	0.2965686452	0.04717529176	0.01000983472
88	1	72221.37723	623.3949236	2521690.625	292045.2073	1141.685731	0.9543325708	1.070990833	44778.96948	16501.06361	10508.86376	2119.119496	589.1646239	0.2077983079	0.08837280713	0.01011633679
88	1	66857.87502	483.136226	1091733.047	2138258.049	4874.79292	0.8050082832	1.038117363	43457.51828	16275.74927	10279.21683	2119.324831	571.5521233	0.1610454087	0.03825985354	0.01
88	1	65206.3882	335.0878232	650409.7597	3954179.217	12884.08447	0.4846366213	0.9675895008	40620.96141	15792.1955	9786.443723	2119.326338	533.7528769	0.1116959411	0.02279365109	0.01
88	1	68116.10002	102.404498	1427092.096	1340611.22	19594.11321	0.2162354715	0.9085027977	38244.37561	15387.06548	9373.59927	2119.273984	502.0839248	0.03413483266	0.0500125326	0.01003061973
88	1	73171.33706	797.1159827	2599549.157	278525.6089	1446.682455	0.9421327018	1.068339096	44635.98265	16479.00989	10488.34076	2108.500616	587.4274252	0.2657053276	0.0911013643	0.01628416975
88	1	66230.01292	845.6809646	880562.5912	2913089.003	3417.471022	0.8633011591	1.050958563	43965.01987	16362.83646	10368.44542	2116.706523	578.3564305	0.2818936549	0.03085937159	0.01152054266
88	1	71593.20934	497.8542728	2357146.3	366857.654	1769.897714	0.9292040914	1.065458311	44557.1426	16463.20453	10470.24606	2119.321683	586.2054417	0.1659514243	0.08260634087	0.01
88	1	69846.17925	900.7743203	1886294.326	707881.5885	1003.047181	0.9598781127	1.072211781	44827.93491	16509.41978	10517.38675	2119.078026	589.8177721	0.3002581068	0.06610530373	0.01014007032
88	1	70350.92244	470.9653874	2009685.434	598468.8367	2444.941023	0.9022023591	1.059517035	44314.9932	16422.12911	10428.5592	2118.388576	582.9934213	0.1569884625	0.07042955288	0.01054274979
88	1	69544.76462	395.0086662	1809744.803	786448.1377	3396.263864	0.8641494454	1.051136928	43981.15157	16365.01414	10370.18359	2119.323918	578.5299295	0.1316695554	0.06342262086	0.01
88	1	68435.81838	667.3946736	1513143.61	1188912.898	2181.809906	0.9127276037	1.061831163	44411.20886	16438.33033	10444.90049	2119.306805	584.2610136	0.2224648912	0.05302821334	0.01000910694
88	1	64798.1453	484.3198801	493553.3342	5002068.633	11886.37357	0.5245450574	0.9763843232	40964.81881	15851.44362	9847.35097	2116.445119	538.3806833	0.16143996	0.01729660775	0.0116738416
88	1	65260.68299	638.5644311	285613.4023	7497337.658	17187.10747	0.3125157012	0.9297713865	39021.64421	15524.5599	9517.910613	2096.446176	512.803295	0.2128548104	0.01000933971	0.02329278307
88	1	65269.6549	214.3091732	667316.3843	3862139.96	20035.6386	0.1985744562	0.9046146645	38088.17935	15360.42685	9346.443069	2119.326703	500.0016574	0.07143639105	0.02338614481	0.01
88	1	64799.42527	1428.183527	384041.9514	6052785.919	5340.75822	0.7863696712	1.034044626	43261.17534	16244.35737	10248.97382	2109.81707	569.086347	0.4760611758	0.01345877443	0.01552366183
88	1	67108.30914	1398.215217	1017425.122	2490553.612	1937.3466	0.922506136	1.064011072	44469.77735	16450.17414	10458.533	2110.801187	585.1762148	0.4660717391	0.03565572762	0.01494944574
88	1	72613.44014	505.4865887	2619546.495	255440.683	1525.829419	0.9389668232	1.067609493	44641.54799	16477.72829	10485.16018	2118.703624	587.3399877	0.1684955296	0.09180217226	0.01035864757
88	1	72061.28245	623.3949236	2482228.474	308193.9462	1157.401969	0.9537039213	1.070851798	44774.06304	16500.18341	10507.92997	2119.319862	589.0960691	0.2077983079	0.08698985355	0.01
88	1	68511.01884	286.7094213	1497387.321	1230508.15	6320.3348	0.747186608	1.025395249	42938.39243	16187.72915	10189.91888	2117.146984	564.668896	0.09556980711	0.05247603317	0.01126554066
88	1	71586.75808	2262.262581	2250425.664	441451.5827	273.7400805	0.9890503968	1.078653387	45066.15692	16551.36226	10561.24863	2112.969026	593.0887889	0.7540875269	0.07886630946	0.01367961525
88	1	65186.19417	323.0121813	645013.337	3984016.552	13512.81084	0.4594875662	0.9620530901	40398.29276	15754.23671	9747.76122	2119.326384	530.7856502	0.1076707271	0.02260453311	0.01000000057
88	1	72367.55141	232.058944	2564072.072	274985.3354	4234.43213	0.8306227148	1.043756224	43684.30735	16314.41048	10318.61514	2119.324502	574.5742577	0.07735298135	0.08985806763	0.01
88	1	65973.43184	631.513279	728654.2764	3705225.087	6248.152579	0.7500738968	1.026048369	42945.95082	16190.21299	10193.45472	2111.680539	564.8562258	0.2105044263	0.02553573511	0.01444129292
88	1	72012.55384	1286.238376	2469206.833	313835.5001	171.634788	0.9931346085	1.079532223	45123.18064	16559.69822	10568.57948	2119.311929	593.7483229	0.4287461253	0.08653350932	0.01
88	1	64652.78101	641.7740552	350658.9525	6328154.96	13110.54889	0.4755780443	0.9656246292	40510.593	15775.38329	9770.994028	2110.168779	532.427228	0.2139246851	0.01228886513	0.01532024515
88	1	65960.34951	267.1388839	834806.3989	3076608.162	12648.02983	0.4940788067	0.9696714393	40701.16785	15806.09379	9800.796388	2118.295849	534.8380145	0.08904629462	0.02925584295	0.01059866882
88	1	65268.57396	1188.398031	667027.5291	3863694.348	2987.697304	0.8804921078	1.054734665	44125.8488	16389.68097	10395.32072	2119.323539	580.4581285	0.396132677	0.02337602186	0.01
88	1	71967.00797	880.6325944	2360665.336	377476.0312	1083.032695	0.9566786922	1.071525288	44781.25324	16502.68034	10511.54292	2113.504052	589.2839893	0.2935441981	0.08272966573	0.01337730575
88	1	68944.48161	1076.237422	1548952.482	1171040.193	1453.895545	0.9418441782	1.068260335	44649.11241	16480.20691	10488.68547	2113.264192	587.5269458	0.3587458073	0.05428313752	0.01351782262
88	1	71870.2998	193.1681899	2356928.506	376547.0252	6090.240277	0.7563903889	1.027428773	43012.30166	16200.83187	10203.69439	2114.845449	565.6902555	0.06438939664	0.08259870828	0.01260258947
88	1	72047.78786	562.2080515	2384640.487	364774.7403	1860.616251	0.92557535	1.064677616	44506.34018	16455.78383	10463.72581	2113.651727	585.6182839	0.1874026838	0.0835698764	0.01329360011
