#gen	Feasible	f1	f2	c1	c2	c3	x1	x2	x3
30	1	0.01859158244	11102.20523	0.08140841756	88897.79477	25480.05142	0.00300396058	0.0011317	2.997576037
30	1	0.01513520546	14557.31591	0.08486479454	85442.68409	24475.77815	0.002481794014	0.0011317	2.658921087
30	1	0.03769039013	5016.6585	0.06230960987	94983.3415	24578.40721	0.007146713873	0.0011317	2.688547019
30	1	0.08410961583	2095.047038	0.01589038417	97904.95296	25123.14394	0.01640018656	0.0011317	2.863446397
30	1	0.05823688896	3084.774732	0.04176311104	96915.22527	25116.49108	0.01114432319	0.0011317	2.861108672
30	1	0.01659763328	12828.54786	0.08340236672	87171.45214	25198.29113	0.002661944662	0.0011317	2.890241478
30	1	0.03509032407	5393.332156	0.06490967593	94606.66784	24775.47785	0.006548526619	0.0011317	2.748203293
30	1	0.02476973022	7984.466412	0.07523026978	92015.53359	24788.52081	0.004418928355	0.0011317	2.752287375
30	1	0.04260116757	4345.890804	0.05739883243	95654.1092	24893.74611	0.008052325962	0.0011317	2.785889092
30	1	0.07972437684	2275.694157	0.02027562316	97724.30584	24386.25065	0.01598075262	0.0011317	2.633830106
30	1	0.02299819448	8590.352704	0.07700180552	91409.6473	25427.88264	0.003899676925	0.0011317	2.976831585
30	1	0.02516851434	7720.177614	0.07483148566	92279.82239	25482.61501	0.004318974443	0.0011317	2.99860626
30	1	0.02273354277	8701.042368	0.07726645723	91298.95763	25486.07924	0.003830958628	0.001131700002	3
30	1	0.08711513084	2052.434926	0.01288486916	97947.56507	24680.76783	0.0173335375	0.0011317	2.719062114
30	1	0.01803933259	11603.36694	0.08196066741	88396.63306	24941.0102	0.003004680482	0.0011317	2.801372039
30	1	0.007333067937	42322.1967	0.09266693206	57677.8033	24605.79542	0.0008453901831	0.0011317	2.696615052
30	1	0.05418944997	4664.148296	0.04581055003	95335.8517	85551.12745	0.007146713873	0.005836261892	3
30	1	0.02129862898	9504.097276	0.07870137102	90495.90272	24892.22019	0.003682487934	0.0011317	2.785393333
30	1	0.008798946598	31017.51992	0.0912010534	68982.48008	24301.54011	0.001179730363	0.0011317	2.61070529
30	1	0.04465424285	4099.687601	0.05534575715	95900.3124	25128.20605	0.008377475213	0.0011317	2.865228855
30	1	0.09101018447	1932.452173	0.008989815528	98067.54783	43997.16949	0.01725049741	0.001505787533	2.999658627
30	1	0.04377317814	4272.8241	0.05622682186	95727.1759	24514.85822	0.008430841905	0.0011317	2.670091215
30	1	0.01214484555	19413.84453	0.08785515445	80586.15547	24656.78768	0.001838855315	0.001132023772	2.705364827
30	1	0.04704107428	3872.551939	0.05295892572	96127.44806	25151.105	0.008852314406	0.0011317	2.873332259
30	1	0.03212576873	8955.177787	0.06787423127	91044.82221	80604.80644	0.003836748262	0.004369019354	2.863496749
30	1	0.01491134185	14737.88641	0.08508865815	85262.11359	25008.59159	0.002352959654	0.0011317	2.823948443
30	1	0.07034717456	2500.220351	0.02965282544	97499.77965	25434.61184	0.01339098392	0.0011317	2.97948403
30	1	0.01545472713	14080.55247	0.08454527287	85919.44753	24964.87546	0.002471391301	0.0011317	2.80928487
30	1	0.01520384992	14358.22045	0.08479615008	85641.77955	25128.25851	0.002392001493	0.0011317	2.865247347
30	1	0.0607646625	3015.002374	0.0392353375	96984.99763	38194.79326	0.01166145544	0.001376352075	2.766564187
30	1	0.09398133186	1871.251294	0.006018668142	98128.74871	25053.98185	0.01846451446	0.0011317	2.839409923
30	1	0.06755337905	2642.027897	0.03244662095	97357.9721	25055.82512	0.01307579893	0.0011317	2.84004298
30	1	0.02293587908	8741.423937	0.07706412092	91258.57606	24737.22666	0.004052268363	0.0011317	2.736325891
30	1	0.05390978643	3327.402457	0.04609021357	96672.59754	25324.36828	0.01015616116	0.0011317	2.936872985
30	1	0.03877847007	5368.684159	0.06122152993	94631.31584	63879.66073	0.006548526619	0.002355037554	2.766836975
30	1	0.02500506311	8391.898808	0.07499493689	91608.10119	45733.51509	0.004202826201	0.001568397229	2.753793198
30	1	0.02457719761	15753.76982	0.07542280239	84246.23018	80984.97477	0.002120235462	0.004436199873	2.990421942
30	1	0.01529495287	14325.07667	0.08470504713	85674.92333	24654.36598	0.002488467478	0.0011317	2.711096033
30	1	0.009489197546	27773.10143	0.09051080245	72226.89857	24867.07848	0.001262652248	0.0011317	2.777261478
30	1	0.01921065097	10668.55908	0.08078934903	89331.44092	25426.98176	0.003140271174	0.0011317	2.976477006
30	1	0.01572496996	13830.34997	0.08427503004	86169.65003	24680.27411	0.002576445807	0.001132009695	2.712688737
30	1	0.02169825858	9259.210357	0.07830174142	90740.78964	25091.07738	0.003720465076	0.001131700023	2.852228651
30	1	0.008555742375	32860.56358	0.09144425763	67139.43642	24997.25935	0.00105625195	0.001131700042	2.820125148
30	1	0.054755782	3258.90761	0.045244218	96741.09239	25462.59127	0.01024899319	0.0011317	2.99058658
30	1	0.05615255172	3431.577541	0.04384744828	96568.42246	62936.39002	0.009989124729	0.002285407327	2.873661564
30	1	0.04690829284	4916.998081	0.05309170716	95083.00192	79362.95523	0.007159440664	0.004122866045	2.76149843
30	1	0.07211038589	2462.279896	0.02788961411	97537.7201	25108.98147	0.01397025233	0.0011317	2.85847652
30	1	0.01041208825	24146.67447	0.08958791175	75853.32553	24857.52244	0.001453367115	0.0011317	2.774188585
30	1	0.05994660632	5826.130638	0.04005339368	94173.86936	91629.88087	0.005838913613	0.01010744158	2.907183017
30	1	0.02168407276	9266.40221	0.07831592724	90733.59779	25091.07585	0.003717577544	0.0011317	2.852228651
30	1	0.01859776328	11152.04928	0.08140223672	88847.95072	25083.37489	0.003090912665	0.0011317	2.849553644
30	1	0.09274217534	1869.22682	0.007257824661	98130.77318	25486.07911	0.01783268514	0.0011317	3
30	1	0.02379213339	8285.638167	0.07620786661	91714.36183	25218.02092	0.004114770144	0.0011317	2.897397512
30	1	0.05822332019	3396.32658	0.04177667981	96603.67342	70203.21328	0.009989124729	0.002838009408	2.919249516
30	0	0.1020757421	1692.646146	-0.002075742096	98307.35385	25476.35098	0.01970947988	0.0011317	2.996090763
30	1	0.02291710898	8673.038053	0.07708289102	91326.96195	25132.35372	0.003958641605	0.0011317	2.866691718
30	1	0.02422351534	8073.074252	0.07577648466	91926.92575	25486.23349	0.00412895166	0.001131702345	3
30	1	0.0229518346	8723.596558	0.0770481654	91276.40344	24788.52081	0.004044522784	0.0011317	2.752287375
30	1	0.02821099312	10288.47576	0.07178900688	89711.52424	78158.28436	0.003330946067	0.003877999805	2.874691284
30	1	0.09285709469	1870.69507	0.007142905315	98129.30493	29135.74602	0.01781899417	0.001189988257	2.999919677
30	1	0.01707234076	12366.84114	0.08292765924	87633.15886	25315.21968	0.002734693413	0.0011317	2.933415735
30	1	0.06001439168	2982.827085	0.03998560832	97017.17291	25167.96509	0.01147698885	0.0011317	2.87934119
30	1	0.03249885708	5897.325631	0.06750114292	94102.67437	24632.17621	0.006054865566	0.0011317	2.704452587
30	1	0.01499789391	14644.03584	0.08500210609	85355.96416	24897.33429	0.002389004334	0.0011317	2.787055866
30	1	0.01506354593	14511.93946	0.08493645407	85488.06054	25486.08201	0.002296959233	0.001131700044	3
30	1	0.01312600215	17456.55742	0.08687399785	82543.44258	25482.54951	0.001910082728	0.001131700167	2.998575497
30	1	0.06572617874	2729.178712	0.03427382126	97270.82129	42668.61944	0.01221743732	0.001470947504	2.998561306
30	1	0.07907099077	2235.929818	0.02092900923	97764.07018	25106.09148	0.01538810779	0.0011317	2.857465426
30	1	0.04114654905	4817.686893	0.05885345095	95182.31311	57688.26704	0.007123594574	0.00200232786	2.868487773
30	1	0.04893986793	4197.415495	0.05106013207	95802.5845	69339.14717	0.008403628143	0.002775949871	2.753352876
30	1	0.02578035601	7518.58885	0.07421964399	92481.41115	25403.42769	0.004464835264	0.0011317	2.967249523
30	1	0.0144050745	15397.92935	0.0855949255	84602.07065	25258.87719	0.002210605973	0.001132023772	2.904511031
30	1	0.02253100407	8824.55879	0.07746899593	91175.44121	25275.23441	0.003845278417	0.00113170233	2.918385276
30	1	0.007319563577	42767.98695	0.09268043642	57232.01305	24788.22624	0.000825	0.0011317	2.752194945
30	1	0.01494148285	14710.02274	0.08505851715	85289.97726	24932.28939	0.002371746783	0.0011317	2.798496555
30	1	0.05344208948	3342.46898	0.04655791052	96657.53102	25486.07911	0.009972667969	0.0011317	3
30	1	0.0105234666	26418.53089	0.0894765334	73581.46911	38174.17675	0.001327392848	0.001375281764	2.777261478
30	1	0.007999763362	37624.53667	0.09200023664	62375.46333	25452.83731	0.000888473141	0.0011317	2.986702494
30	1	0.01504313631	14578.80683	0.08495686369	85421.19317	24953.90776	0.002389004334	0.0011317	2.805640385
30	1	0.0274612729	7135.903098	0.0725387271	92864.0969	24578.10018	0.005024374636	0.001131700002	2.688456922
30	1	0.01617697254	13281.10199	0.08382302746	86718.89801	24996.11551	0.002613653006	0.0011317	2.819741105
30	1	0.02338056668	8480.240312	0.07661943332	91519.75969	25083.10717	0.004064832399	0.0011317	2.849460778
30	1	0.04117906492	4517.631603	0.05882093508	95482.3684	24834.85488	0.007781975475	0.0011317	2.766938531
30	1	0.04663062891	4102.859092	0.05336937109	95897.14091	52662.85949	0.008377475213	0.001790204925	2.861879628
30	1	0.02652844691	7379.567001	0.07347155309	92620.433	24788.52081	0.0047811457	0.0011317	2.752287375
30	1	0.01074965574	23059.00371	0.08925034426	76940.99629	24938.48143	0.001512267511	0.0011317	2.800537357
30	1	0.07360163318	2899.589425	0.02639836682	97100.41058	83276.06609	0.01177913579	0.0050619324	2.889497986
30	1	0.02492739572	7863.027463	0.07507260428	92136.97254	25125.10864	0.004369014188	0.001131700001	2.864137796
30	1	0.01412897798	15843.58749	0.08587102202	84156.41251	24767.79331	0.002230513538	0.0011317	2.745805231
30	1	0.02419310396	8139.186988	0.07580689604	91860.81301	25136.36168	0.004216914347	0.0011317	2.868107353
30	1	0.01606991799	13492.87043	0.08393008201	86507.12957	24500.56299	0.002672664825	0.00113170038	2.665982357
30	1	0.09495998516	1833.546537	0.005040014837	98166.45346	25328.03594	0.01842508691	0.0011317	2.938262309
30	1	0.01270929037	18255.90837	0.08729070963	81744.09163	24605.79542	0.001959846034	0.0011317	2.696615052
30	1	0.06405514788	4203.464487	0.03594485212	95796.53551	89298.15464	0.008377475213	0.007950826412	2.760171311
30	1	0.09524307237	1863.286286	0.00475692763	98136.71371	24792.0556	0.01893060329	0.0011317	2.753397223
30	1	0.04471199494	4242.462686	0.05528800506	95757.53731	48057.90886	0.008052325962	0.001629858552	2.888592603
30	0	0.1003879217	2036.528203	-0.0003879216689	97963.4718	85623.89385	0.01636772488	0.005865802839	3
30	1	0.04184458439	4384.364329	0.05815541561	95615.63567	25246.48427	0.007757899572	0.001131700003	2.90781207
30	1	0.0228404226	8653.339306	0.0771595774	91346.66069	25481.67971	0.003853532797	0.0011317	2.998230274
30	1	0.04107886129	4864.734866	0.05892113871	95135.26513	57685.25451	0.00723635655	0.002010735741	2.76149843
