#gen	Feasible	f1	f2	f3	f4	f5	c1	c2	c3	c4	c5	c6	c7	x1	x2	x3
80	1	65223.50139	2628.843162	607781.4452	4265384.826	1301.108378	0.9479556649	1.069595471	44713.78955	16490.53109	10498.61692	2116.472348	588.3379921	0.8762810538	0.02129973911	0.01165417732
80	1	66839.87018	911.0389432	1086921.653	2152637.797	2239.097577	0.9104360969	1.061326652	44390.97159	16434.87701	10441.37846	2119.322576	583.9910884	0.3036796477	0.03809123792	0.01
80	0	63841.30313	339.3411148	285346.8965	6575928.459	29957.48577	-0.1982994308	0.8172453581	34574.22062	14761.39858	8735.996899	2119.310394	453.1757854	0.1131137049	0.01	0.01000960594
80	1	65739.20206	735.6185565	727509.5978	3632857.149	5076.051129	0.7969579549	1.03635774	43373.26965	16262.24837	10266.18227	2115.386822	570.4918409	0.2452061855	0.02549561978	0.01228784228
80	1	66085.7877	3012.562392	883305.8473	2860708.01	362.0037653	0.9855198494	1.077856287	45055.34185	16548.16135	10556.84597	2119.187523	592.8463309	1.004187464	0.03095550918	0.01007373334
80	1	71985.32188	354.0638794	2461929.694	317033.1421	2647.651552	0.8940939379	1.057729025	44246.27882	16410.21093	10416.2421	2119.323154	582.0629488	0.1180212931	0.08627848154	0.01
80	1	71401.23704	830.0376578	2305845.953	394034.0823	789.250912	0.9684299635	1.074093647	44904.44678	16522.4102	10530.58053	2119.318077	590.8335302	0.2766792193	0.08080851698	0.01
80	1	64926.18278	2044.055066	575531.0661	4388915.504	1763.644955	0.9294542018	1.065513371	44559.35707	16463.58203	10470.63076	2119.321669	586.2349511	0.6813516887	0.02016952254	0.01
80	1	65501.94324	668.5628886	602316.5362	4418749.088	7172.222807	0.7131110877	1.017911299	42618.61558	16134.41599	10136.59771	2111.660137	560.494566	0.2228542962	0.02110822103	0.01445330813
80	1	64547.31742	1102.838057	471917.9575	5074569.344	4960.97666	0.8015609336	1.037358908	43426.52474	16270.497	10273.89069	2119.181919	571.1413761	0.3676126856	0.01653839461	0.01008304735
80	1	66522.70166	2054.906256	988277.6539	2481659.348	759.9066747	0.969603733	1.074354727	44912.07986	16523.89462	10532.24722	2118.479776	590.9485199	0.684968752	0.03463425277	0.01048669657
80	1	64177.21604	1705.360853	375386.2883	5800198.216	3881.805797	0.8447277681	1.046861365	43809.19288	16335.69998	10340.31054	2119.324282	576.2384511	0.5684536178	0.01315543617	0.01
80	1	64568.16191	395.1839813	479857.9164	5014625.806	14921.90335	0.4031238658	0.9496449661	39899.25099	15669.16402	9661.06655	2119.326476	524.1355446	0.1317279938	0.01681665097	0.01
80	1	64472.80057	772.8516944	454374.7078	5195838.23	7706.082371	0.6917567052	1.013185721	42454.79369	16104.81272	10105.02123	2119.325689	558.1900667	0.2576172315	0.01592359032	0.01
80	1	65175.09101	1077.262931	641998.7792	4000848.134	3536.441851	0.8585423259	1.049902564	43931.49694	16356.55003	10361.55864	2119.321166	577.8682897	0.3590876436	0.02249888774	0.01000166465
80	1	65654.27209	744.9932522	740888.9692	3521423.551	4750.854796	0.8099658082	1.039214373	43495.60854	16282.62788	10286.55039	2117.562845	572.0876199	0.2483310841	0.02596450069	0.01102359075
80	0	63840.2774	105.7595086	285346.8965	6575303.126	97807.69699	-2.91230788	0.2197729416	10544.56143	10665.00876	4561.503189	2119.327253	132.9623027	0.03525316955	0.01	0.01
80	1	65797.66069	1011.589951	576671.0595	4748821.588	5337.369972	0.7865052011	1.034088778	43247.64663	16243.0289	10248.44183	2105.345424	568.9769133	0.3371966504	0.02020947368	0.01812145448
80	1	63852.01127	787.0124469	288011.4483	6552012.689	12360.78627	0.5055685493	0.9721976277	40806.1982	15823.77942	9818.635034	2119.29788	536.2217462	0.2623374823	0.01009337939	0.01001650848
80	1	65113.51612	658.9578535	596305.2444	4307267.5	6932.225791	0.7227109684	1.020005768	42723.04233	16150.92794	10152.34036	2117.558875	561.7926712	0.2196526178	0.02089755493	0.01102634757
80	1	71840.02224	192.0714683	2350891.48	379456.5687	6135.53289	0.7545786844	1.027029541	42996.66902	16198.13985	10200.92827	2114.969367	565.4799758	0.06402382278	0.0823871403	0.01253060758
80	1	64300.04809	636.1131855	323649.6476	6419250.746	14050.04748	0.4379981008	0.9573386466	40191.22418	15720.05272	9713.86297	2114.22555	528.1071246	0.2120377285	0.01134232233	0.01296343813
80	1	64205.42011	936.9024011	340819.7196	6175886.213	8733.241002	0.6506703599	1.004148944	42082.65123	16041.9282	10041.40455	2116.786092	553.2712294	0.3123008004	0.01194404859	0.01147551919
80	1	70861.88105	1658.091648	2159922.029	483155.0047	73.38056236	0.9970647775	1.080397772	45157.62193	16565.59315	10574.60668	2119.201799	594.2089925	0.5526972161	0.07569460384	0.01006283504
80	1	65498.72392	1081.903572	727145.0019	3555011.199	3022.281377	0.8791087449	1.054430394	44113.32537	16387.56435	10393.1791	2119.240022	580.2925682	0.360634524	0.02548284249	0.01004853764
80	1	70855.17151	1658.091648	2159922.029	482854.5435	65.62043506	0.9973751826	1.08046576	45160.7265	16566.09874	10575.10203	2119.309954	594.2486496	0.5526972161	0.07569460384	0.01
80	1	65174.2607	332.1561641	634640.6676	4052088.441	13377.78084	0.4648887663	0.9632435186	40444.68739	15762.24046	9755.997207	2118.893039	531.4107592	0.1107187214	0.02224102226	0.01025175429
80	1	67767.25241	1078.062614	1306352.59	1601383.462	1470.12754	0.9411948984	1.068103497	44657.66746	16480.71572	10488.40588	2117.607921	587.5721457	0.3593542047	0.04578120897	0.01099497944
80	1	64205.90269	785.3901162	341676.712	6166959.78	10499.40003	0.5800239988	0.9885964393	41457.29605	15935.31299	9932.748567	2116.830257	544.9372071	0.2617967054	0.01197408194	0.0114500052
80	1	65522.2392	403.1465712	734813.9483	3515544.891	9276.737287	0.6289305085	0.9993549177	41898.53326	16009.98584	10008.38641	2119.325957	550.7774794	0.1343821904	0.0257516012	0.01
80	1	64604.49428	1725.814061	489566.938	4947259.248	2755.814411	0.8897674236	1.05677657	44207.97205	16403.6807	10409.58736	2119.323284	581.5524823	0.5752713536	0.01715690425	0.01
80	1	70801.37561	499.9332476	2145546.268	492621.6742	2008.315715	0.9196673714	1.06335886	44472.70489	16448.81026	10455.57735	2119.322175	585.080246	0.1666444159	0.07519080439	0.01
80	1	64397.99117	2756.523564	406316.4218	5609956.26	2012.44618	0.9195021528	1.063327909	44465.66526	16447.98043	10455.04286	2117.628888	585.0132626	0.9188411881	0.01423938465	0.01098361442
80	1	64504.07523	443.7303096	461902.0821	5143120.607	13752.36153	0.449905539	0.9599438257	40313.28897	15739.75689	9733.014529	2119.276329	529.6537044	0.1479101032	0.01618738763	0.01002909045
80	1	65274.24086	688.8336524	668541.8808	3855552.266	5694.609166	0.7722156333	1.030898262	43167.17357	16226.25361	10228.77748	2119.325157	567.6830625	0.2296112175	0.02342909242	0.01
80	1	65189.95031	3081.975066	646017.0979	3978449.65	729.0876771	0.9708364929	1.074623429	44925.75409	16526.0425	10534.28209	2119.317701	591.1174661	1.027325022	0.02263970998	0.01
80	1	70916.57231	551.4478331	2158581.139	486745.4427	1810.876772	0.9275649291	1.065100887	44539.10292	16460.36339	10467.54753	2118.250959	585.9820128	0.1838159444	0.07564761227	0.01062201114
80	1	64247.47131	668.3707402	308001.7335	6564353.271	14058.25925	0.4376696302	0.9572666444	40187.99841	15719.5239	9713.341778	2114.12916	528.065666	0.2227902467	0.01079394019	0.01301943778
80	1	67438.28722	513.91896	1221432.27	1800615.652	4083.929612	0.8366428155	1.045086418	43732.5616	16322.97157	10327.62108	2117.791986	575.2415606	0.17130632	0.04280517099	0.01089025277
80	1	64269.95615	1639.971271	324826.308	6388273.83	5145.298715	0.7941880514	1.035749906	43346.74621	16257.85956	10261.82132	2114.780007	570.1480108	0.5466570904	0.01138355847	0.0126403904
80	1	69624.3917	162.3014459	1830816.957	763752.6773	9246.995758	0.6301201697	0.9996168542	41909.02545	16011.77719	10010.2142	2119.313501	550.9174931	0.05410048198	0.06416109584	0.01000723401
80	1	64385.74077	1075.108626	347765.1267	6204567.147	7552.01598	0.6979193608	1.014558488	42492.79741	16112.39068	10113.66767	2114.298083	558.7761509	0.3583695418	0.01218745082	0.01292082298
80	1	66077.91442	2793.344082	883305.8473	2858620.57	440.6289744	0.982374841	1.077163526	45027.91412	16543.45793	10552.02956	2119.315381	592.4788251	0.931114694	0.03095550918	0.01
80	1	64433.74885	874.4786404	443939.0018	5271923.75	6897.609784	0.7240956086	1.020304933	42741.12095	16153.62353	10154.76265	2119.325509	562.005592	0.2914928801	0.01555787034	0.01
80	1	64848.11723	396.8634578	554669.7777	4518331.526	12748.67911	0.4900528357	0.9687818473	40668.91634	15800.37048	9794.774562	2119.326328	534.3919123	0.1322878193	0.01943843737	0.01
80	1	66344.57052	699.61627	920658.8648	2745787.933	4000.132426	0.8399947029	1.045825957	43760.5498	16327.85492	10332.6918	2117.279061	575.6226499	0.2332054233	0.03226454803	0.01118820011
80	0	63998.75769	128.0756038	322564.8627	6254212.132	71262.72609	-1.850509044	0.4535224535	19944.66271	12267.53137	6194.636031	2119.017605	258.2306036	0.04269186793	0.01130430597	0.0101798647
80	1	68313.47893	1725.782237	1480710.964	1243747.767	399.1070797	0.9840357168	1.077529158	45042.61945	16545.96478	10554.5842	2119.314952	592.6747846	0.5752607456	0.05189160919	0.01
80	1	72296.46126	729.7483987	2480878.73	315728.3235	1155.969526	0.953761219	1.07087681	44761.81493	16498.94225	10507.37686	2115.446167	588.9942088	0.2432494662	0.08694255169	0.01224975547
80	1	65412.28728	610.4376157	705431.7322	3662423.81	6143.009691	0.7542796123	1.026949756	43008.36882	16199.18183	10201.18956	2119.325302	565.5668701	0.2034792052	0.02472189959	0.01
80	1	64280.73294	445.007173	402418.4175	5587064.193	15849.05684	0.3660377266	0.9414808011	39570.76665	15613.17492	9604.016967	2119.288497	519.758847	0.1483357243	0.01410277884	0.01002209487
80	1	70958.15245	1062.303765	2185380.411	466363.7618	525.2868749	0.978988525	1.076418447	44997.52232	16538.30417	10546.80038	2119.191768	592.0758013	0.354101255	0.07658679444	0.01007222773
80	1	65159.29786	1756.988445	604802.4474	4262105.468	2177.339395	0.9129064242	1.061876857	44406.28217	16437.92264	10444.84827	2117.330193	584.2266753	0.585662815	0.02119533995	0.01115730936
80	1	69857.13961	1686.160178	1893213.136	700121.8319	166.8906005	0.993324376	1.079574001	45124.85945	16559.9845	10568.87129	2119.311429	593.7707009	0.5620533928	0.06634777384	0.01000024414
80	1	70837.66819	425.4265205	2154417.285	486711.1589	2484.179697	0.9006328121	1.059168678	44304.00933	16420.06329	10426.29147	2119.273027	582.8330419	0.1418088402	0.07550168974	0.01002899521
80	1	65261.54065	386.0580263	665148.0327	3873823.589	10819.52737	0.5672189051	0.9857694856	41352.14139	15916.84128	9913.46597	2119.326149	543.4963982	0.1286860088	0.02331015479	0.01
80	1	64945.56518	766.8836353	580710.5826	4357362.219	5914.746886	0.7634101246	1.028959783	43089.20998	16212.96299	10215.23347	2119.325231	566.6441392	0.2556278784	0.02035103902	0.01
80	1	64472.80057	442.5285472	454374.7078	5195838.23	14029.27803	0.4388288788	0.9575052064	40215.38164	15723.05547	9715.985483	2119.326421	528.3482224	0.1475095157	0.01592359032	0.01
80	1	65236.72917	2022.879008	658517.712	3909769.172	1468.118908	0.9412752437	1.068115701	44664.02006	16481.42415	10488.81306	2119.320911	587.629664	0.6742930027	0.02307779479	0.01
80	1	71035.97262	425.4265205	2207409.755	452075.9276	2406.263807	0.9037494477	1.059854786	44331.60389	16424.76739	10431.08526	2119.272917	583.2007601	0.1418088402	0.0773588142	0.01002899521
80	1	66144.54139	553.5236494	901110.4286	2788591.623	5198.964096	0.7920414362	1.035262791	43342.71037	16256.17773	10259.27214	2119.32497	570.022222	0.1845078831	0.03157947185	0.01
80	1	64225.35299	752.5826971	323651.3239	6374930.768	11727.45275	0.5309018899	0.9777869924	41017.75672	15860.69013	9856.960429	2115.429524	539.1022114	0.250860899	0.01134238107	0.01226385848
80	1	72459.01581	444.8789447	2450146.062	338129.0381	2562.93957	0.8974824172	1.058501701	44248.7873	16412.46374	10420.07188	2110.975511	582.2286203	0.1482929816	0.0858655234	0.01484910995
80	1	72191.23427	729.7483987	2452759.146	328341.3765	1174.80708	0.9530077168	1.070710931	44755.14345	16497.80495	10506.21787	2115.446267	588.9053064	0.2432494662	0.08595709909	0.01224975547
80	1	64042.43804	665.490744	316014.5883	6351571.976	13480.98911	0.4607604356	0.962337815	40404.92213	15755.67491	9749.485764	2117.917547	530.8963131	0.221830248	0.0110747512	0.01081848664
80	1	70892.65567	1320.060993	2167293.879	478360.1136	286.2178925	0.9885512843	1.078523743	45082.07455	16552.72566	10561.50331	2119.153915	593.2030813	0.440020331	0.0759529508	0.01009269293
80	1	64629.48811	692.3110182	475007.3828	5085963.284	8372.735232	0.6650905907	1.00731944	42214.47307	16064.12492	10063.79315	2118.04465	555.0079128	0.2307703394	0.01664666371	0.01074430816
80	1	64905.41883	287.823764	569982.3607	4422971.407	17367.64475	0.3052942102	0.9281083657	39033.07144	15521.50458	9510.591871	2119.326601	512.5930529	0.09594125467	0.01997506781	0.01
80	1	64218.49776	2675.815928	318397.3604	6429388.851	3020.989668	0.8791604133	1.054454638	44100.54271	16386.26424	10392.59295	2115.220137	580.1859161	0.8919386426	0.01115825559	0.01238378457
80	1	64529.08541	443.7303096	469329.2373	5088869.207	13519.46157	0.4592215374	0.9619945422	40395.9202	15753.83339	9747.351171	2119.321177	530.7541166	0.1479101032	0.01644767275	0.01000302607
80	1	64237.99395	1297.31798	351369.6791	6081890.786	5935.111141	0.7625955544	1.028788235	43073.99872	16210.90093	10213.57842	2116.89674	566.4799142	0.4324393268	0.01231377258	0.01141084975
80	1	65407.76312	1062.281324	680142.2683	3825576.088	3456.497177	0.8617401129	1.050611179	43955.03478	16360.87959	10366.23719	2117.871306	578.2049185	0.3540937745	0.02383562873	0.01084390194
80	1	64207.33886	2640.270757	383435.9443	5735520.983	2173.379796	0.9130648082	1.061905346	44414.24608	16438.84466	10445.42175	2119.322468	584.3012385	0.8800902522	0.01343753687	0.01
80	1	64226.65986	538.8450468	323651.3239	6375703.23	16573.30558	0.3370677768	0.9351156652	39301.48846	15568.1189	9558.814974	2115.408795	516.2319841	0.1796150156	0.01134238107	0.01227609732
80	1	66077.91442	1716.876293	883305.8473	2858620.57	1196.548758	0.9521380497	1.070507081	44760.19888	16497.81996	10505.52146	2119.320013	588.9113188	0.5722920977	0.03095550918	0.01
80	1	64470.9355	1972.740095	453876.3105	5199446.891	2557.322823	0.8977070871	1.058524438	44278.26949	16415.66445	10421.79959	2119.323038	582.4892484	0.6575800317	0.01590612395	0.01
80	1	65472.49238	1635.467071	719507.7601	3593817.096	1771.680103	0.9291327959	1.065443004	44556.11149	16463.0553	10470.1163	2119.200273	586.1936248	0.5451556903	0.02521519487	0.01007052646
80	1	64042.8451	895.1422027	335898.2632	6135813.901	9143.983932	0.6342406427	1.000524603	41944.83756	16017.92666	10016.51832	2119.109962	551.3979408	0.2983807342	0.01177157584	0.01012547416
80	1	67150.78944	879.862371	1055693.505	2339312.358	2932.315541	0.8827073784	1.055244421	44122.74903	16390.66045	10397.58622	2112.427238	580.526077	0.293287457	0.03699684551	0.01400615667
80	0	64669.1066	147.1173414	506833.1483	4829684.733	39130.17164	-0.5652068655	0.7364728771	31325.6925	14207.61159	8171.64849	2119.327037	409.8864511	0.0490391138	0.01776199967	0.01
80	1	65961.40515	1090.442379	852135.9802	2985515.304	2436.535654	0.9025385738	1.059588067	44321.04024	16422.95613	10429.23069	2119.320742	583.0592345	0.363480793	0.02986315922	0.01000123858
80	1	63930.96159	1343.319473	308819.1051	6365463.164	6409.063465	0.7436374614	1.024607099	42913.99244	16183.10333	10184.81295	2119.279466	564.3099616	0.4477731576	0.01082258503	0.01002667393
80	1	65429.8006	1077.262931	680142.2683	3833400.406	3424.725913	0.8630109635	1.050892086	43965.11672	16362.67596	10368.1331	2117.51602	578.3448962	0.3590876436	0.02383562873	0.0110502834
80	1	66876.93164	1182.536221	1096825.507	2123142.908	1528.491968	0.9388603213	1.067584071	44642.63844	16477.77918	10485.09859	2119.321082	587.3447379	0.3941787404	0.03843831912	0.01
80	1	64880.24323	501.6270223	563254.7379	4464617.706	9763.425781	0.6094629688	0.9950692579	41726.1685	15980.60246	9978.44281	2119.326024	548.4805898	0.1672090074	0.01973929784	0.01
80	1	66800.99493	920.5801125	1076533.104	2184016.581	2236.651303	0.9105339479	1.061348193	44391.83796	16435.0247	10441.52896	2119.322572	584.0026334	0.3068600375	0.03772717057	0.01
80	1	66418.99575	3410.321431	974452.0797	2517757.934	130.1459152	0.9947941634	1.079897564	45137.87423	16562.20307	10571.13208	2119.3112	593.9441261	1.13677381	0.03414973465	0.01000000698
80	0	65519.70345	89.68857937	727145.0019	3561932.744	44878.5122	-0.795140488	0.6858557464	29288.48099	13860.41611	7817.910967	2118.905354	382.7457626	0.02989619312	0.02548284249	0.01024501136
80	1	70074.63778	1775.990154	1833060.394	793207.166	660.6885607	0.9735724576	1.075248578	44926.47633	16527.72585	10537.30885	2112.176618	591.240137	0.5919967179	0.06423971721	0.01414517485
80	1	66236.75889	726.6621206	670783.4756	4199025.561	6441.400077	0.7423439969	1.024371445	42852.03018	16175.89372	10180.28417	2103.944808	563.7272265	0.2422207069	0.02350764925	0.0189354411
80	1	65516.51612	1890.315462	731939.6938	3531296.522	1390.826548	0.9443669381	1.068796578	44691.12657	16486.0628	10493.55505	2119.239534	587.9921639	0.6301051538	0.02565087277	0.0100471316
80	1	65037.82917	451.4895762	601242.7187	4240560.078	10211.36004	0.5915455985	0.9911256547	41566.70959	15953.47356	9950.842387	2119.077349	546.3596211	0.1504965254	0.02107058903	0.01014450388
80	1	64379.06104	668.5628886	297506.9574	6767386.261	14761.32271	0.4095470917	0.9510844575	39929.93042	15676.13279	9669.629586	2111.374954	524.6703551	0.2228542962	0.0104261501	0.01461956792
80	1	67405.86048	2041.358147	1237627.511	1745328.374	414.7914959	0.9834083402	1.077391149	45036.95689	16545.00663	10553.6138	2119.282367	592.5998452	0.6804527158	0.04337273425	0.01001901256
80	1	67184.21173	476.1724268	1001677.862	2577815.308	6238.928455	0.7504428618	1.026139353	42939.17747	16189.72486	10193.51749	2108.632371	564.81426	0.1587241423	0.03510386392	0.0162121385
80	1	67297.47919	150.8418345	1209207.529	1815470.57	15543.97132	0.3782411472	0.9441671878	39678.94048	15631.60722	9622.793706	2119.326511	521.1997418	0.0502806115	0.04237675417	0.01
80	1	70262.44768	1095.60407	1969605.37	636452.9147	751.7010695	0.9699319572	1.074430467	44911.40217	16524.01701	10532.5719	2117.391159	590.9567275	0.3652013565	0.06902494453	0.01111879052
80	1	64247.93375	1429.060046	285346.8965	6828574.884	7001.491903	0.7199403239	1.019411211	42682.685	16145.0988	10147.28313	2112.754144	561.331005	0.4763533488	0.01	0.01381770876
80	1	72212.56777	335.1632094	2450146.062	330490.6899	3171.265793	0.8731493683	1.05313221	44046.42913	16377.09861	10383.30234	2114.949472	579.4691029	0.1117210698	0.0858655234	0.01254111974
80	1	64031.54242	1898.479265	336458.238	6123418.214	3892.063853	0.8443174459	1.046771035	43805.55991	16335.08066	10339.67941	2119.324288	576.1900389	0.6328264218	0.01179120019	0.01
80	1	64453.56928	460.3441244	445347.144	5268695.555	13761.84704	0.4495261184	0.9598608892	40309.32192	15739.12096	9732.400382	2119.091845	529.6037635	0.1534480415	0.01560721877	0.01013627025
80	1	65874.59921	1881.057688	823553.0486	3112599.43	1178.703835	0.9528518466	1.070665266	44765.44162	16498.78521	10506.56522	2118.992831	588.9863636	0.6270192292	0.02886146857	0.01018999016
80	1	64066.15871	1074.357769	341820.2472	6086054.751	7352.155502	0.7059137799	1.016303065	42579.36721	16126.10032	10126.75781	2119.091055	559.8538185	0.3581192565	0.01197911214	0.01013627025
80	1	63852.9781	1665.132972	288377.8293	6548424.086	5431.530171	0.7827387932	1.033214941	43260.27304	16242.12926	10244.95984	2119.303161	568.9240297	0.5550443242	0.01010621923	0.01001272301
80	1	64441.61654	442.5285472	446041.4666	5256505.822	14305.6745	0.42777302	0.9550713267	40117.49354	15706.36828	9698.980141	2119.326438	527.0437901	0.1475095157	0.01563155135	0.01
80	1	65169.16208	1613.162525	640404.9587	4009754.056	2114.74198	0.9154103208	1.062421708	44435.00184	16442.38369	10449.02889	2119.318933	584.5778789	0.5377208417	0.0224430322	0.01000199567
80	1	66568.58594	1581.163156	1014194.635	2382347.409	1091.036672	0.9563585331	1.07143624	44797.5207	16504.18535	10512.01079	2119.305575	589.4088821	0.5270543853	0.035542515	0.01000814134
80	1	69007.96623	883.3058303	1279640.661	1882079.855	3540.25833	0.8583896668	1.049943622	43853.32809	16348.32412	10357.46203	2095.99812	577.1961303	0.2944352768	0.04484508774	0.02355040697
80	1	69771.84998	1041.449044	1869823.362	723459.6417	765.2217502	0.96939113	1.074305358	44912.8367	16523.84843	10532.05289	2119.281421	590.9459104	0.3471496813	0.06552807774	0.0100212014
80	1	65497.90314	773.9705725	716401.1651	3621818.533	4651.529803	0.8139388079	1.040085663	43534.2224	16288.98228	10292.83417	2118.606298	572.5856457	0.2579901908	0.02510632405	0.01041736952
80	1	71817.90275	128.0756038	2417190.609	337420.4296	8843.861027	0.6462455589	1.00316672	42051.83996	16036.12036	10035.0192	2119.32589	552.8204062	0.04269186793	0.08471059749	0.01000000098
80	0	63849.19419	391.0803124	285346.8965	6580741.232	25902.24167	-0.03608966683	0.852955253	36009.99988	15006.18669	8985.475458	2119.183121	472.3106356	0.1303601041	0.01	0.01008350589
80	1	64899.81154	531.5096328	568483.9356	4432213.419	9080.094303	0.6367962279	1.001086508	41968.176	16021.85798	10020.4849	2119.325928	551.7055211	0.1771698776	0.01992255541	0.01
80	1	71311.06369	2118.224588	2184868.872	482304.5212	297.0684725	0.9881172611	1.078446395	45059.50767	16550.12168	10559.89442	2113.460878	592.9924254	0.7060748628	0.07656886754	0.01339517444
80	1	65294.1393	1009.93961	577977.0858	4521938.235	4746.146075	0.810154157	1.039268713	43484.02833	16281.53326	10286.17409	2113.540782	571.9970284	0.3366465367	0.02025524346	0.01336019823
80	1	65081.32803	3218.722835	609576.6821	4196401.206	783.2191508	0.968671234	1.074148193	44905.10995	16522.62104	10530.87759	2118.870647	590.8494529	1.072907612	0.0213626533	0.01025980718
80	1	68288.8504	1523.098929	1379593.166	1479626.225	1059.85579	0.9576057684	1.071729024	44789.82594	16504.11756	10512.9872	2113.614573	589.3964741	0.507699643	0.04834792959	0.01331303302
80	1	69530.71692	373.2909392	1805990.865	790571.5541	3647.515249	0.85409939	1.04892447	43892.16882	16349.84506	10354.72531	2119.324116	577.3441676	0.1244303131	0.06329106387	0.01
80	1	68313.47893	1725.782237	1480710.964	1243747.767	399.1070797	0.9840357168	1.077529158	45042.61945	16545.96478	10554.5842	2119.314952	592.6747846	0.5752607456	0.05189160919	0.01
80	1	63924.85275	1046.957661	307947.7857	6371511.392	8461.628027	0.6615348789	1.00653257	42187.21095	16059.19733	10058.53615	2119.325829	554.624326	0.3489858869	0.01079204959	0.01
80	1	67929.706	1635.201494	1377559.674	1436242.259	558.1700941	0.9776731962	1.076128603	44986.16745	16536.34916	10544.79186	2119.280447	591.9230895	0.5450671647	0.04827666572	0.01002090335
80	1	63859.64323	949.237439	290521.9865	6528071.471	10021.86772	0.5991252911	0.9927934813	41634.63915	15964.99926	9962.542123	2119.326057	547.2608926	0.3164124797	0.01018136135	0.01
80	1	65312.10268	1772.390311	634052.2591	4108409.915	2075.129706	0.9169948118	1.062779127	44440.17892	16443.85389	10451.02103	2116.631136	584.6894461	0.5907967703	0.02222040145	0.0115632676
80	1	67030.96339	154.1135871	1077203.229	2228482.497	17416.94741	0.3033221035	0.9276859574	39003.53306	15517.2709	9506.951351	2115.660008	512.2575255	0.05137119571	0.03775065517	0.01213017397
80	1	68313.47893	1346.279602	1480710.964	1243747.767	727.257119	0.9709097152	1.074639549	44926.4024	16526.15302	10534.39471	2119.317689	591.1261053	0.4487598672	0.05189160919	0.01
80	1	68313.47893	1064.128551	1480710.964	1243747.767	1122.9254	0.955082984	1.071155391	44786.2732	16502.2649	10510.05115	2119.319725	589.2587787	0.3547095169	0.05189160919	0.01
80	1	64467.80311	610.4376157	453039.2488	5205513.302	9991.52773	0.6003388908	0.9930606479	41645.38431	15966.83101	9964.408797	2119.326053	547.4040799	0.2034792052	0.01587678907	0.01
80	0	64743.85778	201.2695382	494897.3739	4965329.927	29237.66742	-0.1695066969	0.8235900124	34822.86409	14804.20267	8779.967831	2117.401968	456.519383	0.06708984606	0.01734370971	0.01111833606
80	1	72212.56777	335.1632094	2450146.062	330490.6899	3171.265793	0.8731493683	1.05313221	44046.42913	16377.09861	10383.30234	2114.949472	579.4691029	0.1117210698	0.0858655234	0.01254111974
80	1	64138.85914	1530.93804	305788.5469	6523656.781	5846.19986	0.7661520056	1.029574853	43101.69439	16215.87408	10218.85802	2115.745167	566.8672245	0.5103126799	0.01071637893	0.01207984416
80	1	64298.30078	384.6842967	405360.6902	5567595.215	18322.00762	0.2671196951	0.9197049398	38694.60248	15463.8365	9451.850721	2119.182905	508.0849776	0.1282280989	0.01420589098	0.01008350589
80	1	65495.51633	2773.595326	608742.1174	4367017.804	1511.605554	0.9395357778	1.067755737	44624.98799	16476.33907	10484.94955	2112.145075	587.2231997	0.9245317755	0.02133340593	0.01416793507
80	1	64839.69193	1896.598675	552418.3005	4532525.071	2074.263614	0.9170294554	1.062778139	44449.3489	16444.82871	10451.5199	2119.322296	584.7690098	0.6321995582	0.01935953421	0.01
80	1	64242.60265	1466.888242	285346.8965	6825200.582	6807.202061	0.7277119176	1.021121804	42751.77742	16156.85833	10159.25107	2112.840027	562.2503518	0.4889627473	0.01	0.01376778284
80	1	64755.39563	518.412434	529891.9828	4677011.253	10063.95275	0.5974418899	0.9924228909	41619.73439	15962.45842	9959.952834	2119.326062	547.0622755	0.1728041447	0.01857009799	0.01
80	1	64998.20849	460.6768065	594778.3432	4272802.383	10091.69713	0.5963321146	0.9921785806	41609.90849	15960.78337	9958.245856	2119.326065	546.931338	0.1535589355	0.02084404458	0.01
80	1	70290.90961	729.9050087	2009017.36	595840.4233	1264.124355	0.9494350258	1.06991205	44736.24294	16493.7377	10501.36268	2119.313129	588.5922009	0.2433016696	0.07040614019	0.0100041413
80	1	64351.22381	401.5948146	421886.0116	5436394.465	16792.63412	0.3282946351	0.9331717686	39236.71621	15556.22033	9545.969503	2119.326575	515.3067721	0.1338649382	0.01478502191	0.01
80	1	67323.64798	521.6008718	1215285.389	1800736.065	3931.767251	0.84272931	1.046421593	43791.31678	16332.66467	10337.22751	2119.269108	576.0011133	0.1738669573	0.04258975316	0.01003207218
80	0	68053.50366	30	1399551.373	1398279.59	70135.46169	-1.805418467	0.463450134	20342.59037	12335.45339	6263.925703	2118.622219	263.5395524	0.01	0.04904736622	0.01040957013
80	1	67346.43651	692.0456932	1202835.168	1844063.465	2892.822696	0.8842870921	1.055573865	44155.5838	16395.00659	10400.96357	2118.14978	580.8729638	0.2306818977	0.04215343439	0.01068180591
80	1	65511.44151	1322.452818	731928.5048	3529704.209	2308.267546	0.9076692982	1.060717558	44366.47447	16430.70094	10437.12276	2119.322685	583.664646	0.4408176059	0.02565048065	0.01
80	1	69214.14575	199.9718993	1721385.957	889462.34	7876.791603	0.6849283359	1.011682499	42394.33396	16094.50613	10094.51823	2119.325224	557.3844033	0.06665729977	0.06032607952	0.01000028989
80	1	71641.82609	970.9666854	2370138.049	360277.9679	527.6211142	0.9788951554	1.076397495	44997.10514	16538.20586	10546.67735	2119.31619	592.0682723	0.3236555618	0.08306163754	0.01
80	0	65570.35214	30	747671.0662	3453140.257	131857.5542	-4.27430217	-0.08006177259	-1514.477221	8609.279253	2466.579597	2119.327291	-27.73342649	0.01	0.02620217971	0.01
80	1	64612.57625	485.0058476	489899.3946	4948104.502	11762.64939	0.5294940242	0.9774649366	41017.76385	15859.86334	9855.421965	2119.216019	539.0423132	0.1616686159	0.01716855521	0.01006403676
80	1	64367.29321	2159.227739	425802.5572	5407523.218	2472.142651	0.901114294	1.059274587	44308.36171	16420.79931	10427.03654	2119.300141	582.8906108	0.7197425798	0.01492227749	0.01001323466
80	1	71020.39344	444.2410485	2072753.733	570609.7486	3033.959701	0.878641612	1.054352651	44083.37196	16384.17208	10391.16268	2111.401461	580.0176011	0.1480803495	0.07263978541	0.01460212471
80	1	64288.81778	391.0803124	402826.5682	5587284.318	18128.05923	0.2748776306	0.9214128019	38763.29091	15475.54596	9463.783431	2119.182897	509.0003024	0.1303601041	0.01411708251	0.01008350589
80	1	65443.44627	1061.996538	713758.282	3620187.948	3159.415257	0.8736233897	1.053222559	44065.03347	16379.31366	10384.75575	2119.323708	579.6477186	0.353998846	0.02501370405	0.01
80	1	64367.68833	1897.100994	426276.4856	5403263.786	2913.511715	0.8834595314	1.055387927	44152.12039	16394.15967	10399.88491	2119.322899	580.8082261	0.632366998	0.01493888635	0.01000032609
80	1	63859.64323	674.8005251	290521.9865	6528071.471	14408.81554	0.4236473786	0.954163092	40080.96529	15700.14123	9692.63437	2119.326445	526.5570238	0.2249335084	0.01018136135	0.01
80	1	65495.78152	737.0391676	727509.5978	3551787.58	4783.802119	0.8086479152	1.038918651	43489.6969	16281.23792	10284.81271	2119.310666	571.9811514	0.2456797225	0.02549561978	0.01000820473
80	1	65092.3332	404.7159233	619931.0875	4125681	11091.47282	0.5563410874	0.9833748005	41255.82966	15900.42282	9896.734478	2119.326178	542.2129722	0.1349053078	0.0217255241	0.01
80	1	64624.60622	537.8021934	494941.4069	4910358.136	10410.65173	0.5835739306	0.9893699444	41496.94808	15941.52678	9938.622117	2119.326103	545.4260558	0.1792673978	0.01734525285	0.01
80	1	66443.43155	1110.40693	544017.9308	5336576.374	6050.615778	0.7579753689	1.027847744	42954.26837	16195.72313	10202.50932	2092.966045	565.2635667	0.3701356434	0.01906514273	0.02531344065
80	1	64932.43067	1041.506694	577200.6766	4378719.467	4183.348973	0.8326660411	1.044206049	43702.39887	16317.49458	10321.75804	2119.324472	574.8153408	0.3471688981	0.02022803415	0.01
80	1	67184.33145	678.4625322	1178971.3	1893572.044	2953.948078	0.8818420769	1.055031853	44137.80137	16391.71855	10397.39715	2119.323504	580.6174055	0.2261541774	0.04131712363	0.01
80	1	71430.16025	584.4509897	2313575.041	389814.2995	1434.973899	0.942601044	1.068407568	44675.75864	16483.42525	10490.85231	2119.320813	587.7860894	0.1948169966	0.08107938335	0.01
80	1	65190.34993	1616.734057	643876.4115	3993444.038	2102.371165	0.9159051534	1.062531065	44438.94782	16443.08526	10449.76812	2119.186758	584.6325556	0.5389113522	0.02256468949	0.01007876294
80	1	68352.51031	2671.198439	1491141.237	1225807.014	-18.16565078	1.000726626	1.081203559	45190.40004	16571.15725	10580.25698	2119.307997	594.6440717	0.8903994796	0.05225713877	0.01
80	1	71946.3293	114.3351974	2451509.791	321668.5518	9847.938296	0.6060824682	0.9943250613	41696.2377	15975.50009	9973.243163	2119.326035	548.0817394	0.03811173246	0.08591331537	0.01
80	1	65270.68592	1918.849696	667582.062	3860724.029	1557.263877	0.9377094449	1.067330714	44632.44668	16476.0419	10483.3283	2119.320566	587.2089344	0.6396165654	0.0233954555	0.0100003449
80	1	70802.60143	128.0756038	2145458.798	492752.6533	10062.66181	0.5974935274	0.9924343387	41620.10912	15962.52777	9960.028114	2119.301025	547.0676657	0.04269186793	0.07518773901	0.0100145452
80	1	66144.54149	553.5236494	901110.4286	2788591.65	5198.964219	0.7920414313	1.03526279	43342.71032	16256.17772	10259.27213	2119.324969	570.0222213	0.1845078831	0.03157947185	0.01000000099
80	1	64073.22677	1018.361589	346584.9292	6039763.568	7667.634694	0.6932946122	1.013524477	42468.20907	16107.11302	10107.37662	2119.264603	558.3698043	0.339453863	0.01214609072	0.01003548416
80	1	64053.9236	511.2135986	342439.1121	6072612.258	16227.74174	0.3508903304	0.9381460727	39436.77753	15590.3252	9580.724608	2119.326547	517.972739	0.1704045329	0.0120008003	0.01
80	1	70517.33357	391.0803124	2067259.507	549838.6547	2924.80839	0.8830076644	1.05528891	44147.64798	16393.42856	10399.16617	2119.179726	580.7508963	0.1303601041	0.07244723992	0.01008350589
80	1	65601.21623	238.6807178	755918.5906	3413693.935	15722.57866	0.3710968538	0.9425944153	39615.68517	15620.82396	9611.804856	2119.326508	520.3568176	0.07956023927	0.02649121473	0.01000000766
80	1	64848.11723	408.9795576	554669.7777	4518331.526	12348.33371	0.5060666517	0.972307191	40810.70198	15824.54097	9819.405885	2119.326295	536.2813121	0.1363265192	0.01943843737	0.01
80	1	63967.15385	466.2429064	285346.8965	6653106.317	21741.33223	0.130346711	0.8896012915	37477.35711	15256.74594	9241.161289	2117.281551	491.8943976	0.1554143021	0.01	0.01118820011
80	1	69484.04485	122.8951533	1793518.787	804427.0532	12731.10756	0.4907556975	0.968936578	40675.13945	15801.43134	9795.855655	2119.326326	534.4748398	0.04096505111	0.06285397912	0.01
80	1	65143.83765	328.2823926	626510.7818	4098240.269	13729.58093	0.4508167629	0.9601456532	40320.09448	15741.00084	9734.352644	2118.893064	529.7504653	0.1094274642	0.0219561099	0.01025175429
80	1	64917.94284	438.8746584	573329.1257	4402398.705	11057.37437	0.5577050252	0.9836750631	41267.90591	15902.48148	9898.832391	2119.326174	542.3738972	0.1462915528	0.0200923554	0.01
80	1	64971.6541	1686.19065	587682.2691	4315249.014	2236.925792	0.9105229683	1.061345776	44391.74074	16435.00813	10441.51208	2119.322573	584.001338	0.5620635502	0.02059536222	0.01
80	1	64906.55151	601.7156449	448513.8274	5464488.187	10784.58376	0.5686166497	0.9861007077	41340.32166	15916.43261	9914.399521	2111.980643	543.4552734	0.2005718816	0.01571819539	0.01426747993
80	1	64102.07563	1750.756531	355306.6773	5964730.169	4017.115846	0.8393153662	1.045669858	43761.27171	16327.53076	10331.98556	2119.32437	575.5998655	0.5835855104	0.01245174493	0.01
80	1	64247.47131	922.3064737	308001.7335	6564353.271	10079.68755	0.596812498	0.9923009736	41597.0425	15959.72659	9958.124117	2114.128779	546.8422346	0.3074354912	0.01079394019	0.01301943778
80	1	70169.37349	1870.192974	1976649.451	623297.9024	39.73407552	0.998410637	1.08069371	45169.89273	16567.66143	10576.69461	2119.308895	594.3708044	0.6233976579	0.06927180477	0.01000028884
80	1	65948.62244	1416.938888	741868.0413	3612687.856	2527.517836	0.8988992866	1.058807536	44267.58721	16415.25335	10422.56566	2112.874654	582.4490559	0.4723129627	0.02599881234	0.01374587517
80	1	70118.37357	198.6613184	1963029.095	635235.2716	6862.973354	0.7254810658	1.020609932	42753.38773	16155.71467	10156.89367	2119.3255	562.169056	0.06622043946	0.06879447854	0.01
80	1	63855.62399	1894.673113	289438.4982	6537953.416	4659.527284	0.8136189086	1.040012941	43533.75451	16288.74555	10292.46099	2119.32416	572.5680373	0.6315577045	0.01014339044	0.01000033064
80	1	65062.13507	464.8673154	515153.6107	4936925.678	12075.32644	0.5169869422	0.9747299029	40888.17444	15839.02352	9835.236702	2113.492664	537.4061186	0.1549557718	0.01805359081	0.01338912724
80	1	64905.40179	692.0456932	548717.9822	4589678.163	7160.683572	0.7135726571	1.017992475	42643.72697	16137.30101	10138.36463	2118.043122	560.7280632	0.2306818977	0.01922985633	0.01074505189
80	1	70844.05485	1658.091648	2156951.349	484856.8711	66.76441436	0.9973294234	1.080455686	45160.32135	16566.02967	10575.03164	2119.309978	594.2432507	0.5526972161	0.07559049617	0.01
80	1	63952.42705	1078.768893	285346.8965	6644028.528	9028.503667	0.6388598533	1.00154659	41980.49247	16024.35292	10023.35966	2117.51809	551.8982904	0.3595896311	0.01	0.0110502834
80	1	71401.07534	1747.497782	2183650.791	487378.2213	543.2413477	0.9782703461	1.076283537	44967.30215	16534.73657	10544.49615	2111.940403	591.787871	0.5824992606	0.07652617982	0.01428082281
80	1	64674.15484	809.1612063	492255.0071	4956079.554	6772.272816	0.7291090874	1.021411695	42782.34543	16160.86124	10162.31494	2118.364706	562.5701613	0.2697204021	0.0172511078	0.01055816877
80	1	65236.58443	1023.876489	587700.2314	4422417.272	4484.963294	0.8206014682	1.041563777	43581.51629	16297.8211	10302.49416	2115.054974	573.2721361	0.341292163	0.02059599171	0.01248044759
80	1	64113.35597	795.5337478	293192.5958	6652464.442	12270.62193	0.5091751229	0.9730040799	40825.28355	15827.88582	9823.536554	2115.397604	536.5378687	0.2651779159	0.01027495303	0.0122824325
80	1	69857.55784	1686.160178	1893213.136	700148.9799	167.3743129	0.9933050275	1.079569763	45124.66593	16559.95298	10568.84042	2119.304688	593.768229	0.5620533928	0.06634777384	0.01000416084
80	1	64698.19252	304.8063822	514555.5839	4778090.142	18201.9646	0.2719214161	0.9207615588	38737.58021	15471.13223	9459.259691	2119.323612	508.6554585	0.1016021274	0.01803263292	0.01000175692
80	1	65950.6107	1639.191487	848834.4758	2999711.587	1374.902401	0.945003904	1.06893663	44696.9436	16487.04266	10494.5437	2119.29334	588.068827	0.5463971623	0.02974745779	0.01001584986
80	1	71951.51763	2886.533818	2417253.266	341589.1239	-184.40038	1.007376015	1.082674265	45242.19137	16580.45638	10590.12857	2117.143366	595.3682955	0.9621779394	0.08471279328	0.01124911081
80	1	69450.41054	615.7876495	1784043.954	815252.6131	1944.88269	0.9222046924	1.06391753	44495.0735	16452.6299	10459.47522	2119.292683	585.3787897	0.2052625498	0.06252193298	0.01001706033
80	1	64190.46816	598.0834647	375671.9127	5804443.597	12488.80772	0.5004476911	0.9710708399	40760.30505	15815.99265	9810.730675	2119.129916	535.6128469	0.1993611549	0.0131654459	0.01011409658
80	1	65462.1119	565.1273461	630644.7462	4190721.885	7963.072669	0.6814770932	1.010939742	42346.27315	16087.47513	10088.32982	2114.011234	556.8281514	0.188375782	0.02210098494	0.01308752305
80	1	65088.14264	2773.595326	608742.1174	4205155.371	1040.445452	0.9583821819	1.071883634	44813.48347	16507.03631	10515.02516	2118.711788	589.6309995	0.9245317755	0.02133340593	0.01035287351
80	1	64673.33004	1931.477754	503633.5021	4858550.333	2311.785232	0.9075285907	1.060687418	44364.36865	16430.39905	10436.8631	2119.061573	583.640721	0.6438259178	0.01764986787	0.01015168445
80	1	65033.93687	1881.057688	566174.6012	4505741.926	2193.287402	0.9122685039	1.061737413	44399.61517	16436.85375	10443.81585	2117.020858	584.1427335	0.6270192292	0.01984162464	0.01133701682
