#gen	Feasible	f1	f2	f3	f4	f5	c1	c2	c3	c4	c5	c6	c7	x1	x2	x3
51	1	66991.42755	498.5835732	1077945.22	2217464.204	4984.099697	0.8006360121	1.03716439	43408.9756	16268.12674	10271.99749	2116.34026	570.9525429	0.1661945244	0.03777665827	0.01173391706
51	1	67112.08535	1932.595572	1159158.71	1946904.104	565.0917106	0.9773963316	1.076067636	44983.73399	16535.93314	10544.36691	2119.285939	591.8905758	0.6441985241	0.04062279015	0.01001774756
51	1	64110.98106	1770.489197	357686.4559	5944989.054	3932.355621	0.8427057752	1.046416235	43791.29024	16332.64808	10337.20045	2119.324315	575.999885	0.5901630657	0.01253514443	0.01
51	1	68940.13279	577.6181982	1583101.457	1103040.467	2769.738731	0.8892104508	1.056666522	44190.11179	16401.49433	10408.0807	2115.397883	581.3766702	0.1925393994	0.05547989048	0.01228034288
51	1	66892.80896	635.0274185	1101068.369	2110631.121	3489.440489	0.8604223804	1.050316438	43948.1523	16359.38868	10364.45088	2119.323994	578.0901895	0.2116758062	0.03858701051	0.01
51	1	68567.71519	276.1006368	1454493.4	1332848.82	7049.988414	0.7180004635	1.018981308	42668.44638	16142.47654	10144.44701	2113.645762	561.1271383	0.09203354559	0.05097281302	0.01329972316
51	1	65656.69602	709.9232351	770193.0409	3347123.572	4677.879743	0.8128848103	1.039851439	43527.14713	16287.62632	10291.32644	2119.291468	572.480507	0.2366410784	0.02699146374	0.01001932783
51	1	68454.09246	1865.686717	1309676.051	1696834.747	1355.318335	0.9457872666	1.069149284	44662.51945	16483.92009	10493.66934	2106.731749	587.8090456	0.6218955724	0.04589767986	0.01731077743
51	1	65814.75501	500.8509307	543009.6859	5043255.18	11341.33922	0.5463464312	0.9812266768	41113.69526	15879.75403	9878.664671	2103.040876	540.5769492	0.1669503102	0.01902980872	0.01946120801
51	1	71993.65587	654.1733464	2464156.767	316051.1012	1080.38947	0.9567844212	1.071529952	44801.33765	16504.83297	10512.66818	2119.319548	589.4595238	0.2180577821	0.08635652945	0.01
51	1	64886.91079	462.0382022	507846.4596	4919522.484	12160.17644	0.5135929426	0.9739751027	40865.97607	15834.71804	9830.411029	2115.876459	537.0725399	0.1540127341	0.01779751123	0.01200422842
51	1	65431.0885	421.4008101	710455.942	3636880.25	9171.117074	0.633155317	1.000284983	41935.93953	16016.36257	10014.88471	2119.325942	551.275946	0.1404669367	0.02489797333	0.01
51	1	67790.63466	451.7943107	1340992.409	1510986.768	4145.007325	0.834199707	1.044543677	43715.97788	16319.80942	10324.11702	2119.324449	574.9962913	0.1505981036	0.04699516361	0.01
51	1	73763.73074	122.1614593	2697876.121	247979.3122	9296.631513	0.6281347395	0.9992259479	41843.9411	16003.83588	10004.77213	2104.891184	550.2787015	0.04072048645	0.09454723895	0.01838607211
51	1	67059.746	288.5220252	1075756.418	2240069.37	9121.83728	0.6351265088	1.000732433	41939.49921	16017.89172	10017.21821	2115.108066	551.390209	0.0961740084	0.03769995156	0.01245042717
51	1	66062.9392	538.1023631	823735.7442	3166421.26	6186.644922	0.7525342031	1.026576247	42981.87391	16195.39818	10197.94983	2115.973268	565.2669146	0.1793674544	0.02886787116	0.01194739483
51	1	64354.26347	824.7701749	422077.5563	5436114.677	7782.92158	0.6886831368	1.012509213	42427.45711	16100.16078	10100.28749	2119.28826	557.8263795	0.2749233916	0.0147917346	0.01002175379
51	1	66577.69858	524.6677664	1016862.082	2373320.073	4810.743478	0.8075702609	1.038681367	43480.20191	16279.6162	10283.15748	2119.3248	571.8543998	0.1748892555	0.03563599586	0.0100000005
51	1	71674.41883	522.8797808	2378847.738	355933.1425	1626.55693	0.9349377228	1.066720535	44607.90793	16471.8586	10479.06513	2119.321341	586.8819277	0.1742932603	0.08336686912	0.01
51	1	71851.52045	1193.985009	2055973.084	634578.168	2049.060203	0.9180375919	1.06307157	44384.71787	16438.69418	10449.37264	2096.984293	584.2615701	0.3979950031	0.07205170652	0.02297372232
51	1	65492.51531	675.3762788	713797.0794	3636449.549	5462.202125	0.781511915	1.032947306	43246.88475	16240.01459	10242.94578	2118.536417	568.7577689	0.2251254263	0.02501506371	0.01045817268
51	1	66702.38847	770.6616722	1050182.711	2265675.241	2910.535252	0.8835785899	1.055414136	44153.17638	16394.33956	10400.06813	2119.323458	580.822289	0.2568872241	0.03680371939	0.01
51	1	64943.69583	564.2200796	580204.7736	4360443.035	8322.003136	0.6671198746	1.007762074	42236.65901	16067.62693	10067.12654	2119.325427	555.2832645	0.1880733599	0.02033331292	0.01000021963
51	1	65431.0885	408.0779981	710455.942	3636880.25	9495.508541	0.6201796584	0.9974284716	41821.05361	15996.77772	9994.926467	2119.325988	549.745005	0.1360259994	0.02489797333	0.01
51	1	66658.72411	371.2690364	1038514.378	2302803.523	6950.213929	0.7219914428	1.019841713	42722.49076	16150.4476	10151.52618	2119.325522	561.7573307	0.1237563455	0.03639480192	0.01
51	1	65487.04448	1910.884279	724819.8578	3565559.884	1385.304618	0.9445878153	1.068845057	44693.23238	16486.41181	10493.90234	2119.285119	588.0195031	0.6369614263	0.02540135767	0.01002064437
51	1	70790.18645	214.5407653	2141741.362	495379.7222	5712.521844	0.7714991263	1.030740684	43160.66774	16225.15529	10227.66726	2119.276009	567.5971462	0.07151358844	0.07505746123	0.01002855649
51	1	67104.46261	1895.116566	1144941.165	1994258.074	660.8868136	0.9735645275	1.07522644	44947.38716	16529.89769	10538.35143	2118.551532	591.4178684	0.6317055221	0.04012453539	0.01044461515
51	1	70584.05354	1494.93891	2087471.741	534131.3069	188.2464459	0.9924701422	1.079385945	45117.29748	16558.6953	10567.55744	2119.312198	593.6699254	0.4983129699	0.07315557892	0.0100000005
51	1	69368.62577	2201.75593	1762086.515	840604.3693	4.297867782	0.9998280853	1.081005865	45182.32735	16569.78885	10578.86903	2119.272967	594.5370601	0.7339186434	0.06175243315	0.01002064437
51	1	64952.51708	568.8120411	580942.9511	4358409.065	8244.199322	0.6702320271	1.008447508	42263.89217	16072.29078	10071.89726	2119.227745	555.6477142	0.1896040137	0.02035918239	0.01005696137
51	1	70628.91142	418.0377124	2077698.712	545556.0702	2754.106009	0.8898357596	1.056795816	44204.25343	16403.33381	10409.47511	2118.01055	581.5237263	0.1393459041	0.07281308252	0.01076259171
51	1	70550.82574	369.7981477	2078592.362	540779.1863	3105.037367	0.8757985053	1.053701398	44084.29185	16382.59667	10388.10135	2119.323656	579.904351	0.1232660492	0.07284440055	0.01
51	1	70959.91609	634.7813986	2187912.7	464389.3402	1376.879508	0.9449248197	1.068919133	44696.33325	16486.93265	10494.42658	2119.320635	588.0602615	0.2115937995	0.0766755387	0.01
51	1	66616.44918	1788.656299	1027217.338	2339329.959	854.048952	0.9658380419	1.073523051	44881.49802	16518.49808	10526.59382	2119.31845	590.5277208	0.5962187663	0.03599889644	0.01
51	1	67483.90132	1301.813544	1130465.181	2118353.788	1812.772069	0.9274891172	1.065105598	44516.41419	16457.95728	10466.32404	2111.565306	585.785575	0.4339378481	0.03961722364	0.01450537695
51	1	68970.19502	475.3429771	1656203.797	974004.3166	3013.577717	0.8794568913	1.054506769	44116.68304	16388.11847	10393.72843	2119.323565	580.3359879	0.158447659	0.05804176663	0.01
51	1	69592.74576	1064.748406	1542780.86	1257007.506	2256.84601	0.9097261596	1.061224397	44329.09386	16428.01919	10437.49173	2102.44225	583.4339246	0.3549161353	0.05406685263	0.01980511243
51	1	65428.71992	408.9458736	709822.9892	3640088.408	9482.863353	0.6206854659	0.997539822	41825.53201	15997.54117	9995.704464	2119.325986	549.804683	0.1363152912	0.02487579146	0.01
51	0	64242.79015	231.1258921	392909.5182	5660326.125	31992.29765	-0.2796919061	0.7993272495	33853.62962	14638.55431	8610.80747	2119.326958	443.5731082	0.07704196402	0.01376953887	0.01
51	1	71535.70959	195.6376709	2341780.764	374794.8221	5728.076191	0.7708769524	1.030603559	43155.32095	16224.23306	10226.71842	2119.325168	567.5251174	0.06521255697	0.08206785469	0.01
51	1	67540.54617	273.3593472	1249055.162	1732466.222	8055.980181	0.6777607928	1.010109455	42325.88593	16083.16872	10083.24292	2117.811263	556.4962696	0.09111978241	0.04377321698	0.01087986365
51	1	69391.46641	395.9710157	1329730.846	1787426.527	6784.887093	0.7286045163	1.021382333	42693.80601	16151.34906	10157.31233	2092.840704	561.7947024	0.1319903386	0.04660050143	0.02538647908
51	1	70944.63094	270.5417152	2122513.331	519621.2761	4680.789233	0.8127684307	1.039837554	43514.04337	16286.19402	10290.54047	2115.625995	572.3639637	0.09018057174	0.07438361365	0.01214877929
51	1	69024.21049	610.3557485	1614921.155	1051796.554	2494.116721	0.9002353312	1.059091776	44289.58376	16418.32817	10425.1318	2115.961651	582.6932708	0.2034519162	0.05659501383	0.01195260865
51	1	67184.80939	310.0641639	1177385.543	1898888.137	7390.939928	0.7043624029	1.015961119	42566.06354	16123.80372	10124.39331	2119.222262	559.6744584	0.1033547213	0.04126155069	0.0100600489
51	1	68128.42523	1734.7757	1431259.459	1332447.133	433.0846901	0.9826766124	1.077229959	45030.58599	16543.91341	10552.49372	2119.315305	592.5144298	0.5782585668	0.0501585781	0.01000000004
51	1	67133.24177	580.5327254	1165194.203	1930347.963	3633.224675	0.854671013	1.049050333	43897.2052	16350.70527	10355.60329	2119.316594	577.4114002	0.1935109085	0.04083430441	0.01000436354
51	1	68546.80322	560.5422899	1542780.86	1140835.318	2676.042482	0.8929583007	1.057479076	44236.16813	16408.49105	10414.49254	2119.306246	581.9284847	0.18684743	0.05406685263	0.01000984257
51	1	70354.70144	247.2193913	1670075.67	1080999.683	7981.196313	0.6807521475	1.010831908	42286.60326	16080.83828	10084.53768	2097.844433	556.2891497	0.08240646377	0.05852790729	0.02247978583
51	1	67110.19026	1816.929997	1159158.71	1946562.062	647.4338563	0.9741026457	1.075342453	44954.67246	16530.97228	10539.30585	2119.317141	591.5028251	0.6056433325	0.04062279015	0.01
51	1	64100.1254	937.5016747	354785.5219	5969062.081	8178.577528	0.6728568989	1.009025044	42287.45562	16076.28625	10075.95088	2119.32578	555.9601614	0.3125005582	0.01243348101	0.01
51	1	68902.46078	904.1902451	1638103.322	998875.7979	1243.39027	0.9502643892	1.070094607	44743.60957	16494.99194	10502.63953	2119.320185	588.6902538	0.3013967484	0.05740743432	0.01
51	1	66586.32721	524.1683493	1019167.907	2365708.929	4803.428967	0.8078628413	1.038745777	43482.79241	16280.05781	10283.60751	2119.324798	571.8889201	0.1747227831	0.03571680363	0.01
51	1	65435.14332	576.5974451	641087.8431	4104983.786	7587.381879	0.6965047248	1.014244574	42482.83408	16110.52214	10111.62057	2115.075838	558.6310595	0.1921991484	0.02246696393	0.01246898278
51	1	71456.1634	337.8362306	2320522.097	386060.2818	3029.531242	0.8788187503	1.054366286	44111.03263	16387.15525	10392.74687	2119.323478	580.2606935	0.1126120769	0.08132284338	0.01000005993
51	1	72832.95992	922.0939306	2662491.434	241922.8936	558.9906988	0.977640372	1.076126274	44980.83906	16535.77526	10544.48811	2117.750048	591.8763169	0.3073646435	0.09330718037	0.01090944593
51	1	72085.58892	564.2462564	2488723.841	305417.8886	1353.37978	0.9458648088	1.069126066	44704.65587	16488.35143	10495.8724	2119.32056	588.1711666	0.1880820855	0.08721748411	0.01
51	1	63878.45032	1690.270564	295236.5087	6486039.067	5197.399375	0.792104025	1.03527663	43343.20269	16256.26576	10259.3653	2119.306194	570.0290799	0.5634235214	0.01034658208	0.01001090798
51	1	65445.46681	1766.023959	699778.597	3710021.794	1704.929918	0.9318028033	1.066033205	44577.26651	16466.82662	10474.09818	2118.445532	586.4874849	0.588674653	0.0245237851	0.01050884132
51	1	64062.45221	517.8559692	344718.1953	6053363.155	15898.87592	0.3640449633	0.9410419847	39553.24808	15610.18018	9600.958137	2119.32653	519.5247964	0.1726186564	0.01208067091	0.01
51	1	70904.66661	297.1858855	2142529.274	499979.7024	4039.429914	0.8384228034	1.045479279	43747.28512	16325.55033	10330.30683	2117.477296	575.4427478	0.09906196183	0.07508507367	0.0110730527
51	1	65540.20093	760.7487376	557885.098	4790878.497	7030.649271	0.7187740292	1.019168516	42657.89537	16141.83304	10144.76211	2108.363153	561.0702347	0.2535829125	0.01955111848	0.0163686946
51	1	64180.09876	1938.015694	376156.5023	5793978.547	3315.594248	0.8673762301	1.051847285	44009.72136	16369.88449	10375.1468	2119.323841	578.9106435	0.6460052312	0.01318242837	0.01000000449
51	1	68546.78644	594.5748655	1542780.86	1140833.543	2479.132527	0.9008346989	1.059213016	44305.90631	16420.3794	10426.6075	2119.30626	582.857794	0.1981916218	0.05406685263	0.01000968542
51	1	71454.66652	503.7997125	2320091.073	386296.3125	1780.132748	0.9287946901	1.06536819	44553.51128	16462.58592	10469.61602	2119.319732	586.1570829	0.1679332375	0.08130773809	0.01000114691
51	1	67981.7213	665.0393879	1385596.518	1423144.248	2491.191856	0.9003523258	1.059108019	44300.40683	16419.52345	10425.80379	2118.93326	582.7904188	0.221679796	0.04855831744	0.01022637587
51	1	68119.18219	1588.891099	1428786.918	1337045.641	545.3619306	0.9781855228	1.076241274	44990.82158	16537.13472	10545.58582	2119.316188	591.9845416	0.5296303663	0.05007192774	0.01000008911
51	1	65430.51607	767.9606171	710302.9705	3637655.335	4688.391002	0.8124643599	1.039758773	43523.53406	16287.00312	10290.68524	2119.324743	572.4318331	0.2559868724	0.02489261244	0.01
51	1	70752.91245	245.5433213	2132595.559	501589.6502	4915.840431	0.8033663828	1.037755909	43442.98096	16273.27107	10276.69137	2119.324849	571.3584027	0.08184777377	0.07473694599	0.01
51	1	73226.563	1174.956696	2793623.9	199725.2362	141.2737878	0.9943490485	1.079799575	45133.93324	16561.53124	10570.44744	2119.311411	593.8916093	0.3916522318	0.09790272594	0.01
51	1	70784.1184	378.4436542	2140824.872	495891.263	2907.172286	0.8837131086	1.05544377	44154.34559	16394.54033	10400.27394	2119.316831	580.8379745	0.1261478847	0.07502534276	0.01000384755
51	1	68162.14235	1611.159017	1440269.615	1315827.417	516.9379736	0.9793224811	1.076491568	45000.88866	16538.85085	10547.33464	2119.316096	592.1186906	0.5370530056	0.05047433956	0.01
51	1	66246.95248	1313.828111	928331.0211	2684966.079	1674.611639	0.9330155345	1.066297405	44590.85984	16468.95431	10476.10709	2119.312621	586.6548893	0.4379427035	0.03253341924	0.01000513426
51	1	70705.59151	511.658501	2119930.558	510521.1158	1977.589262	0.9208964295	1.063629434	44483.58304	16450.66494	10457.46761	2119.320938	585.2252241	0.1705528337	0.07429310023	0.01000068434
51	1	68093.17678	1588.891099	1421840.091	1350046.14	551.7530388	0.9779298784	1.076184995	44988.55862	16536.74892	10545.19263	2119.316395	591.9543835	0.5296303663	0.04982847574	0.01
51	1	68307.90855	990.7483119	1478396.726	1248121.359	1269.503251	0.9492198699	1.069864821	44734.19738	16493.39832	10501.02467	2119.270459	588.5656185	0.3302494373	0.05181050659	0.0100289359
51	1	68023.52519	211.3247218	1402949.915	1386177.257	9269.799405	0.6292080238	0.9994160646	41900.93526	16010.39897	10008.81049	2119.309227	550.809753	0.07044157395	0.04916646832	0.01000971915
51	1	71828.57974	485.647158	2417291.845	337695.119	1780.867984	0.9287652807	1.065362241	44552.71059	16462.4853	10469.54363	2119.155677	586.149012	0.161882386	0.08471414529	0.01009644343
51	1	71038.0995	517.5267962	2208786.834	451082.946	1837.411942	0.9265035223	1.064863801	44533.22817	16459.12803	10466.09205	2119.320706	585.8867819	0.1725089321	0.07740707401	0.01000065368
51	1	71474.81956	761.6727253	2304925.688	397367.1896	1018.517993	0.9592592803	1.072078752	44819.1601	16508.14271	10516.26923	2118.077213	589.7166939	0.2538909084	0.08077626623	0.01072135229
51	1	67953.94124	1658.59789	1384632.476	1421866.595	530.3096313	0.9787876147	1.07637382	44996.15298	16538.04355	10546.51194	2119.316213	592.055584	0.5528659635	0.04852453253	0.01
51	1	70866.90296	476.5052636	2163057	480750.4459	2121.114461	0.9151554216	1.062365582	44432.75629	16442.00013	10448.63739	2119.322379	584.5479008	0.1588350879	0.0758044691	0.01
51	1	64259.66735	824.9430685	397419.576	5624875.493	8308.523819	0.6676590473	1.007880769	42241.43407	16068.44086	10067.95592	2119.325803	555.3468897	0.2749810228	0.01392759413	0.01
51	1	66838.07423	255.9738869	1085943.686	2155944.934	9938.694807	0.6024522077	0.9935259779	41663.99657	15970.01045	9967.654377	2119.296003	547.6525782	0.08532462896	0.03805696504	0.0100174538
51	1	71432.06959	236.0139128	2275016.129	416938.8263	4944.315329	0.8022273869	1.037512711	43425.13351	16270.74393	10274.54919	2116.968069	571.1579121	0.07867130428	0.07972808386	0.01136918042
51	1	66562.20152	538.5127009	1012720.851	2387051.089	4689.607615	0.8124156954	1.03974806	43523.10318	16286.92967	10290.61039	2119.324743	572.4260914	0.1795042336	0.03549086616	0.01
51	1	70533.81349	449.7075506	2074046.214	544214.7931	2424.338448	0.9030264621	1.059695466	44325.367	16423.69326	10429.98148	2119.322857	583.1168581	0.1499025169	0.07268508049	0.01
51	1	71958.90168	340.8396761	2387695.789	359862.8053	3181.007322	0.8727597071	1.053045398	44044.0394	16376.62083	10382.7563	2115.271407	579.4321577	0.1136132254	0.08367694964	0.01235410626
51	1	70841.05977	309.3836663	2156038.848	485492.4763	3695.07861	0.8521968556	1.04850566	43875.30158	16346.97115	10351.79784	2119.317387	577.1195062	0.1031278888	0.07555851754	0.0100039297
51	1	67585.30427	485.7133558	1177385.543	1970721.804	4907.382185	0.8037047126	1.03785139	43424.37107	16271.53293	10276.1256	2112.765426	571.2143365	0.1619044519	0.04126155069	0.01381069027
51	1	64015.90837	1122.398485	296641.3635	6553189.264	8323.751787	0.6670499285	1.007753558	42228.95967	16066.78443	10066.66302	2117.175973	555.2147208	0.3741328282	0.01039581531	0.01124897175
51	1	69225.59036	506.9857763	1675171.864	964963.4057	2950.918481	0.8819632608	1.055068048	44129.08251	16390.88228	10397.09129	2116.35057	580.5483198	0.1689952588	0.05870650371	0.01172704472
51	1	66816.52787	255.9738869	1080169.294	2173369.743	9995.975194	0.6001609922	0.993021584	41643.70695	15966.55186	9964.130025	2119.295009	547.3822197	0.08532462896	0.03785460109	0.01001803569
51	1	65353.25885	408.9458736	689657.6887	3743792.237	9782.506563	0.6086997375	0.9949012372	41719.41089	15979.45048	9977.268862	2119.326026	548.3905395	0.1363152912	0.02416909724	0.01
51	1	66397.73951	486.301063	968444.5239	2539205.214	5552.811977	0.7778875209	1.032146956	43217.32715	16234.80771	10237.49831	2119.305351	568.3517095	0.1621003543	0.03393919947	0.01001147711
51	1	66410.77661	298.3179032	804357.865	3382342.641	12358.78741	0.5056485037	0.9722475637	40773.63925	15820.43752	9817.085602	2109.198342	535.947891	0.09943930108	0.02818877216	0.01588399715
51	0	65437.20489	134.3217061	648225.1343	4055095.073	33676.0769	-0.347043076	0.7845126353	33244.61558	14535.57685	8506.574705	2115.474516	435.5185783	0.04477390202	0.02271709075	0.01223816268
51	1	68215.94581	276.1006368	1454493.4	1290080.721	6643.139113	0.7342744355	1.022545769	42831.21324	16168.98378	10170.41747	2119.316154	563.2062865	0.09203354559	0.05097281302	0.01000539684
51	1	68144.61916	873.3296403	1435586.93	1324438.843	1607.692848	0.9356922861	1.066886647	44614.5888	16472.9975	10480.22575	2119.321293	586.9709553	0.2911098801	0.05031023459	0.01
51	1	70858.48172	649.1861698	2160793.787	482270.6685	1355.693967	0.9457722413	1.06910569	44703.83374	16488.21144	10495.72989	2119.319793	588.1602233	0.2163953899	0.07572515468	0.01000044937
51	1	68351.85006	1588.891099	1428392.588	1367138.757	816.5292861	0.9673388286	1.073865524	44882.35315	16519.46923	10528.2772	2115.541884	590.598919	0.5296303663	0.0500581084	0.01219284711
51	1	71317.58131	584.1925833	2283490.812	406498.0139	1464.943757	0.9414022497	1.068143661	44665.14457	16481.61585	10489.00841	2119.320902	587.6446489	0.1947308611	0.08002507964	0.01
51	1	65482.67249	396.3019788	723651.5404	3571367.609	9610.289417	0.6155884233	0.996417853	41780.28597	15989.83575	9987.858668	2119.290469	549.2023086	0.1321006596	0.02536041391	0.01002064437
51	1	68053.94487	251.2990087	1343203.194	1542383.032	8342.827855	0.6662868858	1.007591858	42215.74336	16064.9603	10065.16458	2115.214651	555.0696786	0.08376633622	0.04707264071	0.01238842753
51	1	69082.40952	1066.168883	1656203.797	984190.5767	1049.434043	0.9580226383	1.071808329	44806.34254	16506.08172	10514.27318	2117.509942	589.5548775	0.3553896278	0.05804176663	0.01105089075
51	1	70111.38545	418.4977252	1961161.674	636889.9207	2859.45505	0.885621798	1.055863935	44171.26686	16397.42349	10403.21085	2119.323402	581.0633582	0.1394992417	0.06872903465	0.01
51	1	66789.09614	413.3419856	968444.5239	2633029.893	7120.355158	0.7151857937	1.018363752	42641.38899	16138.00584	10140.01028	2112.997171	560.7768547	0.1377806619	0.03393919947	0.01367653866
51	1	69431.64916	922.0939306	1777717.716	822843.6098	1057.515088	0.9576993965	1.071731725	44809.08125	16506.17678	10514.05756	2119.210867	589.564433	0.3073646435	0.06230022956	0.01006306305
51	1	67317.37193	605.7211932	1214463.576	1802263.861	3279.080312	0.8688367875	1.05216883	44022.64121	16372.08775	10377.39273	2119.320206	579.0828672	0.2019070644	0.04256095268	0.01000209738
51	1	65561.23473	1308.005923	581714.7519	4605266.871	3852.298669	0.8459080532	1.047152777	43787.15253	16334.09968	10340.49258	2109.459902	576.1010299	0.4360019744	0.0203862302	0.01573056476
51	1	66301.63368	511.5443626	849867.2792	3093378.039	6480.973431	0.7407610627	1.023991734	42870.15332	16176.84963	10179.46509	2113.701941	563.8141419	0.1705147875	0.02978365245	0.01326699145
51	1	68073.27473	1321.758474	1416521.71	1360085.403	823.8170022	0.9670473199	1.073789266	44892.20491	16520.3233	10528.45385	2119.31828	590.6703982	0.4405861581	0.04964209273	0.01
51	1	64742.50731	1876.848741	526293.8657	4700763.956	2247.227311	0.9101109075	1.061255093	44388.06178	16434.383	10440.87673	2119.313299	583.9524602	0.625616247	0.01844400175	0.01000539684
51	1	63842.12394	756.007943	285346.8965	6576428.913	13026.67333	0.4789330667	0.9663339934	40570.36434	15783.57662	9777.665989	2119.296584	533.0791046	0.2520026477	0.01	0.01001729291
51	1	70777.7613	850.466259	2139235.771	496971.3105	870.0595884	0.9651976165	1.073382065	44875.8277	16517.53145	10525.60876	2119.318532	590.4521596	0.283488753	0.07496965264	0.01000000329
51	1	64111.38586	391.8003234	332697.0162	6209420.22	22164.66878	0.1134132489	0.8858717924	37329.17893	15231.36952	9215.203407	2117.812835	489.9113948	0.1306001078	0.01165938793	0.01087954746
51	1	66554.11157	797.5462747	1010412.488	2394861.08	2927.063944	0.8829174423	1.055268616	44147.2935	16393.33863	10399.04974	2119.314637	580.7440352	0.2658487582	0.03540996941	0.01000513426
51	1	70550.82574	449.7075506	2078592.362	540779.1863	2417.362956	0.9033054818	1.05975689	44327.83743	16424.1144	10430.41065	2119.322847	583.1497784	0.1499025169	0.07284440055	0.01
51	1	66781.33964	480.9138401	967098.7898	2637305.26	6081.944923	0.7567222031	1.027507598	43009.29502	16200.71396	10203.90592	2113.04071	565.6787835	0.1603046134	0.03389203814	0.0136510603
51	1	64942.58928	560.9990597	578289.9651	4374546.32	8411.445476	0.663542181	1.00697478	42204.66056	16062.19344	10061.60741	2119.227774	554.8584086	0.1869996866	0.02026620833	0.01005696137
51	1	67305.14638	376.5879261	1211256.415	1810296.271	5756.488532	0.7697404587	1.030353367	43145.25848	16222.51769	10224.97035	2119.325178	567.3910275	0.1255293087	0.04244855754	0.01
51	1	64175.99118	649.1861698	375054.3735	5802889.938	11452.61488	0.5418954048	0.9801946727	41127.9273	15878.61909	9874.515101	2119.325937	540.5085817	0.2163953899	0.0131438042	0.01000016116
51	1	71754.09903	286.4891126	2399814.741	345726.5116	3563.175632	0.8574729747	1.049667207	43921.97366	16354.93025	10359.91106	2119.3044	577.7416509	0.09549637087	0.08410165907	0.01001141645
51	1	64026.56117	685.6473368	322361.5874	6272572.995	12749.01277	0.4900394891	0.9687813745	40666.26173	15800.08633	9794.62652	2118.556286	534.3687381	0.2285491123	0.01129718218	0.01044736851
51	1	67110.6519	1870.308139	1159158.71	1946645.377	607.6572603	0.9756937096	1.07569274	44968.73516	16533.3712	10541.75188	2119.309398	591.690339	0.6234360463	0.04062279015	0.01000432327
51	1	66216.34844	397.6577375	920299.2725	2715037.655	7363.505446	0.7054597821	1.016202369	42576.12015	16125.49549	10126.09834	2119.325617	559.8068326	0.1325525792	0.0322519461	0.01
51	1	65668.92794	1411.75797	742411.1418	3516884.676	2209.985807	0.9116005677	1.061589106	44395.00259	16435.98104	10442.85389	2117.416002	584.075008	0.47058599	0.02601784533	0.01110749842
51	1	65472.10052	294.1170601	721414.8659	3581781.223	13254.87036	0.4698051855	0.964324451	40489.64439	15769.80962	9763.631048	2119.326328	532.0029798	0.09803902003	0.02528202952	0.01000002207
51	1	66943.21204	420.8966254	1114537.476	2071398.516	5576.311644	0.7769475342	1.031939961	43209.06962	16233.39571	10236.05576	2119.325115	568.2413587	0.1402988751	0.03905903621	0.01
51	1	65486.85958	706.8335934	725036.6922	3564153.789	5040.993934	0.7983602427	1.0366539	43398.59267	16265.70836	10268.98805	2119.30543	570.767204	0.2356111978	0.02540895665	0.01001131374
51	1	65447.65971	666.3676393	567080.4719	4674555.726	7746.804757	0.6901278097	1.012855674	42411.00369	16099.2974	10101.03938	2110.40979	557.7477945	0.2221225464	0.01987337094	0.01517979204
51	1	64357.07795	841.3331679	423450.4021	5424560.045	7584.849677	0.6966060129	1.014253266	42497.72926	16112.13203	10112.4801	2119.325665	558.7622152	0.2804443893	0.01483984607	0.01
51	1	72602.14168	820.8202477	2626761.128	251989.9811	614.6870099	0.9754125196	1.075630814	44966.27003	16532.94934	10541.32061	2119.316897	591.6573714	0.2736067492	0.09205500955	0.01
51	1	64746.5746	349.4538414	527534.7562	4692394.464	15371.46202	0.3851415192	0.9456862625	39740.03607	15642.02232	9633.407372	2119.326502	522.0138864	0.1164846138	0.01848748883	0.01
51	1	72022.83423	425.2950567	2440925.11	329979.9636	2234.821712	0.9106071315	1.061370296	44386.32064	16434.49345	10441.33158	2117.450626	583.9587667	0.1417650189	0.08554237456	0.01108741073
51	1	66792.82861	1208.599926	1074350.635	2190666.834	1525.977227	0.9389609109	1.067606215	44643.52902	16477.93101	10485.25331	2119.321063	587.3566057	0.4028666419	0.03765068581	0.01000000697
51	1	70734.49577	863.7958806	2055973.084	572147.6105	1220.349301	0.951186028	1.070311347	44737.5231	16494.90017	10503.34091	2114.993624	588.6776748	0.2879319602	0.07205170652	0.01251276704
51	1	65042.37815	637.9532312	601234.9785	4242406.058	7013.754106	0.7194498357	1.019283227	42698.92511	16146.50084	10147.56345	2119.003008	561.4484109	0.2126510771	0.02107031777	0.01018737641
51	1	68204.18192	1630.054384	1451503.758	1295395.504	492.2711739	0.980309153	1.076708778	45009.62461	16540.34008	10548.85226	2119.315874	592.2351037	0.5433514613	0.05086804082	0.01
51	1	67897.70523	274.9513798	1367618.818	1456971.864	7154.53763	0.7138184948	1.018042872	42649.73325	16138.07067	10138.93529	2119.20578	560.7896803	0.09165045994	0.04792828781	0.01006959358
51	1	67135.5342	592.0490256	1114521.068	2108724.864	3965.707839	0.8413716864	1.046132473	43769.26333	16329.57125	10334.63492	2116.223034	575.7554949	0.1973496752	0.03905846117	0.0118016754
51	1	68464.92812	1416.33287	1521182.389	1175567.318	615.7104653	0.9753715814	1.075621801	44965.90756	16532.88755	10541.25764	2119.316904	591.6525412	0.4721109566	0.05330993285	0.01000000059
51	1	70983.80993	400.4521267	2185402.682	467456.3524	2672.623686	0.8930950526	1.057510845	44235.66732	16408.5193	10414.61683	2118.786569	581.930044	0.1334840422	0.07658757496	0.01031172993
51	1	65892.40838	531.723219	563760.8293	4899555.779	10327.04648	0.5869181406	0.9901582906	41472.91542	15940.99104	9941.069214	2103.040741	545.3638272	0.177241073	0.01975703385	0.01946120801
51	1	66210.37294	485.1817975	918702.2458	2721084.784	5908.750988	0.7636499605	1.029012581	43091.33343	16213.32498	10215.60237	2119.325216	566.672436	0.1617272658	0.0321959782	0.01000000725
51	1	67976.3586	349.5036641	1390345.687	1410730.976	5357.937628	0.7856824949	1.033862963	43286.35348	16246.57411	10249.48849	2119.308304	569.2714891	0.1165012214	0.04872475237	0.01000971915
51	1	63878.45032	1607.588363	295236.5087	6486039.067	5503.990873	0.7798403651	1.03257686	43234.62077	16237.75558	10240.5022	2119.306313	568.5821445	0.5358627875	0.01034658208	0.01001090798
51	1	64896.41076	358.830483	567356.8476	4439514.054	13847.74038	0.4460903847	0.9591038247	40279.63132	15734.01113	9727.152439	2119.31324	529.2046062	0.119610161	0.01988305654	0.01000765057
51	1	67399.68889	555.3246728	1130265.091	2102610.742	4434.266065	0.8226293574	1.042017056	43592.42205	16300.1482	10305.25894	2112.914821	573.4513705	0.1851082243	0.03961021147	0.01372373831
51	1	72741.35354	706.1326743	2561272.285	286072.688	1324.227096	0.9470309162	1.069402609	44694.57655	16487.98775	10496.64027	2113.12415	588.1349975	0.2353775581	0.0897599489	0.01359878206
51	1	66754.60297	255.9738869	1063750.394	2223552.703	10161.47657	0.593540937	0.9915641944	41585.11893	15956.56253	9953.948813	2119.30282	546.6013669	0.08532462896	0.03727919972	0.01001350936
51	1	71870.10815	1191.772722	2345710.065	383962.5871	668.8498403	0.9732460064	1.075170368	44930.11306	16527.91249	10537.13487	2114.160423	591.2572031	0.3972575739	0.08220555729	0.01299394563
51	1	68322.64904	1630.054384	1483161.472	1239509.275	465.4350324	0.9813825987	1.07694509	45019.12885	16541.96029	10550.50336	2119.315623	592.3617548	0.5433514613	0.0519774874	0.01
51	1	67560.38645	402.975001	1213839.255	1845334.668	5600.515877	0.7759793649	1.031739498	43187.45826	16230.57722	10233.91107	2115.366443	568.0160913	0.1343250003	0.04253907331	0.01229981184
51	1	71144.60324	126.5224522	2237112.255	433650.8488	9745.4517	0.610181932	0.995227563	41732.50357	15981.68445	9979.54713	2119.316732	548.5651566	0.04217415072	0.07839974021	0.01000539684
51	1	67165.46803	270.5417152	1173412.021	1908636.654	8607.780119	0.6556887952	1.005245691	42135.34696	16050.36281	10049.53894	2119.29458	553.933695	0.09018057174	0.04112229836	0.01001816904
51	1	68416.28748	654.7107152	1414906.461	1407985.523	2849.947082	0.8860021167	1.055965675	44156.10037	16396.06843	10402.86409	2113.696215	580.950403	0.2182369051	0.04958548626	0.01326892675
51	1	68554.54977	386.7522605	1545131.784	1136994.483	4212.953543	0.8314818583	1.043945359	43691.91416	16315.70723	10319.93661	2119.324488	574.6756242	0.1289174202	0.05414924089	0.01000000083
51	1	66325.36985	538.1023631	817785.0962	3278175.349	6564.755567	0.7374097773	1.02326139	42832.84631	16170.99668	10173.92655	2111.384046	563.3537225	0.1793674544	0.02865933032	0.01461360322
51	1	72792.87225	1276.826379	2677729.651	234718.7701	105.0628846	0.9957974846	1.080118439	45146.75763	16563.71744	10572.67532	2119.310745	594.0625039	0.4256087931	0.09384120464	0.01
51	1	73451.1742	1022.280477	2853468.965	183761.2709	255.5462337	0.9897781507	1.078793354	45093.42748	16554.62847	10563.41504	2119.302495	593.3520091	0.3407601591	0.1	0.01000621371
51	1	68554.54977	391.5274912	1545131.784	1136994.483	4152.24037	0.8339103852	1.044479984	43713.41624	16319.37273	10323.672	2119.324452	574.9621555	0.1305091637	0.05414924089	0.01000000083
51	1	67167.73308	1899.216415	1159158.71	1956974.732	652.7908727	0.9738883651	1.07529825	44949.71989	16530.33084	10538.82266	2118.389107	591.4515249	0.6330721383	0.04062279015	0.01053888943
51	1	69431.41425	823.9395365	1770864.09	832696.8083	1310.951447	0.9475619421	1.069501338	44717.97537	16490.73534	10498.39701	2118.802109	588.356869	0.2746465122	0.06206004382	0.01030104882
51	1	71348.80375	947.6464477	2251406.57	431082.7067	804.2505658	0.9678299774	1.073969371	44891.10175	16520.66852	10529.25385	2116.878338	590.6943362	0.3158821492	0.07890068535	0.01141679298
51	1	70953.19379	703.1743621	2186116.314	465552.9021	1170.142379	0.9531943048	1.07073961	44769.55092	16499.41422	10507.14612	2119.319912	589.0359417	0.234391454	0.07661258422	0.01
51	1	71269.21915	930.5419753	2124007.912	534105.5315	1374.38917	0.9450244332	1.068969367	44668.09468	16484.052	10493.11583	2110.477078	587.8240343	0.3101806584	0.07443599134	0.01513617584
51	1	71304.15376	390.8853205	2279643.041	408719.5394	2574.482141	0.8970207144	1.058373387	44272.1408	16414.6231	10420.74127	2119.307403	582.4078271	0.1302951068	0.07989023427	0.01000909613
51	1	65387.74516	332.5982379	694641.022	3723356.254	12128.95859	0.5148416564	0.974239772	40887.55454	15837.69802	9832.860702	2119.070971	537.3094752	0.1108660793	0.02434373847	0.01014832369
51	1	68216.72933	759.4429076	1454493.4	1290174.44	1929.609783	0.9228156087	1.064051996	44500.50705	16453.55454	10460.41612	2119.3001	585.4510778	0.2531476359	0.05097281302	0.01001273452
51	1	69022.07306	1110.252859	1666741.145	960919.5464	856.9250269	0.9657229989	1.073498367	44879.81859	16518.25565	10526.38365	2119.117761	590.5085199	0.3700842865	0.05841104864	0.01011655672
51	1	69709.93931	1765.609353	1853884.081	739547.8189	143.807748	0.9942476901	1.079777261	45133.03582	16561.37825	10570.29154	2119.311455	593.8796505	0.588536451	0.06496948465	0.01
51	1	68632.73362	850.2279129	1550985.389	1133660.61	1555.920045	0.9377631982	1.06734545	44629.93633	16475.81221	10483.26085	2118.413779	587.1898464	0.2834093043	0.05435438087	0.01052705399
51	1	73451.08432	1022.280477	2853468.965	183759.7396	255.44228	0.9897823088	1.078794264	45093.46907	16554.63524	10563.42167	2119.303944	593.3525404	0.3407601591	0.1	0.01000537198
51	1	66880.94141	1535.430294	1097897.029	2119976.111	999.6456184	0.9600141753	1.072240962	44829.93375	16509.70781	10517.63596	2119.319188	589.8405883	0.5118100981	0.03847587069	0.01
51	1	67641.63866	605.7211932	1299477.937	1601889.094	3021.618279	0.8791352688	1.054436294	44113.49791	16387.5979	10393.21676	2119.221104	580.295167	0.2019070644	0.04554028635	0.01005952719
51	1	65708.78674	313.5857329	784664.6464	3279695.074	11324.51382	0.5470194473	0.9813226985	41173.29626	15886.35318	9882.396588	2119.326201	541.1131528	0.1045285776	0.02749862207	0.01
51	1	68224.86759	1665.83006	1456055.411	1287643.859	465.6487123	0.9813740515	1.076943397	45018.85922	16541.9272	10550.48047	2119.256703	592.3590947	0.5552766865	0.0510275538	0.01003420867
51	1	65042.37359	1684.595658	605991.4061	4207438.49	2151.532989	0.9139386804	1.062097838	44421.86627	16440.15146	10446.76	2119.286893	584.4033461	0.5615318861	0.02123700708	0.01002064437
51	1	66325.36985	538.1023631	817785.0962	3278175.349	6564.755567	0.7374097773	1.02326139	42832.84631	16170.99668	10173.92655	2111.384046	563.3537225	0.1793674544	0.02865933032	0.01461360322
51	1	69315.06887	390.4193402	1636531.308	1040670.128	4374.809949	0.8250076021	1.042541689	43612.37087	16303.62248	10308.86129	2112.578372	573.7225333	0.1301397801	0.05735234301	0.01391917316
51	1	71072.89592	451.4175902	2218101.268	445265.326	2205.921204	0.9117631519	1.061618795	44402.72072	16436.87995	10443.41961	2119.322354	584.1476571	0.1504725301	0.07773349897	0.01000009774
51	1	69225.59036	1731.812478	1675171.864	964963.4057	473.6797979	0.9810528081	1.076882006	45006.41709	16540.44334	10549.50384	2116.340575	592.2394607	0.577270826	0.05870650371	0.01172704472
51	1	65250.66374	832.2870188	661081.8307	3897396.355	4646.576884	0.8141369246	1.040127202	43538.11247	16289.50363	10293.24628	2119.254771	572.6272096	0.2774290063	0.02316765449	0.01004063787
51	1	70106.00792	498.6575369	1959724.648	638166.1466	2279.04995	0.908838002	1.060974841	44376.82213	16432.46492	10438.92038	2119.32264	583.8025362	0.166219179	0.068678674	0.01
51	1	67420.62178	1816.206007	1210133.535	1833360.21	726.8931855	0.9709242726	1.07464893	44920.1768	16525.51359	10534.09765	2117.387539	591.0737103	0.6054020025	0.04240920613	0.01112078052
51	1	66612.5588	375.5694859	914672.8118	2844336.744	8377.107118	0.6649157153	1.007298375	42194.98929	16061.99416	10062.6225	2112.599565	554.8345482	0.1251898286	0.03205476643	0.01390769655
51	1	70915.15522	863.7958806	2004492.251	636333.387	1695.127896	0.9321948842	1.066149829	44549.55493	16464.17273	10473.1336	2108.976267	586.2682011	0.2879319602	0.07024755746	0.01600879491
51	1	63974.82043	1077.970455	304448.0887	6440195.031	8372.130744	0.6651147702	1.007323916	42215.55866	16064.25212	10063.87415	2118.309233	555.0181871	0.3593234849	0.01066940249	0.01059059526
51	1	66903.23533	526.9690539	1103549.587	2103571.03	4351.633516	0.8259346594	1.042724236	43642.73891	16307.32825	10311.40126	2119.306169	574.0206186	0.1756563513	0.03867396495	0.01001068868
51	1	71996.44628	396.4353053	2464902.443	315722.9715	2279.227869	0.9088308853	1.060973274	44376.75911	16432.45418	10438.90943	2119.32264	583.8016965	0.1321451018	0.08638266169	0.01
51	1	66632.73426	610.0189839	1031294.862	2326301.237	3964.68305	0.841412678	1.046131621	43779.78672	16330.69067	10335.20876	2119.307789	575.846854	0.2033396613	0.03614179355	0.01000961294
51	1	66852.20215	511.658501	1090197.57	2142851.158	4567.989098	0.8172804361	1.040819006	43566.17151	16294.27188	10298.09279	2119.323505	573.0000278	0.1705528337	0.03820604266	0.01000068434
51	1	67309.36928	278.6557421	1212373.699	1807487.897	8040.359739	0.6783856105	1.010242158	42336.40437	16084.63079	10084.45465	2119.325079	556.6124509	0.09288524736	0.04248771281	0.01000039229
51	1	67909.69443	1763.223659	1315377.224	1597390.713	766.1670663	0.9693533173	1.074308009	44901.21082	16522.61612	10531.4271	2115.851752	590.8452982	0.5877412197	0.04609747784	0.01201268259
51	1	66148.31173	764.0328624	899722.0696	2796313.557	3572.787184	0.8570885127	1.04958297	43918.15833	16354.30715	10359.29903	2119.179527	577.6927872	0.2546776208	0.03153081672	0.01008396443
51	1	65097.68654	422.3666718	621336.5373	4117647.315	10570.39992	0.5771840031	0.9879632458	41440.36695	15931.8816	9928.79333	2119.324607	544.6720939	0.1407888906	0.02177477817	0.01000088007
51	1	66351.57524	318.4599663	858603.8508	3060849.374	10537.73709	0.5784905163	0.9882697557	41432.50108	15931.83084	9929.825935	2113.424692	544.6607534	0.1061533221	0.03008982615	0.01342852125
51	1	66383.5909	538.1023631	833343.3819	3207890.762	6438.548731	0.7424580508	1.024372736	42877.5435	16178.6163	10181.69145	2111.384005	563.9493462	0.1793674544	0.02920457142	0.01461360322
