#gen	Feasible	f1	f2	f3	f4	f5	c1	c2	c3	c4	c5	c6	c7	x1	x2	x3
95	1	67032.42574	774.2621893	1138326.896	2003913.525	2610.379063	0.8955848375	1.058057247	44259.46905	16412.46017	10418.53479	2119.320032	582.2387672	0.2580873964	0.03989273791	0.01000178617
95	1	66444.78573	1675.699394	981342.1749	2493709.103	1043.983562	0.9582406575	1.071850534	44814.23073	16507.0309	10514.90804	2119.319275	589.6313355	0.5585664646	0.03439119847	0.01000006677
95	1	70435.64048	723.8244739	1734692.702	973319.9524	2959.353861	0.8816258456	1.055044722	44073.67177	16384.91654	10393.93684	2100.433427	580.0620918	0.2412748246	0.06079241524	0.02097327334
95	1	66909.90341	903.0084479	1104716.503	2100602.47	2220.97433	0.9111610268	1.061486418	44397.20729	16435.95216	10442.4843	2119.267046	584.0750631	0.301002816	0.03871485959	0.01003224071
95	1	72660.36769	298.2120321	2523254.239	303350.3346	3703.657366	0.8518537054	1.048453091	43848.62773	16343.9931	10350.08181	2112.141445	576.877747	0.09940401069	0.08842760409	0.01417269304
95	1	70615.7381	1438.728664	2078306.305	544314.4082	306.1716238	0.987753135	1.07835093	45072.02983	16551.21102	10560.12594	2118.249216	593.0835521	0.4795762214	0.07283437564	0.01061793022
95	1	69632.31608	805.3768147	1821707.145	776525.6477	1312.036246	0.9475185502	1.069492335	44717.02618	16490.61104	10498.30186	2118.630544	588.3469381	0.2684589382	0.0638418419	0.01040069988
95	1	71306.09076	1354.385776	2279787.21	408690.4124	201.1527305	0.9919538908	1.079272418	45112.60084	16557.90301	10566.75706	2119.274175	593.6079441	0.4514619255	0.0798952867	0.01002218373
95	1	65387.64269	625.4729908	698846.0092	3696178.157	6040.486345	0.7583805462	1.027852552	43044.67831	16205.37158	10207.49733	2119.325271	566.0507213	0.2084909969	0.02449110251	0.01
95	1	69003.5166	1307.032126	1665108.252	961997.1255	601.848818	0.9759260473	1.075743864	44970.81678	16533.72443	10542.11048	2119.316798	591.7179603	0.4356773753	0.0583538238	0.01
95	1	67298.44327	631.1900196	1133167.366	2072473.888	3724.280382	0.8510287847	1.04826323	43849.82184	16343.63251	10349.24019	2114.721506	576.8527835	0.2103966732	0.03971192186	0.01267386092
95	1	67139.51494	846.9311103	1166995.08	1925428.2	2244.761662	0.9102095335	1.061276775	44388.96561	16434.53505	10441.02997	2119.322585	583.9643572	0.2823103701	0.04089741624	0.01
95	1	66378.29365	1180.167589	963574.4514	2556200.797	1850.899431	0.9259640227	1.06474503	44528.45496	16458.3141	10465.26241	2119.321794	585.8231584	0.3933891964	0.03376852747	0.01000003835
95	1	68692.53344	2192.377249	1582004.89	1080066.482	92.68163116	0.9962927348	1.080227465	45151.14255	16564.46494	10573.43708	2119.310505	594.1209363	0.7307924164	0.05544146122	0.01
95	1	68971.46148	561.0432801	1656542.231	973545.2279	2435.739577	0.9025704169	1.05959507	44321.3292	16423.00493	10429.28002	2119.322873	583.0630513	0.1870144267	0.05805362707	0.01
95	1	70783.45421	2284.791188	2037699.4	593318.9506	319.9844388	0.9872006224	1.078245796	45050.16435	16548.61039	10558.4228	2113.088105	592.8738228	0.7615970626	0.07141130411	0.013611666
95	1	70019.14411	1748.366344	1936512.217	659139.0681	113.6108014	0.9954555679	1.080043168	45143.73032	16563.20136	10572.14941	2119.310907	594.0221627	0.5827887813	0.0678651929	0.01
95	1	68236.28379	2191.542947	1460082.271	1280007.368	164.6552016	0.9934137919	1.079593684	45125.65252	16560.1196	10569.0089	2119.311813	593.7812625	0.7305143156	0.05116867537	0.01
95	1	66830.32774	1866.363216	1084371.647	2160298.131	704.856364	0.9718057454	1.074836804	44934.33581	16527.50544	10535.77292	2119.317541	591.2318239	0.6221210721	0.03800187281	0.01
95	1	71274.28228	592.5327473	2271918.734	413104.2163	1444.760634	0.9422095746	1.068321389	44672.29232	16482.83436	10490.25017	2119.32076	587.7398993	0.1975109158	0.07961953543	0.01000004802
95	1	66178.11763	733.9504149	910001.1148	2754345.837	3689.255263	0.8524297895	1.048556933	43877.36999	16347.32335	10352.15643	2119.319211	577.1470403	0.2446501383	0.03189104651	0.01000286745
95	1	67436.19905	964.7779653	1246277.34	1724099.569	1709.042424	0.9316383031	1.065994188	44578.69501	16466.87861	10473.99019	2119.321543	586.4926437	0.3215926551	0.04367586805	0.01
95	1	69397.51299	1847.533928	1770395.065	830761.3658	144.4662859	0.9942213486	1.079771462	45132.80259	16561.33849	10570.25102	2119.311467	593.8765426	0.6158446427	0.0620436068	0.01
95	1	65448.4556	2303.620946	715095.491	3613452.368	1040.824909	0.9583670037	1.071878348	44815.34949	16507.22162	10515.10238	2119.31929	589.6462433	0.7678736487	0.02506056662	0.01000004985
95	1	72072.78534	1126.197287	2383700.542	366219.5852	782.8497651	0.9686860094	1.074169636	44886.52605	16520.69543	10529.95947	2113.185532	590.6918283	0.3753990956	0.08353693597	0.01356064234
95	1	70445.92894	1752.68923	2041216.653	571531.1179	106.9294877	0.9957228205	1.080103807	45144.23988	16563.41149	10572.46714	2118.746305	594.0378839	0.5842297434	0.07153456647	0.01032747368
95	1	69174.40892	909.6659777	1710775.442	902704.4326	1146.499803	0.9541400079	1.0709478	44777.92413	16500.84162	10508.60073	2119.319819	589.1475211	0.3032219926	0.05995423336	0.01
95	1	66687.81248	965.1598067	1040267.589	2301989.221	2223.872645	0.9110450942	1.061461881	44395.16748	16435.6717	10442.25504	2118.959372	584.0527554	0.3217199356	0.03645624331	0.01021097169
95	1	70285.21278	2272.926559	1950172.199	659732.5655	154.7138969	0.9938114441	1.079692318	45117.76009	16559.53186	10569.04676	2115.840872	593.7309888	0.7576421862	0.0683439078	0.01201302277
95	1	67455.29325	846.9311103	1251333.865	1712025.082	2042.105409	0.9183157836	1.063061325	44460.72886	16446.76928	10453.49798	2119.319464	584.9207003	0.2823103701	0.0438530743	0.0100016113
95	1	67282.58898	1061.481369	1190491.703	1872977.624	1652.803341	0.9338878664	1.066492261	44595.68443	16469.96923	10477.30311	2118.432299	586.733125	0.3538271229	0.04172085687	0.01051645025
95	1	70576.22743	1268.990101	2078306.305	542324.135	393.5452839	0.9842581886	1.0775795	45043.18362	16546.15427	10554.85573	2118.887831	592.6890636	0.4229967004	0.07283437564	0.01024791218
95	1	65812.26161	691.8181315	812316.0152	3155765.051	4528.370118	0.8188651953	1.041167878	43580.20678	16296.66424	10300.53055	2119.324662	573.1870396	0.2306060438	0.02846766603	0.01
95	1	67241.35417	2115.581683	1150599.978	1999940.728	645.8113665	0.9741675453	1.075365162	44946.58213	16530.16834	10538.97007	2116.684952	591.4366947	0.7051938942	0.04032284884	0.01152829353
95	1	69519.21728	1497.12552	1802673.828	794300.2981	338.290223	0.9864683911	1.078064743	45064.10976	16549.6315	10558.32353	2119.299534	592.9613923	0.4990418401	0.0631748181	0.01000855145
95	1	66857.97697	817.3165738	1091760.292	2138176.895	2568.73916	0.8972504336	1.058423908	44274.2263	16414.9752	10421.0972	2119.323053	582.4353699	0.2724388579	0.03826080835	0.01
95	1	66158.17421	1548.150324	904753.4974	2774475.523	1358.761866	0.9456495254	1.069078672	44702.74976	16488.02649	10495.54127	2119.320577	588.1457663	0.5160501082	0.03170714343	0.01
95	1	67442.37273	520.8232114	1247927.1	1720141.833	3811.881608	0.8475247357	1.0474771	43833.95711	16339.92159	10344.61264	2119.324233	576.5684529	0.1736077371	0.04373368399	0.01000000072
95	1	70387.76263	2211.466444	2018874.282	590991.4573	-28.84741816	1.001153897	1.081300738	45190.97553	16571.46829	10580.75293	2118.331874	594.6671692	0.7371554814	0.07075157667	0.01056573498
95	1	68823.3718	1334.146301	1616968.544	1028721.514	613.9362516	0.9754425499	1.075637425	44966.53592	16532.99466	10541.3668	2119.316891	591.6609145	0.4447154337	0.05666676471	0.01
95	1	67186.28169	1185.331085	1146143.05	2005245.645	1568.968327	0.9372412669	1.067234086	44621.67705	16474.64576	10482.27515	2117.30909	587.0972851	0.3951103616	0.04016665555	0.01116873208
95	1	72042.99958	1937.235661	2477342.782	310298.6592	-145.1584866	1.005806339	1.082321827	45235.3756	16578.82433	10588.07024	2119.304022	595.2434048	0.6457452203	0.08681863417	0.01
95	1	66441.5212	1462.562684	980471.7086	2496733.147	1309.434191	0.9476226324	1.06951304	44720.21957	16491.0046	10498.57616	2119.320415	588.3785645	0.4875208946	0.03436069292	0.01
95	1	65648.72043	708.9436703	768613.24	3353856.002	4694.207873	0.8122316851	1.039707551	43521.47396	16286.65193	10290.32735	2119.324745	572.4043808	0.2363145568	0.02693609951	0.01000000051
95	1	65611.74199	697.8220813	758678.6684	3400655.992	4854.06865	0.805837254	1.038299866	43464.84743	16276.99939	10280.49136	2119.321629	571.6498404	0.2326073604	0.02658794182	0.0100018545
95	1	70019.14411	1348.316031	1936512.217	659139.0681	374.2978495	0.985028086	1.077747622	45051.40584	16547.46262	10556.11059	2119.314681	592.7918699	0.449438677	0.0678651929	0.01
95	1	69507.84071	614.0158341	1799828.972	797400.3299	1926.983766	0.9229206493	1.064075059	44501.49959	16453.71959	10460.58083	2119.319077	585.4640035	0.2046719447	0.06307511995	0.01000170785
95	1	65137.912	1559.330836	431241.1473	5753307.982	4528.129744	0.8188748103	1.041208787	43540.38012	16292.52454	10298.53887	2107.207319	572.8482995	0.5197769453	0.01511287323	0.01703949713
95	1	68730.9631	656.2741224	1592226.047	1064814.777	2082.023908	0.9167190437	1.062709813	44446.59093	16444.35919	10451.04196	2119.319395	584.732304	0.2187580408	0.05579966233	0.01000169329
95	1	67045.57839	1979.118846	1129702.142	2036695.057	618.256617	0.9752697353	1.075601735	44962.58364	16532.48171	10540.97922	2118.581159	591.6198984	0.6597062821	0.03959048288	0.01042721601
95	1	69605.95479	2270.195615	1775682.007	839216.5509	191.1367746	0.992354529	1.07937023	45106.25675	16557.47817	10566.87603	2116.266676	593.5709827	0.7567318718	0.06222888803	0.01176677976
95	1	68819.03884	648.3078242	1615539.751	1030867.973	2076.381533	0.9169447387	1.062759542	44448.545	16444.69524	10451.38688	2119.305957	584.7585561	0.2161026081	0.05661669256	0.01000949386
95	1	66317.48275	1510.650354	947325.1795	2614721.573	1313.673021	0.9474530792	1.069475714	44718.71835	16490.74869	10498.31537	2119.320429	588.3585597	0.5035501181	0.03319907071	0.01
95	1	66015.78955	1053.94609	793075.1538	3325365.635	3112.577634	0.8754968946	1.05364922	44066.99166	16380.61871	10386.90196	2114.881893	579.7441837	0.3513153632	0.02779336883	0.01258033985
95	1	64394.82214	1307.032126	433536.6991	5348874.53	4484.731455	0.8206107418	1.041552149	43595.66177	16299.29888	10303.21543	2119.32464	573.392989	0.4356773753	0.01519332099	0.01
95	1	68792.80609	572.2335507	1608800.534	1040493.54	2466.273345	0.9013490662	1.059326197	44310.51541	16421.16148	10427.40143	2119.322915	582.9189495	0.1907445169	0.05638051626	0.01
95	1	67795.45303	645.9665855	1330963.893	1538271.135	2743.951339	0.8902419465	1.056883218	44209.925	16404.16289	10410.2042	2118.640605	581.5893222	0.2153221952	0.04664371365	0.01039657413
95	1	73407.46145	762.7357231	2841965.006	186718.3719	607.323195	0.9757070722	1.075695658	44968.87799	16533.39392	10541.77367	2119.316841	591.6921243	0.254245241	0.09959684302	0.01
95	1	68741.97373	965.5954667	1594256.769	1062142.687	1171.548909	0.9531380436	1.070727409	44768.86205	16499.30945	10507.04999	2119.261996	589.0276795	0.3218651556	0.05587082912	0.01003364123
95	1	68776.70053	1028.783013	1604496.618	1046750.614	1037.132384	0.9585147046	1.071910863	44816.65749	16507.44458	10515.32958	2119.319355	589.6636722	0.3429276709	0.05622968524	0.01000000216
95	1	67508.91465	1529.762903	1264767.966	1680805.594	776.569593	0.9689372163	1.074205497	44908.751	16523.15636	10531.35135	2119.261212	590.8917866	0.5099209676	0.0443238732	0.01003297767
95	1	69562.19561	957.7608483	1775682.007	835818.6847	1151.735881	0.9539305648	1.070909171	44768.3761	16499.72471	10507.8918	2116.98341	589.0572936	0.3192536161	0.06222888803	0.01135697432
95	1	67383.67883	1579.286328	1121445.495	2131959.304	1394.153206	0.9442338717	1.068788423	44668.20085	16483.59836	10492.25707	2112.635314	587.7912696	0.526428776	0.03930112816	0.01388288711
95	1	70234.61594	687.7171132	1993849.412	608590.5623	1405.488151	0.943780474	1.068667259	44686.153	16485.20041	10492.664	2119.306069	587.9248342	0.2292390377	0.06987457851	0.01000851182
95	1	67502.18015	631.040923	1213191.861	1837471.772	3340.145312	0.8663941875	1.051640889	43990.94913	16367.35335	10373.12968	2116.264309	578.7089622	0.2103469743	0.04251638536	0.01177739678
95	1	69572.41643	727.6475846	1817134.135	778394.2428	1484.785628	0.9406085749	1.067968938	44658.11741	16480.41792	10487.78763	2119.320959	587.5510067	0.2425491949	0.06368158048	0.01
95	1	67321.79167	1531.01207	1203931.729	1836347.647	899.8240385	0.9640070385	1.07312224	44862.94721	16515.49097	10523.6599	2118.608268	590.291769	0.5103373567	0.04219186345	0.01041257748
95	1	67321.84426	304.6433498	1215718.555	1799078.47	7267.014236	0.7093194306	1.017052047	42610.29331	16131.32106	10132.03498	2119.325596	560.2622155	0.1015477833	0.04260493351	0.01
95	1	67593.61439	631.040923	1252856.86	1729532.597	3151.205728	0.8739517709	1.053301704	44060.89001	16379.07541	10384.90637	2117.182959	579.6264197	0.2103469743	0.04390644775	0.01124361769
95	1	67080.94119	809.1940736	1151341.509	1967876.047	2427.95626	0.9028817496	1.059663608	44324.08552	16423.47482	10429.75888	2119.322799	583.0997824	0.2697313579	0.04034883586	0.0100000362
95	1	65958.74453	1128.525	851459.3129	2988295.268	2330.813231	0.9067674708	1.060519026	44358.48953	16429.33974	10435.73562	2119.322658	583.5582416	0.376175	0.02983944537	0.01000003574
95	1	70037.4233	723.7476856	1794492.234	845342.8213	2161.261151	0.9135495539	1.062040431	44389.34881	16436.53816	10444.69994	2110.459538	584.1098668	0.2412492285	0.06288809363	0.01514828423
95	1	71016.83984	1932.036998	2203124.311	454652.2743	-66.13261147	1.002645304	1.081625945	45207.38793	16574.05321	10583.20816	2119.306665	594.8704482	0.6440123328	0.07720863055	0.01
95	1	66452.78088	615.0118602	983480.6089	2486289.937	4153.129099	0.833874836	1.044472158	43713.10149	16319.31908	10323.61732	2119.324454	574.9579612	0.2050039534	0.03446614002	0.01
95	1	69565.91034	1545.772268	1815394.626	780282.9855	295.0692999	0.988197228	1.078445289	45079.46511	16552.24595	10560.98514	2119.313676	593.1657815	0.5152574227	0.06362061926	0.01000003157
95	1	67898.7484	848.5019606	1369883.411	1451382.525	1794.250285	0.9282299886	1.065243868	44548.51794	16461.73427	10468.74777	2119.321738	586.0905116	0.2828339869	0.04800765062	0.01
95	1	68338.60415	1128.857458	1399375.007	1436173.384	1499.197986	0.9400320806	1.067859031	44635.51805	16477.72681	10486.02139	2114.008375	587.3340067	0.3762858194	0.04904118547	0.01308572188
95	1	70238.45929	1998.403911	1993966.848	608683.0714	-13.48064097	1.000539226	1.081162527	45188.51181	16570.85056	10579.95722	2119.238469	594.6200111	0.6661346372	0.06987869405	0.01004038926
95	1	66749.11567	1252.270942	1062669.52	2226605.423	1470.38684	0.9411845264	1.06809573	44663.21686	16481.28723	10488.67352	2119.320918	587.6189607	0.4174236472	0.0372413204	0.01
95	1	65590.27141	1446.305796	752994.0491	3427629.456	1966.476991	0.9213409203	1.063727282	44487.52242	16451.33623	10458.15149	2119.322095	585.2777007	0.4821019319	0.02638872398	0.01
95	1	71075.55847	1487.942499	2218815.565	444822.0573	136.0354227	0.9945585831	1.079845702	45135.78845	16561.8475	10570.76973	2119.311318	593.9163314	0.4959808331	0.07775853152	0.01
95	1	68685.98182	2195.954378	1580253.536	1082704.961	92.23599029	0.9963105604	1.08023139	45151.30027	16564.49184	10573.4645	2119.310461	594.1230385	0.7319847926	0.05538008493	0.01000002019
95	1	69418.90249	618.6621203	1774351.621	826699.5511	1952.531513	0.9218987395	1.063850422	44492.11177	16452.14179	10458.99191	2119.215928	585.3405385	0.2062207068	0.06218226457	0.01006165525
95	1	72709.35748	581.4480391	2655412.178	242130.5963	1161.665693	0.9535333723	1.070814253	44772.553	16499.92599	10507.66765	2119.319879	589.0759468	0.193816013	0.0930590874	0.01
95	1	72609.4325	1326.984992	2628649.691	251333.1155	88.065068	0.9964773973	1.080268129	45152.76568	16564.74243	10573.72052	2119.306804	594.1426228	0.4423283308	0.09212119434	0.01000209382
95	1	67576.23736	1529.745171	1283699.479	1636523.773	749.8399893	0.9700064004	1.07444069	44918.40448	16524.7896	10533.0053	2119.317834	591.0195271	0.5099150571	0.04498732926	0.01
95	1	67360.48258	1061.481369	1226043.789	1773386.678	1520.761217	0.9391695513	1.067652146	44645.37635	16478.24592	10485.57423	2119.32106	587.3812226	0.3538271229	0.04296678199	0.01
95	1	70460.82808	1257.090316	2054542.48	559203.5366	386.7749024	0.9845290039	1.077637752	45046.98699	16546.70933	10555.34294	2119.314819	592.7329854	0.4190301055	0.07200157091	0.01
95	1	67639.8695	1772.958232	1300703.758	1598213.877	524.9483388	0.9790020664	1.07642103	44998.05172	16538.36723	10546.8418	2119.316166	592.0808863	0.5909860773	0.04558324531	0.01
95	1	67903.25628	594.8109552	1371088.044	1448948.998	2882.580746	0.8846967701	1.055660296	44163.0767	16396.02729	10401.78804	2119.323427	580.9542182	0.1982703184	0.04804986705	0.01
95	1	69435.93657	1384.610256	1757856.199	852115.8122	555.8978393	0.9777640864	1.076152901	44982.55913	16536.02701	10544.70981	2117.939804	591.8962332	0.461536752	0.06160418147	0.01079926283
95	1	69284.6085	858.3675619	1740177.583	866491.9646	1226.709553	0.9509316179	1.070241502	44749.50799	16495.99807	10503.66535	2119.317333	588.7688989	0.2861225206	0.06098463325	0.01000162107
95	1	71217.01471	689.6650658	2256616.613	422004.472	1146.407159	0.9541437137	1.070948616	44777.95694	16500.84721	10508.60643	2119.319819	589.1479583	0.2298883553	0.07908327164	0.01
95	1	66249.21161	1933.197127	928386.1443	2685270.944	895.4735969	0.9641810561	1.07315841	44866.68903	16515.98272	10524.03822	2119.276729	590.3310442	0.6443990423	0.03253535103	0.01002435927
95	1	67381.70395	1217.042119	1231713.65	1759435.679	1219.425864	0.9512229654	1.070305631	44752.09655	16496.43875	10504.11393	2119.320032	588.8033502	0.4056807064	0.04316548262	0.01000003791
95	1	65634.35054	2047.086854	764773.2205	3371844.857	1135.116703	0.9545953319	1.071048037	44781.95555	16501.52886	10509.30108	2119.319774	589.2012428	0.6823622847	0.02680152579	0.01
95	1	69359.26057	611.6758654	1760172.954	842675.8892	1997.946836	0.9200821265	1.063450166	44476.37712	16449.43627	10456.2153	2119.322155	585.1291811	0.2038919551	0.06168537227	0.01
95	1	69273.80845	1955.689412	1737337.765	869912.621	110.5179859	0.9955792806	1.080070403	45144.82566	16563.38809	10572.3397	2119.310849	594.036759	0.6518964708	0.06088511164	0.01
95	1	72221.81343	1718.52764	2525126.825	290316.0356	-79.49677608	1.003179871	1.081743626	45212.12096	16574.86006	10584.03039	2119.306261	594.9335193	0.5728425467	0.08849322897	0.01000000002
95	1	67160.0305	1242.321732	1172476.93	1910781.092	1277.261125	0.948909555	1.069796348	44731.61383	16492.94701	10500.55561	2119.320276	588.5304021	0.4141072438	0.04108952803	0.01000001683
95	1	67780.1424	1920.953452	1337268.606	1519330.11	396.9955057	0.9841201798	1.077547929	45043.18448	16546.07324	10554.70493	2119.259392	592.6831934	0.6403178173	0.04686466269	0.01003224071
95	1	66370.88472	676.9876686	961150.8936	2565240.261	3808.616204	0.8476553518	1.04750594	43835.02521	16340.10954	10344.8091	2119.297401	576.5831112	0.2256625562	0.03368359374	0.01001558732
95	1	67269.18487	108.1416704	1201646.499	1834693.665	22126.77233	0.1149291067	0.8862006523	37347.58704	15234.17653	9217.78569	2119.326767	490.1327097	0.03604722346	0.04211177742	0.01
95	1	67926.53935	1300.261122	1377309.928	1436444.73	896.0662785	0.9641573489	1.073153057	44866.61723	16515.96132	10524.0087	2119.318676	590.3294232	0.4334203742	0.04826791337	0.01
95	1	65808.09038	729.4900146	739438.5318	3581028.777	5060.369016	0.7975852394	1.036497085	43377.53607	16263.06115	10267.08239	2114.99592	570.5548873	0.2431633382	0.02591367002	0.01251493237
95	1	67097.11097	808.8223353	1095235.347	2172933.259	2854.59862	0.8858160552	1.05591837	44160.98003	16396.46697	10402.90603	2115.677955	580.9840324	0.2696074451	0.03838259186	0.01211771045
95	1	69827.10691	723.8244739	1738289.835	914186.4211	2235.065092	0.9105973963	1.061390532	44363.21053	16432.08232	10440.15914	2110.459735	583.7615547	0.2412748246	0.06091847699	0.01514828423
95	1	71228.24609	1334.146301	2259617.952	420243.759	221.7582002	0.991129672	1.079090849	45105.42902	16556.67206	10565.49562	2119.312715	593.5117692	0.4447154337	0.07918845377	0.01
95	1	71236.29107	1373.453801	2188388.204	476048.4638	542.3081282	0.9783076749	1.076282336	44977.32347	16535.80158	10545.04075	2114.88638	591.8747988	0.4578179336	0.07669220276	0.0125715924
95	1	69075.38935	803.9652523	1672230.935	956500.8433	1499.964222	0.9400014311	1.067837613	44650.34081	16479.25162	10486.73307	2118.591941	587.4589266	0.2679884174	0.05860343869	0.01042347471
95	1	70798.51254	1212.089052	2144781.175	493146.993	379.2783978	0.9848288641	1.077703764	45049.64194	16547.16192	10555.80417	2119.314736	592.7683645	0.4040296841	0.07516399167	0.01
95	1	67345.30091	1232.532577	1221060.443	1786314.406	1215.586025	0.951376559	1.070339623	44753.27261	16496.65144	10504.34094	2119.264188	588.8199064	0.4108441923	0.04279214032	0.01003246505
95	1	70037.4233	689.2551904	1794492.234	845342.8213	2275.882368	0.9089647053	1.061031105	44348.75476	16429.61801	10437.64785	2110.459839	583.5689207	0.2297517301	0.06288809363	0.01514828423
95	1	71313.65927	1413.656408	2282442.732	407091.9422	156.9459509	0.993722162	1.079661569	45128.38281	16560.58504	10569.48321	2119.311682	593.8176457	0.4712188028	0.0799883496	0.01
95	1	69115.67287	673.5545467	1695079.352	922659.764	1840.47279	0.9263810884	1.064836844	44532.14782	16458.94362	10465.90392	2119.321827	585.8723677	0.2245181822	0.05940416289	0.01000000636
95	1	63840.2774	1539.11587	285346.8965	6575303.126	6008.369183	0.7596652327	1.028135368	43056.05287	16207.31063	10209.47334	2119.325261	566.2022958	0.5130386232	0.01	0.01
95	1	73372.43961	620.9607294	2832606.173	189168.6029	926.2153327	0.9629513867	1.072887571	44855.93969	16514.14109	10522.15377	2119.318831	590.187137	0.2069869098	0.09926886213	0.01000000073
95	1	66179.77338	1334.145004	910523.2507	2752267.093	1683.819595	0.9326472162	1.066216294	44587.62745	16468.40137	10475.54201	2119.321353	586.6116773	0.4447150014	0.0319093448	0.0100000753
95	1	69866.24855	1824.804175	1895653.134	697744.7323	94.95663391	0.9962017346	1.080207432	45150.33662	16564.32757	10573.2971	2119.310481	594.1101977	0.6082680585	0.06643328374	0.01000003965
95	1	66597.26014	1215.744546	1022089.491	2356100.327	1628.965922	0.9348413631	1.066699322	44607.05476	16471.71316	10478.91692	2119.321347	586.8705587	0.4052481821	0.03581919073	0.01
95	1	66220.82022	1154.568621	921494.2584	2710521.787	2030.997853	0.9187600859	1.063159127	44464.67183	16447.44084	10454.18183	2119.322217	584.9731993	0.3848562069	0.03229382445	0.01
95	1	69855.29441	1300.249854	1745822.322	904643.9557	1181.268854	0.9527492458	1.070670004	44736.42119	16495.70432	10504.99414	2110.454806	588.7348664	0.4334166179	0.06118245347	0.01514828423
95	1	67548.44971	1559.734021	1276273.842	1653540.19	729.358519	0.9708256592	1.074621044	44925.65817	16526.02615	10534.26542	2119.317703	591.1161879	0.5199113402	0.04472709737	0.01
95	1	68934.40349	561.0432801	1646638.903	987069.218	2454.991421	0.9018003432	1.059425543	44314.51092	16421.84261	10428.09554	2119.322876	582.972193	0.1870144267	0.05770656431	0.01000001407
95	1	67482.49152	503.3613336	1246931.373	1729545.851	4025.147872	0.8389940851	1.045601392	43756.09907	16326.80352	10331.37435	2118.617577	575.5421343	0.1677871112	0.04369878869	0.01041060916
95	1	67644.76965	709.0023858	1302013.216	1595301.186	2457.449558	0.9017020177	1.059403897	44313.64043	16421.69421	10427.94431	2119.322903	582.9605927	0.2363341286	0.04562913534	0.01
95	1	69607.17939	1413.612635	1826423.767	768386.0645	387.1718202	0.9845131272	1.077634257	45046.84642	16546.68536	10555.31852	2119.314823	592.7311121	0.4712042115	0.0640071362	0.01
95	1	73450.5107	831.6734404	2853468.965	183749.9671	488.4968045	0.9804601278	1.076742014	45010.96134	16540.56796	10549.08448	2119.31584	592.2529165	0.2772244801	0.1	0.01
95	1	69146.14932	2116.524871	1702290.347	913733.6257	64.68238597	0.9974127046	1.0804742	45160.87327	16566.13607	10575.15042	2119.253548	594.2514974	0.7055082904	0.05965687265	0.0100327091
95	1	67414.24302	1213.758519	1240410.077	1738248.965	1210.839396	0.9515664242	1.070381242	44755.13773	16496.95717	10504.64223	2119.320066	588.8438752	0.4045861728	0.04347024945	0.01
95	1	68781.82073	608.3394632	1605864.94	1044757.251	2280.048474	0.9087980611	1.060966048	44376.46849	16432.40464	10438.85894	2119.322641	583.7978238	0.2027798211	0.05627763818	0.01
95	1	70307.21161	1624.872356	2013491.878	592113.7119	144.2432481	0.9942302701	1.079773426	45132.88158	16561.35196	10570.26475	2119.311463	593.8775952	0.5416241188	0.07056294997	0.01
95	1	67536.74343	709.0023858	1273145.598	1660761.666	2530.516175	0.898779353	1.058760491	44287.76328	16417.28287	10423.44887	2119.323003	582.6157604	0.2363341286	0.04461746786	0.01
95	1	70317.43912	1974.166341	2016224.954	589863.6508	-17.6457845	1.000705831	1.081198982	45190.21592	16571.12586	10580.225	2119.308011	594.6416182	0.6580554469	0.07065873079	0.01
95	1	69540.25166	802.3875051	1743942.497	881481.0893	1640.428457	0.9343828617	1.066610861	44590.16026	16469.6852	10477.56644	2115.424026	586.7071643	0.2674625017	0.06111657489	0.01226378201
95	1	66078.72367	1617.328035	883522.0993	2857759.545	1316.774505	0.9473290198	1.069448403	44717.61994	16490.56144	10498.12455	2119.320439	588.3439225	0.539109345	0.03096308774	0.01
95	1	68636.52168	690.6594566	1567036.986	1102823.274	1983.564972	0.9206574011	1.063576809	44481.47058	16450.30456	10457.10015	2119.322128	585.1970552	0.2302198189	0.05491691008	0.01
95	1	69329.8285	1540.569243	1752094.561	852275.6059	337.9964958	0.9864801402	1.078067324	45064.21988	16549.64987	10558.34191	2119.301383	592.9628304	0.5135230811	0.06140226451	0.01000747586
95	1	69308.15353	692.2887422	1737171.367	872939.7685	1748.984979	0.9300406008	1.065644268	44562.69235	16464.27387	10471.43938	2118.757874	586.288327	0.2307629141	0.06087928021	0.01032747368
95	1	66241.81295	621.6203997	927104.0997	2689422.314	4396.732063	0.8241307175	1.04232705	43626.82749	16304.61177	10308.62961	2119.324593	573.8082954	0.2072067999	0.0324904217	0.01
95	1	66672.23309	2132.791399	1023643.868	2366126.594	677.5331725	0.9728986731	1.075080975	44940.34057	16528.77286	10537.26939	2118.201991	591.3295044	0.7109304664	0.03587366397	0.01064764975
95	1	67287.94016	1061.481369	1206658.433	1821928.757	1557.482706	0.9377006918	1.067328785	44632.37113	16476.0289	10483.31493	2119.321161	587.2079183	0.3538271229	0.04228742097	0.01
95	1	70262.08333	1257.090316	2000515.495	603106.2793	421.8485364	0.9831260585	1.077329079	45034.3832	16544.57283	10553.17587	2119.259844	592.5659067	0.4190301055	0.07010819181	0.01003213108
95	1	66139.52141	363.3821521	899768.9516	2793807.628	8333.182029	0.6666727188	1.007663635	42232.70116	16066.95214	10066.43881	2119.325807	555.2305172	0.121127384	0.03153245971	0.01
95	1	68151.84905	1836.983195	1437518.957	1320879.05	361.498073	0.9855400771	1.077860334	45055.93899	16548.23539	10556.8981	2119.314536	592.8522774	0.6123277317	0.05037794259	0.01
95	1	67454.94356	666.200071	1251286.394	1712110.988	2803.517411	0.8878593036	1.056356509	44191.07764	16400.80067	10406.65242	2119.323339	581.3273516	0.2220666903	0.04385141068	0.01
95	1	66182.47031	973.4088959	911245.0105	2749500.224	2588.662457	0.8964535017	1.058248469	44267.17008	16413.77232	10419.8714	2119.323014	582.3413415	0.324469632	0.03193463891	0.01000003791
95	1	66080.73353	1882.799652	884059.1919	2855622.192	1022.161351	0.959113546	1.072042694	44821.95962	16508.34844	10516.25068	2119.319292	589.734327	0.6275998839	0.03098191019	0.01
95	1	69671.56377	1173.53385	1801673.472	807002.5335	823.5328217	0.9670586871	1.073799871	44883.9692	16519.47277	10528.05224	2116.786269	590.6007499	0.39117795	0.06313976056	0.01147033646
95	1	66276.84536	1037.534434	936465.735	2654576.876	2296.644817	0.9081342073	1.060819905	44370.59076	16431.40265	10437.83785	2119.322667	583.7194986	0.3458448114	0.0328185008	0.01
95	1	67515.40823	1244.690398	1266154.429	1677765.443	1128.144272	0.9548742291	1.071109684	44784.16861	16501.92314	10509.71717	2119.241919	589.2319662	0.4148967992	0.04437246189	0.01004520151
95	1	66369.22043	1057.775053	961150.8936	2564844.469	2160.932786	0.9135626885	1.062014952	44418.65429	16439.59614	10446.18756	2119.322445	584.3599812	0.3525916844	0.03368359374	0.01000000124
95	1	72173.17654	694.0570452	2417251.453	348682.7868	1418.735093	0.9432505963	1.068568886	44662.65794	16482.44347	10490.90368	2113.596014	587.7021919	0.2313523484	0.08471272976	0.01332501389
95	1	70696.37417	2046.822337	2117486.956	512258.4401	-78.6457526	1.00314583	1.081736132	45211.81956	16574.80868	10583.97803	2119.306287	594.929503	0.6822741124	0.07420746403	0.01
95	1	69910.34009	2185.390187	1775682.007	863237.1561	571.8188135	0.9771272475	1.076033746	44955.27318	16532.81263	10542.642	2111.360831	591.6367538	0.7284633956	0.06222888803	0.01461735334
95	1	68362.70873	2204.701346	1493866.538	1221162.112	138.2077397	0.9944716904	1.079826574	45135.01911	16561.71634	10570.63608	2119.311356	593.9060793	0.7349004486	0.05235264713	0.01
95	1	68298.27227	549.0740758	1476604.728	1250901.07	2904.237665	0.8838304934	1.055469599	44155.39826	16394.71889	10400.45517	2119.320881	580.8519379	0.1830246919	0.0517477059	0.01000149267
95	1	68723.06449	1237.62764	1590163.635	1067860.514	746.5321867	0.9701387125	1.074469817	44919.57597	16524.9893	10533.20881	2119.317813	591.035138	0.4125425467	0.05572738498	0.01
95	1	69892.56637	768.3994858	1774351.621	863813.1178	1972.282234	0.9211087107	1.063700947	44459.96686	16448.33163	10456.51239	2111.579347	585.0331579	0.2561331619	0.06218226457	0.01449752569
95	1	68648.96912	1437.035079	1538463.103	1160377.924	718.6003573	0.9712559857	1.074721939	44923.12986	16526.01593	10534.60867	2117.392358	591.1129846	0.4790116932	0.05391553654	0.01111794406
95	1	67505.3937	1492.270385	1264767.966	1680257.001	811.1261404	0.9675549544	1.073901019	44896.69947	16521.0895	10529.23465	2119.318199	590.7302916	0.4974234618	0.0443238732	0.01000000389
95	1	71302.90031	627.6480789	2279567.64	408725.6644	1314.124662	0.9474350135	1.069471737	44718.5584	16490.72142	10498.28758	2119.32043	588.3564282	0.2092160263	0.07988759183	0.01
95	1	66920.33444	1103.264476	1107129.623	2093824.915	1676.006453	0.9329597419	1.066285344	44590.13779	16468.84636	10476.00981	2119.243374	586.6463644	0.3677548253	0.03879942751	0.01004535961
95	1	66369.72315	978.7382969	961150.8936	2564964.016	2397.794154	0.9040882338	1.059929234	44334.74118	16425.29307	10431.61328	2119.314712	583.2419045	0.326246099	0.03368359374	0.01000470917
95	1	70302.99121	1392.857386	2012364.034	593044.7403	296.2949124	0.9881482035	1.078434497	45079.03122	16552.17197	10560.90974	2119.313744	593.1599988	0.4642857953	0.0705234246	0.01000000126
95	1	66965.35523	1930.569152	1120454.754	2054394.133	610.2116128	0.9755915355	1.075670223	44967.85503	16533.21954	10541.59596	2119.316863	591.6784927	0.6435230508	0.03926640757	0.01
95	1	69415.87907	608.2852655	1775256.736	825167.2796	1989.941065	0.9204023574	1.063520672	44479.20324	16449.91865	10456.70739	2119.319349	585.1668855	0.2027617552	0.06221398436	0.01000162107
95	1	66169.35416	1928.892121	907049.3497	2766280.144	938.2344309	0.9624706228	1.072781868	44851.54559	16513.40115	10521.40739	2119.27715	590.1292433	0.6429640404	0.03178760172	0.01002424221
95	1	69244.20511	1164.367914	1729426.929	879552.1798	712.2594291	0.9715096228	1.074771615	44931.71395	16527.05849	10535.31745	2119.317591	591.1968857	0.3881226379	0.06060787591	0.01
95	1	70012.39142	890.8270398	1934707.71	660798.0652	960.9986978	0.9615600521	1.072581278	44843.62088	16512.04108	10520.01372	2119.319004	590.0229795	0.2969423466	0.06780195383	0.01
95	1	65211.85485	1090.453249	651870.6007	3946140.598	3419.858435	0.8632056626	1.05092916	43972.79536	16363.58964	10368.73193	2119.323937	578.4185767	0.3634844165	0.02284484635	0.01
95	1	68596.30202	820.550604	1556289.171	1119459.134	1564.450852	0.9374219659	1.067267426	44629.90331	16475.6082	10482.88622	2119.321179	587.1750327	0.273516868	0.05454025225	0.01
95	1	68786.59434	2161.572258	1607140.581	1042902.343	91.2993055	0.9963480278	1.080239638	45151.63212	16564.5484	10573.52213	2119.310477	594.1274601	0.7205240859	0.05632234312	0.01
95	1	68080.55967	801.4607047	1342028.656	1549356.806	2331.537207	0.9067385117	1.060527413	44343.04514	16427.71519	10434.92754	2114.711185	583.4254894	0.2671535682	0.04703147897	0.01267883738
95	1	70242.13271	1413.190846	1981985.914	621716.9804	358.147971	0.9856740812	1.07789256	45054.32086	16548.14574	10556.96323	2118.462311	592.8442051	0.4710636152	0.06945882148	0.01049466349
95	1	71012.46001	1218.713004	2201953.9	455394.1581	343.5098321	0.9862596067	1.078018734	45062.30967	16549.32142	10558.00483	2119.314328	592.9371716	0.406237668	0.07716761342	0.01
95	1	69338.53538	1450.67522	1751787.795	853419.2889	417.8915497	0.983284338	1.077364296	45035.40113	16544.77181	10553.40005	2119.143297	592.5813158	0.4835584066	0.06139151384	0.0100997666
95	1	67732.50901	631.4879918	1324533.237	1546528.336	2795.496714	0.8881801314	1.056427316	44193.73416	16401.26575	10407.13665	2119.267445	581.3636373	0.2104959973	0.0464183509	0.01003246505
95	1	66991.3033	1558.325748	1127388.801	2034645.423	928.235066	0.9628705974	1.072869786	44855.22439	16514.01916	10522.02951	2119.318842	590.177605	0.5194419162	0.03950941171	0.01
95	1	65641.21865	824.5899224	766608.5709	3363235.008	3940.843974	0.842366241	1.046341489	43788.28402	16332.1356	10336.6782	2119.324321	575.9598248	0.2748633075	0.02686584576	0.01
95	1	71498.29751	689.0149544	2256616.613	433154.5845	1473.536606	0.9410585358	1.068082511	44647.16613	16479.54254	10487.7289	2114.785651	587.4769127	0.2296716515	0.07908327164	0.01263421832
95	1	70632.11637	1257.090316	2100315.483	524659.6852	361.6738181	0.9855330473	1.077858786	45055.87675	16548.22478	10556.88729	2119.314538	592.851448	0.4190301055	0.07360568868	0.01
95	1	71935.81677	1889.054756	2448700.549	322929.8323	-121.9140937	1.004876564	1.082117143	45227.14341	16577.42097	10586.64012	2119.304867	595.1337046	0.6296849187	0.08581486533	0.01
95	1	66390.33659	1530.249223	936465.735	2682656.303	1442.107768	0.9423156893	1.068350606	44667.20611	16482.36734	10490.11045	2117.490983	587.7011062	0.5100830744	0.0328185008	0.0110628473
95	1	67319.26789	2151.374284	1215030.076	1800804.759	373.0103606	0.9850795856	1.077758959	45051.86182	16547.54035	10556.18981	2119.314667	592.7979461	0.7171247614	0.04258080571	0.01
95	1	69029.9377	763.842391	1672168.706	952581.7777	1563.977907	0.9374408837	1.06727159	44630.07081	16475.63675	10482.91532	2119.321178	587.1772647	0.2546141303	0.05860125785	0.01
95	1	65993.6242	1146.217608	860781.1509	2949739.972	2250.014416	0.9099994233	1.061230521	44387.1053	16434.21792	10440.7068	2119.322594	583.9395672	0.3820725359	0.03016612977	0.01
95	1	70253.71787	668.4682068	1998562.409	604690.1538	1464.389739	0.9414244104	1.068148662	44665.21472	16481.63618	10489.03616	2119.282621	587.64619	0.2228227356	0.07003974579	0.0100222344
95	1	66659.68405	701.6280529	1038770.9	2301980.771	3316.525341	0.8673389864	1.051839086	44009.39163	16369.82828	10375.08952	2119.32385	578.9062495	0.2338760176	0.03640379177	0.01
95	1	69797.06192	1164.367914	1807510.216	808197.4049	949.9161173	0.9620033553	1.07269232	44833.7057	16511.26963	10519.9998	2115.115415	589.957425	0.3881226379	0.06334430961	0.01244107977
95	1	72224.24681	708.9436703	2525777.092	290053.172	896.2785885	0.9641488565	1.073151187	44866.54204	16515.9485	10523.99564	2119.318677	590.3284212	0.2363145568	0.08851601763	0.01
95	1	67347.89489	1061.481369	1222680.008	1781716.067	1527.049699	0.938918012	1.067596771	44643.14924	16477.86626	10485.18733	2119.321078	587.3515446	0.3538271229	0.04284889804	0.01
95	1	70540.68115	1632.732461	2075881.445	542825.2566	112.6707861	0.9954931686	1.080051446	45144.06323	16563.25812	10572.20725	2119.31089	594.026599	0.5442441538	0.07274939627	0.01
95	1	64990.49513	1732.120077	571053.8497	4449692.947	2336.180554	0.9065527778	1.060475946	44352.28447	16428.56769	10435.18902	2118.015817	583.4962581	0.5773733591	0.02001261821	0.01075919061
95	1	70648.36859	709.0023858	2104658.53	521495.0541	1228.516693	0.9508593323	1.07022558	44748.87717	16495.88992	10503.55463	2119.320131	588.7604486	0.2363341286	0.07375789103	0.01
95	1	73361.45929	2195.954378	2829671.378	189943.5981	-286.2683549	1.011450734	1.083564406	45285.35071	16587.3437	10596.75204	2119.297096	595.9093612	0.7319847926	0.09916601208	0.01000001994
95	1	67049.0996	976.2130988	1142833.584	1991337.145	1901.377231	0.9239449108	1.064300534	44510.57804	16455.26657	10462.15676	2119.321965	585.5849341	0.3254043663	0.04005067509	0.01
95	1	66177.24686	978.7382969	909850.2408	2754846.584	2575.509572	0.8969796171	1.05836429	44271.8285	16414.56644	10420.68065	2119.323062	582.4034174	0.326246099	0.03188575912	0.01
95	1	69269.9103	866.6520754	1736296.071	871175.8876	1211.881573	0.9515247371	1.070372064	44754.76864	16496.89425	10504.57811	2119.32007	588.8389567	0.2888840251	0.0608486054	0.01
95	1	68078.07874	712.2257823	1416779.834	1360080.321	2187.450447	0.9125019821	1.061781642	44409.05906	16437.97395	10444.54581	2119.260616	584.2330977	0.2374085941	0.04965113873	0.01003594366
