#gen	Feasible	f1	f2	c1	c2	c3	x1	x2	x3
7	0	0.1056574623	1645.029617	-0.005657462284	98354.97038	25266.73948	0.02064181902	0.0011317	2.915289772
7	0	0.110908459	1574.042696	-0.010908459	98425.9573	25098.7218	0.02187187768	0.0011317	2.854891745
7	0	0.1056574623	1645.029617	-0.005657462284	98354.97038	25266.73948	0.02064181902	0.0011317	2.915289772
7	0	0.1209361848	1437.858237	-0.02093618482	98562.14176	25584.23888	0.023865	0.001138468945	2.869090549
7	0	0.1056574623	1645.029617	-0.005657462284	98354.97038	25266.73948	0.02064181902	0.0011317	2.915289772
7	0	0.1132889958	1539.168722	-0.01328899576	98460.83128	25112.47326	0.02234253686	0.0011317	2.859699537
7	0	0.1027243571	1737.129023	-0.002724357144	98262.87098	24576.59584	0.02064181902	0.0011317	2.688015872
7	0	0.1174771279	1526.348457	-0.01747712785	98473.65154	43057.53042	0.02347672465	0.001498822491	2.69061301
7	0	0.1177047275	1520.273447	-0.01770472749	98479.72655	43097.41692	0.02347672465	0.001498822491	2.706271963
7	0	0.1042668758	1665.494185	-0.004266875789	98334.50582	27409.62924	0.02027400793	0.001164058833	2.940542357
7	0	0.1056574623	1645.029617	-0.005657462284	98354.97038	25266.73948	0.02064181902	0.0011317	2.915289772
7	0	0.100384997	1764.14255	-0.0003849969717	98235.85745	24798.78854	0.01998406735	0.0011317	2.7555148
7	0	0.1030637607	1697.966713	-0.003063760703	98302.03329	25098.73007	0.02027557196	0.0011317	2.854894628
