#gen	Feasible	f1	f2	c1	c2	c3	x1	x2	x3
5	0	0.1114214135	1600.645658	-0.01142141349	98399.35434	24524.84248	0.02248886321	0.0011317	2.672966699
5	0	0.1110656794	1661.209652	-0.01106567938	98338.79035	53571.08793	0.02230092712	0.001849342042	2.565414938
5	0	0.1121152165	1554.85024	-0.01211521646	98445.14976	25129.20537	0.02208716965	0.0011317	2.865581114
5	0	0.125452177	1458.775509	-0.02545217699	98541.22449	74410.30731	0.02330598774	0.003305722471	2.909806888
5	0	0.1507525828	1429.779905	-0.05075258284	98570.22009	92145.32954	0.02377405096	0.01076936236	2.910663628
5	0	0.1033656411	1785.483717	-0.003365641083	98214.51628	49857.95929	0.02076942508	0.001712712305	2.561809046
5	0	0.1096574665	1691.649527	-0.00965746648	98308.35047	75205.82956	0.0199465422	0.003407655891	2.943723516
5	0	0.1069370169	1702.449543	-0.006937016915	98297.55046	68257.12764	0.0199465422	0.002664417497	2.915082346
5	0	0.1504974871	1433.186206	-0.05049748713	98566.81379	92142.30483	0.02377405096	0.01076936236	2.900102679
5	0	0.117846125	1514.949864	-0.01784612502	98485.05014	62598.11806	0.02238047569	0.002260718479	2.922026157
5	0	0.1378787503	1462.39755	-0.03787875033	98537.60245	88520.66066	0.02342373008	0.007378114297	2.876671255
5	0	0.1178552539	1527.920536	-0.01785525389	98472.07946	63691.15756	0.02256316611	0.002335107809	2.848966258
5	0	0.1098142349	1783.586947	-0.009814234873	98216.41305	81735.05194	0.0198479984	0.004662797173	2.738819279
5	0	0.1607052579	1444.16221	-0.06070525793	98555.83779	94119.33157	0.02340909984	0.01437176288	2.935148499
5	0	0.1085316988	1865.651977	-0.008531698764	98134.34802	80830.16359	0.02066334866	0.0045134731	2.427420779
5	0	0.1102975446	1692.627736	-0.01029754465	98307.37226	76699.2619	0.0199465422	0.003626399942	2.941102114
5	0	0.108797332	1855.736741	-0.008797331962	98144.26326	80850.34577	0.02066334866	0.0045134731	2.445219591
5	0	0.1352840036	1484.094834	-0.03528400356	98515.90517	88342.47353	0.02257350859	0.007239435517	2.976606915
5	0	0.1082761701	1883.34299	-0.008276170143	98116.65701	45361.25613	0.02325450473	0.001628583388	2.053235054
5	0	0.1055494858	1979.069222	-0.005549485847	98020.93078	83782.77423	0.01965472283	0.005344804598	2.397899215
5	0	0.1333020857	1491.166298	-0.03330208574	98508.8337	86201.94537	0.023865	0.006177918161	2.71786414
5	0	0.1103375286	1691.649527	-0.01033752862	98308.35047	76701.41122	0.0199465422	0.003626399942	2.943723516
5	0	0.1344913746	1501.995069	-0.03449137462	98498.00493	88481.33012	0.02257350859	0.00734070223	2.922026157
