#gen	Feasible	f1	f2	c1	c2	c3	x1	x2	x3
12	0	0.1029164488	1677.778609	-0.002916448821	98322.22139	25486.08083	0.01986753982	0.001131700026	3
12	0	0.1134856544	1516.434905	-0.01348565435	98483.56509	25486.07911	0.02198138094	0.0011317	3
12	0	0.1034345898	1670.222768	-0.003434589769	98329.77723	25465.68054	0.01999279823	0.001131703906	2.991717045
12	0	0.1139232508	1510.421135	-0.01392325075	98489.57886	25486.07911	0.02206890023	0.0011317	3
12	0	0.1138878044	1511.219991	-0.01388780443	98488.78001	25479.9199	0.02206890023	0.0011317	2.997523214
12	0	0.1138878044	1511.219991	-0.01388780443	98488.78001	25479.9199	0.02206890023	0.0011317	2.997523214
12	0	0.1009868181	1722.129876	-0.000986818137	98277.87012	25295.2029	0.01967104424	0.0011317	2.925892324
12	0	0.1012068625	1707.406833	-0.001206862499	98292.59317	25780.51297	0.01952278314	0.001136189533	3
12	0	0.1045597367	1661.615585	-0.004559736726	98338.38441	25288.8007	0.02039832272	0.0011317	2.923497793
12	0	0.1112099369	1551.927868	-0.01120993686	98448.07213	25420.68888	0.02159900928	0.0011317	2.974003587
12	0	0.1076891059	1614.03772	-0.007689105919	98385.96228	25247.67837	0.02107143836	0.0011317	2.908251431
12	0	0.110573701	1565.456051	-0.01057370095	98434.54395	29815.03404	0.0214479392	0.001202872193	2.966352886
12	0	0.1092648995	1576.996295	-0.009264899456	98423.00371	25486.07911	0.02113722997	0.0011317	3
