#gen	Feasible	f1	f2	c1	c2	c3	x1	x2	x3
7	0	0.1250989444	1527.642945	-0.02509894438	98472.35706	80402.46026	0.0232182971	0.004347193696	2.731045226
7	0	0.1163786022	1592.352237	-0.01637860217	98407.64776	65574.10031	0.02283662588	0.002485647607	2.634178284
7	0	0.1143909844	1601.082014	-0.01439098443	98398.91799	23825.96234	0.02363101429	0.0011317	2.4908926
7	0	0.1250989444	1527.642945	-0.02509894438	98472.35706	80402.46026	0.0232182971	0.004347193696	2.731045226
7	0	0.1029494949	1714.141949	-0.002949494948	98285.85805	24870.67933	0.02045214928	0.0011317	2.778421939
7	0	0.1028455361	1775.309881	-0.002845536087	98224.69012	61054.18042	0.01985052938	0.002185072846	2.757118171
7	0	0.1098182062	1622.422	-0.009818206223	98377.578	34340.66085	0.02192784086	0.001298198885	2.719033769
7	0	0.1065853503	1653.505884	-0.00658535029	98346.49412	50253.30484	0.02038449466	0.001698109992	2.948665911
7	0	0.1076659078	1640.236127	-0.007665907763	98359.76387	24812.01652	0.02147165865	0.0011317	2.759688845
7	0	0.1008868463	1953.49157	-0.0008868463464	98046.50843	76715.40051	0.01923360183	0.003697347973	2.515143561
7	0	0.1181931515	1576.28819	-0.01819315155	98423.71181	65986.95134	0.02332393071	0.002520854702	2.593247206
7	0	0.1029494949	1714.141949	-0.002949494948	98285.85805	24870.67933	0.02045214928	0.0011317	2.778421939
7	0	0.1010223051	1789.189717	-0.001022305098	98210.81028	25151.76636	0.02050311273	0.001145078912	2.601419261
7	0	0.1183196016	1541.055192	-0.01831960162	98458.94481	65771.71853	0.02283662588	0.002485647607	2.762710098
7	0	0.1059448742	1658.105793	-0.005944874227	98341.89421	24968.30941	0.02098121282	0.0011317	2.810428757
7	0	0.1291484094	1421.347035	-0.02914840936	98578.65297	76183.39186	0.023865	0.003550514017	2.920025572
7	0	0.1124004471	1606.643372	-0.01240044705	98393.35663	24196.54491	0.02294823784	0.0011317	2.582836627
7	0	0.1011111868	1807.822245	-0.001111186828	98192.17775	61054.18042	0.0194935321	0.002185072846	2.757118171
7	0	0.1093863938	1644.061256	-0.009386393796	98355.93874	45163.72875	0.02173229408	0.001555591851	2.702059222
7	0	0.1209226864	1606.574553	-0.02092268644	98393.42545	79858.89094	0.0228842393	0.00425706218	2.593247206
7	0	0.1268923822	1534.716077	-0.02689238217	98465.28392	83670.40632	0.02299183003	0.005212507848	2.751925816
