#gen	Feasible	f1	f2	c1	c2	c3	c4	c5	x1	x2	x3	x4
47	1	0.1399910425	15.37555489	0.004071548543	22.5	0.06982892236	0.7518584442	16088.78524	61.40742815	81.4114997	2961.916718	2.899034504
47	1	0.1399910425	15.37555489	0.004071548543	22.5	0.06982892236	0.7518584442	16088.78524	61.40742815	81.4114997	2961.916718	2.899034504
47	1	0.6552797352	5.264344722	0.2644389861	15	0.1142271668	0.7522695043	48719.09104	72.35868878	92.62312777	3000	5.884910798
47	1	0.178168363	12.39270519	0.7455549165	22.5	0.1372413046	0.7581011307	20177.8838	77.26259928	98.0081542	3000	2.983506351
47	1	1.266741711	2.986387961	0.0008547570342	5	0.1043597459	0.7489999994	86567.53718	70.78321903	90.78407379	2999.820158	9.382725371
47	1	1.333366072	2.838693724	0.001731300052	5	0.1191319122	0.7491349953	91118.38077	75.02787535	95.02960665	2999.821259	9.46969038
47	1	0.3662543192	8.934565417	3.081204441	20	0.1446479695	0.7823728397	28336.11701	69.41897206	92.5001765	2996.578388	3.965518511
47	1	2.793	2.071040071	10	0	0.2323835065	0.8321163435	125226	80	110	3000	11.7791238
47	1	0.4223923305	7.584392446	0.1050828291	17.5	0.06749902937	0.7499165312	33540.72836	61.40742815	81.51251098	3000	4.394595193
47	1	0.2799817083	10.13868985	0.004047941962	20	0.06619150098	0.7491247686	24863.88111	61.40742815	81.41147609	2994.543467	3.041188741
47	1	0.8446089278	4.219062831	0.08659306769	12.5	0.1228582064	0.7501912562	61012.32757	75.7697472	95.85634027	3000	6.793814304
47	1	0.9351462331	3.902389355	0.01340957235	10	0.09962821202	0.7490982875	66036.42695	69.4592525	89.47266207	2999.998145	7.003496336
47	1	0.1399910425	15.37555489	0.004071548543	22.5	0.06982892236	0.7518584442	16088.78524	61.40742815	81.4114997	2961.916718	2.899034504
47	1	1.796984943	2.190870987	0.336016518	0	0.1394786929	0.7533355202	118327.4678	80	100.3360165	3000	11.7791238
47	1	0.3662543192	8.924375211	3.081204441	20	0.1443563984	0.7821243443	28369.49997	69.41897206	92.5001765	3000	3.965518511
47	1	0.6230078666	5.472567174	0.02886979364	15	0.0995021727	0.7493510453	46831.16376	69.33631222	89.36518202	2999.220828	5.858134899
47	1	0.7644326535	5.075319787	2.811668486	15	0.1550325125	0.7797337857	50567.10177	74.08038527	96.89205376	3000	5.880679803
47	1	0.8446089278	4.219062831	0.08659306769	12.5	0.1228582064	0.7501912562	61012.32757	75.7697472	95.85634027	3000	6.793814304
47	1	0.3126223778	9.246778051	0.3905505373	20	0.1004994527	0.7536464711	27348.97478	68.02782758	88.41837812	3000	3.965518511
47	1	0.2799817083	10.13868985	0.004047941962	20	0.06619150098	0.7491247686	24863.88111	61.40742815	81.41147609	2994.543467	3.041188741
47	1	1.725634481	2.244331422	0.006420530744	0	0.1287068197	0.7492551296	115487.445	78.01111034	98.01753087	3000	11.78676536
47	1	1.202388096	3.129352902	0.198660959	7.5	0.127453218	0.7515898224	82571.57006	76.67633898	96.87499994	3000	8.969250862
47	1	0.7984310521	4.483133397	0.1899078417	12.5	0.106829497	0.7513089158	57365.49801	70.61126522	90.80117306	3000	6.797951549
47	1	0.4223923305	7.584392446	0.1050828291	17.5	0.06749902937	0.7499165312	33540.72836	61.40742815	81.51251098	3000	4.394595193
47	1	0.5555433179	6.291062759	1.900852227	17.5	0.1472618776	0.7707655634	40621.12449	75.32946393	97.23031616	2999.169399	4.624511256
47	1	0.1399910425	15.37555489	0.004071548543	22.5	0.06982892236	0.7518584442	16088.78524	61.40742815	81.4114997	2961.916718	2.899034504
47	1	1.333366072	2.838693724	0.001731300052	5	0.1191319122	0.7491349953	91118.38077	75.02787535	95.02960665	2999.821259	9.46969038
47	1	0.7072954145	5.118037081	1.269556316	15	0.1352433754	0.7639270328	50137.53565	74.19656529	95.46612161	3000	5.880360509
47	1	0.4325773787	7.37629223	0.0166340703	17.5	0.07532777535	0.7489155096	34512.3714	63.49812881	83.51476288	3000	4.549328789
47	1	0.8387436965	4.271034273	0.1961434978	12.5	0.1209203302	0.7515053915	60258.95665	74.65681375	94.85295724	2999.998471	6.793814304
47	1	0.6725141647	5.226316634	0.6496226331	15	0.1215506285	0.7568617002	49080.13291	72.7564822	93.40610484	3000	5.859188594
47	1	0.1399910425	15.37555489	0.004071548543	22.5	0.06982892236	0.7518584442	16088.78524	61.40742815	81.4114997	2961.916718	2.899034504
47	1	0.1399910425	15.70022984	0.004071548543	22.5	0.07665673814	0.7569899198	15737.46345	61.40742815	81.4114997	2900.665375	2.899034504
47	1	1.115194951	3.349675761	0.06478337656	7.5	0.10614375	0.7497840271	77081.27897	70.98760172	91.0523851	3000	8.213830653
47	1	0.9351462331	3.902389355	0.01340957235	10	0.09962821202	0.7490982875	66036.42695	69.4592525	89.47266207	2999.998145	7.003496336
47	1	0.1399910425	15.37555489	0.004071548543	22.5	0.06982892236	0.7518584442	16088.78524	61.40742815	81.4114997	2961.916718	2.899034504
47	1	0.4223923305	7.584392446	0.1050828291	17.5	0.06749902937	0.7499165312	33540.72836	61.40742815	81.51251098	3000	4.394595193
47	1	2.793	2.071040071	10	0	0.2323835065	0.8321163435	125226	80	110	3000	11.7791238
47	1	1.02424431	3.570858348	0.04092422492	10	0.1257571098	0.7496557792	72251.03947	76.89729037	96.9382146	3000	7.99778674
47	1	1.500036831	2.554672134	0.001731300052	2.5	0.119115177	0.7491200477	101348.7373	75.02787535	95.02960665	3000	10.07991212
47	1	1.962641512	2.169388566	2.006817623	0	0.1614679689	0.7719187787	119508.1206	80	102.0068176	3000	11.7791238
47	1	0.9584680983	3.833039033	0.1440200654	10	0.1069594198	0.7507742863	67247.49283	70.84767636	90.99169642	2999.768536	7.987213804
47	1	0.9865030393	3.71381601	0.08291786115	10	0.1152654024	0.7500834938	69435.20219	73.49850617	93.58142404	2999.998144	7.010943555
47	1	0.4398085732	7.290550661	0.1129696624	17.5	0.08066593417	0.7501393976	34928.84368	64.32077288	84.43374254	3000	4.555680092
47	1	2.793	2.071040071	10	0	0.2323835065	0.8321163435	125226	80	110	3000	11.7791238
47	1	0.8137975094	4.368357236	0.04489580265	12.5	0.1123652623	0.7495939642	58896.39161	72.83212315	92.87701896	3000	6.837001474
47	1	0.1399910425	15.37555489	0.004071548543	22.5	0.06982892236	0.7518584442	16088.78524	61.40742815	81.4114997	2961.916718	2.899034504
47	1	1.091003939	3.414590683	0.01340957235	7.5	0.09962821177	0.7490982873	75598.77372	69.4592525	89.47266207	2999.998148	8.100987333
47	1	1.595075722	2.427971302	0.02081852485	0	0.1065012045	0.7492488098	106684.4676	71.28638115	91.30719967	2999.999595	11.10978181
47	1	0.6286395164	5.458578662	0.1644594889	15	0.1021168068	0.7509599019	46953.48277	69.44741183	89.61187132	3000	5.858134903
47	1	1.013450122	3.601953236	0.003615850232	10	0.1228361676	0.7491735663	71619.54229	76.16034606	96.16396191	3000	7.98721431
47	1	1.150311142	3.249690857	0.07283974697	7.5	0.1151144702	0.749959004	79480.56894	73.50125697	93.57409672	2999.999935	8.277987413
47	1	0.2815862965	10.11256435	0.1045451302	20	0.0674888856	0.749909918	24930.44131	61.40742815	81.51197328	3000	3.386801594
47	1	0.7786100813	4.554972589	0.005610865462	12.5	0.09936634548	0.7490001246	56446.55805	69.42491995	89.43053081	2999.999501	6.984711701
47	1	0.1399910425	15.37555489	0.004071548543	22.5	0.06982892236	0.7518584442	16088.78524	61.40742815	81.4114997	2961.916718	2.899034504
47	1	0.1418659114	15.08133052	0.1397793395	22.5	0.07000327176	0.750360769	16420.22249	61.80832294	81.94810228	3000	2.857279581
47	1	0.4223923305	7.584392446	0.1050828291	17.5	0.06749902937	0.7499165312	33540.72836	61.40742815	81.51251098	3000	4.394595193
47	1	0.1399910425	15.70022984	0.004071548543	22.5	0.07665673814	0.7569899198	15737.46345	61.40742815	81.4114997	2900.665375	2.899034504
47	1	0.7863477877	4.549565223	0.1820799232	12.5	0.1023245976	0.7511745882	56514.71705	69.42461995	89.60669988	2999.999501	6.984711701
47	1	0.2799817083	10.13868985	0.004047941962	20	0.06619150098	0.7491247686	24863.88111	61.40742815	81.41147609	2994.543467	3.041188741
47	1	0.467005653	6.841848571	0.02143408785	17.5	0.0993411497	0.7492585054	37278.57079	69.3269865	89.34842059	2999.220828	4.938062495
47	1	0.3289912125	9.059958297	1.002523564	20	0.1157267843	0.7610765448	27931.47929	69.41897206	90.42149563	2996.565758	3.965518511
47	1	2.326253531	2.124513653	5.581514417	0	0.1987524318	0.8035050988	122051.4339	80	105.5815144	3000	11.11102845
47	1	0.7786100813	4.554972589	0.005610865462	12.5	0.09936634548	0.7490001246	56446.55805	69.42491995	89.43053081	2999.999501	6.984711701
47	1	0.178168363	12.39270519	0.7455549165	22.5	0.1372413046	0.7581011307	20177.8838	77.26259928	98.0081542	3000	2.983506351
47	1	0.6230078666	5.472567174	0.02886979364	15	0.0995021727	0.7493510453	46831.16376	69.33631222	89.36518202	2999.220828	5.858134899
47	1	0.293292976	9.801597817	0.2906423025	20	0.08076094247	0.7522744836	25749.94064	63.60260228	83.89324458	3000	3.513585628
47	1	1.500036831	2.554672134	0.001731300052	2.5	0.119115177	0.7491200477	101348.7373	75.02787535	95.02960665	3000	10.07991212
47	1	0.6230078666	5.472567174	0.02886979364	15	0.0995021727	0.7493510453	46831.16376	69.33631222	89.36518202	2999.220828	5.858134899
47	1	1.000083294	3.649560826	0.003080227247	10	0.1191316748	0.7491367907	70673.54335	75.026461	95.02954123	3000	7.978231158
47	1	0.493074861	6.620717361	0.4587908681	17.5	0.1151632115	0.7545834218	38553.73073	71.74638644	92.2051773	3000	4.921809939
47	1	0.9351462331	3.902389355	0.01340957235	10	0.09962821202	0.7490982875	66036.42695	69.4592525	89.47266207	2999.998145	7.003496336
47	1	0.7786100813	4.554972589	0.005610865462	12.5	0.09936634548	0.7490001246	56446.55805	69.42491995	89.43053081	2999.999501	6.984711701
47	1	1.666809375	2.32244582	0.00310993706	0	0.1191323295	0.7491371618	111572.8068	75.02651807	95.02962801	3000	11.10911535
47	1	1.087332845	3.424152667	0.002413696224	7.5	0.09861389925	0.7489541949	75385.15006	69.24089492	89.24330862	3000	8.234179319
47	1	1.364613223	2.790388629	0.1212730236	5	0.1255469267	0.7506360028	92711.33329	76.44373569	96.56500871	3000	9.368642802
47	1	0.4223923305	7.584392446	0.1050828291	17.5	0.06749902937	0.7499165312	33540.72836	61.40742815	81.51251098	3000	4.394595193
47	1	0.5542418595	6.292752737	1.855313284	17.5	0.1466646744	0.7702889879	40609.9736	75.32946393	97.18477721	2999.213549	4.93822436
47	1	0.4765341232	6.712976101	0.04620265228	17.5	0.10528285	0.7495548072	38011.50453	70.83332784	90.87953049	2999.934184	4.578301054
47	1	0.6230078666	5.472567174	0.02886979364	15	0.0995021727	0.7493510453	46831.16376	69.33631222	89.36518202	2999.220828	5.858134899
47	1	0.6461781792	5.272937572	0.0134243637	15	0.1102019961	0.7491895592	48638.2311	72.35868878	92.37211315	3000	5.633932895
47	1	1.166763766	3.193365697	0.003078736494	7.5	0.1191316563	0.7491367722	80898.33591	75.02646249	95.02954123	3000	8.796388214
47	1	1.426897236	2.688187764	0.02989784717	2.5	0.1047353441	0.7493597847	96270.29572	70.75417594	90.78407379	2999.820158	10.00271354
47	1	0.1705553833	12.99699927	0.2074900667	22.5	0.133661883	0.7590527244	19197.86986	76.02080822	96.22829828	2910.933773	2.932448147
47	1	0.1716188748	12.58733304	0.2955780605	22.5	0.127213649	0.7527525773	19851.97336	76.13765714	96.4332352	3000	2.983506351
47	1	2.682636937	2.083295304	8.971414869	0	0.2254878028	0.8262378738	124484.0487	80	108.9714149	3000	11.7791238
47	1	2.793	2.071040071	10	0	0.2323835065	0.8321163435	125226	80	110	3000	11.7791238
47	1	0.467005653	6.841848571	0.02143408785	17.5	0.0993411497	0.7492585054	37278.57079	69.3269865	89.34842059	2999.220828	4.938062495
47	1	2.793	2.071040071	10	0	0.2323835065	0.8321163435	125226	80	110	3000	11.7791238
47	1	0.5146324956	6.585541561	1.247094147	17.5	0.1270969455	0.7636078203	38764.46762	71.76186776	93.00896191	2999.976933	4.937959341
47	1	0.5555433179	6.291062759	1.900852227	17.5	0.1472618776	0.7707655634	40621.12449	75.32946393	97.23031616	2999.169399	4.624511256
47	1	0.7124381355	5.113596356	1.406879978	15	0.1371545161	0.7654275915	50181.85743	74.19656529	95.60344527	3000	5.880360509
47	1	1.573772825	2.506055247	0.2342567676	2.5	0.136786008	0.7562355503	103332.339	78.06614178	98.30039854	2949.457023	10.59160517
47	1	0.1399910425	15.37555489	0.004071548543	22.5	0.06982892236	0.7518584442	16088.78524	61.40742815	81.4114997	2961.916718	2.899034504
47	1	1.266741711	2.986387961	0.0008547570342	5	0.1043597459	0.7489999994	86567.53718	70.78321903	90.78407379	2999.820158	9.382725371
47	1	0.178168363	12.39270519	0.7455549165	22.5	0.1372413046	0.7581011307	20177.8838	77.26259928	98.0081542	3000	2.983506351
47	1	0.1573890956	14.45820197	1.425993905	22.5	0.1025506345	0.7652845815	17166.70017	64.24320748	85.66920139	3000	2.067529469
47	1	0.3060603698	9.527110855	0.5772551916	20	0.09407808892	0.7557688998	26517.75592	65.5977083	86.17496349	3000	3.522642764
47	1	0.5463322579	6.537352451	2.402909572	17.5	0.1429295857	0.7756825487	39056.84827	71.74638644	94.14929601	3000	4.921809939
47	1	0.1399910425	15.37555489	0.004071548543	22.5	0.06982892236	0.7518584442	16088.78524	61.40742815	81.4114997	2961.916718	2.899034504
