#gen	Feasible	f1	f2	c1	c2	c3	c4	c5	x1	x2	x3	x4
30	0	1.069017106	2.643983352	-5.415724728	0	-0.03792832099	0.6564226812	97894.87319	67.50306206	82.08733733	3000	11.7878501
30	1	1.498878589	2.616742019	0.2960887329	0	0.08766458483	0.7524057851	98923.36743	65.20972371	85.50581244	3000	11.28977238
30	0	0.3060579139	5.456998944	-10.22573769	15	-0.211848732	0.4883263577	46967.33564	74.99204126	84.76630357	3000	5.350617856
30	1	1.012776255	3.643978211	0.2277957824	10	0.1226517523	0.7519013104	70783.19481	75.03668481	95.26448059	3000	7.083897223
30	1	0.42882541	7.527019343	0.2568620951	17.5	0.07248708541	0.7517905787	33803.24548	61.87629619	82.13315829	3000	4.555818262
30	1	1.403104886	2.940179398	1.586925755	2.5	0.09971056053	0.7669553782	87942.19791	62.90030361	84.48722936	3000	10.53422079
30	1	1.755378643	2.324487031	1.095696921	0	0.1333037701	0.7620038567	111474.0406	74.36059063	95.45628755	3000	11.23902924
30	1	0.7460524699	4.876315161	0.5442152487	12.5	0.08624668832	0.7553089092	52667.49746	63.83907368	84.38328893	3000	6.803293337
30	1	1.290737378	2.973141231	0.06392355632	2.5	0.07356831311	0.7494758338	86957.24584	62.9059688	82.96989235	3000	10.40832225
30	0	1.428066229	2.587844508	-0.7147898429	2.5	0.1049593562	0.7398543761	100038.0584	74.31410036	93.59931052	3000	10.72481411
30	1	0.7475473322	4.803381651	0.2702562443	12.5	0.08687409743	0.7520903081	53480.85478	65.12819278	85.39844902	3000	6.015266102
30	1	1.204001397	4.564055846	11.23963901	12.5	0.2055845835	0.838005095	56332.42853	63.03492127	94.27456028	3000	6.015266102
30	0	0.5668952836	4.491794154	-5.674288086	12.5	-0.01290947359	0.6504119273	57253.15463	73.59607296	87.92178487	3000	6.799376609
30	1	0.6079481095	5.855950278	0.9477074221	15	0.09197840478	0.7599583317	43706.25306	63.5623166	84.51002403	3000	5.630273462
30	1	1.051921521	3.596834316	0.3422175781	7.5	0.08846819858	0.7529613974	71722.75019	65.20972371	85.55194128	3000	8.257940941
30	0	1.013508354	3.11475991	-3.329496969	5	0.03046945633	0.699215044	82962.64353	69.21131351	85.88181654	3000	9.229475257
30	1	2.076074991	3.087215309	14.26868328	5	0.2196007878	0.8518512254	83710.87868	60.13897564	94.40765892	3000	9.851968739
30	1	0.5956705544	5.988891867	0.9978016639	15	0.0856296738	0.7604490347	42716.08221	61.86904345	82.86684511	3000	5.013930209
30	0	1.27401416	2.930699138	-0.4887776183	2.5	0.06928344053	0.7425116643	88229.5857	64.27668009	83.78790247	3000	10.38193598
30	1	1.561911499	2.602793495	1.045030094	0	0.1002692748	0.7611244378	99458.32673	65.20972371	86.2547538	3000	11.28977238
30	0	1.584272447	2.356116548	-0.7156380438	0	0.1044997739	0.739839584	109965.4834	74.18763623	93.47199819	3000	11.14724991
30	1	1.41146968	2.865741532	1.392838989	5	0.1346579254	0.7652533254	90249.88114	73.4599648	94.85280379	3000	9.851968739
30	1	1.876995409	2.858637367	8.202051603	2.5	0.1755255141	0.820823613	90476.40297	61.35847406	89.56052567	3000	10.35425465
30	1	0.209832399	13.63246481	7.010558711	22.5	0.1768920012	0.8132831056	18261.02507	65.76545887	92.77601758	3000	2.748602984
30	1	0.5027916646	6.360360478	0.02951997953	17.5	0.1206678834	0.7494744605	40168.74145	75.36800164	95.39752162	3000	4.56521051
30	0	0.700027511	5.02643076	-0.1305398	12.5	0.06561823724	0.7470093425	51067.69089	61.96594356	81.83540376	3000	6.925927248
30	1	0.16740016	14.71859244	3.234142668	22.5	0.120339057	0.7832253978	16847.07745	61.90252966	85.13667233	3000	2.3451353
30	0	0.4111361924	3.443547485	-12.42836418	7.5	-0.3970765222	0.3397980393	74955.49529	75.36800164	82.93963746	3000	8.699049685
30	1	0.6571857452	5.561077173	1.496764037	15	0.1150559825	0.766168254	46071.47547	67.23983263	88.73659666	3000	5.823042053
30	1	1.068743429	3.51663703	0.1996230017	7.5	0.0933716759	0.7513046912	73378.91983	67.02712433	87.22674733	3000	8.455733369
30	1	1.873708707	3.360032605	14.15586405	7.5	0.2251024799	0.8515353603	76840.91227	62.88941404	97.04527809	3000	8.687806686
30	1	0.7634756957	4.719754432	0.3382726091	12.5	0.09340683083	0.75296148	54444.40483	66.44079486	86.77906747	3000	6.783391051
30	1	0.4571386202	7.031492417	0.1545022603	17.5	0.09277183401	0.7507550431	36248.87032	67.07142988	87.22593214	3000	4.637342829
30	1	0.762807572	4.784846728	0.6074408623	12.5	0.0931382937	0.7561087216	53691.50833	65.23938836	85.84682922	3000	6.289196348
30	1	0.5721761716	5.949448847	0.02225329173	15	0.07272117261	0.7489593638	43005.24345	62.88941404	82.91166733	3000	5.650483966
30	1	1.652098826	2.345762602	0.02773094768	0	0.1166314394	0.7494192087	110454.8318	74.16017964	94.18791059	3000	11.14724991
30	1	0.6474948196	5.481069874	0.8637718888	15	0.1107912823	0.7592042084	46757.11914	68.73752349	89.60129538	3000	5.586931212
30	1	0.1415955244	15.07296095	0.08943207289	22.5	0.06937311879	0.7497451826	16429.8399	61.87629619	81.96572826	3000	2.683473904
30	1	0.6459833561	5.482888189	0.821564561	15	0.1101145955	0.7587208406	46741.31439	68.73392944	89.555494	3000	5.586931212
30	1	0.6856269336	6.224183786	5.218181976	15	0.1268760352	0.7997464372	41067.26976	56.74754629	81.96572826	3000	5.877353425
30	1	0.3337997512	8.505452472	0.005233173887	20	0.1195007698	0.7491663184	29811.12335	75.12810597	95.13333914	3000	3.34955185
30	1	1.012156579	3.643704226	0.2137523413	10	0.1224819503	0.751730749	70788.58496	75.05072825	95.26448059	3000	7.083897223
30	1	0.7072525162	5.023573223	0.06552110833	12.5	0.06903414584	0.7494513551	51097.25144	61.90020716	81.96572826	3000	6.888906225
30	1	0.5663820976	6.029184379	0.08943207289	15	0.06937311879	0.7497451826	42424.59974	61.87629619	81.96572826	3000	5.013707327
30	0	0.5265377055	4.448379002	-6.828666576	12.5	-0.04455777936	0.6199436111	57820.71599	74.99808122	88.16941464	3000	6.191051344
30	1	1.679466216	2.323878133	0.1691075692	0	0.1212490124	0.7511811745	111503.4846	74.88405627	95.05316384	3000	11.26663644
30	1	1.319267358	3.823556308	7.790025774	10	0.1870850681	0.8184846133	67416.50404	66.84085935	94.63088512	3000	7.412348927
30	1	1.694916182	3.348006245	10.69240309	7.5	0.2066529721	0.8352846362	77120.16511	65.15330481	95.8457079	3000	8.257940941
30	1	1.992389779	2.309504209	3.821615505	0	0.1650294781	0.7889551329	112203.063	73.4339832	97.2555987	3000	11.55316271
30	1	0.5772881811	5.895929127	0.01708250037	15	0.07561929616	0.7489237644	43403.789	63.5623166	83.57939911	3000	5.650483966
30	1	0.8905248729	5.400457301	8.405556789	15	0.18971823	0.8223055193	47468.49649	65.77266942	94.17822621	3000	5.904361255
30	1	1.442470932	2.88341066	1.760525507	2.5	0.1079056706	0.7688523504	89691.32769	64.27668009	86.03720559	3000	10.55628425
30	1	1.724012611	2.612788326	3.354882346	0	0.1284516	0.784412691	99074.42095	63.64713191	87.00201426	3000	11.7878501
30	1	0.6139381855	5.613389661	0.2587670634	15	0.09498371187	0.7520291147	45633.73733	67.17881769	87.43758475	3000	5.823042053
30	0	0.3018200598	5.407044406	-10.45006336	15	-0.2204396971	0.4763483309	47409.57181	75.84851239	85.39844902	3000	5.378156099
30	1	1.883530525	3.391528237	14.68385022	7.5	0.2260144967	0.8536810772	76118.9666	61.8208928	96.50474302	3000	8.94300837
30	1	1.824985119	2.708027498	5.686169547	0	0.1434757898	0.8035032102	95558.40015	59.65623084	85.34240039	3000	11.4217642
30	1	0.997557889	3.767507388	0.2166280336	7.5	0.07149073753	0.7512996622	68432.84347	61.8208928	82.03752083	3000	8.708263502
30	1	0.3715494154	9.916902264	6.123040607	20	0.1479996755	0.8067245613	25440.0801	59.50508139	85.628122	3000	3.907102481
30	1	0.6731785735	6.653778116	8.20722872	17.5	0.1913690878	0.8211358896	38357.69622	67.07142988	95.2786586	3000	4.637342829
30	1	0.5524415105	6.256141631	1.659917184	17.5	0.1457724353	0.768191728	40852.89107	75.92257794	97.58249512	3000	4.404966387
30	1	1.594932857	2.595580683	1.434797642	0	0.1064748749	0.7654200341	99737.21065	65.20972371	86.64452135	3000	11.28977238
30	1	2.070721946	2.709234921	9.480316714	2.5	0.1965262403	0.8286300774	95515.41158	64.89797209	94.3782888	3000	10.93670522
30	1	0.6018993387	5.752712967	0.3616124534	15	0.08888295025	0.7531949978	44506.75008	65.22861924	85.59023169	3000	5.013930209
30	1	0.3018833619	9.463540732	0.154356981	20	0.08984520157	0.7507263059	26701.93118	66.34407551	86.49843249	3000	3.505221422
30	0	0.4755501552	6.423135685	-0.8748957034	17.5	0.1046665671	0.7377120241	39767.36448	75.01306687	94.13817117	3000	4.567966378
30	1	0.4399580462	7.316077871	0.1921045523	17.5	0.08077442592	0.751095802	34803.82992	64.01489221	84.20699676	3000	4.165051559
30	1	0.4544631288	7.174268502	0.4518125976	17.5	0.09096313655	0.7542771606	35509.56565	65.35629199	85.80810458	3000	4.309928673
30	0	0.4793138208	3.499261043	-11.02687894	7.5	-0.2837003069	0.4427214827	73747.76042	73.38023617	82.35335723	3000	8.715341236
30	1	0.45890462	7.028120531	0.2233399659	17.5	0.09395413832	0.7515950907	36266.69327	67.07142988	87.29476985	3000	4.637342829
30	0	0.6606945723	2.781022961	-10.44180817	2.5	-0.2377191478	0.476763854	93026.58877	73.59208869	83.15028053	3000	10.45198126
30	1	1.382559546	2.809762436	0.2992309063	2.5	0.09524814985	0.7525145881	92065.86667	67.07142988	87.37066079	3000	10.62980877
30	1	0.4864228743	6.57685208	0.04353840398	17.5	0.1112679784	0.7495680462	38816.87318	72.52351492	92.56705333	3000	4.121306529
30	1	0.6030296481	6.081319416	2.990416554	17.5	0.1670995774	0.7815332611	42053.17877	77.72115051	100.7115671	3000	4.404966387
30	1	1.416618165	2.843313692	1.300056304	5	0.1356222712	0.7642615427	90968.86438	74.18124641	95.48130271	3000	9.224487693
30	1	1.079607705	3.711919252	1.988138788	10	0.1398205678	0.7715194387	69471.14288	72.50856554	94.49670432	3000	7.254022806
30	1	1.343293765	2.861101727	0.3154579156	5	0.1211910733	0.7529392694	90397.6975	74.18124641	94.49670432	3000	9.282530611
30	1	0.8797217503	5.240618686	7.19087925	15	0.1871359365	0.8146371755	48943.73328	68.93915288	96.13003213	3000	5.586577992
30	1	0.7298192307	6.797280592	11.33196543	17.5	0.2075607576	0.8385004544	37528.89762	63.5623166	94.89428204	3000	4.571691607
30	1	0.5772881811	5.895929127	0.01708250037	15	0.07561929616	0.7489237644	43403.789	63.5623166	83.57939911	3000	5.650483966
30	0	0.9038632889	4.062838311	-0.2316117615	7.5	0.03743741959	0.7454715641	63392.98437	56.76691336	76.5353016	3000	8.098206591
30	1	0.9901267003	3.685869846	0.002812058624	10	0.1163072972	0.7491102117	69968.48178	74.18120496	94.18401701	3000	7.700405646
30	0	0.2651213392	4.672755764	-13.0439402	12.5	-0.4829030277	0.2814424955	55001.05993	74.30507908	81.26113888	3000	6.506414864
30	0	0.7538567727	3.803317324	-4.310639716	10	0.02739378364	0.6806533607	67780.0437	73.87116538	89.56052567	3000	7.12216063
30	0	1.299654923	2.861669845	-0.346702153	5	0.1118294353	0.7446943438	90379.57247	74.52169447	94.17499232	3000	9.471335365
30	0	0.4866886107	5.770015114	-3.520606842	15	0.01523417154	0.6956856758	44370.59199	67.10000595	83.57939911	3000	5.642803658
30	1	0.2909383128	9.837609371	0.2015034227	20	0.07817723161	0.7511837195	25652.38586	63.37789568	83.57939911	3000	3.27935488
30	0	1.087762787	2.718700471	-4.7329126	0	-0.03038139541	0.6716233278	95179.72735	65.069389	80.3364764	3000	11.29672167
30	0	0.3173097913	8.440630218	-1.138832484	20	0.1049237817	0.7341045318	30046.97828	76.40331307	95.26448059	3000	3.712791053
30	1	1.699991501	2.581460212	2.739652971	0	0.1246145843	0.7787131171	100287.6917	64.91476798	87.65442095	3000	11.7878501
30	1	0.9160100858	4.247158979	1.950920272	12.5	0.1444608561	0.7711870908	60602.76015	74.18763623	96.1385565	3000	6.906968349
30	1	0.9843239792	4.208868513	3.390303203	12.5	0.1621957424	0.785129956	61162.28566	74.18763623	97.57793943	3000	6.906968349
30	1	0.7188148695	4.955758193	0.1153730513	12.5	0.07435783113	0.7501081247	51808.78639	62.87007463	82.98544768	3000	6.888906225
30	1	0.159288713	14.09427965	1.127781795	22.5	0.106097904	0.7620954989	17633.19264	66.36775516	87.49553696	3000	2.98380657
30	1	1.564852425	2.564484535	0.9564528745	2.5	0.1307493199	0.7604315736	100957.5064	74.18348178	95.13993466	3000	10.36375957
30	1	0.1535955304	14.30135471	0.6700664022	22.5	0.09520410845	0.7568497109	17364.84311	65.48965454	86.15972094	3000	2.224444581
30	1	0.4292245319	7.519473791	0.2550973245	17.5	0.07279162902	0.7517725419	33838.06908	61.95047516	82.20557248	3000	4.16231325
30	1	1.050393171	5.384216791	13.54233799	15	0.2217228067	0.8488959512	47614.39125	63.11516503	96.65750302	3000	5.680706099
30	1	1.360738305	2.982137372	1.233148275	2.5	0.09036105036	0.7630805063	86692.20902	62.04279669	83.27594496	3000	10.32464875
30	1	0.5084619881	6.363441161	0.267542618	17.5	0.1237829707	0.7523882317	40148.85916	75.19786347	95.46540609	3000	4.56521051
