#gen	Feasible	f1	f2	c1	c2	c3	c4	c5	x1	x2	x3	x4
3	1	0.5534195947	8.378035778	12.92016868	20	0.2308144956	0.8464066048	30278.19104	69.31011289	102.2302816	3000	3.933022549
3	0	0.2365942289	3.018638342	-16.2423015	5	-1.18297307	-0.3295136142	85633.05578	78.43050859	82.18820709	3000	9.784974163
3	1	2.300207593	2.71011281	13.17772177	5	0.2371789163	0.8476811619	95484.17966	71.84211324	105.019835	3000	9.100739454
3	1	1.417817925	4.379871167	15.38876481	12.5	0.2349037425	0.8566500659	58739.19715	64.06902426	99.45778907	3000	6.046761423
3	1	0.8070144067	6.028873435	10.62938252	17.5	0.2259685841	0.8353338425	42426.83425	74.30340532	104.9327878	3000	4.282242271
3	1	0.3769608154	10.07170559	6.945932551	20	0.1516172254	0.8124271174	25035.2299	57.90216475	84.84809731	3000	3.909180999
3	1	0.9617840834	4.432680879	3.477742521	10	0.1079472154	0.7852319368	58028.67254	57.93082612	81.40856864	3000	7.356950189
3	1	0.1597386548	14.68739983	2.105503575	22.5	0.1069257489	0.772345832	16884.7681	62.68392053	84.7894241	3000	2
3	1	0.1910839615	14.66244551	6.484645046	22.5	0.1550014859	0.8093662026	16915.03637	60.37906596	86.863711	3000	2.001899724
3	1	0.5052628041	7.687621405	4.46180426	17.5	0.122034041	0.7937411983	33078.26014	58.02478907	82.48659333	3000	4.165229739
3	1	0.237364769	11.74904202	6.257060102	22.5	0.2027707026	0.8084810154	21332.62114	79.11673542	105.3737955	3000	2.168597964
3	1	0.1525079128	15.1618289	1.792467998	22.5	0.09303044176	0.7690135109	16328.26459	60.51390606	82.30637406	3000	2.182676594
3	1	1.23854123	3.362196821	2.0797457	5	0.09761015299	0.7719792246	76790.87115	60.50859506	82.58834076	3000	9.924379403
3	1	0.5361287474	6.76953843	2.780484888	17.5	0.1380370656	0.7792535883	37686.38262	68.65929017	91.43977506	3000	4.295587367
3	1	0.1524235027	14.5801975	0.9207263287	22.5	0.09286044602	0.7596660069	17015.53235	63.88418107	84.8049074	3000	2.152063448
3	0	0.8872707636	2.489941582	-8.617082976	0	-0.1276324719	0.560435584	104006.8789	73.846882	85.22979902	3000	11.14190494
3	0	0.07778902796	5.39598335	-17.54638049	15	-2.007295108	-1.035924102	47508.60007	79.6501953	82.10381481	3000	5.228066788
3	1	0.6696849547	5.130899809	0.179028084	15	0.1203742668	0.7512938911	50009.58891	74.571649	94.75067708	3000	5.015585166
3	0	0.8182959073	2.772534661	-8.190354195	2.5	-0.1148963545	0.5762441679	93314.15129	72.65580058	84.46544639	3000	10.50885819
3	1	0.4397307697	7.657013811	1.148733699	17.5	0.08060943294	0.762055583	33214.08239	60.14773459	81.29646829	3000	4.949130964
3	1	0.4918000281	7.801925252	7.104921173	20	0.2096165761	0.8143995825	32580.45406	79.02053754	106.1254587	3000	3.401921426
3	1	2.572425947	2.612042062	15.20331167	0	0.2180111397	0.8554743905	99102.9838	56.96304592	92.16635759	3000	11.11538195
3	1	1.060536598	4.263460284	4.909906431	10	0.1351418891	0.7974996067	60367.60486	59.95132717	84.8612336	3000	7.433024846
3	1	0.2430349618	14.21279505	12.81107282	22.5	0.2073722139	0.845374079	17478.651	59.17713666	91.98820948	3000	2.775457076
3	1	0.797619727	5.064715994	2.86245361	12.5	0.106531289	0.7796422585	50674.85638	59.76827737	82.63073098	3000	6.988405248
3	1	0.3635448	9.28555364	3.863267776	20	0.1424510728	0.7890383357	27231.00975	65.79537424	89.65864202	3000	3.5137331
3	1	0.1825334057	13.86138476	3.845913692	22.5	0.1435248279	0.7889032383	17944.58188	66.18626539	90.03217908	3000	2.06268482
3	1	1.919018123	2.577292468	5.900128282	2.5	0.1804410627	0.8056161091	100451.3225	71.0556012	96.95572949	3000	10.47616826
3	1	0.7600600967	5.192165669	2.33467388	12.5	0.09202904594	0.7744292298	49408.87237	58.28266098	80.61733486	3000	6.81624019
3	1	1.100097009	3.854861109	3.296811796	10	0.1446664091	0.7840893655	66861.71504	68.65929017	91.95610197	3000	7.242970945
3	1	0.1444659573	15.38646003	0.9411337591	22.5	0.07594243306	0.7597151917	16076.74446	59.92401816	80.86515192	3000	2.849276098
3	1	1.066204977	4.269001582	5.079670531	10	0.1365499826	0.7988376357	60288.07758	59.76070665	84.84037718	3000	7.611456182
3	1	0.1611463906	14.45725557	1.943388261	22.5	0.1094859744	0.7707422077	17167.88285	63.9643597	85.90774796	3000	2.063025507
3	1	1.292669904	3.247320913	2.247931677	5	0.1102722884	0.7737986602	79539.23191	62.98690777	85.23483945	3000	9.165190022
3	0	0.4150838288	2.450192737	-14.7669491	0	-0.7278513732	0.04515738209	105708.7561	78.32190518	83.55495608	3000	11.87203616
3	0	1.094911673	2.720538079	-4.475112803	2.5	0.0151857815	0.6772478403	95114.82958	72.19926166	87.72414886	3000	10.76736448
3	1	1.452242208	2.73517103	0.5698800181	0	0.07763444439	0.7555194498	94601.15773	61.75630684	82.32618686	3000	11.06973522
3	1	1.251516978	3.379098381	2.430844722	5	0.1007453358	0.7754720361	76402.27729	59.95098693	82.38183165	3000	9.894155838
3	1	1.685295945	2.743881104	4.214098446	2.5	0.1499919341	0.7920966022	94298.00244	66.80426692	91.01836536	3000	10.76736448
3	1	2.449707571	2.137146348	7.123111126	0	0.2088943873	0.8145104918	121324.6667	78.59975997	105.7228711	3000	11.90336092
3	1	0.7280851677	7.10836865	12.77335996	17.5	0.2071024296	0.8452004553	35847.10934	59.17713666	91.95049662	3000	4.99837069
3	1	0.2112392329	14.48159638	8.969976325	22.5	0.17837788	0.825401895	17137.51417	59.91971111	88.88968744	3000	2
3	1	0.1990208501	14.44516219	7.182578547	22.5	0.1647719493	0.8142154704	17183.00915	61.11924629	88.30182484	3000	2.151342709
3	1	1.251981975	3.346538924	2.215941975	5	0.1008564817	0.7733717409	77154.37376	60.77355385	82.98949582	3000	9.583143181
3	0	0.948104152	3.253614869	-3.7074179	5	0.004977689213	0.6921878012	79383.62623	66.07868526	82.37126736	3000	9.619687939
3	1	0.1606596834	13.47548798	0.3545588297	22.5	0.1086058827	0.7532943255	18484.23309	70.3641137	90.71867253	3000	2.456841841
3	1	0.9656784799	4.699686525	6.712358992	15	0.2060833389	0.8117005354	54680.72834	78.86575832	105.5781173	3000	5.228066788
3	0	0.6844091469	2.397669311	-11.55206618	0	-0.2840248532	0.4082166152	108044.1312	78.44437487	86.89230869	3000	11.78074132
3	1	0.8344079323	5.984701507	9.600219971	15	0.1755760231	0.8288686364	42746.62126	57.11123615	86.71145612	3000	5.266119927
3	0	0.458041319	4.744699551	-7.779405312	12.5	-0.1110378113	0.5903943648	54153.43325	70.38174137	82.60233606	3000	6.905913038
3	1	0.7977452972	5.078196198	2.929139579	12.5	0.1065774829	0.7802617975	50537.94958	59.53903771	82.46817729	3000	6.822355431
3	1	0.7185907071	6.794308497	10.82296814	17.5	0.2045537488	0.8359051517	37545.70792	63.88607312	94.70904126	3000	4.305560423
3	1	0.6684164684	6.034458583	3.79255242	15	0.1198436075	0.7881321415	42386.73342	59.77085819	83.56341061	3000	5.356075833
3	1	0.3684424138	9.305078846	4.242590233	20	0.1458746069	0.7922793816	27171.98137	65.42026359	89.66285383	3000	3.732884472
3	1	1.336743744	3.016755988	1.102509143	2.5	0.08480302869	0.7615953577	85687.04949	61.26875822	82.37126736	3000	10.94216572
3	0	0.9824662653	2.787571937	-5.7313289	2.5	-0.02885704528	0.6489578055	92805.92253	70.93231288	85.20098398	3000	10.88807826
3	1	1.031082814	4.630844348	8.11879123	15	0.2183839901	0.8210231759	55506.99198	79.48350527	107.6022965	3000	5.228066788
3	1	0.7976213722	5.075916352	2.914854965	12.5	0.1065318944	0.7801289465	50561.05292	59.57940523	82.4942602	3000	6.822355431
3	1	1.605766244	3.901549308	15.59181692	12.5	0.2542275789	0.8579111916	66050.83911	74.27789533	109.8697122	3000	6.497883187
3	1	0.7196196283	5.966592412	5.352965827	15	0.1397776004	0.800968802	42879.09231	59.73178562	85.08475145	3000	5.287257753
3	1	0.3128777348	10.10660609	2.360541593	20	0.1007438919	0.7747891626	24945.66943	60.20954626	82.57008786	3000	3.202263047
3	1	1.022825645	3.705288579	0.7811869855	10	0.1253767335	0.758403796	69597.07315	73.31489446	94.09608144	3000	7.539342996
3	1	1.52874427	2.657515718	1.226673362	2.5	0.1243897571	0.7633577055	97391.79869	71.04195229	92.26862565	3000	10.76736448
3	0	0.4154962845	2.938384579	-13.574264	5	-0.5013854203	0.2222639337	87996.46435	79.26324842	85.68898442	3000	9.71320811
3	1	0.9264808511	4.703670183	5.635841963	15	0.1978790967	0.8039001688	54633.6556	79.37610808	105.01195	3000	5.670059795
3	1	0.4608382853	7.581772553	1.955446879	17.5	0.09523829868	0.7707008199	33552.6294	60.41582048	82.37126736	3000	4.299747733
3	0	0.3136483627	6.798835308	-6.674214927	17.5	-0.04778126267	0.6242973488	37520.10994	73.39476708	86.72055216	3000	4.165550258
3	1	0.3197983802	10.37896621	3.503098144	20	0.107219989	0.7854448589	24267.4391	57.6701237	81.17322185	3000	3.846690914
3	1	0.176345719	14.87741053	4.773470459	22.5	0.1345255281	0.7964185149	16657.62533	60.24927738	85.02274784	3000	2.182676594
3	0	2.584498358	1.815362105	3.900940186	-5	0.1826334702	0.7898357173	142989.7503	80	103.9009402	3000	13.12947745
3	1	0.1457910059	15.3616726	1.10105268	22.5	0.07888769029	0.7615148676	16104.13795	59.95132717	81.05237985	3000	2.849276098
3	1	0.1529960956	14.58822029	1.012250913	22.5	0.09400992586	0.7606971417	17005.67971	63.79265648	84.8049074	3000	2.152063448
3	1	1.016813309	4.329842688	4.24933571	10	0.123752908	0.7920301337	59428.28877	59.18756751	83.43690322	3000	7.26649117
3	1	0.657465862	5.988792364	3.21221011	15	0.1151773844	0.7829608571	42716.80688	60.64935118	83.86156129	3000	5.356932526
3	1	0.1556571757	14.43968184	1.159124866	22.5	0.09924106345	0.7623686275	17189.87227	64.4867996	85.64592446	3000	2.152063448
3	1	0.6565290034	6.086385825	3.570150527	15	0.1147709461	0.7861362719	42017.42382	59.27169988	82.84185041	3000	5.575311582
3	1	0.3099265091	10.1206728	2.177982281	20	0.09789427327	0.7729606293	24909.74657	60.20954626	82.38752855	3000	3.958659116
3	1	1.187805518	3.427084212	2.319644669	10	0.1635204454	0.7750719397	75319.89536	79.34687887	101.6665235	3000	7.564271729
3	1	0.8006420942	5.070268142	2.976678769	12.5	0.1076391126	0.7807144831	50618.37984	59.62565729	82.60233606	3000	6.905913038
3	0	3.713605263	2.112307821	20.79245098	-2.5	0.2613293238	0.8751699813	122761.9007	64.05329296	104.8457439	3000	12.50151917
3	1	0.152411657	14.5800317	0.9188342754	22.5	0.09283657468	0.7596445944	17015.73609	63.88607312	84.8049074	3000	2.152063448
3	1	0.1783863872	14.04596137	3.615778164	22.5	0.1375624488	0.7868342793	17696.94705	65.27063207	88.88641024	3000	2
3	1	0.3971375553	10.00687804	8.23395097	20	0.1642364163	0.8208034193	25203.24609	57.64811396	85.88206493	3000	3.846690914
3	1	0.9174069625	4.699242207	5.35700953	15	0.1958799593	0.8017739771	54685.98355	79.61644355	104.9734531	3000	5.265565798
3	1	0.1840389422	13.87716714	4.074030416	22.5	0.1456229314	0.7908682368	17923.1501	65.97021323	90.04424365	3000	2.007184438
3	1	0.1789936984	14.85739893	5.117846996	22.5	0.1384528782	0.7991600889	16681.27389	60.15695498	85.27480198	3000	2.849276098
3	1	1.264889856	3.208910276	1.811205892	7.5	0.1409205197	0.7697188913	80502.08904	73.63180284	95.44300873	3000	8.284324121
3	0	1.291937448	2.844673918	-0.8049029033	2.5	0.07387153286	0.7384052198	90924.93583	66.71265087	85.90774796	3000	10.64315256
3	1	0.3154538493	10.09230804	2.514792723	20	0.1031877295	0.7763118621	24982.28569	60.22709095	82.74188367	3000	3.953853499
3	1	0.9574797549	4.333017298	3.432826473	12.5	0.1555285823	0.7854348061	59384.0889	71.67260167	95.10542814	3000	6.877317299
3	0	1.05929663	3.298281806	-1.522745962	5	0.0464424767	0.7282292769	78296.38628	63.88607312	82.36332716	3000	9.844485479
3	1	0.599472893	5.775216406	0.3598112029	15	0.0876236629	0.7531616033	44329.82026	64.93216537	85.29197658	3000	5.357082364
3	1	0.152411657	14.5800317	0.9188342754	22.5	0.09283657468	0.7596445944	17015.73609	63.88607312	84.8049074	3000	2.27869758
3	1	0.6021036879	5.773582943	0.4443530171	15	0.08898854093	0.7541705935	44342.61669	64.90755709	85.35191011	3000	5.352506693
3	1	1.905326406	2.315503946	2.828377896	0	0.1542925638	0.7798833243	111909.9999	73.7522047	96.58058259	3000	11.53652257
3	1	0.8876471497	5.548660604	9.124778684	15	0.1890365033	0.8264910006	46176.58634	63.18604675	92.31082543	3000	5.736017535
3	1	0.9499613369	5.649764701	11.827256	15	0.2028749811	0.8407739072	45334.13785	60.22773831	92.0549943	3000	5.129480657
3	1	0.2886110942	10.25587546	0.9138247497	20	0.07558221039	0.759406703	24569.49806	59.95132717	80.86515192	3000	3.469864795
3	1	0.9137656097	4.254179689	1.358964085	10	0.09259981251	0.7644608444	60501.26161	62.07793913	83.43690322	3000	7.611456182
3	1	0.9196033503	4.309344252	1.784783543	10	0.09455122183	0.7689521036	59715.25483	60.89860275	82.68338629	3000	7.141454465
