#gen	Feasible	f1	f2	c1	c2	c3	c4	c5	x1	x2	x3	x4
47	0	0.1297235922	15.2517529	-1.391416254	22.5	0.03911509212	0.7300447239	16226.68712	61.8300912	80.43867494	3000	2
47	1	0.1792368012	12.08352148	0.3410771853	22.5	0.1388076203	0.7533904768	20717.20822	79.7434288	100.084506	3000	2.896616115
47	1	0.1678356153	12.96329496	0.4482640391	22.5	0.1210646468	0.7545115755	19250.12393	73.52910569	93.97736973	3000	2.921607198
47	1	0.3830528974	12.44565153	25.63933231	22.5	0.2777837553	0.8879648866	20088.21418	62.82363397	108.4629663	3000	2.680415018
47	1	0.3214582913	11.92236175	16.32530786	22.5	0.2543659072	0.860638241	21009.41739	72.13765842	108.4629663	3000	2.841767035
47	1	0.2302317753	12.29193407	6.668249128	22.5	0.1966601849	0.8112682087	20350.68345	74.75954138	101.4277905	3000	2.883234686
47	1	0.9413072549	3.999463737	1.221388302	12.5	0.1513283448	0.7635462931	64411.75607	79.91284685	101.1342352	3000	6.460332666
47	1	0.3979636103	8.29745849	3.298812755	20	0.1647257919	0.7843344225	30580.96496	75.49780599	98.79661874	3000	3.317259369
47	0	0.05648192421	13.75847378	-12.72740558	22.5	-0.4288543154	0.3126929442	18085.53605	75.61274819	82.88534261	3000	2.867600322
47	1	0.2051520715	11.86976202	2.892064656	22.5	0.1718020282	0.7806626317	21106.50692	80	102.8920647	3000	2.932315877
47	1	1.163451318	3.278588257	0.192310886	5	0.07809371384	0.7510724729	78772.0965	63.39687053	83.58918142	3000	9.612257898
47	0	0.1170861833	12.53320633	-6.247592328	22.5	0.000163868036	0.6360324143	19941.59417	80	93.75240767	3000	2.490642575
47	1	2.572868835	2.168325449	8.938537938	0	0.2180424669	0.8259292728	119567.1559	76.25322598	105.1917639	3000	11.47526632
47	1	0.3656866016	8.018046763	0.6553323725	20	0.1439595194	0.7571200584	31678.00905	80	100.6553324	3000	3.71241849
47	0	1.533328687	2.499812968	-0.1808305794	0	0.09468198817	0.7466475669	103592.6174	69.03525279	88.85442221	3000	11.3128527
47	1	0.5916911526	5.96243007	2.103427376	17.5	0.1626365389	0.7729071652	42909.65428	80	102.1034274	3000	4.567621404
47	1	0.324366816	9.225604911	1.116253399	20	0.1113435511	0.7620213407	27413.80733	67.81433378	88.93058718	3000	3.636538772
47	1	0.8721651828	5.045663813	5.917204808	15	0.1852916509	0.8058070437	50869.60053	72.88827796	98.80548277	3000	5.230309668
47	1	0.1877478485	11.99191028	1.151316081	22.5	0.1506480793	0.762771312	20882.35109	80	101.1513161	3000	2.652191663
47	1	1.937892259	2.172554997	1.758941431	0	0.1584216233	0.7693425693	119332.6295	80	101.7589414	3000	11.86803357
47	1	0.2769090803	11.40521541	9.777983773	22.5	0.2309362533	0.8308819911	22002.85545	80	109.7779838	3000	2.896616115
47	1	1.206881443	3.553478463	3.537971375	10	0.1672582329	0.7865011916	72608.81754	75.43136935	98.96934072	3000	7.468629321
47	1	0.3350674393	8.558777053	0.2102309914	20	0.1205620055	0.7516721989	29619.78085	74.48212907	94.69236006	3000	3.558401083
47	0	0.2778991129	9.029582909	-2.328510674	20	0.06307710634	0.7161986658	28028.46797	71.39816151	89.06965084	3000	3.863159879
47	1	0.1978094151	11.92080486	2.161278573	22.5	0.1633313531	0.7734948875	21012.27883	80	102.1612786	3000	2.956788599
47	1	0.2855296207	12.56999665	14.00599528	22.5	0.2360405253	0.851185854	19880.59425	68.67505807	102.6810534	3000	2.398549663
47	0	0.1413844185	12.34612276	-3.628654557	22.5	0.06887944861	0.69401622	20257.41152	79.93769828	96.30904373	3000	2
47	1	0.2103581068	11.96727071	3.676677027	22.5	0.1774495724	0.7878338099	20927.19906	78.82097536	102.4976524	3000	2.839342717
47	0	0.4964574284	5.010431039	-5.426675483	15	0.02280522806	0.6564472519	51233.6384	79.61684629	94.1901708	3000	5.365810958
47	1	1.064584774	3.447503544	0.1051319313	10	0.1361490353	0.750523995	74868.45004	79.99998031	100.1051122	3000	7.04687823
47	1	0.1697067311	12.59041756	0.07237782499	22.5	0.124140072	0.7500280116	19846.88936	76.2366659	96.30904373	3000	2.515125215
47	1	0.2948876043	12.59410329	15.22400006	22.5	0.2412436266	0.8561841413	19840.81767	67.81433378	103.0383338	3000	2.376082675
47	1	0.3448783397	8.431915329	0.4934594545	20	0.1285112967	0.7551065738	30078.96383	75.61399915	96.1074586	3000	3.453109707
47	1	2.613668491	2.09440676	8.370230442	0	0.2208828442	0.8225988937	123818.8488	79.82218125	108.1924117	3000	11.26456085
47	1	1.91381969	2.175649176	1.517261923	0	0.1553829816	0.7667734585	119161.6362	80	101.5172619	3000	11.86803357
47	1	1.520208789	2.55585044	0.282805915	2.5	0.1228422947	0.7525631513	101301.5983	74.83661926	95.11942517	3000	10.23649233
47	0	1.27139886	2.275026382	-5.085851894	0	0.03178127564	0.6642626932	113917.1301	79.53051424	94.44466234	3000	11.33055626
47	0	1.239076557	2.590333819	-3.269040516	2.5	0.05995839615	0.7004638966	99941.05689	75.60153393	92.33249341	3000	10.98753994
47	0	0.07788425089	14.03765186	-9.760505857	22.5	-0.2010879747	0.5114754067	17707.95541	72.49514707	82.73464122	3000	2.860494092
47	1	0.8283587541	4.309322906	0.1259529135	12.5	0.1174214289	0.7506256436	59715.55509	73.93444105	94.06039397	3000	6.12471262
47	1	1.758225749	2.285207769	0.7660448504	0	0.1337356329	0.7583050761	113405.5802	76.01320371	96.77924856	3000	11.13069646
47	1	1.098397438	3.437106746	0.6856460144	10	0.1442713265	0.7574723709	75097.63967	79.96244724	100.6480933	3000	7.203210456
47	1	0.2205376146	12.21408252	5.362706069	22.5	0.187721987	0.8017162956	20486.13356	76.04671157	101.4094176	3000	2.418099505
47	1	2.645898731	2.08742658	8.626853627	0	0.2230647074	0.8241738649	124235.8982	80	108.6268536	3000	11.4528391
47	1	0.9446839223	4.266534249	2.751985504	12.5	0.1522171939	0.779139762	60323.4626	73.36062823	96.11261373	3000	6.465593739
47	0	0.4074535985	7.395097269	-1.110160545	17.5	0.05530833357	0.7341113756	34422.32106	63.92238426	82.81222372	3000	4.693484528
47	0	0.07076014599	12.93549754	-11.43256831	22.5	-0.261605286	0.4164760461	19293.42505	79.99385204	88.56128373	3000	2.341749243
47	1	0.1976334263	11.92203694	2.143698927	22.5	0.1631206041	0.773316618	21010.01431	80	102.1436989	3000	2.512264591
47	1	1.876341917	2.369368271	3.221817349	2.5	0.1754473341	0.7837488117	109345.4199	80	103.2218173	3000	10.78047763
47	1	0.3298767261	8.657243626	0.12747693	20	0.1161649615	0.7506335813	29272.65209	73.55551133	93.68298826	3000	3.083383007
47	1	1.135966142	4.139709387	6.591661764	12.5	0.1939406604	0.810702859	62199.11532	73.8855672	100.477229	3000	6.05132501
47	1	2.028978379	2.160974874	2.668271082	0	0.1692667053	0.7785168352	119976.926	79.99996283	102.6682339	3000	11.00953493
47	1	0.3600313103	8.063753486	0.4510667136	20	0.1399376927	0.7547032639	31493.35137	79.59347052	100.0445372	3000	3.97907625
47	1	0.181415357	12.13919959	0.6870687846	22.5	0.1419441915	0.7574694528	20618.05792	79.1412124	99.82828119	3000	2.992422111
47	1	1.725146647	2.29957136	0.5021372075	0	0.1286301039	0.7552092811	112691.6043	75.61089317	96.11303038	3000	11.15167894
47	0	0.1061323379	12.62733661	-7.444599854	22.5	-0.04110294339	0.601460788	19786.23083	79.97865392	92.53405406	3000	2.39583663
47	1	0.2628465377	11.49167895	8.462966279	22.5	0.2218911801	0.823174538	21830.53407	80	108.4629663	3000	2.785957612
47	1	0.3482089315	8.156793302	0.005920184577	20	0.1311080653	0.7492679107	31123.85917	78.79956258	98.80548277	3000	3.309902941
47	0	1.250535752	2.991241647	-0.223679983	5	0.1005105272	0.7461597956	86425.60951	70.76744782	90.54376784	3000	9.216711384
47	1	0.7677533277	4.791579002	1.60407987	15	0.1560920419	0.7676994871	53614.80606	79.85465173	101.4587316	3000	5.365810958
47	0	0.6973278966	3.185085731	-8.11158002	7.5	-0.06994678971	0.5791663787	81110.97931	79.56025321	91.4486732	3000	8.956276117
47	1	0.4376842158	7.588714311	0.8555257548	17.5	0.07911600466	0.7587914393	33521.11394	60.95484527	81.81037102	3000	4.906709381
47	1	2.063175638	2.156677183	3.007584803	0	0.1730911234	0.7817538896	120217.802	80	103.0075848	3000	11.57168975
47	1	0.3781838275	8.016679139	1.364072969	20	0.1524204727	0.7651060513	31683.56677	79.63357547	100.9976484	3000	3.770937357
47	1	0.5552833921	7.600511769	9.846060751	20	0.2313823634	0.8312624407	33467.68575	80	109.8460608	3000	3.446370005
47	1	0.2446833198	11.60652214	6.740513108	22.5	0.2086698894	0.8119280281	21605.62199	80	106.7405131	3000	2.986025803
47	1	0.2181183849	11.78131617	4.170032203	22.5	0.1853675349	0.792152664	21271.71633	80	104.1700322	3000	2.870348516
47	0	0.976448441	3.609470761	-0.6921173211	10	0.1123332805	0.7402109103	71468.50422	76.35375966	95.66164234	3000	7.468629321
47	1	1.758347203	2.285189645	0.7673254181	0	0.1337540246	0.758319854	113406.4868	76.01320371	96.78052913	3000	11.43997333
47	1	1.67367696	2.327856058	0.1339825044	0	0.1202848116	0.7507471706	111311.4055	74.75644756	94.89043006	3000	11.38808316
47	1	1.394046125	2.772534481	0.01154392242	0	0.06417691794	0.7487455528	93314.1574	61.07800106	81.08954498	3000	11.84499783
47	1	0.2766247399	11.40756139	9.753217254	22.5	0.2307624739	0.830742971	21998.14545	79.99385204	109.7470693	3000	2.084029954
47	0	1.496354496	2.523310384	-0.4781223253	0	0.0871377288	0.7428049006	102619.5677	68.45348135	87.97535902	3000	11.40864852
47	0	0.3295272957	8.106409467	-1.194517231	20	0.1158639831	0.7334066254	31322.89733	80	98.80548277	3000	3.30993755
47	1	0.673233264	5.129275018	0.2804325988	15	0.1218480481	0.752526342	50025.71544	74.54396327	94.82439587	3000	5.778433061
47	1	0.217792355	11.7835142	4.138090724	22.5	0.1850462354	0.7918803504	21267.58054	80	104.1380907	3000	2.102051252
47	1	2.70059319	2.08384046	9.176361146	0	0.2266481349	0.8274383745	124451.2469	79.86182032	109.0381815	3000	11.20882619
47	1	2.401461314	2.257666736	8.12938725	0	0.205055004	0.8208848059	114799.9817	73.04956547	101.1789527	3000	11.50144423
47	0	0.486053753	6.48036986	-0.2712695848	17.5	0.1110487081	0.7456465039	39408.19315	73.93444105	93.66317147	3000	4.881371168
47	1	1.815031502	2.194613083	0.5777300073	0	0.1420690133	0.756204477	118124.1697	79.71488958	100.2926196	3000	11.64042002
47	1	0.7207892622	5.183079466	1.961607094	15	0.1401998666	0.7712535548	49497.0664	72.74476854	94.70637564	3000	5.799718788
47	1	1.681529913	2.320606122	0.1651531916	0	0.1215911161	0.7511361439	111661.9714	75.00712412	95.17227731	3000	11.11380407
47	1	0.198046115	12.05155178	2.436447428	22.5	0.1636142137	0.7762200109	20774.55319	78.85302	101.2894674	3000	2.921607198
47	1	0.202762147	11.8863028	2.65478428	22.5	0.1691122958	0.7783861616	21075.88304	79.99996171	102.654746	3000	2.396368953
47	1	0.2820213772	11.47653814	10.53372926	22.5	0.234000929	0.8349796085	21860.5221	78.98199473	109.515724	3000	2
47	1	0.2322237361	13.6586418	10.02084929	22.5	0.1984043862	0.831609951	18224.30269	63.92238426	93.94323355	3000	2.395929538
47	1	1.979574794	2.173051087	2.236826414	0	0.1635083718	0.7742509115	119305.1813	79.72073092	101.9575573	3000	11.9481586
47	1	1.70053301	2.309374534	0.2946361713	0	0.1247022765	0.7527203269	112209.4139	75.35496687	95.64960304	3000	11.3669286
47	1	0.6616989334	5.170231785	0.09186858874	15	0.1169994736	0.7502071049	49622.29975	73.96852538	94.06039397	3000	5.365810958
47	0	0.1675177691	12.17014525	-0.8609509862	22.5	0.1205353983	0.7380165214	20563.34285	79.7434288	98.88247781	3000	2.896616115
47	1	0.882327822	4.024432085	0.006696622217	12.5	0.1347058233	0.7493055499	64006.54941	79.999967	100.0066636	3000	6.490956507
47	1	2.722092946	2.638709075	18.35020404	5	0.2624138483	0.8678054475	98092.34532	71.36046135	109.7106654	3000	9.610472416
47	1	1.160903923	3.351126848	0.9055295049	7.5	0.1177139298	0.759740013	77047.51194	70.49614262	91.40167212	3000	8.952218271
47	1	1.209866977	3.162660547	0.5459177183	7.5	0.1291379858	0.7557253548	81692.48695	75.56669601	96.11261373	3000	8.388120998
47	1	2.446833198	2.110276753	6.740513108	0	0.2086698894	0.8119280281	122880.921	80	106.7405131	3000	11.47647988
47	1	0.3344245224	8.555169003	0.162412367	20	0.1200247979	0.7510898684	29632.65224	74.54396327	94.70637564	3000	3.031421792
47	1	1.564479831	2.897471565	4.011956241	5	0.1606090628	0.7905314297	89251.7044	71.09887052	95.11082676	3000	9.541958407
47	1	0.6614707582	5.170435513	0.08568002441	15	0.1169018522	0.7501307844	49620.30904	73.96852538	94.0542054	3000	5.413889995
47	1	0.9240648938	4.366451712	2.783515992	12.5	0.1466883174	0.7793783322	58922.48683	71.38066057	94.16417656	3000	6.437093729
47	0	0.02146594507	13.43413612	-17.30285298	22.5	-1.780909644	-0.8521271096	18543.90005	79.86326032	82.56040734	3000	2.860494092
