#gen	Feasible	f1	f2	c1	c2	c3	c4	c5	x1	x2	x3	x4
4	1	0.9592562121	4.019164999	1.73854177	12.5	0.1559813216	0.7691080241	64091.60898	79.18579167	100.9243334	3000	6.277914906
4	1	0.9769989993	4.008281947	2.083520571	12.5	0.160412822	0.7726856177	64268.07038	79.24617647	101.329697	3000	6.375989081
4	1	0.2080070002	12.09343974	3.661570858	22.5	0.1749340812	0.787674209	20699.47918	77.87249011	101.534061	3000	2.529149731
4	1	0.403865972	8.089379101	3.041711763	20	0.1681642433	0.782019908	31390.73539	77.90568911	100.9474009	3000	3.401645899
4	1	1.412158934	3.02272693	2.935395335	7.5	0.1679390056	0.7810292519	85516.00979	78.28618229	101.2215776	3000	8.494387294
4	1	0.1756686461	12.12755566	0.006598185288	22.5	0.1335023201	0.7492949882	20638.71789	79.59400221	99.60060039	3000	2.992791849
4	1	0.3582663295	8.338030017	1.055195794	20	0.138656509	0.7616035222	30427.7836	76.28657633	97.34177213	3000	3.508644643
4	1	1.05252008	3.726797717	1.518047276	10	0.1331245977	0.7665749062	69190.20072	72.42696962	93.9450169	3000	7.805154503
4	1	0.1969519897	12.09688292	2.396886242	22.5	0.1623010222	0.7758200868	20693.33125	78.53341331	100.9302996	3000	2.481027954
4	1	0.470227687	8.088023541	6.877306752	20	0.2008824749	0.8127513567	31396.14734	75.82329813	102.7006049	3000	3.15483448
4	1	1.080870661	3.714508293	2.029881633	10	0.1401245775	0.7719454762	69422.09363	72.42696962	94.45685126	3000	7.636682003
4	1	0.4335362789	8.168832578	5.005415721	20	0.1840305926	0.7989130706	31076.66221	75.95492127	100.960337	3000	3.236234075
4	1	0.8725926604	4.538808326	1.790362736	10	0.07809525281	0.7688146265	56650.78893	57.20837162	78.99873435	3000	7.109685004
4	1	0.8306236583	4.571973033	0.8816298013	10	0.06183034045	0.7588952338	56233.32036	57.20837162	78.09000142	3000	7.111134699
4	1	2.19762545	2.187942401	4.889159439	0	0.1869733142	0.798033985	118487.0551	77.65388079	102.5430402	3000	11.55271367
4	1	0.2027635754	12.32223189	3.504830714	22.5	0.1691139223	0.7862277991	20298.43242	76.27272723	99.77755794	3000	2.506236782
4	0	0.05316279194	5.609022422	-18.25699721	15	-3.122409935	-1.86586397	45669.96894	76.93638756	78.67939035	3000	5.180074061
4	1	0.9499799153	4.069166416	1.799427195	12.5	0.1535985452	0.7697183029	63293.00007	78.0353994	99.8348266	3000	6.945430831
4	1	1.172721662	3.476201268	2.355699558	10	0.160478783	0.7753978591	74242.9448	78.0353994	100.391099	3000	7.146377569
4	0	0.8149681246	4.117395446	-1.09894822	12.5	0.1127784191	0.7347129236	62541.07662	78.54459066	97.44564244	3000	6.914652602
4	1	0.1939709545	12.24892835	2.337451013	22.5	0.1586479545	0.7752002885	20425.29415	77.44010693	99.77755794	3000	2.582670713
4	1	1.210819336	3.133139586	0.06972177445	5	0.09068689126	0.7497068706	82470.68709	66.91749729	86.98721907	3000	9.802728119
4	1	1.62312927	2.671015074	2.472366052	0	0.1115738871	0.7760049565	96895.03025	62.46564052	84.93800658	3000	11.20794485
4	0	0.8391324872	4.210927759	-0.08401861125	12.5	0.1210494926	0.7480751724	61131.9357	76.02899868	95.94498007	3000	6.914652602
4	1	1.195967169	3.527749069	3.149620644	10	0.1651342553	0.7829814743	73144.94902	76.28657633	99.43619698	3000	7.596732473
4	1	0.4062556573	8.09752522	3.203473572	20	0.1695279522	0.7835201132	31358.25087	77.72682598	100.9302996	3000	3.992693033
4	1	0.6257421301	8.42436779	17.57694468	20	0.2503687562	0.8649058423	30106.71843	66.17218414	103.7491288	3000	3.416662748
4	1	0.6732351437	5.998546522	5.343373847	17.5	0.1913866185	0.8016149252	42645.88216	77.68390143	103.0272753	3000	4.064394288
4	1	0.9165092483	4.168584335	1.54795923	12.5	0.1446000315	0.7670011099	61762.0404	76.02899868	97.57695791	3000	6.914652602
4	0	0.1073111036	8.967950604	-13.24609074	20	-0.4725152392	0.2600005202	28227.27908	77.68804196	84.44195122	3000	3.236234075
4	1	0.3973744506	8.066898374	2.602933451	20	0.1643769671	0.7778415908	31480.72279	78.39576974	100.9987032	3000	3.357061548
4	1	0.3731418962	9.203853285	4.281021759	20	0.1490751529	0.7926397146	27480.72185	66.26579359	90.54681535	3000	3.416662748
4	1	0.1970085056	12.09733185	2.404229869	22.5	0.1623692111	0.7758927143	20692.52993	78.52606968	100.9302996	3000	2.481027954
4	1	0.4257562175	8.04350852	4.164629737	20	0.180084073	0.7920481644	31574.88324	77.81045913	101.9750889	3000	3.416662748
4	1	0.2193466877	13.47909735	7.929999511	22.5	0.1865694389	0.8193497129	18479.04247	66.17218414	94.10218365	3000	2.822923518
4	1	1.347839218	3.902988162	9.773795667	12.5	0.2263320803	0.8307830071	66026.15738	77.49945134	107.273247	3000	6.374205811
4	1	0.8595820056	4.129788191	0.005571919644	12.5	0.1276857454	0.7492365694	62350.70147	77.68523406	97.69080598	3000	6.914652602
4	1	0.6522018864	5.974302092	2.965494845	15	0.1128785574	0.7806784534	42822.59655	60.96421414	83.92970899	3000	5.760784158
4	1	0.2058239583	12.07610888	3.376037759	22.5	0.1725469522	0.7851142579	20730.47738	78.15802321	101.534061	3000	2.570606876
4	1	0.2063133352	12.0799864	3.439955501	22.5	0.1730864726	0.7856927805	20723.53428	78.09410546	101.534061	3000	2.529149731
4	1	0.6028510933	6.121834183	3.140157074	17.5	0.1670305961	0.7829148126	41768.91134	77.04271334	100.1828704	3000	4.684101413
4	1	0.3562004111	9.137213282	2.989227345	20	0.1371407491	0.781193054	27687.70962	67.557588	90.54681535	3000	3.416662748
4	0	0.3049846964	5.356738323	-10.43989682	15	-0.2140017802	0.4769152606	47863.25559	76.60214374	86.16224692	3000	5.89947506
4	0	2.5898721	1.985727138	6.418305259	-2.5	0.2011607782	0.8095968657	130644.7601	77.73077456	104.1490798	3000	12.25768831
4	1	0.2153754092	12.13837385	4.603599899	22.5	0.1826340212	0.7956973866	20619.52175	77.02286254	101.6264624	3000	2.056856516
4	1	0.3881827459	9.159371323	5.150356244	20	0.1587976946	0.7997062537	27618.5512	66.17218414	91.32254038	3000	3.416662748
4	1	0.9167923363	4.085309302	1.115555409	12.5	0.1446788942	0.7623250676	63039.34479	78.05011026	99.16566567	3000	6.932880321
4	1	1.315941984	3.303510301	3.05988551	5	0.1153960452	0.7815783862	78171.04146	61.25868527	84.31857078	3000	9.534259167
4	1	1.328546197	3.327755037	3.461590928	5	0.118096146	0.7852268386	77594.96044	60.49679709	83.95838802	3000	9.905304759
4	1	0.1654977513	14.85230153	3.181421611	22.5	0.117124334	0.7827075225	16687.30789	61.25868527	84.44010688	3000	2.508347074
4	1	0.4410870944	8.03322085	5.013162767	20	0.1877276972	0.799018897	31616.47189	77.46382261	102.4769854	3000	3.245585825
4	1	1.945318154	2.213375259	2.261961524	0	0.1593438044	0.7744607322	117115.2344	78.0353994	100.2973609	3000	11.06826237
4	1	0.3954837664	8.094367976	2.572485589	20	0.1632505271	0.7775370572	31370.83335	78.10463578	100.6771214	3000	3.555025048
4	1	0.90946504	4.744413833	5.382565346	15	0.1940974768	0.8019467578	54156.74867	78.7125548	104.0951201	3000	5.16819106
4	1	2.152922555	2.181541642	4.303448199	0	0.1825500666	0.7932355159	118837.3431	78.24120007	102.5446483	3000	11.93876532
4	0	0.6520034926	3.473408353	-7.873424578	7.5	-0.1026154156	0.5872730494	74303.3661	72.31353146	84.44010688	3000	8.088704404
4	1	0.2377999871	11.86046157	6.562411124	22.5	0.2031316688	0.8106274055	21123.76345	78.07083584	104.633247	3000	2.378671093
4	1	0.6006069099	6.170172244	3.239314872	17.5	0.1661600998	0.7838107009	41434.63665	76.28657633	99.52589121	3000	4.072565812
4	1	0.1923746721	12.26219486	2.176172752	22.5	0.1566452688	0.77358018	20402.22224	77.4306531	99.60682585	3000	2.481027954
4	1	0.1805803764	12.51989913	1.249272408	22.5	0.1407509744	0.7637568837	19963.74637	76.09159892	97.34087133	3000	2.195113987
4	1	0.9866259953	4.247135189	3.050710969	10	0.1153007106	0.7814931212	60603.10465	61.26785981	84.31857078	3000	7.510414408
4	1	0.215587052	12.24602567	4.852282429	22.5	0.1828474104	0.7976921628	20430.34888	76.09159892	100.9438814	3000	2.195113987
4	1	1.417314342	2.91501941	1.616713129	2.5	0.1027211487	0.7673005167	88709.00883	63.52914106	85.14585418	3000	10.47931542
4	1	0.2039616647	12.24476757	3.493181354	22.5	0.1704701681	0.7861390691	20432.54049	76.84258103	100.3357624	3000	2.274515988
4	1	0.4080593593	8.095915747	3.302939722	20	0.1705466837	0.7844341504	31364.66383	77.6907132	100.9936529	3000	3.15483448
4	0	0.5045095901	6.067140985	-0.8433661946	17.5	0.1216190482	0.7382610881	42153.55697	80	99.15663381	3000	4.305311831
4	1	0.1783368455	12.29461722	0.5979446553	22.5	0.1374895441	0.7564015872	20346.04576	78.04788754	98.6458322	3000	2.255799758
4	0	0.1094596012	8.963116303	-13.1144306	20	-0.4553893144	0.2741341076	28242.98902	77.66413916	84.54970856	3000	3.241660895
4	1	0.3789538784	9.192203738	4.63329072	20	0.1529235652	0.7955612178	27516.68956	66.17218414	90.80547486	3000	3.416662748
4	1	2.151195423	2.186056625	4.335208583	0	0.1823754824	0.7934968957	118590.0429	78.03492523	102.3701338	3000	11.04699508
4	1	0.1938201386	12.2476843	2.317580948	22.5	0.158460153	0.7750025151	20427.46025	77.459977	99.77755794	3000	2.506236782
4	0	0.2285895476	8.641371288	-6.113476662	20	-0.009601288562	0.6394792636	29328.07276	77.04271334	90.92923668	3000	3.413785366
4	0	0.1534473246	12.47398271	-2.03596188	22.5	0.09490972383	0.7209602409	20040.54531	78.18040041	96.14443853	3000	2.045680556
4	1	0.8313128603	4.356117681	0.4221723569	12.5	0.118425584	0.7541811439	59064.40388	72.8631739	93.28534625	3000	6.914652602
4	1	1.266219054	3.333623271	2.383167666	5	0.1042199833	0.7750517307	77456.78443	60.96421414	83.34738181	3000	9.506468052
4	1	0.5609447302	6.905345778	4.344283493	17.5	0.1496262068	0.7931686803	36927.50472	66.20253185	90.54681535	3000	4.627343789
4	1	0.1891921705	12.2824742	1.842312735	22.5	0.1525516701	0.7701515781	20367.05057	77.46382261	99.30613534	3000	2.506236782
4	1	1.021237015	4.041016017	3.287167705	12.5	0.1707912761	0.7842940242	63740.17933	77.8545123	101.14168	3000	6.11656718
4	1	0.3753661209	9.205069268	4.431482969	20	0.1505620032	0.7938956538	27476.97277	66.17218414	90.6036671	3000	3.416662748
4	1	0.4008525024	8.079822399	0.3481482955	17.5	0.04963207408	0.7526366284	31428.92842	56.83172245	77.17987074	3000	4.345704331
4	0	0.8489856912	4.124477397	-0.2690099168	12.5	0.1242869514	0.7457798342	62432.14487	77.94681707	97.67780716	3000	6.988795581
4	0	0.2125987081	8.658711866	-7.062779863	20	-0.0404098882	0.6131386222	29267.53578	77.37376677	90.31098691	3000	3.418414266
4	1	1.030874383	3.760874292	1.267603647	10	0.1275209042	0.7638330137	68555.12658	71.80086055	93.0684642	3000	7.572446354
4	1	0.9922048015	4.001467596	2.391859194	12.5	0.1640845592	0.7757880956	64379.04917	79.23460324	101.6264624	3000	6.374205811
4	1	2.014095376	2.244701394	3.391823347	0	0.1675617193	0.7852024871	115468.262	76.16382173	99.55564508	3000	11.96994347
4	1	0.9434543599	4.607041399	4.589732374	12.5	0.1518942695	0.7951970134	55798.4269	66.00680183	90.5965342	3000	6.719679471
4	1	0.4314497881	8.028222779	4.444113686	20	0.1829861647	0.7944016581	31636.71543	77.8312974	102.2754111	3000	3.416662748
4	1	0.2002023033	12.34034449	3.239314872	22.5	0.1661600998	0.7838107009	20267.31832	76.28657633	99.52589121	3000	2.4080025
4	1	1.41724748	2.791966658	0.6797023148	2.5	0.1027071239	0.7570330899	92658.42387	67.36226124	88.04196356	3000	10.18225526
4	1	0.2481101799	12.42832446	9.106908064	22.5	0.2113125119	0.826789833	20117.47511	72.4271529	101.534061	3000	2.529149731
4	1	0.2210667989	12.02014175	5.009891676	22.5	0.1882301329	0.7989993624	20831.19132	77.6907132	102.7006049	3000	2.78877676
4	1	1.216253916	3.469404235	3.148506789	10	0.1690517449	0.7830125597	74390.16	77.78179276	100.9302996	3000	7.645465474
4	1	0.6113257947	6.114953858	3.442294762	17.5	0.1702602097	0.7856833559	41816.92086	76.97918929	100.4214841	3000	4.702426778
4	1	0.25093667	12.12152646	8.691343237	22.5	0.2134378422	0.8244062304	20649.43116	74.90000238	103.5913456	3000	2
4	1	1.327448107	3.301948111	3.253634218	5	0.1178629501	0.7833691903	78208.45089	61.18647266	84.44010688	3000	9.534259167
4	0	-0.01896249629	4.09788743	-20.42391462	10	15.21301383	12.78306355	62843.08822	76.28657633	75.86266171	3000	7.596732473
4	0	1.331791391	2.311144432	-4.122779996	0	0.04847883127	0.6844962199	112122.7936	77.65388079	93.5311008	3000	11.96994347
4	1	0.6269690794	6.141364397	4.156047941	17.5	0.1759923663	0.7919293539	41633.21952	76.20412775	100.3601757	3000	4.937993364
4	1	1.051667257	3.727169425	1.502607415	10	0.1329081819	0.7664089143	69183.21066	72.42696962	93.92957704	3000	7.572009565
4	1	1.924844723	3.785441839	20.58866287	10	0.2540704523	0.8743387215	68104.36226	60.35738793	100.9460508	3000	7.879382373
