#gen	Feasible	f1	f2	c1	c2	c3	c4	c5	x1	x2	x3	x4
41	0	0.2451329771	8.353503561	-5.604421763	20	0.01804170803	0.6522245819	30369.75384	79.68155912	94.07713736	3000	3.045548942
41	1	1.284404724	3.005610254	0.7205052886	7.5	0.1448568973	0.7578781199	86008.1411	80	100.7205053	3000	8.73045947
41	0	0.337274207	6.285884999	-6.75632804	17.5	-0.01641446915	0.6221040439	40655.32595	80	93.24367196	3000	4.752240887
41	1	0.969310092	4.00536562	1.891730485	12.5	0.1585123326	0.7707156587	64315.51958	79.41628601	101.3080165	3000	6.308055733
41	1	0.9722736955	3.78935174	0.2010502872	10	0.1110980981	0.7514805999	68033.16269	71.75297601	91.9540263	3000	7.408794936
41	1	0.1815310363	12.03653405	0.5222116058	22.5	0.1421086356	0.755556659	20801.59606	80	100.5222116	3000	2.984726403
41	1	0.369117243	8.451599788	2.001588361	20	0.1463392051	0.7717209659	30006.81132	74.59535501	96.59694337	3000	3.777376214
41	1	0.2297644364	11.70365346	5.304653884	22.5	0.1962465934	0.8013784876	21418.84266	80	105.3046539	3000	2.704437431
41	0	0.1355975128	12.58768998	-3.991805069	22.5	0.05474819087	0.6870803868	19851.38492	78.42963827	94.4378332	3000	2.982887646
41	1	0.9666594351	4.003992816	1.823643872	12.5	0.1578501542	0.7700081152	64337.87929	79.48437262	101.3080165	3000	6.308055733
41	0	1.528797861	2.237577939	-2.346210617	0	0.09377713162	0.7161168476	115838.7269	79.53927892	97.19306831	3000	11.8124888
41	1	0.6491949674	5.281120155	0.1396355113	15	0.1115486781	0.7507418679	48561.47642	72.16154189	92.3011774	3000	5.017620939
41	0	0.096173052	9.496610476	-13.59023819	20	-0.5735635014	0.220264585	26605.81385	73.34692424	79.75668605	3000	3.488925818
41	0	0.3151463722	8.831984398	-0.3842710876	20	0.1028981403	0.7441421902	28675.6863	72.16154189	91.7772708	3000	3.598116101
41	1	1.836447885	2.185691217	0.7365515962	0	0.1450769663	0.7580640304	118610.0195	80	100.7365516	3000	11.87200087
41	1	0.3492354051	8.16778514	0.09290981325	20	0.1318983933	0.7503412954	31080.7629	78.63225356	98.72516337	3000	3.677757216
41	1	0.3750970346	7.995566606	1.131236377	20	0.150383062	0.7625476856	31769.60465	79.99985308	101.1310895	3000	3.916040615
41	0	1.207428514	3.034771324	-0.3394223775	7.5	0.1285909662	0.7449171881	85173.04212	79.69403284	99.35461046	3000	8.556384245
41	1	0.1486817869	15.60515187	1.878544952	22.5	0.08513099279	0.7698002884	15838.83101	58.40542544	80.28397039	3000	2.852381083
41	1	1.210769233	3.116851471	0.2580036534	7.5	0.12933983	0.7523199015	82906.36757	76.99556175	97.2535654	3000	8.217706394
41	1	1.633207243	2.389275676	0.1709803499	0	0.1133536675	0.7511370195	108426.8569	72.53508521	92.70606556	3000	11.1499118
41	0	0.9708261672	3.715575357	-0.2297192136	10	0.1106673375	0.7461680973	69401.89806	73.62732602	93.39760681	3000	7.408794936
41	0	1.665783982	2.280915948	-0.3731602951	0	0.1189594381	0.744412333	113620.6601	76.79143343	96.41827314	3000	11.00189574
41	1	0.2256597305	12.59064175	6.785916325	22.5	0.1925403592	0.8120126548	19846.51993	72.57200503	99.35792136	3000	2.585749774
41	1	1.198279603	3.125521268	0.1039217984	7.5	0.1265187477	0.7504325336	82673.8994	76.8347315	96.9386533	3000	8.45099468
41	1	0.1310946	16.20659066	0.01782364171	22.5	0.04288928272	0.7486064788	15217.64038	56.81653452	76.83435816	3000	2.315752967
41	0	0.09190743281	12.81354431	-8.971073381	22.5	-0.1093743258	0.5464651792	19485.61648	79.5192829	90.54820952	3000	2.395013588
41	1	1.739937153	2.2756546	0.460440932	0	0.1309369103	0.7547393075	113885.4336	76.54435493	97.00479586	3000	11.00189574
41	1	1.377617578	2.856026555	0.8021264298	5	0.1281376929	0.7586667824	90559.93392	74.06940108	94.87152751	3000	9.392120461
41	1	0.1763217572	12.09104051	0.02012766048	22.5	0.1344894506	0.7494692924	20703.76518	79.85957311	99.87970077	3000	2.395379535
41	1	0.4026310242	8.198472569	3.287417818	20	0.1674531578	0.7842607824	30961.05678	76.56872991	99.85614773	3000	3.287458127
41	1	0.1920869733	11.96107839	1.588101236	22.5	0.1562807836	0.7675324726	20938.49912	80	101.5881012	3000	2.984726403
41	1	0.2067883485	12.33180943	3.996319128	22.5	0.1736077155	0.7905512962	20281.96858	75.935543	99.93186213	3000	2.607540132
41	0	0.8023927783	3.145381225	-6.485225656	7.5	-0.008412208117	0.629653458	82146.21327	79.79002704	93.30480138	3000	8.63198035
41	1	1.612179796	2.458193577	0.4951148088	0	0.1096149776	0.7549592556	105361.7698	70.01944477	90.51455957	3000	11.67146115
41	1	0.3750970346	7.995566606	1.131236377	20	0.150383062	0.7625476856	31769.60465	79.99985308	101.1310895	3000	3.916040615
41	0	0.9164574503	3.828201154	-0.770811	10	0.09350271563	0.7390203186	67333.61404	71.43932337	90.66851237	3000	7.408794936
41	1	0.8720918391	4.766567567	4.443045498	15	0.1852735938	0.7944191993	53900.8596	78.79512571	103.2381712	3000	5.123134388
41	1	0.3656017454	13.2796535	26.6973905	22.5	0.2719500462	0.8899891443	18770.09154	56.54078071	103.2381712	3000	2.12573713
41	0	0.2845948942	8.260941982	-3.461148898	20	0.07100403011	0.6970907004	30720.12281	79.52474815	96.06359925	3000	3.805224764
41	1	0.174874674	12.29897073	0.2017762766	22.5	0.132292358	0.7516667566	20338.52522	78.22973313	98.4315094	3000	2.641796628
41	1	0.260965497	11.63958306	8.631340859	22.5	0.2206073709	0.824163095	21541.69732	78.69126376	107.3226046	3000	2.662466147
41	0	0.4768902962	6.586812377	-0.3227351006	17.5	0.1054965031	0.7449484147	38756.81502	72.59537684	92.27264174	3000	4.933467796
41	1	0.7157627459	4.97766924	0.9245471277	15	0.1383753938	0.7601413395	51576.76923	76.80008681	97.72463394	3000	5.490722789
41	1	0.6479141192	5.289163487	0.1307319023	15	0.1109784446	0.7506289155	48486.2594	72.04005122	92.17078313	3000	5.114942877
41	1	1.168313081	3.290142773	0.6492136916	7.5	0.1195041194	0.756838613	78492.29938	72.15215561	92.80136931	3000	8.217949988
41	1	0.1409121934	15.60611448	0.7186739407	22.5	0.06776979694	0.7571225564	15837.79853	59.04083451	79.75950846	3000	2.616894593
41	1	1.434887955	2.700718143	0.2403785057	2.5	0.1063620347	0.7519119762	95819.45984	70.25662247	90.49700098	3000	10.30680286
41	1	0.4808446226	6.642954642	0.01452918947	17.5	0.1079184142	0.7491837011	38421.65942	71.70966772	91.72419691	3000	4.168038884
41	1	0.6525447171	6.292208646	4.248822869	15	0.1130294038	0.791868825	40613.563	56.52448338	80.77330625	3000	5.271778128
41	1	0.1671571731	13.01707792	0.4509763943	22.5	0.1199325296	0.7545336164	19166.86921	73.17813063	93.62910703	3000	2.785154128
41	1	0.7409525679	4.820718885	0.9721209429	15	0.1472697247	0.7607520006	53285.27947	79.6424071	100.614528	3000	5.784030186
41	1	0.1470789288	15.79752042	1.914647807	22.5	0.08169956772	0.7701253066	15634.99999	57.52679728	79.44144509	3000	2.607372187
41	1	0.4886759006	6.568328915	0.1106887262	17.5	0.1125991691	0.7503991895	38868.41041	72.59537684	92.70606556	3000	4.962671657
41	0	0.341800784	8.202225489	-0.254126046	20	0.1260668272	0.7459819813	30946.47878	78.44331356	98.18918751	3000	3.524954372
41	0	0.1802493698	8.526023047	-9.206385817	20	-0.1194502114	0.5366074728	29737.0272	79.8053899	90.59900409	3000	3.916040615
41	0	0.04489158985	5.442202469	-18.57197398	15	-3.771408211	-2.497927855	47097.47924	79.48015736	80.90818338	3000	5.404407928
41	1	0.6959500939	4.957624074	0.2565548064	15	0.130927335	0.7523154943	51788.9486	77.51658174	97.77313654	3000	5.478041942
41	1	0.2223140955	11.76742114	4.610794415	22.5	0.189418271	0.7958345498	21297.89679	79.87005803	104.4808524	3000	2.171590942
41	1	1.657851571	2.378984885	0.3884749887	0	0.1176147284	0.7537759167	108899.7729	72.77838687	93.16686186	3000	11.27641114
41	1	0.5552771428	6.228370767	0.3590234475	15	0.06276093131	0.7529036815	41039.05755	59.3976626	79.75668605	3000	5.890415629
41	1	0.6971036923	5.354419069	1.115742413	12.5	0.06421576057	0.76151034	47884.37728	56.81653452	77.93227693	3000	6.819760906
41	1	0.6927075298	5.20655461	1.194226474	15	0.1296678058	0.7630535574	49269.83774	72.77988793	93.9741144	3000	5.112151955
41	1	0.2439293532	12.4459267	8.649290343	22.5	0.208078503	0.824070267	20087.75015	72.55621654	101.2055069	3000	2.481063251
41	1	0.2517810204	12.19166373	8.962206309	22.5	0.2140634805	0.8260018696	20525.45971	74.22740401	103.1896103	3000	2
41	1	0.2621891999	10.80439377	0.01782364171	20	0.04288928272	0.7486064788	23276.46057	56.81653452	76.83435816	3000	3.178746925
41	1	1.272843021	4.78197956	16.05188199	15	0.2528796219	0.8595997219	53724.24018	72.04005122	108.0919332	3000	5.114942877
41	0	0.3242653245	8.122604148	-1.45949179	20	0.1112532048	0.7296206716	31258.65198	79.96219315	98.50270136	3000	3.289236828
41	0	0.8202130813	4.107439417	-1.023070204	12.5	0.114615094	0.7357704177	62694.85155	78.71886187	97.69579166	3000	6.391774793
41	1	0.4859355894	6.611454359	0.1307319023	17.5	0.1109784446	0.7506289155	38609.00752	72.04005122	92.17078313	3000	4.962358867
41	0	1.124985769	3.100592975	-1.28864852	7.5	0.1087011984	0.7320357805	83345.82076	78.28742947	96.99878095	3000	8.056159712
41	1	0.4120021365	7.963358395	3.136768189	20	0.1727425055	0.7829431214	31901.73854	79.28491485	102.421683	3000	3.594981177
41	1	0.7775403204	5.14004164	3.511281018	15	0.1591621404	0.786173773	49919.04356	72.60901933	96.12030035	3000	5.955483244
41	1	0.1667170485	13.15329511	0.6144607978	22.5	0.1191931656	0.7564343896	18959.05416	72.21709023	92.83155103	3000	2.330753395
41	1	0.2658656017	10.68155692	0.06501544131	20	0.04782742613	0.7492317362	23554.48748	57.5705876	77.63560304	3000	3.123874543
41	1	0.2781526437	12.20429089	12.09532929	22.5	0.2316921026	0.842661573	20503.29187	72.38552315	104.4808524	3000	2.174669752
41	1	0.3584782709	8.070883003	0.3803974754	20	0.1388110219	0.7538581869	31464.73629	79.55146465	99.93186213	3000	3.183098128
41	0	0.04549354855	9.245182173	-17.04958983	20	-1.658106616	-0.6931833779	27353.85104	77.19519265	80.14560282	3000	3.489244322
41	1	0.2850702292	10.3353201	0.8182267933	20	0.07155260829	0.7582906301	24373.72131	59.45466317	80.27288996	3000	3.90694081
41	0	0.1692489794	12.33620246	-0.3934163268	22.5	0.1233939798	0.7441867709	20274.42551	78.28091656	97.88750024	3000	2.423098347
41	1	0.160274967	13.28742599	0.01603111216	22.5	0.1079064342	0.7492020445	18758.58551	71.69943374	91.71546485	3000	2.056019118
41	1	1.465240551	2.725246979	1.105384247	5	0.1443953535	0.7622101989	94948.92746	77.99955843	99.10494268	3000	9.334298339
41	0	-0.001107337013	13.65094653	-20.14136687	22.5	42.67736098	36.33360621	18235.08337	80	79.85863313	3000	2.984726403
41	1	0.4951403502	6.51391406	0.2072084355	17.5	0.1163514146	0.7516000742	39200.62116	73.24045868	93.44766712	3000	4.680771743
41	1	0.1383626509	15.79695198	0.5944850097	22.5	0.06164794963	0.7556353535	15635.59498	58.25818794	78.85267295	3000	2.121217665
41	0	1.578018426	2.412469887	-0.3243764625	0	0.1033286439	0.7449097343	107375.7557	72.00065604	91.67627957	3000	11.94937462
41	1	0.9607777535	4.000952489	1.67277081	12.5	0.1563677632	0.7684243117	64387.45361	79.63524569	101.3080165	3000	6.308055733
41	1	1.690253637	2.782990331	4.916192317	5	0.1784224304	0.7981427078	92960.18957	74.06940108	98.9855934	3000	9.592893429
41	1	0.4118231713	8.020011433	3.294814401	20	0.1726437467	0.7843827428	31670.02838	78.55029057	101.845105	3000	3.917494918
41	1	1.421551314	2.715289995	0.3941857835	5	0.1365397299	0.7540033123	95300.40603	78.71075689	99.10494268	3000	9.565598228
41	1	1.830601694	2.186456077	0.6773153396	0	0.1442628466	0.7573762896	118568.2129	80	100.6773153	3000	11.33214416
41	1	1.013082549	3.975536033	2.716718049	12.5	0.1689463377	0.7789763392	64804.85032	79.65458576	102.3713038	3000	6.308055733
41	1	0.174874674	12.29897073	0.2017762766	22.5	0.132292358	0.7516667566	20338.52522	78.22973313	98.4315094	3000	2.841850794
41	1	0.6804657955	5.875974554	5.082199042	17.5	0.1936033511	0.7996286614	43554.24289	79.73587766	104.8180767	3000	4.752240887
41	1	0.2591052658	14.26672969	15.20343933	22.5	0.2193194319	0.8555126338	17409.17146	57.50262624	92.70606556	3000	2.062442876
41	1	1.171288491	3.462178643	2.236129182	10	0.1601857084	0.7742122356	74547.29113	78.46529831	100.7014275	3000	7.602269807
41	1	0.1597959769	13.52170037	0.3148812681	22.5	0.1070308808	0.7528085773	18417.98463	70.10742391	90.42230518	3000	2.265824543
41	1	0.3070787226	10.41498272	2.632141334	20	0.0950926054	0.7773303615	24180.40647	57.90973318	80.54187451	3000	3.41346552
41	1	0.346188484	8.827839666	1.559181994	20	0.1295387409	0.766975154	28689.57229	71.14688357	92.70606556	3000	3.91385807
41	1	0.3909380027	7.958775374	1.929004976	20	0.1604976426	0.7711161522	31920.62726	79.9918199	101.9208249	3000	3.525341601
