#gen	Feasible	f1	f2	c1	c2	c3	c4	c5	x1	x2	x3	x4
5	1	0.5630236541	6.69427229	3.666193706	17.5	0.1505506938	0.7874349833	38120.22336	69.08597558	92.75216929	3000	4.82601617
5	1	0.4280601973	8.116018547	1.854386799	17.5	0.07190161391	0.7693922346	31284.74656	55.69499458	77.54938138	3000	4.774342237
5	1	2.568420672	2.494405894	13.70864786	2.5	0.2359546066	0.8499383315	103819.124	69.53423694	103.2428848	3000	10.92367167
5	0	0.9674687802	3.67512745	-0.892900541	7.5	0.06127381774	0.73711898	70175.63031	64.25693874	83.3640382	3000	8.870216439
5	1	0.620325433	5.969478909	1.807056742	15	0.09812434483	0.7692219392	42857.92326	61.66302006	83.4700768	3000	5.253860286
5	1	0.4878812582	7.608628354	3.35204089	17.5	0.1121310616	0.7841752239	33431.02365	59.38672177	82.73876266	3000	4.867469434
5	1	1.056648553	4.638381867	7.79547288	12.5	0.1784727642	0.8183722372	55415.32882	63.6841643	91.47963718	3000	6.846800793
5	1	1.707274908	2.422762621	1.398081288	0	0.1257894062	0.7652240886	106915.7628	70.7156072	92.11368849	3000	11.04065952
5	1	2.640647756	2.10626543	8.835249796	0	0.2227128684	0.825399982	123116.6583	79.02836729	107.8636171	3000	11.60969294
5	1	0.1588464597	14.48993814	1.676014352	22.5	0.1052796347	0.7679473805	17127.1301	63.93968097	85.61569533	3000	2.743378499
5	0	0.09540819412	12.99602813	-8.385633703	22.5	-0.09068412891	0.5692411307	19199.3717	78.01598691	89.63035321	3000	2.690412901
5	1	1.711920701	2.449914872	1.703299215	0	0.1265335562	0.7684561664	105720.8475	69.63647531	91.33977452	3000	11.64320671
5	1	2.272147815	3.403254268	22.33154539	7.5	0.2557721447	0.8791246857	75853.59508	57.07774041	99.4092858	3000	8.263690413
5	0	0.04122083899	9.001551149	-17.39721713	20	-1.871437835	-0.9192657034	28118.55421	79.5007397	82.10352257	3000	3.081830605
5	0	0.2310298463	9.466790403	-4.607942872	20	-0.005274793433	0.6743894768	26692.45625	68.88396955	84.27602667	3000	3.099444242
5	1	0.7946316066	5.090688553	3.798148122	15	0.1643421871	0.7887444311	50411.72282	73.28072375	97.07887188	3000	5.577555802
5	1	1.581260727	2.752820117	2.575897851	0	0.1039369547	0.7769066941	93988.87356	60.18346561	82.75936346	3000	11.0681927
5	0	0.1084723606	12.73702934	-7.054433584	22.5	-0.03158723907	0.6134165068	19608.0787	79.02836729	91.9739337	3000	2.668001667
5	1	0.2494503385	11.67876585	7.443723281	22.5	0.2123262253	0.8166632628	21466.40442	79.02836729	106.4720906	3000	2.418981421
5	1	1.519707096	2.606451891	0.4987060272	0	0.09194533103	0.7548351227	99317.46455	65.40037453	85.89908056	3000	11.88772475
5	1	1.290215385	3.319965834	3.042932037	7.5	0.1460059691	0.7817909469	77779.12294	70.09924273	93.14217477	3000	8.334074933
5	1	0.2925145451	9.782651438	0.1959874479	20	0.07991139306	0.751134189	25801.55445	63.79892032	83.99490777	3000	3.286667327
5	1	1.063553427	3.789139587	2.118792482	10	0.1358931741	0.7727971175	68037.02225	70.7156072	92.83439968	3000	7.060530229
5	0	0.1105642061	12.71922702	-6.822386947	22.5	-0.02342172291	0.6201997239	19636.7826	79.02656098	92.20417403	3000	2.747425769
5	1	0.6782462594	5.358371926	0.5509947967	12.5	0.05487987605	0.7550603832	47848.38918	57.07774041	77.6287352	3000	6.130900414
5	1	1.918703469	2.186618086	1.683561835	0	0.1560056185	0.768534078	118559.3613	79.45061191	101.1341737	3000	11.39168774
5	1	1.504335025	2.755610075	1.482707781	0	0.08879746963	0.7657360153	93892.80192	60.71312733	82.19583511	3000	11.2110419
5	1	0.1531589665	15.37606805	2.206547922	22.5	0.094335319	0.7732001165	16088.21825	59.27446336	81.48101128	3000	2.178526019
5	0	1.053986294	3.389451392	-0.8176351662	7.5	0.08907849339	0.7383599509	76166.15902	70.50442529	89.68679012	3000	8.163430725
5	1	0.6782462594	5.358371926	0.5509947967	12.5	0.05487987605	0.7550603832	47848.38918	57.07774041	77.6287352	3000	6.130900414
5	1	0.363117088	8.965295419	2.988597124	20	0.1421477085	0.7812449984	28235.90549	69.09514299	92.08374011	3000	3.115105044
5	0	0.2863623671	5.629176826	-10.56628853	15	-0.2539307116	0.4698610733	45503.23231	72.71992459	82.15363606	3000	5.505153851
5	1	2.000210261	2.805381745	9.287379439	0	0.1659481729	0.8269385893	92211.03577	55.04608513	84.33346457	3000	11.50444417
5	1	0.2571057762	12.91657833	11.42399491	22.5	0.2179142946	0.8391684561	19323.00283	67.77606115	99.20005606	3000	2.695492735
5	1	0.1531183347	15.11104314	1.805467407	22.5	0.09425420729	0.7691611489	16386.16599	60.75048783	82.55595524	3000	2.670712968
5	0	0.5239512228	5.945672081	-1.696053056	15	0.04259813061	0.7256792131	43033.13261	63.87108906	82.175036	3000	5.373823762
5	1	0.5371117981	6.401280806	0.2462028498	15	0.05135536556	0.7514470293	39906.20862	57.5529546	77.79915745	3000	5.631979217
5	0	0.0963632762	14.34463274	-7.041337129	22.5	-0.08582082792	0.6136067278	17309.73772	69.40031344	82.35897631	3000	2.422705705
5	1	1.856483632	2.19455325	1.051399896	0	0.1478281746	0.7616415189	118127.4148	79.46218981	100.5135897	3000	11.3252629
5	1	0.58736252	6.006881774	0.764757869	15	0.08118301712	0.7577882461	42585.45715	61.77708399	82.54184186	3000	5.373155231
5	1	0.6774159372	5.323893834	1.19875193	15	0.1235654844	0.7630450787	48164.08884	70.91966282	92.11841475	3000	5.322211764
5	1	0.8862945223	4.420662851	2.118792482	12.5	0.1358931741	0.7727971175	58188.87621	70.7156072	92.83439968	3000	6.754732149
5	1	1.147818311	3.378961176	0.8428009444	7.5	0.1144957496	0.7590026623	76405.41618	69.85593551	90.69873646	3000	8.163430725
5	1	0.9607927611	4.362943403	3.681880934	12.5	0.1563715688	0.787641331	58970.59099	70.95660246	94.6384834	3000	6.572354545
5	1	1.712508116	2.449807287	1.709861325	0	0.1266273591	0.7685254243	105725.5299	69.63647531	91.34633663	3000	11.87798589
5	1	1.090167715	3.77574484	2.172395302	7.5	0.09939762302	0.7729232649	68281.58166	60.58696816	82.75936346	3000	8.106857176
5	1	0.1774990153	13.46159134	2.491123049	22.5	0.1362504432	0.776468776	18504.24378	69.2846298	91.77575285	3000	2
5	1	0.866493754	4.450888054	1.770086031	12.5	0.1298579107	0.7691833209	57787.61398	70.34360246	92.11368849	3000	6.572354545
5	1	0.5820540119	6.015194712	0.6037442031	15	0.07827531005	0.7559169889	42525.36069	61.76423628	82.36798049	3000	5.56667743
5	0	0.1320261093	5.394236485	-15.83638425	15	-1.0183645	-0.1999432912	47524.27667	78.80973443	82.97335017	3000	5.373155231
5	1	0.7281836927	7.128128346	12.87509962	17.5	0.2071285291	0.8456504577	35745.24365	58.90261068	91.7777103	3000	4.995177965
5	1	0.6509928006	5.921264449	2.711893283	15	0.1123452881	0.7783029644	43214.22632	61.76415388	84.47604717	3000	5.420672829
5	1	2.164679521	2.76341965	11.2711615	0	0.1837310965	0.8376593026	93624.91227	55	86.2711615	3000	11.39129674
5	1	1.147818311	3.378961176	0.8428009444	7.5	0.1144957496	0.7590026623	76405.41618	69.85593551	90.69873646	3000	8.163430725
5	1	0.1458954344	16.30292112	2.45666485	22.5	0.07911753509	0.7754446441	15122.40471	55.06507903	77.52174388	3000	2.634685733
5	1	0.1430553131	15.46527284	0.8429984202	22.5	0.07274695631	0.7585823778	15990.22901	59.61391812	80.45691654	3000	2.162086947
5	1	0.2194388542	12.56086275	5.972280194	22.5	0.1866590819	0.8062250875	19895.70529	73.22777586	99.20005606	3000	2.622396227
5	1	1.609055082	2.708542396	2.597524546	0	0.1090510627	0.7771763377	95540.06325	61.35932634	83.95685089	3000	11.05599058
5	1	1.511945181	3.535283639	8.906687194	7.5	0.1832547036	0.8251328279	72987.1408	61.79204927	90.69873646	3000	8.163430725
5	1	1.581125952	2.680270864	2.155558529	2.5	0.1335205465	0.7731400149	96557.3143	69.83463859	91.99019712	3000	10.25497643
5	1	0.2729995211	10.9009801	1.049441869	20	0.05703026558	0.760700467	23062.24904	55.64590288	76.69534475	3000	3.03009037
5	1	0.3149037248	9.146623256	0.3135361733	20	0.10266921	0.7527531914	27658.29881	68.93589423	89.2494304	3000	3.944138421
5	1	0.9527944301	3.906959408	0.4197139341	10	0.1051916858	0.7540336798	65958.13	69.14476553	89.56447946	3000	7.666368392
5	0	1.319179644	2.739357504	-1.136215119	2.5	0.0806063665	0.7339578822	94455.20631	69.85593551	88.7197204	3000	10.63780518
5	0	0.6492416876	3.571801213	-7.580018377	7.5	-0.104753488	0.5969351588	72231.72947	69.99112469	82.41110632	3000	8.563660003
5	1	0.9736691795	4.288670568	2.97294096	10	0.1115121587	0.7807297852	60007.45275	60.59398139	83.56692235	3000	7.021572478
5	0	1.003920338	3.42108648	-1.563511239	7.5	0.07357269913	0.7278519104	75453.52148	70.15916558	88.59565434	3000	8.670419514
5	1	0.5317930063	6.646731438	2.173286373	17.5	0.1359012657	0.7733419998	38399.31613	70.48988628	92.66317266	3000	4.870764027
5	1	1.850870508	2.195220286	0.9936610009	0	0.1470634146	0.7609912974	118091.2473	79.46572415	100.4593852	3000	11.15546805
5	1	0.9313318726	4.027980802	0.1982927507	7.5	0.04813079417	0.7508409092	63949.36569	57.11577387	77.31406662	3000	8.157579121
5	1	1.052847547	3.742520984	1.207704414	7.5	0.08874220459	0.7627867948	68895.73425	61.76433805	82.97204246	3000	8.242392079
5	1	1.461141023	2.782235272	1.064302478	0	0.07959775356	0.7611188557	92985.66187	60.24922068	81.31352316	3000	11.45831949
5	1	0.6856597635	5.418186236	1.018975057	12.5	0.05861139068	0.7603835095	47310.22915	56.06396032	77.08293538	3000	6.633454025
5	1	1.566952521	2.617944901	1.240053709	0	0.1012335345	0.7632709704	98877.50103	64.65902685	85.89908056	3000	11.4748647
5	1	2.057709478	2.749133816	9.514287021	0	0.172488356	0.8283325646	94116.10963	56.38479354	85.89908056	3000	11.27801438
5	1	1.313642666	3.014820296	1.262689548	7.5	0.1505356556	0.7639902638	85742.64345	79.42927504	100.6919646	3000	8.068753959
5	0	0.1403546841	13.3978753	-2.344548378	22.5	0.06645013008	0.7159677172	18596.5242	72.2911651	89.94661672	3000	2.647236321
5	1	0.8807671984	4.063993131	0.1706800509	12.5	0.1342357509	0.7513060623	63374.71494	79.02836729	99.19904734	3000	6.814075879
5	1	0.6759589706	7.217820888	10.85318633	17.5	0.1922272416	0.8357916002	35289.87005	59.09343039	89.94661672	3000	4.923797653
5	1	1.156596167	3.364791059	0.9139314485	7.5	0.116662552	0.759824477	76730.97185	70.15916558	91.07309703	3000	8.222185713
5	0	1.085829605	2.622328888	-5.307761166	0	-0.03114763506	0.6589492417	98710.69384	68.06712463	82.75936346	3000	11.12181712
5	1	1.134211189	3.943656545	5.257449051	12.5	0.1936218269	0.8009847833	65335.99115	79.01618814	104.2736372	3000	6.270407213
5	1	1.056979476	3.483401655	0.1716887703	10	0.1342505449	0.7513184049	74087.62011	79.02836729	99.20005606	3000	7.626314571
5	1	1.460229733	2.781966297	1.048870429	0	0.0793977991	0.7609466657	92994.73924	60.26465273	81.31352316	3000	11.94402199
5	0	1.130731158	2.826044937	-3.487126575	0	-0.01402667919	0.6961008857	91530.23583	61.61676306	78.12963649	3000	11.88515549
5	1	1.074488731	3.696286338	1.374839056	7.5	0.09501122083	0.7646570879	69768.76754	62.5907979	83.96563696	3000	8.870216439
5	0	0.1190114208	16.01480049	-2.071532409	22.5	0.006631982915	0.7197662916	15410.66214	58.77174237	76.70020996	3000	2
5	1	0.1540068049	15.36272663	2.311544025	22.5	0.09601806462	0.7742528205	16102.9713	59.27852907	81.59007309	3000	2
5	0	0.3935835516	8.038460066	-0.131784153	17.5	0.04316125685	0.7467718357	31595.27868	57.44585078	77.31406662	3000	4.699640392
5	1	0.9511294649	3.90779581	0.3880934367	10	0.1046756198	0.7536558497	65943.82008	69.14476553	89.53285896	3000	7.664201064
5	1	0.7350162144	6.126784907	6.635766129	15	0.1452285503	0.810232876	41734.4329	57.07774041	83.71350653	3000	5.615786255
5	1	1.092692743	4.25824742	5.648533131	10	0.1429362266	0.8032182575	60442.60747	59.62903835	85.27757148	3000	7.072216413
5	0	0.09775185757	5.416708653	-16.90472758	15	-1.515678649	-0.6139498405	47323.38005	79.01618814	82.11146056	3000	5.648614927
5	1	1.55738245	2.745996248	2.172395302	0	0.09939762302	0.7729232649	94224.67478	60.58696816	82.75936346	3000	11.0681927
5	1	0.6639182301	5.36897465	0.1511890641	12.5	0.04743183347	0.7502684867	47752.12019	57.16287756	77.31406662	3000	6.850069066
5	1	1.479484459	3.125536167	4.53169465	5	0.1468562169	0.7946602242	82673.50099	64.65902685	89.1907215	3000	9.333524856
5	1	0.2163612285	11.90308353	4.226696666	22.5	0.1836244185	0.7926081782	21044.90186	79.01618814	103.2428848	3000	2.720896258
5	1	0.613775958	7.510975222	9.138354977	17.5	0.1711773196	0.8262136734	33877.37474	57.07774041	86.21609538	3000	4.699640392
5	1	0.6782462594	5.358371926	0.5509947967	12.5	0.05487987605	0.7550603832	47848.38918	57.07774041	77.6287352	3000	6.130900414
5	1	0.159184763	15.25572577	2.908725285	22.5	0.1059059815	0.7800640729	16222.22702	59.45025102	82.35897631	3000	2.008271636
