#gen	Feasible	f1	f2	c1	c2	c3	x1	x2	x3
36	1	0.02078258818	9725.151684	0.07921741182	90274.84832	25222.50384	0.00350440914	0.001131700051	2.899029413
36	1	0.01157270394	20746.37537	0.08842729606	79253.62463	24674.89554	0.001715570889	0.0011317	2.717284471
36	1	0.01207109857	19560.01181	0.08792890143	80439.98819	25010.99905	0.001772544112	0.0011317	2.824762403
36	1	0.01039803175	24398.62728	0.08960196825	75601.37272	25432.95639	0.001375201318	0.001132061591	2.969476383
36	1	0.00719701045	43645.31402	0.09280298955	56354.68598	24520.86715	0.000825	0.00113170005	2.671819777
36	1	0.008817709378	31172.85439	0.09118229062	68827.14561	24859.52029	0.001125610864	0.0011317	2.774830213
36	1	0.007243558453	43304.07071	0.09275644155	56695.92929	24625.38875	0.000825	0.0011317	2.702429819
36	1	0.01755002437	11929.23837	0.08244997563	88070.76163	25486.07911	0.002794254948	0.0011317	3
36	1	0.008434268615	33097.41666	0.09156573138	66902.58334	24113.32179	0.001120578589	0.001131700042	2.561342884
36	1	0.01916628039	10725.29059	0.08083371961	89274.70941	25231.23088	0.003175333055	0.0011317	2.902217542
36	1	0.01715742204	12451.5839	0.08284257796	87548.4161	24452.94196	0.002906405914	0.0011317	2.652455791
36	1	0.01107550458	22094.13848	0.08892449542	77905.86152	25010.31255	0.001569325068	0.0011317	2.824530229
36	1	0.01193822813	19865.7515	0.08806177187	80134.2485	24752.76062	0.001780969805	0.0011317	2.74113148
36	1	0.01101392493	22248.69584	0.08898607507	77751.30416	24790.61829	0.001585578701	0.0011317	2.752945784
36	1	0.007240249928	43327.99329	0.09275975007	56672.00671	24618.08316	0.000825	0.0011317	2.700257498
36	1	0.007706440341	38630.3462	0.09229355966	61369.6538	24471.87487	0.0009355007111	0.001131700043	2.657811975
36	1	0.01000328391	25614.97832	0.08999671609	74385.02168	24809.39704	0.001375201318	0.0011317	2.758860829
36	1	0.01454586311	15488.7978	0.08545413689	84511.2022	28122.25473	0.002297910921	0.001185977946	2.717284471
36	1	0.01650717573	12902.8062	0.08349282427	87097.1938	25332.81465	0.002617238734	0.0011317	2.940075361
36	1	0.01278200201	18093.86284	0.08721799799	81906.13716	24788.17765	0.001950038098	0.0011317	2.752179699
36	1	0.02082107457	9698.237551	0.07917892543	90301.76245	25256.02549	0.00350440914	0.0011317	2.911327558
36	1	0.007265787029	43144.63511	0.09273421297	56855.36489	24673.99299	0.000825	0.0011317	2.717011547
36	1	0.01108640573	22038.70202	0.08891359427	77961.29798	24618.05084	0.001621950408	0.0011317	2.700247901
36	1	0.01365327399	16537.71624	0.08634672601	83462.28376	25110.9916	0.00207967446	0.0011317	2.859180395
36	1	0.01338724108	17016.23557	0.08661275892	82983.76443	24719.37008	0.002084548437	0.001131700042	2.730830809
36	1	0.008868624179	30824.29685	0.09113137582	69175.70315	24759.31206	0.001147226636	0.0011317	2.743165539
36	1	0.01124676558	21595.52995	0.08875323442	78404.47005	24788.17765	0.001633843762	0.0011317	2.752179699
36	1	0.08870147111	2023.767813	0.01129852889	97976.23219	44493.09732	0.01723693094	0.001530478383	2.799082491
36	1	0.0906517276	1914.10321	0.009348272399	98085.89679	25486.07911	0.01741459559	0.0011317	3
36	1	0.007298480911	42914.14532	0.09270151909	57085.85468	24743.99637	0.000825	0.0011317	2.738417182
36	1	0.01105974733	22161.82266	0.08894025267	77838.17734	25130.14097	0.001549494782	0.0011317	2.865911025
36	1	0.008351375814	34102.09438	0.09164862419	65897.90562	24890.3767	0.001026441065	0.0011317	2.784794737
36	1	0.01121023033	21726.57382	0.08878976967	78273.42618	25095.83471	0.001584939877	0.0011317	2.853885322
36	1	0.009581382294	27619.66711	0.09041861771	72380.33289	25316.66275	0.001224324581	0.0011317	2.933960286
36	1	0.01686909415	12663.47699	0.08313090585	87336.52301	24669.68293	0.002811708365	0.0011317	2.715709326
36	1	0.04888628785	3689.612791	0.05111371215	96310.38721	25381.18131	0.009115464236	0.001131700048	2.958608803
36	1	0.09652925517	1804.439889	0.003470744833	98195.56011	25298.52434	0.01876854485	0.0011317	2.927136838
36	1	0.01591950709	13529.0049	0.08408049291	86470.9951	25179.09618	0.002528101595	0.0011317	2.883328282
36	1	0.007595200489	39912.10948	0.09240479951	60087.89052	24716.98305	0.0008888943208	0.0011317	2.730099616
36	1	0.06097912782	2919.59585	0.03902087218	97080.40415	25308.02206	0.01159060114	0.0011317	2.930704025
36	1	0.01352950884	16754.38777	0.08647049116	83245.61223	24918.90183	0.002084548437	0.001131700042	2.794097944
36	1	0.007349399404	41854.93263	0.0926506006	58145.06737	24384.10723	0.0008690257128	0.0011317	2.633237709
36	1	0.01558350859	13985.0603	0.08441649141	86014.9397	24674.89554	0.00254499279	0.0011317	2.717284471
36	1	0.01464568747	15129.66352	0.08535431253	84870.33648	24722.75512	0.002343869555	0.0011317	2.731870754
36	1	0.01174248408	20325.54126	0.08825751592	79674.45874	24918.90203	0.001718297801	0.001131700045	2.794097944
36	1	0.03517981295	5281.537854	0.06482018705	94718.46215	25428.01973	0.006342776945	0.001131702167	2.976829332
36	1	0.0115491453	20830.49515	0.0884508547	79169.50485	24397.37285	0.001744446212	0.0011317	2.636910219
36	1	0.03466541843	5408.928024	0.06533458157	94591.07198	25141.60116	0.006342776945	0.001131700049	2.869959889
36	1	0.01935023943	10568.66232	0.08064976057	89431.33768	25476.2085	0.003156651409	0.0011317	2.996033615
36	1	0.01107596244	22092.92674	0.08892403756	77907.07326	25010.99905	0.001569325068	0.0011317	2.824762403
36	1	0.04981268533	3652.345273	0.05018731467	96347.65473	25053.50812	0.009460513731	0.0011317	2.839247289
36	1	0.01013344257	25152.55843	0.08986655743	74847.44157	24917.92371	0.001388646736	0.0011317	2.793778332
36	1	0.00779853417	38338.78567	0.09220146583	61661.21433	24890.3767	0.0009130124877	0.0011317	2.784794737
36	1	0.0110131166	22293.14943	0.0889868834	77706.85057	25107.21208	0.001543236634	0.0011317	2.857857358
36	1	0.01127132284	21535.67386	0.08872867716	78464.32614	24917.2783	0.001621950408	0.0011317	2.793566896
36	1	0.02252793311	8940.410974	0.07747206689	91059.58903	24674.20606	0.003981220386	0.0011317	2.717075974
36	1	0.01717479238	12445.1249	0.08282520762	87554.8751	24416.94245	0.00291563978	0.0011317	2.64235493
36	1	0.01743746482	12075.77102	0.08256253518	87924.22898	25078.65175	0.002855565529	0.0011317	2.847916586
36	1	0.00687840409	46285.18818	0.09312159591	53714.81182	23689.68614	0.000825	0.001131700001	2.459367461
36	1	0.01672251593	12754.22047	0.08327748407	87245.77953	24903.1174	0.002741740432	0.0011317	2.788939342
36	1	0.0251731675	7850.378506	0.0748268325	92149.62149	24722.75512	0.004517229033	0.0011317	2.731870754
36	1	0.03293141555	5708.207341	0.06706858445	94291.79266	25267.30165	0.005948420749	0.0011317	2.915498104
36	1	0.01168113077	20474.05571	0.08831886923	79525.94429	24846.31928	0.001715570889	0.0011317	2.770598493
36	1	0.04843859204	3771.544865	0.05156140796	96228.45513	24989.14644	0.009208818872	0.0011317	2.817398777
36	1	0.01397712193	16028.14959	0.08602287807	83971.85041	25486.07911	0.00207967446	0.0011317	3
36	1	0.01518190813	14456.82401	0.08481809187	85543.17599	24674.89554	0.002461943066	0.0011317	2.717284471
36	1	0.03147040883	6040.366788	0.06852959117	93959.63321	25048.1177	0.005722836964	0.0011317	2.837398625
36	1	0.01075514086	23017.04565	0.08924485914	76982.95435	24400.3949	0.001578379147	0.0011317	2.637748917
36	1	0.0229438247	8701.548681	0.0770561753	91298.45132	24915.35964	0.004014811391	0.0011317	2.792938609
36	1	0.008593718089	32690.40643	0.09140628191	67309.59357	25068.07779	0.001055739971	0.0011317	2.844261473
36	1	0.01365327399	16537.71624	0.08634672601	83462.28376	25110.9916	0.00207967446	0.0011317	2.859180395
36	1	0.01260098041	18471.03057	0.08739901959	81528.96943	25476.2085	0.001806157089	0.0011317	2.996033615
36	1	0.008418075877	33529.57419	0.09158192412	66470.42581	24746.07463	0.001055739971	0.0011317	2.739060121
36	1	0.01306784452	17636.97985	0.08693215548	82363.02015	24351.79519	0.002067188485	0.0011317	2.624353456
36	1	0.01140907176	21191.00616	0.08859092824	78808.99384	25130.46917	0.001620438386	0.001131700042	2.866025805
36	1	0.01306784452	17636.97985	0.08693215548	82363.02015	24351.79519	0.002067188485	0.0011317	2.624353456
36	1	0.01717479238	12445.1249	0.08282520762	87554.8751	24416.94245	0.00291563978	0.0011317	2.64235493
36	1	0.04731842171	3908.530256	0.05268157829	96091.46974	24670.11334	0.009109520859	0.0011317	2.715839288
36	1	0.01237786205	18905.50486	0.08762213795	81094.49514	24729.50451	0.001874776916	0.0011317	2.733945986
36	1	0.008481211411	33064.98337	0.09151878859	66935.01663	24667.58352	0.001077021331	0.0011317	2.715075672
36	1	0.03440292807	5510.058587	0.06559707193	94489.94141	24790.62159	0.006402301843	0.00113170005	2.752945784
36	1	0.01105974733	22161.82266	0.08894025267	77838.17734	25130.14097	0.001549494782	0.0011317	2.865911025
36	1	0.01387745725	16176.95337	0.08612254275	83823.04663	25324.80455	0.00208892244	0.0011317	2.937038142
36	1	0.01770761128	11822.85075	0.08229238872	88177.14925	25242.76452	0.00287781071	0.0011317	2.906444943
36	1	0.01278366375	18090.44566	0.08721633625	81909.55434	24790.61829	0.001950038098	0.0011317	2.752945784
36	1	0.0136182965	16609.51603	0.0863817035	83390.48397	24917.76054	0.002102919033	0.0011317	2.793724873
36	1	0.01118562935	21763.06232	0.08881437065	78236.93768	24782.72416	0.001621950408	0.0011317	2.750470128
36	1	0.01166849201	20522.74085	0.08833150799	79477.25915	25126.02838	0.001673807175	0.0011317	2.864461665
36	1	0.09435084632	1836.546394	0.005649153677	98163.45361	25942.42437	0.01815000886	0.001138673573	3
36	1	0.0164338136	12968.9269	0.0835661864	87031.0731	25421.74682	0.002584415035	0.0011317	2.974418992
36	1	0.01250931321	18662.50267	0.08749068679	81337.49733	25486.07911	0.001786112716	0.0011317	3
36	1	0.01702296029	12586.09144	0.08297703971	87413.90856	24400.00187	0.002886573049	0.0011317	2.637639798
36	1	0.01369294562	16470.00303	0.08630705438	83529.99697	25319.29401	0.002052701134	0.0011317	2.934953963
36	1	0.0352336452	5268.956621	0.0647663548	94731.04338	25455.98089	0.006342776945	0.001131702157	2.987896164
36	1	0.019308891	10595.36992	0.080691109	89404.63008	25486.07911	0.003146028274	0.0011317	3
36	1	0.007243558453	43304.07071	0.09275644155	56695.92929	24625.38875	0.000825	0.0011317	2.702429819
36	1	0.007087416461	43915.7316	0.09291258354	56084.2684	23689.68614	0.0008695125609	0.001131700001	2.459367461
36	1	0.03952492905	4881.807923	0.06047507095	95118.19208	44422.69724	0.007199202883	0.001530478383	2.768216041
36	1	0.009745632861	26669.433	0.09025436714	73330.567	24890.3767	0.001312505972	0.0011317	2.784794737
36	1	0.01427857422	15574.38336	0.08572142578	84425.61664	25413.03528	0.002153658799	0.0011317	2.971003344
