#gen	Feasible	f1	f2	c1	c2	c3	x1	x2	x3
19	1	0.07360293798	2409.000674	0.02639706202	97590.99933	25119.98657	0.01426648571	0.0011317	2.862336254
19	1	0.07927899474	2216.558474	0.02072100526	97783.44153	25280.29008	0.01530218597	0.0011317	2.920323442
19	1	0.0131955572	17923.95656	0.0868044428	82076.04344	23496.80637	0.002242171361	0.001140666984	2.294985902
19	1	0.0770305274	2324.52236	0.0229694726	97675.47764	25394.56702	0.01517487313	0.001140846235	2.753259361
19	1	0.03538139478	5240.670673	0.06461860522	94759.32933	25488.15729	0.006360509068	0.001131731564	3
19	1	0.006884916926	46225.24616	0.09311508307	53774.75384	23708.99726	0.000825	0.0011317	2.463765448
19	1	0.02747489404	7278.412013	0.07252510596	92721.58799	23901.10618	0.005171598962	0.0011317	2.508777716
19	1	0.01178194533	20313.52607	0.08821805467	79686.47393	24134.4572	0.001823062567	0.0011317	2.566753346
19	1	0.006740434631	47623.49971	0.09325956537	52376.50029	23253.31588	0.000825	0.0011317	2.365605329
19	1	0.0147756476	14913.09596	0.0852243524	85086.90404	25012.13169	0.002324657886	0.0011317	2.825145584
19	1	0.01475973035	14926.10195	0.08524026965	85073.89805	25080.33482	0.002309944806	0.0011317	2.848499638
19	1	0.01166605824	20529.57371	0.08833394176	79470.42629	25132.74039	0.00167327334	0.001131804045	2.86440143
19	1	0.0124385608	18773.19378	0.0875614392	81226.80622	25217.18427	0.001816198524	0.0011317	2.897093015
19	1	0.008028749024	37003.32327	0.09197125098	62996.67673	25260.99644	0.0009180961697	0.001131700112	2.913161225
19	1	0.01615460093	13272.14472	0.08384539907	86727.85528	25237.89866	0.002564998501	0.001131729137	2.903953812
19	1	0.01998100158	10213.64618	0.08001899842	89786.35382	25123.75109	0.00336387878	0.0011317	2.863660018
19	1	0.02253713068	8818.411958	0.07746286932	91181.58804	25296.14713	0.003841232058	0.001131700754	2.926227309
19	1	0.01344503039	16955.35266	0.08655496961	83044.64734	24511.29395	0.002125183626	0.001131700944	2.669048774
19	1	0.01101442674	22319.41907	0.08898557326	77680.58093	25228.58875	0.001526195556	0.0011317	2.90125163
19	1	0.0891772297	1958.759526	0.0108227703	98041.24047	25306.35131	0.01727858571	0.001131700003	2.930075522
19	1	0.006557634517	49624.26201	0.09344236548	50375.73799	22582.60219	0.000825	0.0011317	2.239495521
19	1	0.007440205555	40226.06061	0.09255979445	59773.93939	22822.58031	0.001003218942	0.0011317	2.282390852
19	1	0.08593882259	2058.324471	0.01406117741	97941.67553	24992.24101	0.01687317786	0.001131741243	2.81751998
19	1	0.06679687869	2654.130189	0.03320312131	97345.86981	25535.66784	0.01277953407	0.001135583125	2.920276297
19	1	0.01121733322	21709.6347	0.08878266678	78290.3653	24256.0449	0.001691078048	0.0011317	2.59852405
19	1	0.01054711801	23666.3664	0.08945288199	76333.6336	24489.25818	0.001525039949	0.0011317	2.662758838
19	1	0.07739741951	2301.76195	0.02260258049	97698.23805	24945.94636	0.01517487313	0.001132127618	2.793667971
19	1	0.008257753165	35224.13239	0.09174224683	64775.86761	25258.74926	0.0009646488762	0.0011317	2.912333375
19	1	0.02288183918	8671.403134	0.07711816082	91328.59687	25234.74471	0.003926295181	0.0011317	2.903503574
19	1	0.008729102643	31400.5658	0.09127089736	68599.4342	24280.50348	0.001167113091	0.0011317	2.60505244
19	1	0.08360658087	2176.58796	0.01639341913	97823.41204	24255.8741	0.01686732732	0.001131700473	2.598470213
19	1	0.007342276123	42497.68335	0.09265772388	57502.31665	24772.9073	0.0008313267579	0.001131722454	2.746934596
19	1	0.008937567155	30719.09605	0.09106243284	69280.90395	25141.228	0.001116851149	0.0011317	2.869828901
19	1	0.01481421937	14840.51465	0.08518578063	85159.48535	25243.65403	0.002292469236	0.0011317	2.906771717
19	1	0.02921043552	6503.396717	0.07078956448	93496.60328	25480.05821	0.005128819908	0.0011317222	2.996991767
19	1	0.009468067367	27875.56186	0.09053193263	72124.43814	24882.42121	0.001256500141	0.0011317	2.782215781
19	1	0.007781272109	37475.12162	0.09221872789	62524.87838	22699.61671	0.001084875695	0.0011317	2.260123258
19	1	0.008032723115	35976.31871	0.09196727689	64023.68129	24419.35072	0.00100841546	0.0011317	2.643027202
19	1	0.009596452669	27169.16806	0.09040354733	72830.83194	23992.73707	0.001376677432	0.001131700112	2.531090632
19	1	0.09431492257	1848.094496	0.005685077426	98151.9055	25303.93718	0.01831692962	0.0011317	2.929168267
19	1	0.03662863678	5068.640736	0.06337136322	94931.35926	25289.51329	0.006687708021	0.001131729137	2.923045529
19	1	0.01099334386	22460.57741	0.08900665614	77539.42259	23629.59899	0.001706938446	0.0011317	2.445825252
19	1	0.02084110606	9655.080004	0.07915889394	90344.92	25492.04305	0.003452413996	0.001131790586	3
19	1	0.01413089635	16126.30363	0.08586910365	83873.69637	23655.57186	0.002373297394	0.0011317	2.451652721
19	1	0.02418343539	8102.652425	0.07581656461	91897.34758	25387.33759	0.004148645404	0.001131700024	2.960992956
19	1	0.01083143767	22819.23252	0.08916856233	77180.76748	25012.13169	0.001519238042	0.0011317	2.825145584
19	1	0.006841130294	46633.65035	0.09315886971	53366.34965	23577.02575	0.000825	0.0011317	2.434149636
19	1	0.01113376147	21994.78769	0.08886623853	78005.21231	23938.63686	0.001706938446	0.0011317	2.517849182
19	1	0.0124390369	18772.24609	0.0875609631	81227.75391	25217.79698	0.001816198524	0.0011317	2.897316001
19	1	0.008297530065	34958.18002	0.09170246994	65041.81998	25275.28299	0.0009706546211	0.001131700024	2.918459931
19	1	0.02850512777	6855.913897	0.07149487223	93144.0861	24503.28356	0.005258898698	0.0011317	2.666768811
19	1	0.006982462986	45359.48482	0.09301753701	54640.51518	23985.66797	0.000825	0.001131700112	2.529348838
19	1	0.01032947204	24486.72875	0.08967052796	75513.27125	25065.3393	0.001409750696	0.0011317	2.843317064
19	1	0.01574879083	13738.50727	0.08425120917	86261.49273	25287.93716	0.002508425921	0.001134755169	2.850548853
19	1	0.01007627738	25287.47982	0.08992372262	74712.52018	24399.53549	0.001437243569	0.001131769394	2.636224447
19	1	0.008593869363	32767.75618	0.09140613064	67232.24382	25141.55196	0.001046997305	0.0011317	2.869943612
19	1	0.02360052899	8347.442576	0.07639947101	91652.55742	25324.72292	0.004048261681	0.0011317	2.937007239
19	1	0.006570877483	49469.54153	0.09342912252	50530.45847	22635.24253	0.000825	0.0011317	2.248708847
19	1	0.01697856195	12456.85043	0.08302143805	87543.14957	25280.18145	0.002722885296	0.001131700421	2.920272642
19	1	0.0224964181	8996.184749	0.0775035819	91003.81525	24490.95607	0.004011434338	0.0011317	2.663243355
19	1	0.01526228494	14273.42335	0.08473771506	85726.57665	25280.29008	0.002376317801	0.0011317	2.920323442
19	1	0.006984281976	45343.88762	0.09301571802	54656.11238	23990.60588	0.000825	0.0011317	2.530567008
19	1	0.01226032115	19158.07862	0.08773967885	80841.92138	25257.28793	0.001773822782	0.0011317	2.911793619
19	1	0.05191504449	3448.064593	0.04808495551	96551.93541	25486.08031	0.009667258961	0.001131700018	3
19	1	0.02955590139	6444.30234	0.07044409861	93555.69766	25289.51329	0.005260086742	0.001131729137	2.923045529
19	1	0.06710877525	2625.926182	0.03289122475	97374.07382	25711.23803	0.01272079012	0.001135505605	2.990121291
19	1	0.008593869363	32767.75618	0.09140613064	67232.24382	25141.55196	0.001046997305	0.0011317	2.869943612
19	1	0.01227620408	19108.78058	0.08772379592	80891.21942	25031.52299	0.001811423368	0.0011317	2.831729178
19	1	0.01115004646	21982.50215	0.08884995354	78017.49785	25410.3351	0.001526195556	0.0011317	2.969946955
19	1	0.02075084106	9755.848968	0.07924915894	90244.15103	25145.52554	0.00351549585	0.0011317	2.871351714
19	1	0.08307050279	2192.423444	0.01692949721	97807.57656	24241.04638	0.01676332264	0.001131700003	2.5945438
19	1	0.006582303894	49337.34797	0.09341769611	50662.65203	22680.11661	0.000825	0.0011317	2.256648298
19	1	0.02454942963	7971.447415	0.07545057037	92028.55258	25321.45137	0.004240371003	0.001131700024	2.935768806
19	1	0.006866988367	46390.92652	0.09313301163	53609.07348	23655.57186	0.000825	0.0011317	2.451652721
19	1	0.006582303894	49337.34797	0.09341769611	50662.65203	22680.11661	0.000825	0.0011317	2.256648298
19	1	0.07736970214	2304.810392	0.02263029786	97695.18961	25502.84974	0.01517487313	0.001140846235	2.788175873
19	1	0.006866988367	46390.92652	0.09313301163	53609.07348	23655.57186	0.000825	0.0011317	2.451652721
19	1	0.03181212526	5993.375191	0.06818787474	94006.62481	24893.05872	0.005839183709	0.0011317	2.785665734
19	1	0.006567865311	49504.39353	0.09343213469	50495.60647	22622.78468	0.0008250299685	0.0011317	2.246518723
19	1	0.01505358283	14583.61601	0.08494641717	85416.38399	24840.68279	0.002409562681	0.0011317	2.768797322
19	1	0.02955590139	6444.30234	0.07044409861	93555.69766	25289.51329	0.005260086742	0.001131729137	2.923045529
19	1	0.0241392214	8135.034386	0.0758607786	91864.96561	25288.97976	0.004166396393	0.001131700603	2.923549802
19	1	0.02066444798	9808.55163	0.07933555202	90191.44837	25123.75109	0.003502807442	0.0011317	2.863660018
19	1	0.01923400937	10676.3029	0.08076599063	89323.6971	25250.43303	0.00318484231	0.0011317	2.909265554
19	1	0.06467321527	3087.543335	0.03532678473	96912.45666	22099.44915	0.01363460917	0.0011317	2.159643509
19	1	0.02310355387	8605.641126	0.07689644613	91394.35887	25205.62899	0.004011434338	0.001133826951	2.843220184
19	1	0.01682226755	12757.27022	0.08317773245	87242.72978	24456.35441	0.002836048147	0.0011317	2.653419039
19	1	0.01117677346	21819.34833	0.08882322654	78180.65167	24256.0449	0.001682574846	0.0011317	2.59852405
19	1	0.009663505926	27125.54667	0.09033649407	72874.45333	25122.38259	0.001266750035	0.0011317	2.86317859
19	1	0.01635073869	13120.84886	0.08364926131	86879.15114	24893.05872	0.002667237398	0.0011317	2.785665734
19	1	0.01481421937	14840.51465	0.08518578063	85159.48535	25243.65403	0.002292469236	0.0011317	2.906771717
19	1	0.009817699143	26273.45567	0.09018230086	73726.54433	24395.04528	0.001383292726	0.0011317	2.63626478
19	1	0.01939174048	10629.57248	0.08060825952	89370.42752	24916.5469	0.003286994198	0.001131741257	2.792431355
19	1	0.006582303894	49337.34797	0.09341769611	50662.65203	22680.11661	0.000825	0.0011317	2.256648298
19	1	0.01063399962	23389.79484	0.08936600038	76610.20516	24509.79963	0.001541465281	0.001131797685	2.666768811
19	1	0.007381299369	40745.17694	0.09261870063	59254.82306	22680.11831	0.0009989725197	0.001131700025	2.256648298
19	1	0.0891772297	1958.759526	0.0108227703	98041.24047	25306.35131	0.01727858571	0.001131700003	2.930075522
19	1	0.007692068439	40007.99417	0.09230793156	59992.00583	25280.29008	0.000847785316	0.0011317	2.920323442
19	1	0.009424680344	27955.97837	0.09057531966	72044.02163	23510.56216	0.001382228657	0.0011317	2.419614557
19	1	0.01454405962	15200.87938	0.08545594038	84799.12062	25301.62394	0.002228479298	0.001131790586	2.926057795
