#gen	Feasible	f1	f2	f3	f4	f5	c1	c2	c3	c4	c5	c6	c7	x1	x2	x3
61	1	64106.32021	2166.545366	356440.9475	5955312.829	3087.067072	0.8765173171	1.05385964	44090.65618	16383.68161	10389.20698	2119.323638	579.9891604	0.7221817886	0.0124914955	0.01
61	1	64006.9415	2491.420884	329884.1872	6179753.577	2854.433636	0.8858226545	1.055908153	44173.04523	16397.72665	10403.51979	2119.323396	581.0870564	0.8304736281	0.01156081216	0.01
61	1	64161.0293	547.2383201	354992.9025	6000696.786	14617.28749	0.4153085006	0.9523304421	40003.94063	15687.22263	9679.647596	2118.357215	525.5459692	0.1824127734	0.01244074868	0.01056309833
61	1	64568.65155	2193.366401	476958.8465	5040214.016	2091.639133	0.9163344347	1.06262572	44442.59319	16443.71702	10450.4206	2119.139534	584.6818807	0.7311221335	0.01671505288	0.01010618353
61	1	64891.60152	2166.900098	566289.9903	4445780.121	1659.216723	0.9336313311	1.066432941	44596.34119	16469.8868	10477.05573	2119.321423	586.7277923	0.7223000326	0.01984566846	0.01
61	1	66012.64132	1874.111987	865000.8611	2933328.914	1073.736158	0.9570505537	1.071588706	44803.52266	16505.21683	10513.06891	2119.267494	589.4894648	0.6247039958	0.03031400978	0.01003021568
61	1	65305.95224	907.4157263	627649.0044	4152071.742	4671.736488	0.8131305405	1.039914962	43519.62342	16286.98766	10291.21679	2116.346723	572.4269031	0.3024719088	0.02199599898	0.01173007113
61	1	64088.11661	477.8596334	324378.2875	6286375.26	18543.6928	0.2582522879	0.9177576268	38611.16017	15449.93925	9437.963623	2117.686007	506.9967633	0.1592865445	0.01136785756	0.01095316087
61	1	65119.66337	686.4049038	627234.4697	4083919.481	6144.377518	0.7542248993	1.026937712	43007.88439	16199.09925	10201.10541	2119.325303	565.5604147	0.2288016346	0.02198147159	0.01
61	1	64450.85703	633.1876821	448510.7824	5238455.247	9709.75494	0.6116098024	0.9955418702	41745.17648	15983.84279	9981.744918	2119.326017	548.7338853	0.2110625607	0.01571808868	0.01
61	1	63887.52037	894.3785787	297971.5349	6460676.526	10397.28354	0.5841086584	0.9894876615	41501.68253	15942.33387	9939.444598	2119.326102	545.489146	0.2981261929	0.01044243125	0.01
61	1	64619.23458	454.2779253	459294.1513	5221969.5	13640.35057	0.454385977	0.9609366136	40346.32581	15745.82908	9739.572577	2117.262671	530.1258493	0.1514259751	0.01609599253	0.01119895482
61	1	64053.91143	2149.05513	342435.8622	6072639.749	3277.24302	0.8689102792	1.052184997	44023.30379	16372.19991	10377.50637	2119.323815	579.0916394	0.7163517099	0.01200068641	0.01
61	1	72206.56856	1230.415861	2472438.725	317739.9648	423.254544	0.9830698182	1.07732591	45024.40803	16543.5015	10552.61292	2116.380089	592.4785665	0.4101386202	0.0866467712	0.01170368929
61	1	68836.93184	906.641962	1239790.033	1985478.286	3529.596043	0.8588161583	1.050036381	43858.26749	16349.08892	10358.17651	2096.351306	577.2563561	0.3022139873	0.04344851996	0.02334523473
61	1	64665.62478	936.9235027	471180.3103	5137126.461	6123.698842	0.7550520463	1.027126509	43008.30875	16199.62961	10202.03083	2117.230737	565.5992554	0.3123078342	0.01651254372	0.01121684867
61	1	64202.24039	732.4543227	346690.1696	6111321.752	11102.73267	0.5558906931	0.9832824824	41244.81141	15899.01125	9895.688272	2117.191782	542.0999631	0.2441514409	0.01214977888	0.01124001075
61	1	64529.39436	1066.270259	469497.2882	5087527.133	5177.225168	0.7929109933	1.035454219	43350.40922	16257.49018	10260.60962	2119.32491	570.1248157	0.3554234197	0.0164535621	0.01000003006
61	1	73245.50773	765.3877295	2798686.459	198321.6584	623.7161147	0.9750513554	1.075551306	44963.0723	16532.40421	10540.76509	2119.316965	591.6147592	0.2551292432	0.09808014362	0.01
61	1	72712.64062	566.1546221	2619505.728	257819.1566	1400.035833	0.9439985667	1.068722328	44680.8235	16484.77388	10492.63445	2117.101316	587.8887383	0.1887182074	0.09180074361	0.01128909045
61	1	64133.16825	573.2990716	363615.49	5896089.295	13505.05355	0.4597978582	0.962121399	40401.04008	15754.70505	9748.238489	2119.326385	530.8222602	0.1910996905	0.0127429278	0.01
61	1	64316.58213	2128.143362	412628.7884	5506954.527	2622.574161	0.8950970336	1.057949851	44255.16018	16411.72496	10417.78499	2119.323122	582.1812996	0.7093811208	0.01446060194	0.01
61	1	65421.94957	600.4087795	650548.0401	4033029.897	7099.643061	0.7160142776	1.018536975	42658.15105	16140.23749	10141.7585	2115.859069	560.9548784	0.2001362598	0.02279849713	0.0120138899
61	1	71845.67306	177.3306959	2424611.638	333950.21	6153.677914	0.7538528834	1.026855815	43004.59058	16198.53774	10200.5332	2119.325306	565.5165222	0.05911023197	0.08497066789	0.01
61	1	67522.15881	140.8652726	1269247.02	1669806.276	15872.9286	0.3650828562	0.9412704707	39562.4373	15611.7467	9602.554539	2119.326459	519.6472508	0.04695509087	0.04448084192	0.01000004078
61	1	65352.2195	383.1284807	489023.1407	5307411.743	15979.41048	0.3608235808	0.9403715112	39484.91625	15601.17438	9594.001889	2107.240631	518.8057132	0.1277094936	0.01713784684	0.01702151693
61	1	69570.64213	948.0339687	1816659.995	778908.5398	962.2359384	0.9615105625	1.072570383	44843.1827	16511.96638	10519.9376	2119.31901	590.0171405	0.3160113229	0.0636649642	0.01
61	1	64175.38512	461.7799737	374896.9286	5804153.722	16418.12895	0.3432748418	0.9364695695	39369.3503	15578.83074	9569.011	2119.326552	517.0742208	0.1539266579	0.01313828653	0.01000000301
61	1	66902.85982	1186.842518	1064772.354	2250322.348	1757.677631	0.9296928948	1.065573446	44553.72495	16463.13612	10470.60852	2116.969792	586.1971556	0.3956141726	0.03731501438	0.01136612258
61	1	63971.28802	975.3522797	289959.3725	6602454.707	9884.982429	0.6046007028	0.9940047303	41677.07844	15972.63494	9970.660381	2117.492412	547.8554799	0.3251174266	0.01016164451	0.0110652722
61	1	64329.974	349.2144184	382608.4536	5809464.32	21644.38264	0.1342246944	0.8904549467	37511.75339	15262.60551	9247.129185	2117.3	492.3524614	0.1164048061	0.01340853741	0.01117747971
61	1	73037.08363	520.0164275	2715440.484	224845.4852	1460.882421	0.9415647032	1.068184744	44661.10903	16481.2913	10488.9831	2117.658705	587.6172024	0.1733388092	0.09516278316	0.01096546522
61	1	65372.7441	931.5341443	694864.6904	3716734.635	3830.684387	0.8467726245	1.047311527	43827.29795	16338.78639	10343.45579	2119.324247	576.4797147	0.3105113814	0.02435157694	0.01
61	1	66281.12887	842.3013688	933137.8035	2671053.522	3039.096652	0.8784361339	1.054282919	44106.75661	16386.48529	10392.11369	2119.053776	580.2079855	0.2807671229	0.03270187323	0.01015674275
61	1	64422.59149	418.7844417	439680.5147	5305641.073	15396.06589	0.3841573645	0.9454698535	39731.06869	15640.51047	9631.88086	2119.249477	521.8956098	0.1395948139	0.01540863139	0.01004475009
61	1	64165.17016	912.9586195	372167.2932	5826265.826	7990.075991	0.6803969604	1.010684942	42354.215	16087.66686	10087.54848	2119.325745	556.8497802	0.3043195398	0.01304262628	0.01
61	1	72987.22715	588.6790551	2729666.694	218336.5393	1086.232697	0.9565506921	1.071478498	44799.26822	16504.48019	10512.30868	2119.319572	589.4319471	0.1962263517	0.09566134159	0.01
61	1	64915.27339	958.7587673	500276.2706	4997876.411	5750.064436	0.7699974226	1.030423907	43133.16015	16221.40948	10224.643	2114.961424	567.2989461	0.3195862558	0.01753221348	0.01253514248
61	1	64100.17306	789.0293935	354798.2581	5968956.178	9861.116081	0.6055553568	0.994209021	41691.57068	15974.7045	9972.432397	2119.326036	548.0195478	0.2630097978	0.01243392735	0.01
61	1	72723.22014	688.886335	2655648.781	242342.2069	876.0484218	0.9649580631	1.073329999	44873.01767	16517.09816	10525.20566	2119.1093	590.4180282	0.2296287783	0.09306737918	0.01012153221
61	1	72917.52645	972.3931858	2711040.726	224075.7967	363.4212827	0.9854631487	1.077843398	45055.25787	16548.11928	10556.77978	2119.314558	592.843201	0.3241310619	0.09500859336	0.01
61	1	64287.81506	2037.077115	404709.1913	5568494.064	2844.272243	0.8862291103	1.055997676	44176.59783	16398.33533	10404.14266	2119.309375	581.1346193	0.6790257049	0.01418305915	0.01000813873
61	1	64208.90848	1008.338758	383855.3905	5732170.664	6920.552839	0.7231778864	1.020102902	42732.99548	16152.23836	10153.35108	2119.325515	561.8973139	0.3361129192	0.01345223639	0.01
61	1	65275.20701	512.5092736	668800.0637	3854165.83	7913.630198	0.6834547921	1.011358105	42381.28891	16092.28221	10092.25182	2119.32573	557.2105604	0.1708364245	0.02343814045	0.01
61	1	64823.75268	961.9527186	454942.7169	5362378.865	6435.782244	0.7425687102	1.024389675	42886.15943	16179.57814	10182.24555	2113.702313	564.0274291	0.3206509062	0.01594349623	0.01326676668
61	1	64395.73213	988.7819938	429539.6286	5386659.271	6257.34066	0.7497063736	1.025943805	42967.03504	16192.1915	10194.11297	2119.069552	565.0201192	0.3295939979	0.0150532434	0.01014859965
61	1	64270.08391	1346.080771	383855.3905	5764774.757	5062.942808	0.7974822877	1.036463718	43387.63522	16264.0518	10267.47757	2118.338758	570.6365035	0.4486935902	0.01345223639	0.01057290897
61	1	72977.42037	537.8578815	2727046.048	219135.0701	1263.09927	0.9494760292	1.069921054	44736.62946	16493.80203	10501.42693	2119.320255	588.5972387	0.1792859605	0.0955695009	0.01
61	1	64904.89232	953.3009508	496669.6632	5024500.714	5834.468916	0.7666212434	1.029680822	43103.10219	16216.29642	10219.44168	2114.911237	566.899197	0.3177669836	0.0174058197	0.01256431735
61	1	65759.31503	930.5798098	767123.0133	3397219.613	3536.429249	0.8585428301	1.049908662	43925.34252	16355.90975	10361.24979	2117.451285	577.8159024	0.3101932699	0.02688387443	0.01108794593
61	1	64653.28679	452.9616007	438490.8336	5431575.535	14489.5787	0.4204168518	0.9534642935	40039.62307	15693.93926	9687.024965	2115.45892	526.067385	0.1509872002	0.01536693894	0.01224690795
61	1	64170.94459	552.9370909	371556.5082	5835584.384	13723.65727	0.4510537094	0.9601968441	40323.1918	15741.4625	9734.767341	2119.196474	529.7869321	0.1843123636	0.01302122128	0.01007548266
61	1	64365.28678	754.192082	357747.5017	6086176.708	10554.16627	0.5778333492	0.9881193031	41432.63053	15931.45804	9929.114148	2115.230454	544.633868	0.2513973607	0.01253728378	0.01237943805
61	1	64545.40399	1120.794707	473450.6668	5060156.275	4842.349236	0.8063060306	1.038403117	43468.94376	16277.7013	10281.20968	2119.305168	571.7046878	0.3735982358	0.0165921085	0.01001141417
61	1	63840.28434	784.4150506	285346.8965	6575307.356	12525.16608	0.498993357	0.9707500487	40748.07496	15813.86484	9808.526223	2119.326198	535.446762	0.2614716835	0.01	0.01000006497
61	1	64205.81589	2037.077115	383028.9649	5738773.596	3047.502442	0.8780999023	1.054208036	44104.66832	16386.07029	10391.6412	2119.323599	580.1758827	0.6790257049	0.01342327425	0.01
61	1	65637.30491	878.1394792	734085.568	3557756.213	3985.887907	0.8405644837	1.045950922	43766.077	16328.76513	10333.59244	2117.425506	575.6939837	0.2927131597	0.02572607507	0.01110311847
61	1	64143.07593	2259.551913	356440.9475	5975641.709	2971.021124	0.881159155	1.054883409	44129.8032	16390.48465	10396.24862	2118.730988	580.5202113	0.753183971	0.0124914955	0.01034421792
61	1	71800.43526	1010.889575	2412522.837	339621.6174	454.7590982	0.9818096361	1.0770391	45022.90982	16542.60484	10551.1602	2119.31552	592.4121391	0.3369631916	0.08454701512	0.01
61	1	64379.8646	719.9876417	429539.6286	5378740.585	8853.800954	0.6458479618	1.003079192	42048.31966	16035.52024	10034.40764	2119.325893	552.7734955	0.2399958806	0.0150532434	0.01
61	1	72650.57928	761.3781406	2639705.005	247486.9799	715.1080383	0.9713956785	1.074746531	44930.70509	16526.88651	10535.14219	2119.31761	591.1834419	0.2537927135	0.09250862854	0.01
61	1	64700.25192	968.3961499	515156.0453	4774012.059	5197.897752	0.7920840899	1.035272181	43343.08803	16256.24211	10259.33774	2119.32497	570.0272545	0.3227987166	0.01805367612	0.01
61	1	63941.43402	2145.027263	312378.7641	6332304.139	3674.508567	0.8530196573	1.048686773	43882.60891	16348.21536	10353.06454	2119.324136	577.2167747	0.7150090876	0.01094733351	0.01
61	1	72474.6853	1042.657242	2558698.338	280339.3339	497.2019196	0.9801119232	1.076671925	45001.12215	16539.33918	10548.20925	2117.263293	592.1543	0.3475524142	0.08966974479	0.01119163361
61	1	63986.33774	457.3769851	324378.2875	6227334.186	19285.40424	0.2285838304	0.9112210447	38353.88105	15405.72158	9392.601373	2119.326677	503.5423318	0.152458995	0.01136785756	0.01
61	1	63840.2774	2167.726332	285346.8965	6575303.126	4044.186402	0.8382325439	1.045431481	43751.68445	16325.8964	10330.32004	2119.324387	575.4721081	0.7225754441	0.01	0.01
61	1	65299.96205	901.5646889	596842.5009	4378275.734	5103.38067	0.7958647732	1.03611965	43360.95003	16260.32352	10264.36807	2114.585137	570.3403745	0.300521563	0.02091638312	0.01275358868
61	1	72629.76897	1519.486699	2584853.369	271746.5222	205.7171574	0.9917713137	1.079241621	45101.31632	16556.62114	10565.99019	2116.33498	593.5040734	0.5064955664	0.0905863495	0.01172739009
61	1	64377.88271	476.3288992	409178.3699	5571692.345	14583.47115	0.4166611541	0.9526289474	40015.16912	15689.18642	9681.690556	2118.130173	525.6991944	0.1587762997	0.0143396818	0.01069500118
61	1	68832.49616	754.5162645	1584410.968	1089602.017	1874.821837	0.9250071265	1.064541133	44513.02936	16456.14608	10463.44102	2117.210568	585.6510468	0.2515054215	0.05552578238	0.01122643207
61	1	65206.90566	737.7752579	650548.0401	3953417.595	5432.917023	0.7826833191	1.033202659	43259.85401	16242.05303	10244.87814	2119.325062	568.9180988	0.245925086	0.02279849713	0.01
61	1	64496.91804	743.3165042	428483.9319	5447428.199	8714.822233	0.6514071107	1.004309249	42091.1152	16043.24222	10042.63533	2117.375309	553.3746827	0.2477721681	0.01501624644	0.01113320439
61	1	63879.75653	590.9327066	285346.8965	6599414.51	16922.2634	0.3231094642	0.9320323224	39188.71072	15548.17589	9537.888656	2118.69019	514.6771459	0.1969775689	0.01	0.01036972268
61	1	72627.19054	425.5381437	2633454.881	249651.1778	1889.5129	0.924419484	1.064405009	44514.77989	16455.98287	10462.88672	2119.321941	585.6409269	0.1418460479	0.09228959256	0.01
61	1	72298.4087	604.2552564	2545595.215	282155.065	1168.924139	0.9532430344	1.070750337	44769.98237	16499.48777	10507.22107	2119.319907	589.0416911	0.2014184188	0.08921054498	0.01
61	1	64487.39041	1157.263839	458273.5213	5167695.046	4844.085619	0.8062365753	1.038387764	43468.39352	16277.6032	10281.1061	2119.324817	571.6970441	0.3857546131	0.01606022448	0.01
61	1	64078.12819	685.9622301	346177.5872	6046793.1	11773.90041	0.5290439838	0.9773660373	41013.59991	15859.16541	9854.720731	2119.161585	538.9876881	0.2286540767	0.0121318154	0.01009566136
61	1	72104.60284	529.9453348	2457021.092	323308.2485	1678.797865	0.9328480854	1.066267618	44582.09762	16467.94387	10475.48357	2117.102197	586.5731419	0.1766484449	0.08610645928	0.01128909045
61	1	64728.51129	922.2878608	520553.8641	4741791.168	5440.402586	0.7823838965	1.033137159	43256.77497	16241.55655	10244.39607	2119.195136	568.8791269	0.3074292869	0.01824284303	0.01007548266
61	1	71614.28559	946.1524465	2362778.459	363990.6131	565.6538583	0.9773738457	1.076062588	44983.63553	16535.90967	10544.33738	2119.31651	591.8887796	0.3153841488	0.08280372024	0.01
61	1	66306.57281	555.8319466	734085.568	3785508.985	7435.825495	0.7025669802	1.015606156	42508.71709	16116.7795	10119.54793	2106.638308	559.1096522	0.1852773155	0.02572607507	0.01737082387
61	1	64415.39666	979.1983047	367260.312	6014142.553	7817.53108	0.6872987568	1.012218192	42401.062	16096.59973	10097.44738	2114.996092	557.5426495	0.3263994349	0.01287066082	0.01251534095
61	1	72506.84202	476.4534669	2601294.403	261090.0921	1635.154614	0.9345938154	1.066644826	44604.86299	16471.33952	10478.53616	2119.321363	586.8413516	0.1588178223	0.09116252656	0.01
61	1	63840.2774	2367.211922	285346.8965	6575303.126	3638.914961	0.8544434016	1.049000202	43895.21468	16350.36429	10355.25444	2119.32411	577.384756	0.7890706408	0.01	0.01
61	1	70463.72105	815.3934835	1927103.695	698212.5785	1683.023887	0.9326790445	1.066248061	44562.43466	16465.7979	10474.31029	2111.585792	586.3985	0.2717978278	0.06753547065	0.0144931929
61	1	63840.2774	2481.931412	285346.8965	6575303.126	3435.357814	0.8625856874	1.050792677	43967.30613	16362.65387	10367.77833	2119.32395	578.3454286	0.8273104707	0.01	0.01
61	1	64580.19681	718.4358427	483073.9771	4992210.005	7806.317508	0.6877472997	1.012303075	42419.29459	16098.76111	10098.85425	2119.325709	557.7170145	0.2394786142	0.01692935802	0.01
61	1	64549.05964	2192.631175	471723.3438	5077108.04	2124.162554	0.9150334979	1.062339326	44431.07475	16441.75345	10448.41959	2119.139592	584.5283889	0.7308770584	0.01653157436	0.01010618353
61	1	64035.57245	705.5712789	337493.6762	6114680.151	11727.48761	0.5309004954	0.9777742178	41030.57151	15862.02314	9857.603138	2119.323737	539.2112782	0.2351904263	0.01182748719	0.01000145435
61	1	64481.97348	447.2759038	456289.8608	5182958.735	13813.13696	0.4474745218	0.9594085954	40291.82327	15736.0937	9729.278247	2119.294067	529.3673768	0.1490919679	0.01599070697	0.01001878788
61	1	64825.61645	763.7196148	548656.9401	4556336.608	6334.281467	0.7466287413	1.025265464	42940.62833	16187.63397	10189.42153	2119.325359	564.6641774	0.2545732049	0.0192277171	0.01
61	1	64425.06303	705.9422822	366651.794	6025911.814	11052.26775	0.5579092902	0.9837345087	41254.81909	15901.23941	9898.397747	2114.804058	542.2711539	0.2353140941	0.01284933526	0.01262719225
61	1	63935.40575	1166.769895	310767.8425	6346530.294	7439.043028	0.7024382789	1.015537204	42549.36789	16120.93498	10121.45088	2119.325634	559.4503387	0.3889232982	0.01089087866	0.01
61	1	64453.91421	1075.955841	449327.7464	5232496.939	5388.065411	0.7844773836	1.033597611	43275.73858	16244.76091	10247.63764	2119.325045	569.1297726	0.3586519471	0.01574671923	0.01
61	1	65061.21786	473.6231358	610563.3422	4181399.664	9526.482049	0.618940718	0.9971559297	41809.87489	15994.88595	9993.010299	2119.262481	549.5970464	0.1578743786	0.02139723087	0.01003689751
61	1	73581.38061	576.2241411	2853468.965	185993.0651	1195.553285	0.9521778686	1.070522601	44753.60266	16497.1568	10505.23337	2117.209816	588.8568436	0.1920747137	0.1	0.01122559895
61	1	65421.14594	552.9370909	454071.4566	5676360.088	12181.26525	0.5127493901	0.9738273563	40819.45632	15829.38021	9827.150342	2104.020908	536.6404687	0.1843123636	0.01591296286	0.01889189814
61	1	72893.26133	945.6142081	2704556.41	226109.0244	398.1592639	0.9840736294	1.077537504	45042.95512	16546.02201	10554.64252	2119.314942	592.6792577	0.315204736	0.09478135011	0.01
61	1	64429.97533	1626.398772	383216.4582	5857377.256	4266.2994	0.829348024	1.043487141	43661.1564	16311.25157	10316.05802	2115.722307	574.3228254	0.5421329239	0.01342984497	0.01209268624
61	1	64243.86441	2462.939222	393196.589	5658063.005	2306.749389	0.9077300245	1.060730926	44367.01214	16430.79259	10437.21617	2119.322683	583.6718108	0.8209797407	0.01377959928	0.01
61	1	63840.2774	2189.410744	285346.8965	6575303.126	3996.555149	0.840137794	1.04585091	43768.55345	16328.77209	10333.25056	2119.324357	575.6969002	0.7298035812	0.01	0.01
61	1	71198.14427	610.4260245	2235485.326	437044.288	1484.571482	0.9406171407	1.067973931	44654.99653	16480.09812	10487.6401	2118.350263	587.5247952	0.2034753415	0.07834272437	0.0105638253
61	1	71852.25636	57.03417335	2384904.832	358056.7933	21284.17717	0.1486329132	0.8936283473	37637.76	15284.18989	9269.212308	2116.825436	494.0391128	0.01901139112	0.08357914037	0.0114531803
61	1	72973.22689	1827.866868	2725925.435	219477.4204	-167.9775199	1.006719101	1.082522766	45243.45715	16580.202	10589.47418	2119.303128	595.3510975	0.6092889561	0.09553022893	0.01
61	1	65302.83445	2270.671007	653479.4893	3968442.279	1338.024797	0.9464790081	1.069265663	44705.58292	16488.80894	10496.59034	2117.950665	588.2052189	0.7568903357	0.02290122995	0.01079564197
61	1	73443.46782	636.7761554	2851359.991	184305.1071	874.346034	0.9650261586	1.073344364	44874.26455	16517.26796	10525.34277	2119.304867	590.4315463	0.2122587185	0.09992609089	0.01000795241
61	1	65236.74488	324.3503271	658521.9118	3909746.299	13162.22675	0.47351093	0.9651402479	40522.45502	15775.40291	9769.330969	2119.32636	532.4402054	0.1081167757	0.02307794197	0.01
61	1	67186.40819	821.1530023	1063138.19	2316843.519	3146.231631	0.8741507348	1.053361129	44046.57686	16377.70258	10384.40428	2112.302425	579.5130076	0.2737176674	0.03725774498	0.01407882733
61	1	73053.87127	493.8278942	2724630.075	221623.524	1544.762533	0.9382094987	1.067445208	44632.33675	16476.32439	10483.86934	2117.94275	587.2292948	0.1646092981	0.09548483296	0.01080063192
61	1	71194.92813	556.0654309	2212365.836	454848.3088	1819.031485	0.9272387406	1.065033057	44532.1218	16459.44503	10466.84004	2117.008154	585.9086722	0.1853551436	0.07753250039	0.01134393005
61	1	72742.24906	1013.142944	2664201.725	239183.9769	337.0756018	0.9865169759	1.078075392	45064.58841	16549.70988	10558.4007	2119.314251	592.9675374	0.3377143146	0.09336711761	0.01
61	1	71770.29733	109.4809712	2380032.832	358371.4828	10757.12123	0.5697151506	0.9863237381	41369.38767	15920.10362	9917.061427	2117.852092	543.7495726	0.03649365705	0.08340840082	0.0108563721
61	1	63840.2774	2166.545366	285346.8965	6575303.126	4046.807851	0.838127686	1.045408397	43750.75604	16325.73813	10330.15876	2119.324389	575.4597363	0.7221817886	0.01	0.01
61	1	64495.41252	1891.838034	446621.651	5277458.426	2815.379661	0.8873848136	1.056254717	44184.13541	16399.79919	10405.78479	2118.49111	581.2480263	0.630612678	0.01565188395	0.01048346772
61	1	64078.11938	861.3599907	348904.8987	6018161.178	9133.228031	0.6346708788	1.000618625	41949.35825	16018.65008	10017.21584	2119.325936	551.4547605	0.2871199969	0.0122273942	0.01
61	1	63974.53298	631.8379998	286756.0461	6641355.639	15802.58064	0.3678967743	0.941896594	39580.5033	15615.28109	9606.538427	2117.247369	519.9209349	0.2106126666	0.01004938374	0.0112079221
61	1	65195.26368	876.664527	614402.3067	4205504.104	4900.822375	0.803967105	1.037894534	43441.73591	16273.49458	10277.28538	2117.33207	571.3733842	0.292221509	0.02153176762	0.01115770218
61	1	65527.38758	705.0712169	736189.7387	3508813.686	4965.948047	0.8013620781	1.037314673	43425.23493	16270.24587	10273.60849	2119.324871	571.1219236	0.235023739	0.02579981586	0.01
61	1	64463.09205	432.1012156	451780.3217	5214650.415	14473.29647	0.4210681413	0.9535952887	40058.12883	15696.24825	9688.667169	2119.326449	526.2527109	0.1440337385	0.01583266989	0.01
61	1	64037.89407	860.1628994	338155.5757	6108956.732	9462.087173	0.6215165131	0.9977227719	41832.89006	15998.79551	9996.982722	2119.325983	549.9027346	0.2867209665	0.0118506835	0.01
61	1	64254.01494	661.9596607	366639.6905	5931228.563	11618.51135	0.5352595458	0.9787394808	41063.35892	15867.99802	9864.015967	2117.560639	539.6761294	0.2206532202	0.0128489111	0.01102574803
61	1	73431.70276	715.0605569	2829659.805	191188.4983	786.4803334	0.9685407867	1.074121671	44901.69589	16522.18901	10530.56337	2118.184512	590.8148244	0.238353519	0.0991656065	0.01065825685
61	1	72958.83513	1837.399421	2722079.556	220656.419	-170.2357885	1.006809432	1.082542652	45244.25693	16580.33835	10589.61312	2119.303036	595.3617552	0.6124664738	0.09539544987	0.01
61	1	73445.88932	714.4905488	2852234.004	184066.3537	694.7133352	0.9722114666	1.074926121	44937.92805	16528.11782	10536.39697	2119.317473	591.2796932	0.2381635163	0.09995672072	0.01
61	1	64208.90034	912.3934895	383682.1828	5733894.153	7733.323082	0.6906670767	1.012945879	42445.11219	16103.16455	10103.34354	2119.315378	558.0612168	0.3041311632	0.01344616632	0.01000599383
61	1	66029.54365	1635.098311	870378.5943	2910566.732	1325.250118	0.9469899953	1.069373769	44714.61798	16490.0497	10497.60307	2119.320393	588.3039204	0.5450327703	0.03050247278	0.0100000433
61	1	73442.85214	532.6942567	2807117.575	199042.1753	1416.10136	0.9433559456	1.068582311	44673.63938	16483.64839	10491.57089	2116.647576	587.8001926	0.1775647522	0.09837561263	0.01155266481
61	1	66308.9232	1849.752025	942411.9029	2635078.757	952.8205753	0.961887177	1.072653799	44845.99547	16512.48052	10520.49065	2119.160508	590.0571325	0.6165840082	0.03302688462	0.01009202568
61	1	64070.51442	2467.323594	346872.6423	6035222.834	2710.786217	0.8915685513	1.057173077	44223.91915	16406.39923	10412.35773	2119.323231	581.7649895	0.8224411981	0.01215617365	0.01
61	1	66827.5767	386.0877969	1081010.567	2172414.915	6373.799144	0.7450480342	1.024917988	42926.11106	16185.19381	10186.96397	2119.166967	564.4732336	0.1286959323	0.03788408356	0.01009202568
61	1	63856.38845	2189.410744	289652.2191	6535985.818	3925.780511	0.8429687796	1.046474134	43793.61887	16333.04505	10337.60499	2119.324311	576.0309157	0.7298035812	0.0101508803	0.01
61	1	69412.75101	2105.188462	1766228.761	837988.7515	70.69524954	0.99717219	1.080422663	45157.2923	16565.62197	10574.70751	2118.812338	594.21076	0.7017294872	0.06189759842	0.0102887127
61	1	64495.41252	1966.04128	446621.651	5277458.426	2682.50084	0.8926999664	1.057424815	44231.19554	16407.82163	10413.96019	2118.490949	581.8751379	0.6553470934	0.01565188395	0.01048346772
61	1	73282.50396	1780.248636	2808572.883	195609.0555	-170.0467284	1.006801869	1.082540987	45244.18998	16580.32693	10589.60149	2119.303044	595.360863	0.5934162118	0.09842661399	0.01
61	1	64491.50107	379.0215736	370872.4577	6018780.231	20780.22645	0.1687909418	0.8980750975	37806.893	15313.64276	9299.748154	2113.988275	496.3378888	0.1263405245	0.01299724869	0.01310147221
61	1	72269.32868	414.2708242	2472438.725	319594.1945	2422.278372	0.9031088651	1.059726234	44313.10484	16422.46539	10429.4551	2115.378248	583.0159473	0.1380902747	0.0866467712	0.01229143892
61	1	63843.13149	975.3522797	286109.59	6568320.816	9894.953216	0.6042018714	0.9939110595	41679.58697	15972.66161	9970.350561	2119.326041	547.859856	0.3251174266	0.01002672864	0.01
61	1	64321.56101	2193.366401	410956.9665	5525547.363	2548.205052	0.8980717979	1.058605307	44280.90207	16416.15283	10422.33057	2119.141904	582.5271991	0.7311221335	0.01440201283	0.01010521646
61	1	72865.22502	2230.361605	2694978.161	229312.1038	-261.0695338	1.010442781	1.083342914	45276.01195	16585.77921	10595.18085	2119.172279	595.7869084	0.7434538684	0.09444567979	0.01007310981
61	1	64459.99443	629.5535631	439096.6356	5329483.42	10047.40709	0.5981037163	0.9925708776	41623.23846	15963.21215	9960.852381	2118.610885	547.1203011	0.2098511877	0.01538816931	0.01041549137
61	1	64063.3989	1261.230761	337091.9984	6134761.905	6266.010484	0.7493595807	1.025868163	42963.24152	16191.59281	10193.54321	2118.850044	564.9730455	0.4204102538	0.01181341036	0.01027612628
61	1	65146.17737	1020.584468	569317.8075	4528042.182	4636.044216	0.8145582313	1.040232279	43529.15756	16288.8192	10293.25658	2115.403544	572.5688957	0.3401948227	0.0199517785	0.01227799719
61	1	72367.46023	1246.008181	2556048.717	278848.8429	203.6466405	0.9918541344	1.079251879	45110.25402	16557.6001	10566.53004	2118.829373	593.583711	0.4153360603	0.08957688864	0.01028032506
61	1	65874.18733	833.5776214	819122.7492	3136566.356	3633.827192	0.8546469123	1.049046885	43895.08096	16350.47	10355.47016	2118.736448	577.3922845	0.2778592071	0.02870620845	0.01034139298
61	1	64200.15082	597.8645736	370209.124	5865141.805	12723.93332	0.4910426674	0.9690019362	40675.43383	15801.63066	9796.184117	2118.644327	534.4895683	0.1992881912	0.01297400212	0.01039621862
61	1	64378.48659	484.2334272	406152.366	5601419.433	14459.97888	0.4216008448	0.9537170056	40058.27161	15696.57623	9689.256601	2117.937896	526.2766138	0.1614111424	0.01423363531	0.01080670296
61	1	65830.83867	315.7288735	795145.9742	3257073.059	11179.97224	0.5528011102	0.9825997709	41220.08888	15894.62198	9891.068436	2117.990996	541.7578542	0.1052429578	0.02786594086	0.01077569968
61	1	71236.9761	730.9669094	2261504.522	419205.6891	1036.440817	0.9585423673	1.071917039	44816.81375	16507.4771	10515.36767	2119.292424	589.6661809	0.2436556365	0.07925456874	0.01001564169
61	1	67081.34905	675.1451222	1004476.748	2540943.474	4257.556489	0.8296977404	1.043580981	43646.91455	16309.97477	10315.72429	2110.458333	574.2164407	0.2250483741	0.03520195104	0.01515074068
61	1	63968.86839	849.4229016	319709.9921	6267963.303	10188.9068	0.5924437282	0.9913225761	41575.48088	15954.91443	9952.265014	2119.326077	546.4725643	0.2831409672	0.01120425685	0.01
61	1	64496.05141	916.1555623	425220.6548	5478006.843	7024.067218	0.7190373113	1.01919821	42689.3077	16145.25734	10146.62906	2117.192086	561.3489437	0.3053851874	0.01490188469	0.01123945015
61	1	65708.99892	516.0322196	784454.6654	3280958.118	6584.753193	0.7366098723	1.023059923	42851.86871	16172.50645	10174.00855	2119.309341	563.4816438	0.1720107399	0.02749126327	0.01000934584
61	1	65035.67392	2202.08834	604790.0632	4213624.478	1468.623165	0.9412550734	1.068111261	44663.84146	16481.39371	10488.78203	2119.320907	587.6272841	0.7340294466	0.02119490594	0.01000000301
61	1	72973.22689	1016.62849	2725925.435	219477.4204	308.4281217	0.9876628751	1.078327655	45074.73415	16551.43944	10560.16324	2119.3139	593.1027371	0.3388761635	0.09553022893	0.01
61	1	66168.71675	2042.258316	809355.5711	3278645.417	1459.777874	0.941608885	1.068208118	44647.45927	16479.89654	10488.34518	2113.394845	587.5028475	0.6807527719	0.02836391708	0.01344195742
61	1	64370.28745	1911.81508	423950.4337	5426484.219	2918.301153	0.8832679539	1.055346336	44149.824	16393.80804	10399.56007	2119.140682	580.7805118	0.6372716933	0.01485736971	0.01010618353
61	1	73453.75311	776.4824567	2853468.965	183805.2136	581.3432248	0.976746271	1.075924598	44977.90685	16534.94452	10543.36344	2119.26434	591.8132688	0.2588274856	0.1	0.01003036526
61	1	66632.03113	1558.821967	1031381.238	2325800.016	1085.263175	0.956589473	1.071487035	44799.61158	16504.53872	10512.36833	2119.319566	589.4365227	0.5196073222	0.03614482059	0.01000000111
61	1	65611.0776	1633.578738	758554.0434	3401183.979	1635.615563	0.9345753775	1.066640767	44604.69974	16471.31169	10478.5078	2119.321364	586.8391762	0.5445262458	0.02658357433	0.01
61	1	64196.19457	2147.013143	380454.36	5759399.869	2876.780487	0.8849287805	1.055711373	44165.13021	16396.37741	10402.14487	2119.323209	580.9815861	0.7156710478	0.01333304706	0.01000012331
61	1	68271.97725	704.2353149	1469620.558	1263112.114	2109.260979	0.9156295608	1.062469961	44436.95429	16442.71578	10449.36668	2119.322358	584.6038424	0.234745105	0.05150294522	0.01
61	1	64310.83322	872.9099119	395024.685	5675221.927	7931.458393	0.6827416643	1.011204218	42371.78232	16090.87354	10090.99443	2118.356482	557.0992345	0.2909699706	0.01384366502	0.01056309833
61	1	72715.2474	524.7995185	2576824.383	277762.1253	1781.683324	0.928732667	1.065370011	44537.04091	16460.83515	10468.72022	2114.485323	586.0141857	0.1749331728	0.09030497315	0.01280927344
61	1	66775.65219	1186.750159	1051528.553	2275781.78	1697.705118	0.9320917953	1.066097542	44579.08755	16467.18603	10474.5056	2118.221521	586.5153	0.3955833862	0.03685088452	0.01063895081
61	1	64518.23523	451.830735	465477.5326	5117937.901	13383.5757	0.4646569721	0.9631913038	40443.8561	15762.01769	9755.702061	2119.263726	531.3938085	0.150610245	0.01631268951	0.01003639721
61	1	64147.79054	1816.066259	367522.9748	5864082.376	3691.901483	0.8523239407	1.048533616	43876.44907	16347.16528	10351.99443	2119.324149	577.1346901	0.6053554195	0.01287986585	0.01
61	1	73448.61179	532.4905915	2810781.869	197882.7951	1405.070011	0.9437971996	1.06867904	44677.96848	16484.35835	10492.27082	2116.775762	587.85585	0.1774968638	0.09850402804	0.01147818861
61	1	72866.73725	652.9080106	2695907.259	228973.794	931.7785394	0.9627288584	1.072838885	44853.65924	16513.77293	10521.7959	2119.224653	590.1582403	0.2176360035	0.09447824007	0.01005471154
61	1	63840.2774	532.4321354	285346.8965	6575303.126	18814.96016	0.2474015936	0.9153636602	38520.49272	15434.12421	9421.54553	2119.32666	505.7625571	0.1774773785	0.01	0.01
61	1	66091.00308	1313.808082	734085.568	3710601.865	2980.372532	0.8807850987	1.054828659	44098.09868	16386.96483	10394.2459	2110.110502	580.2342965	0.4379360272	0.02572607507	0.01535200962
61	1	63841.09982	567.741548	285566.6702	6573290.38	17583.09677	0.2966761293	0.9262111479	38956.76733	15508.49686	9497.336146	2119.32661	511.5762433	0.1892471827	0.01000770198	0.01
61	1	64453.91421	677.8604676	449327.7464	5232496.939	9001.651084	0.6399339566	1.00177726	41995.95732	16026.59392	10025.31114	2119.325916	552.075728	0.2259534892	0.01574671923	0.01
61	1	64814.88374	907.8833131	545775.6738	4574682.163	5238.563908	0.7904574437	1.034914087	43328.68315	16253.78666	10256.83562	2119.324191	569.8353113	0.302627771	0.01912674294	0.01000046221
61	1	72134.51283	664.6404692	2495181.438	303378.3614	1057.378848	0.9577048461	1.071733855	44808.17244	16506.08538	10514.01782	2118.920219	589.5569259	0.2215468231	0.08744379099	0.01023186636
61	1	65099.45054	901.5646889	569906.2874	4503854.08	5249.346573	0.7900261371	1.034829164	43314.54943	16252.06203	10255.65365	2116.192589	569.6965849	0.300521563	0.01997240182	0.01181977625
61	1	66247.30109	1952.554966	928567.5842	2683947.875	875.7256965	0.9649709721	1.073332171	44873.8204	16517.1893	10525.26013	2119.318381	590.4254138	0.6508516553	0.0325417096	0.01000010859
61	1	64443.1091	730.9669094	360679.6657	6099052.012	10889.3142	0.5644274319	0.9851715225	41310.38561	15910.85434	9908.315668	2114.15289	543.0219363	0.2436556365	0.01264004165	0.01300548759
61	1	68201.95109	707.060793	1450907.618	1296471.709	2134.697539	0.9146120984	1.062245973	44427.94573	16441.18007	10447.80169	2119.322403	584.4837965	0.235686931	0.05084714907	0.01
61	1	64159.18465	547.2383201	354499.9632	6004818.788	14638.58016	0.4144567935	0.952142944	39996.39965	15685.9371	9678.33756	2118.357216	525.44548	0.1824127734	0.01242347359	0.01056309833
61	1	64813.14313	390.5880245	545323.7235	4577542.277	13201.12427	0.4719550292	0.9647977259	40508.67914	15773.05451	9766.937792	2119.326362	532.2566315	0.1301960082	0.01911090431	0.01
61	1	65099.45054	901.5646889	569906.2874	4503854.08	5249.346573	0.7900261371	1.034829164	43314.54943	16252.06203	10255.65365	2116.192589	569.6965849	0.300521563	0.01997240182	0.01181977625
61	1	73467.56206	1041.936233	2793023.621	204451.5421	538.5269839	0.9784589206	1.076314014	44980.32719	16536.20312	10545.35707	2115.392198	591.9068187	0.3473120776	0.0978816891	0.01227799719
61	1	72112.18542	1248.651199	2495831.165	302408.9288	189.537237	0.9924185105	1.079374579	45116.84034	16558.61737	10567.47802	2119.312219	593.6638336	0.4162170664	0.08746656071	0.01
61	1	64627.14438	567.741548	410928.749	5684613.658	12352.18872	0.5059124511	0.9722896007	40792.50905	15822.55673	9818.322735	2114.217566	536.1198205	0.1892471827	0.01440102395	0.01296799886
61	1	63840.2774	408.3928098	285346.8965	6575303.126	24761.89408	0.009524236693	0.8629964147	36414.33687	15075.08343	9055.65935	2119.326832	477.6964517	0.1361309366	0.01	0.01
61	1	64435.17028	568.1789432	444224.5955	5269999.092	11021.27346	0.5591490615	0.9839929771	41280.67261	15904.65909	9901.052564	2119.320485	542.5441133	0.1893929811	0.01556787899	0.01000330306
61	1	64078.11978	866.020723	348904.8987	6018161.401	9079.958416	0.6368016634	1.001087704	41968.2241	16021.86619	10020.49326	2119.325922	551.7061623	0.2886735743	0.0122273942	0.01000000374
61	1	73049.4989	1076.05409	2739755.604	215779.38	272.3849464	0.9891046021	1.078646307	45086.19732	16553.48002	10562.31536	2118.917821	593.2617543	0.3586846966	0.09601490808	0.01022960953
61	1	72222.96482	1246.008181	2517435.52	294258.7933	217.9730248	0.991281079	1.079125725	45105.18021	16556.73516	10565.64861	2118.829608	593.5160987	0.4153360603	0.08822368673	0.01028032506
61	1	71193.62423	610.4260245	2235495.666	436853.315	1479.28886	0.9408284456	1.068020213	44657.10947	16480.44224	10487.97729	2118.423748	587.5517874	0.2034753415	0.07834308672	0.01052113266
61	1	65751.49972	1143.725092	770893.8325	3372558.221	2717.908087	0.8912836765	1.057115227	44216.39278	16405.4484	10411.66798	2117.803909	581.6887652	0.3812416972	0.02701602302	0.01088260684
61	1	65683.0221	727.2816235	777641.2687	3312099.595	4495.375429	0.8201849828	1.041458447	43591.86463	16298.6534	10302.55917	2119.3163	573.3425214	0.2424272078	0.02725248735	0.01000484842
61	1	64131.61114	1244.647131	361115.3713	5920939.349	5862.480541	0.7655007783	1.02942043	43107.30645	16216.07542	10218.42835	2119.199499	566.88728	0.4148823771	0.01265531098	0.01007303452
61	1	64912.94245	953.3009508	498236.9032	5014558.93	5817.233485	0.7673106606	1.029832706	43109.09023	16217.32492	10220.49626	2114.876003	566.9795502	0.3177669836	0.01746074372	0.01258478287
61	1	65187.79107	687.6408202	645440.09	3981648.797	5937.419866	0.7625032054	1.02876013	43081.18015	16211.59413	10213.83851	2119.325238	566.5371357	0.2292136067	0.0226194887	0.01
61	1	64472.07966	1327.689257	431740.691	5404187.037	4521.678823	0.8191328471	1.041231133	43578.11757	16296.60411	10300.71807	2117.970907	573.1806475	0.4425630858	0.01513037977	0.01078645922
61	1	65146.17737	1042.563073	569317.8075	4528042.182	4528.113944	0.8188754422	1.041182687	43567.38196	16295.33539	10299.89701	2115.403483	573.0782644	0.3475210243	0.0199517785	0.01227799719
61	1	65833.21944	1546.846488	817915.2945	3131247.091	1586.22754	0.9365508984	1.067075666	44622.19067	16474.29343	10481.54639	2119.321162	587.0722571	0.5156154958	0.02866389313	0.0100000433
61	1	63933.12135	1633.578738	310157.3868	6351929.615	5106.201911	0.7957519235	1.036079632	43375.56287	16261.77816	10264.97935	2119.324932	570.4600061	0.5445262458	0.0108694852	0.01
61	1	67016.83143	567.128575	1134210.629	2015401.593	3859.597865	0.8456160854	1.047056922	43817.05801	16337.04076	10341.67688	2119.324267	576.3432597	0.1890428583	0.03974848309	0.01
