#gen	Feasible	f1	f2	c1	c2	c3	x1	x2	x3
14	1	0.06509100932	2725.721475	0.03490899068	97274.27853	32256.45934	0.01223404902	0.001244881098	2.998134319
14	1	0.01977123456	10322.65637	0.08022876544	89677.34363	25260.62288	0.003291172333	0.0011317	2.913025839
14	1	0.01828734181	11510.38012	0.08171265819	88489.61988	24486.08591	0.00313635633	0.0011317	2.661854263
14	1	0.007054685996	44754.89956	0.092945314	55245.10044	24176.34543	0.000825	0.0011317	2.577572441
14	1	0.04665810585	3868.856774	0.05334189415	96131.14323	25492.49612	0.0086158096	0.001131797468	3
14	1	0.06442499903	2745.512574	0.03557500097	97254.48743	25414.62058	0.01221924116	0.001131756942	2.970155275
14	1	0.0204005139	10042.63773	0.0795994861	89957.36227	24712.79052	0.003533907913	0.001131703966	2.72873445
14	1	0.0544226983	3317.913129	0.0455773017	96682.08687	31855.9258	0.01020278366	0.001240515023	2.929097413
14	1	0.05867990691	3026.668636	0.04132009309	96973.33136	25464.71686	0.01103340015	0.0011317	2.991434946
14	1	0.01908374864	10839.94626	0.08091625136	89160.05374	24902.24883	0.003226136919	0.0011317	2.788656226
14	1	0.01612073235	13312.45067	0.08387926765	86687.54933	25202.39041	0.002565742788	0.001131802151	2.889283419
14	1	0.03500134265	5347.589758	0.06499865735	94652.41024	25167.29791	0.006402088147	0.0011317	2.879102714
14	1	0.009481524707	28200.44368	0.09051847529	71799.55632	25451.33172	0.001185621969	0.001131712627	2.98577391
14	1	0.01466901818	15088.79707	0.08533098182	84911.20293	24777.73173	0.002340294612	0.0011317	2.748907791
14	1	0.02988984826	6456.910924	0.07011015174	93543.08908	24729.90271	0.005489083166	0.0011317	2.73406856
14	1	0.05039751419	3559.9786	0.04960248581	96440.0214	25485.45428	0.009364541248	0.001131712967	2.999404859
14	1	0.03322754317	5719.510456	0.06677245683	94280.48954	24832.52017	0.006147814787	0.0011317	2.766194892
14	1	0.03679502584	5030.68288	0.06320497416	94969.31712	25400.5911	0.006684017367	0.001131955203	2.959611093
14	1	0.008487685957	32698.89662	0.09151231404	67301.10338	23654.15869	0.001170563185	0.0011317	2.451334631
14	1	0.006438176073	51352.99706	0.09356182393	48647.00294	20452.80712	0.0008932683512	0.0011317	1.937869284
14	1	0.007367518995	42442.53323	0.09263248101	57557.46677	24886.26438	0.000825	0.0011317	2.78346077
14	1	0.006584656706	49481.44683	0.09341534329	50518.55317	20557.78425	0.0009223339165	0.0011317	1.950137971
14	1	0.0115384685	20893.06347	0.0884615315	79106.93653	25334.51849	0.001616081766	0.0011317	2.940722586
14	1	0.01359587307	16632.42202	0.08640412693	83367.57798	25084.91068	0.00207220182	0.0011317	2.850086536
14	1	0.04557745058	4020.255784	0.05442254942	95979.74422	25044.71727	0.00860081497	0.0011317	2.836234224
14	1	0.05671473873	3140.7472	0.04328526127	96859.2528	26916.81467	0.01061318572	0.001153855075	3
14	1	0.02873535598	6728.645314	0.07126464402	93271.35469	24844.20986	0.005221032223	0.0011317	2.769924023
14	1	0.02623800205	7726.048228	0.07376199795	92273.95177	23654.15869	0.004954165886	0.0011317	2.451334631
14	1	0.01385324269	16415.94646	0.08614675731	83584.05354	24056.0821	0.002268404236	0.0011317	2.546855369
14	1	0.007907527335	37950.33622	0.09209247267	62049.66378	25225.30511	0.0008978320563	0.0011317	2.900052488
14	1	0.01340339386	16957.43414	0.08659660614	83042.56586	25413.85583	0.00197786826	0.0011317	2.971324585
14	1	0.01149466578	20964.03147	0.08850533422	79035.96853	25117.46633	0.001639713515	0.0011317	2.861451018
14	1	0.05293690661	3398.348243	0.04706309339	96601.65176	25271.95704	0.009987703313	0.0011317	2.917224977
14	1	0.06075536281	2934.539983	0.03924463719	97065.46002	32533.97139	0.01136348809	0.001250001742	2.998134319
14	1	0.02139814408	9353.104964	0.07860185592	90646.89504	25486.07911	0.00356387889	0.0011317	3
14	1	0.04309379192	4268.751898	0.05690620808	95731.2481	25068.22127	0.008084838513	0.0011317	2.844310981
14	1	0.03711909057	5007.899512	0.06288090943	94992.10049	25191.15518	0.006823000106	0.0011317	2.88766582
14	1	0.05382529995	3334.318492	0.04617470005	96665.68151	25311.3421	0.01014614669	0.0011317	2.931953949
14	1	0.01064766151	23391.75904	0.08935233849	76608.24096	24012.90175	0.001596743972	0.0011317	2.536079926
14	1	0.01208561764	19527.54881	0.08791438236	80472.45119	24855.37497	0.001797454026	0.0011317	2.773499382
14	1	0.007552943884	41269.11746	0.09244705612	58730.88254	25234.555	0.000825	0.0011317	2.903434098
14	1	0.04805700556	3748.91895	0.05194299444	96251.08105	25709.19788	0.008897529398	0.001135220112	2.99680014
14	1	0.007521673866	41458.07823	0.09247832613	58541.92177	25179.0192	0.000825	0.0011317	2.883300652
14	1	0.07081723266	2481.124564	0.02918276734	97518.87544	26808.12764	0.01343476817	0.001152141646	3
14	1	0.02683676799	7175.009948	0.07316323201	92824.99005	25425.63376	0.004671336963	0.001131757918	2.974446624
14	1	0.009638843592	26992.29184	0.09036115641	73007.70816	24270.71377	0.001358680823	0.0011317	2.60243376
14	1	0.03002143127	6385.781771	0.06997856873	93614.21823	24950.34669	0.005455660727	0.0011317	2.80446
14	1	0.04939795177	3666.994816	0.05060204823	96333.00518	25212.19785	0.00930185434	0.0011317	2.895280142
14	1	0.01617680324	13229.62541	0.08382319676	86770.37459	25484.50368	0.002519938848	0.001131700018	2.999365422
14	1	0.05015096934	3600.443843	0.04984903066	96399.55616	25296.63822	0.009420872389	0.00113195374	2.920174036
14	1	0.05329293947	3379.392264	0.04670706053	96620.60774	25238.10154	0.01008563474	0.001131949118	2.898717343
14	1	0.05283253545	3446.022068	0.04716746455	96553.97793	24904.90483	0.01014614669	0.0011317	2.789522224
14	1	0.05015096934	3600.443843	0.04984903066	96399.55616	25296.63822	0.009420872389	0.00113195374	2.920174036
14	1	0.009696485907	26760.6256	0.09030351409	73239.3744	24369.07414	0.001360693933	0.0011317	2.629093598
14	1	0.007770920574	38412.43737	0.09222907943	61587.56263	20513.00235	0.001190712556	0.0011317	1.944877858
14	1	0.01947621764	10519.32542	0.08052378236	89480.67458	25219.83431	0.003240550519	0.001131700019	2.89805736
14	1	0.05305593218	3387.515585	0.04694406782	96612.48441	25297.58868	0.009998287333	0.0011317	2.926786097
14	1	0.05734763837	3138.168739	0.04265236163	96861.83126	26477.56919	0.0109446938	0.001152477154	2.865069222
14	1	0.01037380624	25796.04681	0.08962619376	74203.95319	20440.78096	0.001779292431	0.0011317	1.936477496
14	1	0.05390177075	3328.02383	0.04609822925	96671.97617	25340.42478	0.01015460747	0.001131949493	2.936720507
14	1	0.01460771875	15111.39002	0.08539228125	84888.60998	25363.5974	0.002228945072	0.0011317	2.951832584
14	1	0.007349011524	42567.00033	0.09265098848	57432.99967	24848.84384	0.000825	0.0011317	2.77140633
14	1	0.008752028897	31741.76254	0.0912479711	68258.23746	25089.95898	0.001085373854	0.0011317	2.851840244
14	1	0.02738402396	7012.269931	0.07261597604	92987.73007	25407.36576	0.004785618853	0.0011317	2.968786521
14	1	0.01294791538	17839.56697	0.08705208462	82160.43303	24419.56357	0.00203359802	0.0011317	2.643086642
14	1	0.01070682609	23193.17193	0.08929317391	76806.82807	24936.45092	0.00150376066	0.0011317	2.799867661
14	1	0.02222627445	9129.108923	0.07777372555	90870.89108	30819.53953	0.003760826532	0.001224732109	2.866749126
14	1	0.03975128511	4642.84703	0.06024871489	95357.15297	25205.31614	0.007351062863	0.001131703713	2.89269469
14	1	0.01301333506	17647.1078	0.08698666494	82352.8922	24963.83374	0.001972079399	0.001131700361	2.80893016
14	1	0.01966658315	10363.87236	0.08033341685	89636.12764	25450.42791	0.003226136919	0.0011317	2.985745306
14	1	0.0075190985	41473.79526	0.0924809015	58526.20474	25174.39038	0.000825	0.0011317	2.881640742
14	1	0.01576361394	14296.00831	0.08423638606	85703.99169	22990.74748	0.002793957808	0.001131702783	2.313841321
14	1	0.01832312639	11417.12845	0.08167687361	88582.87155	24773.46672	0.003093979772	0.001131702756	2.747517919
14	1	0.03975128511	4642.84703	0.06024871489	95357.15297	25205.31614	0.007351062863	0.001131703713	2.89269469
14	1	0.01978093048	10286.73382	0.08021906952	89713.26618	25485.60851	0.003240550519	0.0011317	2.999810551
14	1	0.008752445313	31739.95309	0.09124755469	68260.04691	25090.6642	0.001085373854	0.0011317	2.852085475
14	1	0.06182198628	2894.468776	0.03817801372	97105.53122	26486.11806	0.01183673284	0.001152141646	2.875875423
14	1	0.02825094524	6850.308099	0.07174905476	93149.6919	29082.32287	0.00498472725	0.001193669955	2.890494907
14	1	0.05847887965	3035.815518	0.04152112035	96964.18448	25486.07911	0.010980026	0.0011317	3
14	1	0.04123395058	4448.901957	0.05876604942	95551.09804	25297.25598	0.00761335131	0.001131704074	2.926560648
14	1	0.06509100932	2725.721475	0.03490899068	97274.27853	32256.45934	0.01223404902	0.001244881098	2.998134319
14	1	0.02009377626	10094.20034	0.07990622374	89905.79966	25465.72238	0.00330799574	0.0011317	2.991836514
14	1	0.02087408683	9681.911554	0.07912591317	90318.08845	25174.71146	0.003533907913	0.001131700011	2.88175553
14	1	0.04794468948	3761.971534	0.05205531052	96238.02847	25705.86697	0.008891432095	0.001135665949	2.983794052
14	1	0.03322754317	5719.510456	0.06677245683	94280.48954	24832.52017	0.006147814787	0.0011317	2.766194892
14	1	0.03458991998	5476.292724	0.06541008002	94523.70728	24795.61215	0.006439286957	0.0011317	2.754515211
14	1	0.02970383147	6457.358485	0.07029616853	93542.64152	24981.84492	0.005381715334	0.0011317	2.81495073
14	1	0.02914373542	6654.98734	0.07085626458	93345.01266	24668.24189	0.005350950858	0.001131703336	2.715207335
14	1	0.005922365234	59631.65463	0.09407763477	40368.34537	18916.70728	0.000825	0.0011317	1.779863092
14	1	0.006579902569	50158.59108	0.09342009743	49841.40892	19366.86425	0.0009617339538	0.0011317	1.822412184
14	1	0.009198828691	29442.68301	0.09080117131	70557.31699	25280.67651	0.001151970413	0.0011317	2.920467358
14	1	0.04051962162	4580.647481	0.05948037838	95419.35252	24954.50049	0.007603116612	0.0011317	2.805836996
14	1	0.006426372642	51506.12094	0.09357362736	48493.87906	20452.80712	0.0008906127305	0.0011317	1.937869284
14	1	0.04726761516	3858.712936	0.05273238484	96141.28706	25099.42663	0.008921447611	0.0011317	2.855137599
14	1	0.008823508278	31009.93268	0.09117649172	68990.06732	24637.15879	0.00115105192	0.0011317	2.705940251
14	1	0.05469767707	3297.329677	0.04530232293	96702.67032	25120.23942	0.01042275766	0.0011317	2.862425109
14	1	0.05146581066	3488.296836	0.04853418934	96511.70316	25407.9277	0.009619723601	0.0011317	2.96900603
14	1	0.05039751419	3559.9786	0.04960248581	96440.0214	25485.45428	0.009364541248	0.001131712967	2.999404859
14	1	0.01799318393	11710.2361	0.08200681607	88289.7639	24608.74467	0.00305466167	0.0011317	2.697488005
14	1	0.03290765843	5799.650462	0.06709234157	94200.34954	24725.56316	0.006113182682	0.0011317	2.732733589
