#gen	Feasible	f1	f2	c1	c2	c3	x1	x2	x3
27	1	0.00904399611	29850.0437	0.09095600389	70149.9563	24691.01929	0.001190891115	0.0011317	2.722173449
27	1	0.00902132907	29948.73804	0.09097867093	70051.26196	24647.64182	0.001190891115	0.0011317	2.709077909
27	1	0.05945794207	2995.502535	0.04054205793	97004.49746	25344.94052	0.01126200724	0.0011317	2.944690525
27	1	0.009411756223	28213.43244	0.09058824378	71786.56756	25034.7895	0.001226544478	0.0011317	2.832842568
27	1	0.04842605469	3733.383565	0.05157394531	96266.61644	25326.77724	0.009049919094	0.00113170001	2.937785044
27	1	0.08380259359	2152.61022	0.01619740641	97847.38978	24484.05925	0.01677316327	0.0011317	2.661276821
27	1	0.0258500175	7518.072601	0.0741499825	92481.9274	25253.34652	0.004521655896	0.0011317	2.910339263
27	1	0.01933649762	10576.80747	0.08066350238	89423.19253	25486.07911	0.003151549599	0.0011317	3
27	1	0.009684189566	27191.41768	0.09031581043	72808.58232	25358.70159	0.00123922741	0.0011317	2.94995356
27	1	0.006860219351	46454.03223	0.09313978065	53545.96777	23635.18234	0.000825	0.0011317	2.447074635
27	1	0.09017339107	1924.676445	0.009826608933	98075.32355	25486.07911	0.01731892829	0.0011317	3
27	1	0.0252214341	7733.034815	0.0747785659	92266.96518	25268.46476	0.004390454853	0.0011317	2.91592927
27	1	0.0272785904	7032.396704	0.0727214096	92967.6033	25486.12486	0.004739967715	0.001131700695	3
27	1	0.01172329404	20374.03724	0.08827670596	79625.96276	24967.93904	0.00170756994	0.0011317	2.81030532
27	1	0.01736455569	12102.29098	0.08263544431	87897.70902	25423.88713	0.002781598029	0.00113251467	2.954373145
27	1	0.02102810337	9581.623059	0.07897189663	90418.37694	25269.88685	0.003542983357	0.0011317	2.916456694
27	1	0.01278294441	18084.47098	0.08721705559	81915.52902	25300.31466	0.001872416011	0.0011317	2.927808291
27	1	0.05725877624	3126.93147	0.04274122376	96873.06853	25254.34162	0.01087050842	0.0011317	2.910706252
27	1	0.01897998006	10887.69484	0.08102001994	89112.30516	25029.64182	0.003179673018	0.0011317	2.831088553
27	1	0.01804585588	11544.17936	0.08195414412	88455.82064	25273.21483	0.002939849262	0.0011317	2.917692049
27	1	0.02198894721	9054.995626	0.07801105279	90945.00437	25470.2329	0.003686216581	0.0011317	2.993639772
27	1	0.01947612998	10483.9076	0.08052387002	89516.0924	25486.07911	0.00317947607	0.0011317	3
27	1	0.02348275957	8374.722456	0.07651724043	91625.27754	25477.08239	0.003983306043	0.0011317	2.996384164
27	1	0.01923219716	10692.24803	0.08076780284	89307.75197	25156.55732	0.003204732783	0.0011317	2.875271495
27	1	0.007558598377	41235.31404	0.09244140162	58764.68596	25244.46807	0.000825	0.001131700009	2.907070628
27	1	0.08467815556	2056.758847	0.01532184444	97943.24115	25461.01222	0.01624159054	0.001131700001	2.989956765
27	1	0.02230055438	8922.404243	0.07769944562	91077.59576	25341.77966	0.00378197714	0.0011317	2.943485465
27	1	0.03319803046	5660.446731	0.06680196954	94339.55327	25243.46434	0.006010472095	0.0011317	2.906702022
27	1	0.01903549727	10817.31723	0.08096450273	89182.68277	25218.79861	0.003151549599	0.0011317	2.897680633
27	1	0.01415821024	15750.56701	0.08584178976	84249.43299	25387.15424	0.002134243708	0.0011317	2.960922491
27	1	0.00769817901	38690.36608	0.09230182099	61309.63392	24460.57982	0.0009348304322	0.0011317	2.654613159
27	1	0.01449805483	15263.48641	0.08550194517	84736.51359	25486.07911	0.002183861041	0.0011317	3
27	1	0.01393089591	16098.8502	0.08606910409	83901.1498	25139.55257	0.002131415536	0.0011317	2.869235852
27	1	0.01843682637	11230.6954	0.08156317363	88769.3046	25361.95678	0.002999557274	0.0011317	2.951202525
27	1	0.0886808291	1960.47761	0.0113191709	98039.52239	25454.10393	0.01704930408	0.001131700034	2.987205148
27	1	0.0340645377	5477.97771	0.0659354623	94522.02229	25402.44703	0.006128548409	0.0011317	2.966867131
27	1	0.02023229749	10047.48069	0.07976770251	89952.51931	25203.52597	0.003397289031	0.0011317	2.892135179
27	1	0.03753078454	5240.10802	0.06246921546	94759.89198	53419.24104	0.006361192022	0.001810348439	3
27	1	0.02580946507	7536.390422	0.07419053493	92463.60958	25224.54166	0.004521418375	0.0011317	2.899773892
27	1	0.02637891432	7332.811439	0.07362108568	92667.18856	25327.55286	0.004607321782	0.0011317	2.938079199
27	1	0.01541677039	14099.83404	0.08458322961	85900.16596	25157.39673	0.002430060489	0.0011317	2.87557038
27	1	0.02492305593	7808.776869	0.07507694407	92191.22313	25483.91381	0.004269494784	0.0011317	2.999128595
27	1	0.01409215258	15852.39276	0.08590784742	84147.60724	25478.9901	0.002104011959	0.0011317	2.997149831
27	1	0.009060429504	29632.89193	0.0909395705	70367.10807	24252.56084	0.00123922741	0.0011317	2.597597913
27	1	0.01279668285	18054.93874	0.08720331715	81945.06126	25261.80612	0.001881496669	0.0011317	2.913463393
27	1	0.007377718514	42374.53859	0.09262228149	57625.46141	24906.66826	0.000825	0.0011317	2.790097626
27	1	0.01810669073	11472.14636	0.08189330927	88527.85364	25486.07911	0.00290558822	0.0011317	3
27	1	0.01279215055	18059.59002	0.08720784945	81940.40998	25016.92148	0.001918901527	0.0011317	2.826767665
27	1	0.01495257496	14653.52788	0.08504742504	85346.47212	25486.07774	0.002274765335	0.0011317	2.999999448
27	1	0.02885975719	6600.074819	0.07114024281	93399.92518	25431.49509	0.0050740788	0.0011317	2.978254652
27	1	0.02568573835	7554.655528	0.07431426165	92445.34447	25376.58496	0.004453622374	0.0011317	2.956834092
27	1	0.01424666575	15623.01205	0.08575333425	84376.98795	25482.59217	0.002134243708	0.0011317	2.998597078
27	1	0.09414364979	1841.801303	0.005856350209	98158.1987	25461.31835	0.0181366795	0.0011317	2.990078861
27	1	0.01600272506	13415.43143	0.08399727494	86584.56857	25473.12339	0.002487464404	0.0011317	2.994797022
27	1	0.008941101943	30206.15257	0.09105889806	69793.84743	23981.54045	0.00123922741	0.0011317	2.52833527
27	1	0.08608461091	2028.656628	0.01391538909	97971.34337	25356.98624	0.01661258104	0.001131700034	2.949295163
27	1	0.02287215134	8660.881505	0.07712784866	91339.11849	25328.65249	0.003900470047	0.0011317	2.938496047
27	1	0.02260318138	8813.531787	0.07739681862	91186.46821	25141.25662	0.003892716175	0.0011317	2.869839035
27	1	0.0150397566	14543.04346	0.0849602434	85456.95654	25403.33163	0.002308288091	0.0011317	2.967212062
27	1	0.08450567563	2131.753698	0.01549432437	97868.2463	24511.96698	0.01690216985	0.0011317	2.669260196
27	1	0.02893147474	6575.362327	0.07106852526	93424.63767	25475.39623	0.0050740788	0.0011317	2.995707894
27	1	0.08296629903	2173.904329	0.01703370097	97826.09567	24499.73053	0.01658954526	0.0011317	2.665751326
27	1	0.01308325044	17535.45859	0.08691674956	82464.54141	25485.40535	0.001901020272	0.0011317	2.999728774
27	1	0.02298079863	8608.476705	0.07701920137	91391.5233	25355.63577	0.003915332302	0.0011317	2.948778651
27	1	0.01424996817	15618.33506	0.08575003183	84381.66494	25486.07911	0.002134243708	0.0011317	3
27	1	0.02533852624	7691.594018	0.07466147376	92308.40598	25268.46476	0.00441410976	0.0011317	2.91592927
27	1	0.01311323633	17477.19533	0.08688676367	82522.80467	25461.3601	0.001911292972	0.0011317	2.990095509
27	1	0.006821067183	46825.11248	0.09317893282	53174.88752	23514.83617	0.000825	0.0011317	2.420541805
27	1	0.05945405643	2995.833458	0.04054594357	97004.16654	25343.62552	0.01126200724	0.0011317	2.944189015
27	1	0.02347319488	8377.547834	0.07652680512	91622.45217	25486.07923	0.003978889049	0.001131700002	3
27	1	0.09109506581	1904.406789	0.008904934186	98095.59321	25486.07911	0.01750326324	0.0011317	3
27	1	0.01360903749	16607.74838	0.08639096251	83392.25162	25350.05815	0.002030429609	0.0011317	2.946644625
27	1	0.03223325747	5816.420495	0.06776674253	94183.5795	25486.07911	0.005730901567	0.0011317	3
27	1	0.02320737085	8547.220785	0.07679262915	91452.77921	25123.74787	0.004019724952	0.0011317	2.86365888
27	1	0.02322190128	8484.721319	0.07677809872	91515.27868	25486.08135	0.003928630309	0.001131700034	3
27	1	0.02852105248	6689.682693	0.07147894752	93310.31731	25431.02726	0.005006311265	0.0011317	2.978070247
27	1	0.0126805896	18276.27507	0.0873194104	81723.72493	25113.25603	0.001881496669	0.0011317	2.859973915
27	1	0.0516171659	3469.446212	0.0483828341	96530.55379	25486.07183	0.009607687265	0.0011317	2.999997068
27	1	0.0306670834	6152.71017	0.0693329166	93847.28983	25486.07911	0.005417666754	0.0011317	3
27	1	0.006999218045	45216.56947	0.09300078196	54783.43053	24030.92325	0.000825	0.0011317	2.54056119
27	1	0.03065754447	6192.980095	0.06934245553	93807.01991	25221.00134	0.005503832154	0.0011317	2.898482981
27	1	0.01298720931	17693.21654	0.08701279069	82306.78346	25268.46476	0.001918901527	0.0011317	2.91592927
27	1	0.04842605469	3733.383565	0.05157394531	96266.61644	25326.77724	0.009049919094	0.00113170001	2.937785044
27	1	0.008302654818	34530.79122	0.09169734518	65469.20878	24978.27869	0.001006681934	0.0011317	2.813757278
27	1	0.008838276827	30745.65506	0.09116172317	69254.34494	23985.53324	0.001217144532	0.0011317	2.529317524
27	1	0.04499583465	4024.104222	0.05500416535	95975.89578	25486.07911	0.008283417004	0.0011317	3
27	1	0.05945405643	2995.833458	0.04054594357	97004.16654	25343.62552	0.01126200724	0.0011317	2.944189015
27	1	0.01292424113	17819.70362	0.08707575887	82180.29638	25375.11122	0.001888346163	0.0011317	2.956265321
27	1	0.02623497503	7396.687322	0.07376502497	92603.31268	25217.3534	0.004609546171	0.0011317	2.897154564
27	1	0.09108394922	1904.797137	0.008916050785	98095.20286	25483.69246	0.01750326324	0.0011317	2.99903956
27	1	0.02328433665	8459.465954	0.07671566335	91540.53405	25473.8538	0.003944494732	0.0011317	2.995089656
27	1	0.04821759733	3929.98215	0.05178240267	96070.01785	23939.33289	0.009552700561	0.0011317	2.518018305
27	1	0.05978422451	2989.58748	0.04021577549	97010.41252	29610.45899	0.01128553633	0.001200300752	2.944189015
27	1	0.0641026099	2776.537583	0.0358973901	97223.46242	25225.24689	0.01227182814	0.0011317	2.900031241
27	1	0.01292424113	17819.70362	0.08707575887	82180.29638	25375.11122	0.001888346163	0.0011317	2.956265321
27	1	0.02245641254	8828.7765	0.07754358746	91171.2235	25486.07911	0.003775532582	0.0011317	3
27	1	0.02685249518	7200.701308	0.07314750482	92799.29869	25221.49029	0.004733425582	0.001131701264	2.898630729
27	1	0.02347923985	8377.137221	0.07652076015	91622.86278	25470.13965	0.003984528461	0.0011317	2.993602462
27	1	0.01289017256	17884.57535	0.08710982744	82115.42465	25375.11122	0.001881496669	0.0011317	2.956265321
27	1	0.01303507406	17623.77507	0.08696492594	82376.22493	25478.20488	0.001892663218	0.0011317	2.99683461
