#gen	Feasible	f1	f2	f3	f4	f5	c1	c2	c3	c4	c5	c6	c7	x1	x2	x3
77	1	66059.27555	2528.9127	873779.3689	2901381.678	600.8863025	0.9759645479	1.075753217	44970.25447	16533.68853	10542.12429	2119.042435	591.7148115	0.8429709	0.03062165314	0.01015930268
77	1	72764.09857	173.3232226	2599407.73	268271.4968	6143.349979	0.7542660008	1.026960401	42994.21393	16197.70052	10200.46308	2115.064518	565.4457525	0.05777440754	0.09109640797	0.01247533064
77	1	66469.15606	3473.257952	977734.7418	2515087.396	154.7815084	0.9938087397	1.079682584	45127.13823	16560.50639	10569.51527	2118.700296	593.8107345	1.157752651	0.03426477574	0.01035471805
77	1	66217.03023	2540.616532	915975.9852	2735711.367	532.7800688	0.9786887972	1.076352936	44994.38284	16537.80122	10546.31494	2119.044286	592.0363017	0.8468721773	0.03210043622	0.01015789492
77	1	67671.42106	746.391819	1288931.297	1636068.118	2414.537086	0.9034185166	1.059785676	44324.82382	16423.86717	10430.38269	2118.10398	583.1289296	0.248797273	0.04517067865	0.01070804755
77	1	64593.66046	777.3545661	482146.6554	5006517.136	7191.485221	0.7123405912	1.017718011	42636.1434	16135.78747	10136.63671	2119.052608	560.6110124	0.2591181887	0.01689685997	0.01015858534
77	1	70335.50926	1428.919329	2016834.851	590226.0187	285.4772699	0.9885809092	1.078530569	45082.0241	16552.73783	10561.53315	2119.058868	593.2039134	0.4763064429	0.07068010467	0.01014785333
77	1	64329.70476	291.0240453	416135.5226	5480118.514	23798.23447	0.04807062131	0.8714821656	36755.62489	15133.26351	9114.948682	2119.32681	482.2443704	0.09700801509	0.01458349566	0.01
77	1	65943.92378	263.2428222	847499.8148	3004822.418	12568.7733	0.4972490681	0.9703660538	40732.63147	15811.23213	9805.8433	2119.326313	535.2409641	0.08774760739	0.02970068451	0.01
77	1	67330.34853	1011.947185	1163750.731	1970892.317	1995.744697	0.9201702121	1.063480033	44466.37974	16448.44747	10455.80898	2116.049792	585.0477985	0.3373157284	0.04078371783	0.01190085826
77	1	68176.60502	1635.325834	1444134.442	1308762.217	494.6134624	0.9802154615	1.076688152	45008.79507	16540.19867	10548.70816	2119.315896	592.2240494	0.5451086113	0.05060978268	0.01
77	1	68256.18158	2117.671604	1465399.516	1270561.201	193.5936775	0.9922562529	1.079338859	45115.40372	16558.37247	10567.22845	2119.312283	593.6446896	0.7058905346	0.05135501853	0.01
77	1	64752.18888	354.7330853	529035.049	4682597.742	15086.23394	0.3965506425	0.9481979112	39841.05196	15659.24271	9650.956081	2119.326486	523.3599988	0.1182443618	0.01854006669	0.01
77	1	69923.68232	443.0902311	1903628.375	691803.1142	2793.665852	0.8882533659	1.056444683	44193.10151	16401.24295	10407.18489	2118.878492	581.3613688	0.1476967437	0.06671277658	0.01025841499
77	1	65306.2078	854.5168905	661849.6027	3912288.547	4560.737206	0.8175705117	1.040885803	43565.71664	16294.39503	10298.38698	2118.40566	573.0085082	0.2848389635	0.02319456111	0.01053390231
77	1	68001.65462	450.929977	1397382.821	1396834.711	3955.899009	0.8417640396	1.046208918	43782.95216	16331.22667	10335.75194	2119.324331	575.8887737	0.1503099923	0.04897136916	0.01
77	1	73450.5107	661.458552	2853468.965	183749.9671	811.0624712	0.9675575012	1.073901579	44896.72204	16521.09335	10529.23857	2119.318206	590.7305922	0.220486184	0.1	0.01
77	1	65545.05972	3801.488967	709357.2175	3682547.236	474.7117782	0.9810115289	1.076869495	45009.5736	16540.74762	10549.61741	2117.410813	592.2645824	1.267162989	0.02485946847	0.01110584727
77	1	64477.96504	491.5899412	455754.7995	5185858.699	12512.45929	0.4995016286	0.9708619413	40752.57554	15814.63204	9809.308029	2119.326309	535.5067339	0.1638633137	0.01597195572	0.01
77	1	68420.67463	1529.934424	1509356.641	1195093.714	523.2036654	0.9790718534	1.076436394	44998.66961	16538.47256	10546.94914	2119.316151	592.0891201	0.5099781415	0.05289549876	0.01
77	1	68382.55997	1269.830962	1499171.343	1212171.215	797.6151579	0.9680953937	1.074019993	44901.48451	16521.90522	10530.06592	2119.318127	590.7940558	0.4232769875	0.05253855435	0.01
77	1	65121.14954	822.4646683	566818.3317	4537237.245	5879.194085	0.7648322366	1.029284597	43089.71801	16213.85177	10216.81341	2115.656771	566.709031	0.2741548894	0.01986418422	0.01213120537
77	1	69207.07567	1340.119245	1658306.173	991996.6223	838.4420158	0.9664623194	1.073672301	44874.86548	16518.17467	10526.94273	2115.624965	590.4978274	0.4467064149	0.05811544452	0.01214471347
77	1	65221.59798	712.0990761	612512.8915	4229667.042	6236.755706	0.7505297718	1.026132356	42966.83039	16192.65419	10195.00267	2116.794097	565.0534437	0.2373663587	0.02146555295	0.01147053801
77	1	65371.89001	552.7747308	529451.4276	4955922.38	10114.1716	0.5954331361	0.9920125775	41569.12757	15956.01029	9955.213093	2109.361738	546.5457762	0.1842582436	0.0185546587	0.01578891973
77	1	66307.69011	2552.262848	869168.7226	2992894.43	902.9123339	0.9638835066	1.073107361	44849.18333	16513.98575	10522.83294	2114.75992	590.1692997	0.8507542826	0.03046007275	0.01264728968
77	1	64148.83495	1687.195161	367802.0693	5861802.921	4028.687595	0.8388524962	1.04556796	43757.17348	16326.83212	10331.27361	2119.324377	575.5452535	0.562398387	0.01288964674	0.01
77	1	68053.11931	699.9288284	1409506.237	1374219.104	2257.336843	0.9097065263	1.061166356	44384.18825	16433.74213	10440.24001	2119.224307	583.9022526	0.2333096095	0.04939623504	0.01005710183
77	1	71604.18845	263.0917263	2360080.224	365361.3382	4025.879643	0.8389648143	1.045592686	43758.16794	16327.00165	10331.44637	2119.324375	575.5585054	0.08769724211	0.08270916044	0.01
77	1	71874.06447	1688.665696	2429737.568	331857.3237	-29.33480939	1.001173392	1.081302388	45193.86669	16571.78068	10580.91958	2119.158959	594.6926196	0.5628885653	0.08515030643	0.01008624751
77	1	71557.42118	1232.960163	2344591.65	373717.7335	276.9871431	0.9889205143	1.078605094	45085.27493	16553.2758	10562.06778	2119.132893	593.2460595	0.4109867209	0.08216636238	0.0101048217
77	1	66355.92566	395.4425487	957598.1943	2577569.461	7090.656806	0.7163737277	1.018605008	42672.75175	16141.96848	10142.8854	2119.325555	561.0945211	0.1318141829	0.03355908917	0.01
77	1	64369.84299	1870.661537	426856.629	5398890.665	2960.413345	0.8815834662	1.054974922	44135.51066	16391.32812	10396.99932	2119.323212	580.5868848	0.6235538456	0.01495921751	0.01000017336
77	1	68038.63113	1220.601027	1362951.65	1488169.419	1214.899948	0.9514040021	1.070354043	44744.89503	16495.79559	10503.94977	2116.646303	588.7497347	0.4068670091	0.04776472661	0.01155292823
77	1	68971.2572	1560.850005	1656487.491	973619.5195	385.5357896	0.9845785684	1.077648663	45047.4258	16546.78413	10555.41918	2119.314796	592.738833	0.520283335	0.0580517087	0.01000000529
77	1	67987.19747	324.0101507	1238102.38	1840457.785	7323.046074	0.707078157	1.01658866	42559.56861	16124.724	10127.03516	2109.950428	559.7348097	0.1080033836	0.04338937607	0.01544660161
77	1	64065.02006	547.5820538	345315.4574	6048515.423	14967.38688	0.4013045247	0.9492444665	39883.12495	15666.41615	9658.267279	2119.321114	523.920738	0.1825273513	0.012101602	0.01000311687
77	1	68036.77117	3117.088637	1369251.249	1471692.53	94.34491128	0.9962262035	1.080220064	45143.09932	16563.58866	10572.96001	2117.0436	594.0496096	1.039029546	0.04798549646	0.01131473978
77	1	66075.79498	852.3217167	882086.7102	2864128.088	3194.536683	0.8722185327	1.052913415	44052.46522	16377.17973	10382.58837	2119.284362	579.4808612	0.2841072389	0.03091278444	0.01002287607
77	1	68361.60128	843.3035221	1493570.596	1221665.651	1596.780582	0.9361287767	1.066982738	44618.45347	16473.65632	10480.89712	2119.321264	587.0224549	0.281101174	0.05234227583	0.01
77	1	68834.64319	990.0793764	1535376.984	1186882.451	1558.049781	0.9376780088	1.067340131	44615.36001	16474.24496	10482.43495	2114.216566	587.0620916	0.3300264588	0.05380738333	0.01296493814
77	1	65917.48392	191.2100181	821322.4287	3137152.231	18259.67661	0.2696129358	0.9202570423	38713.35354	15467.2537	9455.518543	2118.173772	508.3508383	0.06373667271	0.02878329636	0.0106697784
77	1	64043.40195	1590.742188	339627.4344	6096444.004	4741.132444	0.8103547023	1.039294345	43504.85524	16283.81891	10287.44031	2119.324768	572.1829239	0.5302473959	0.01190226488	0.01
77	1	64389.25278	948.5383257	326651.2007	6438845.373	9292.024644	0.6283190142	0.9992406559	41872.17724	16006.88315	10006.39305	2112.968155	550.5269984	0.3161794419	0.01144751195	0.01369365194
77	1	70149.77232	844.481546	1960533.196	639859.975	1078.855983	0.9568457607	1.071545558	44799.71765	16504.70041	10512.65378	2118.662642	589.4483408	0.2814938487	0.06870700959	0.01038151877
77	1	67872.66676	330.7230984	1361758.902	1468490.478	5845.175009	0.7661929996	1.029572639	43113.61999	16217.13945	10219.50236	2119.255549	566.9705245	0.1102410328	0.04772292667	0.01004046895
77	1	70862.77603	3912.634341	2161954.171	481489.5841	-413.3314982	1.01653326	1.084683293	45330.35129	16595.01503	10604.56963	2119.286194	596.5090271	1.304211447	0.07576582038	0.01
77	1	71295.63775	852.335564	2277072.834	410227.4558	770.1139332	0.9691954427	1.074262269	44911.11421	16523.55412	10531.7524	2119.284525	590.9229083	0.2841118547	0.07980016119	0.01001941663
77	1	71704.66946	2528.9127	2369627.237	362705.4644	-193.7017307	1.007748069	1.082752629	45249.12932	16581.39721	10590.88402	2118.254384	595.4432218	0.8429709	0.0830437361	0.01060643064
77	1	66992.99152	388.7785195	1107474.872	2106711.228	6232.107651	0.750715694	1.026169115	42972.7676	16193.38145	10195.50437	2118.096848	565.111921	0.1295928398	0.03881152679	0.01071369513
77	1	68222.8935	1709.915645	1429648.672	1347941.28	568.104531	0.9772758188	1.076046194	44977.43159	16535.20631	10543.91835	2117.695533	591.8317743	0.5699718816	0.05010212794	0.01094114711
77	1	69301.28456	516.9377152	1702783.758	926175.4792	2795.822906	0.8881670838	1.056432356	44185.47811	16400.39876	10406.70733	2116.795852	581.292776	0.1723125717	0.05967416427	0.01146826162
77	1	70232.52996	2020.140505	1993534.862	608805.989	-26.34132017	1.001053653	1.081275552	45193.29552	16571.65085	10580.75999	2119.307782	594.6826562	0.6733801685	0.06986355509	0.01
77	1	64055.89874	842.8727014	342966.9257	6068148.913	9525.464725	0.618981411	0.9971646847	41810.44438	15994.96915	9993.083407	2119.325992	549.6036291	0.2809575671	0.01201929756	0.01
77	1	65323.0828	1112.933382	681593.7676	3786084.813	3156.520209	0.8737391916	1.053248052	44066.05877	16379.48844	10384.93386	2119.323702	579.6613815	0.3709777941	0.02388649661	0.01000000148
77	1	69087.883	1147.851738	1687653.307	932253.9644	770.6073644	0.9691757054	1.074257817	44911.04955	16523.53579	10531.72758	2119.317964	590.921517	0.3826172461	0.05914391666	0.01
77	1	69843.3017	805.8579381	1889522.228	703729.1381	1188.613841	0.9524554464	1.070576954	44763.0091	16498.29902	10506.00966	2119.319983	588.9487671	0.2686193127	0.06621842575	0.01
77	1	67475.82039	3267.294575	1208712.969	1847327.307	196.653859	0.9921338456	1.079321211	45104.75232	16557.19187	10566.55918	2116.403536	593.5487729	1.089098192	0.04235942231	0.01168750026
77	1	65917.48392	191.2100181	821322.4287	3137152.231	18259.67661	0.2696129358	0.9202570423	38713.35354	15467.2537	9455.518543	2118.173772	508.3508383	0.06373667271	0.02878329636	0.0106697784
77	1	67482.35865	741.9970877	1256958.991	1699609.661	2431.68062	0.9027327752	1.059631132	44322.43817	16423.21579	10429.51323	2119.223116	583.0794096	0.2473323626	0.04405020717	0.01005794636
77	1	64055.89874	943.0152786	342966.9257	6068148.913	8432.678975	0.662692841	1.006787489	42197.4635	16060.9451	10060.31725	2119.325825	554.7609489	0.3143384262	0.01201929756	0.01
77	1	64413.20763	801.0290919	418245.8993	5502467.106	8201.549782	0.6719380087	1.008826658	42275.3054	16074.48148	10074.3357	2118.107034	555.8175603	0.2670096973	0.01465745394	0.01070804755
77	1	69896.08867	406.0096583	1903628.375	690035.5305	3083.847312	0.8766461075	1.053887992	44091.79648	16383.876	10389.40508	2119.323635	580.0043559	0.1353365528	0.06671277658	0.01
77	1	65662.72035	935.9657838	711975.8375	3706014.643	3960.320441	0.8415871824	1.046181645	43769.38936	16329.71103	10334.87679	2115.682017	575.7657457	0.3119885946	0.02495123817	0.01211597134
77	1	71183.90541	373.9151772	2244777.831	429467.2804	2792.019298	0.8883192281	1.056458336	44194.55548	16401.433	10407.32997	2119.142886	581.3765552	0.1246383924	0.07866838077	0.0101048217
77	1	69144.50304	397.7103751	1702783.758	912810.1599	3627.611533	0.8548955387	1.049099737	43899.21788	16351.04673	10355.94989	2119.324101	577.4381017	0.132570125	0.05967416427	0.01
77	1	68214.54797	585.4199081	1454273.856	1290406.385	2729.101633	0.8908359347	1.057011796	44217.4326	16405.29346	10411.23087	2119.323253	581.6785513	0.1951399694	0.05096511909	0.01
77	1	63844.37888	852.335564	285346.8965	6577803.946	11470.8419	0.5411663238	0.9800343808	41121.25518	15877.49608	9873.382778	2119.260101	540.4207139	0.2841118547	0.01	0.0100384104
77	1	67666.13683	754.811701	1287519.204	1639289.6	2383.398398	0.9046640641	1.060059876	44335.85185	16425.74714	10432.29851	2118.103932	583.2758863	0.2516039003	0.04512119178	0.01070804755
77	1	66718.55614	838.4768629	1049860.221	2270347.551	2634.394209	0.8946242316	1.057846663	44250.05149	16410.91531	10417.01138	2119.043042	582.1176599	0.2794922876	0.03679241771	0.01016271214
77	1	68677.01154	1850.89634	1577857.004	1086325.36	253.5901645	0.9898563934	1.078810544	45094.15547	16554.75023	10563.53716	2119.313174	593.3615407	0.6169654467	0.05529609832	0.01
77	1	67671.42106	750.8790545	1288931.297	1636068.118	2396.05881	0.9041576476	1.059948391	44331.36806	16424.98278	10431.51957	2118.103952	583.2161364	0.2502930182	0.04517067865	0.01070804755
77	1	66170.88171	223.1627965	895714.801	2821777.783	14170.69297	0.4331722814	0.9562623425	40162.8277	15714.26051	9707.160697	2118.576357	527.659786	0.07438759883	0.03139038174	0.01043576771
77	1	72356.95193	703.8405185	2412129.374	357849.8312	1632.521172	0.9346991531	1.066696812	44576.16822	16468.41475	10477.20873	2110.324553	586.6014834	0.2346135062	0.08453322617	0.01522557715
77	1	64102.89565	687.4415471	305114.6271	6509569.856	13635.60518	0.4545757927	0.9609815289	40344.7877	15745.78055	9739.702724	2116.285492	530.1208353	0.2291471824	0.01069276137	0.01176666305
77	1	64190.8811	1375.81127	379037.9732	5770767.829	4939.369292	0.8024252283	1.037548719	43434.64802	16271.85053	10275.24375	2119.32486	571.24736	0.4586037566	0.0132834097	0.01
77	1	67650.36136	630.69988	1211208.169	1869331.004	3528.58261	0.8588566956	1.049989587	43915.95041	16355.11666	10361.12069	2113.756031	577.7492895	0.2102332933	0.04244686672	0.01323463506
77	1	70386.61733	1146.887485	1993768.151	617315.1867	713.1340867	0.9714746365	1.07477182	44923.26899	16526.15893	10534.85466	2116.846502	591.1234815	0.3822958285	0.06987173069	0.01143485526
77	1	64182.81946	4043.193459	376858.0206	5788370.452	1187.412748	0.9525034901	1.070587536	44763.42937	16498.37101	10506.0833	2119.31843	588.9543921	1.347731153	0.01320701312	0.01000089918
77	1	64369.82448	807.8170125	426856.629	5398881.399	7861.888632	0.6855244547	1.011813729	42399.61362	16095.40606	10095.43523	2119.32572	557.4547508	0.2692723375	0.01495921751	0.01
77	1	69911.86808	304.1585776	1907845.073	685994.1196	4361.323908	0.8255470437	1.042638846	43639.36758	16306.7495	10310.8081	2119.324573	573.9754016	0.1013861925	0.06686055102	0.01
77	1	65779.63199	3499.053885	803596.4703	3194330.888	292.9388505	0.988282446	1.078464049	45080.2198	16552.37459	10561.11622	2119.313703	593.1758375	1.166351295	0.02816208903	0.01
77	1	65392.96144	790.917624	672715.9288	3870015.401	4945.202551	0.8021918979	1.037502674	43427.10781	16270.92856	10274.60965	2117.662862	571.1732131	0.263639208	0.02357537219	0.01096554052
77	1	66205.32148	849.3087427	917352.5633	2726205.484	3053.100393	0.8778759843	1.054158742	44102.68576	16385.73232	10391.29679	2119.323605	580.1494636	0.2831029142	0.03214867849	0.01
77	1	64925.60248	2632.489283	563926.9783	4478191.686	1288.376821	0.9484649271	1.069700677	44725.40235	16492.03914	10499.75736	2118.629545	588.4585713	0.8774964277	0.01976285655	0.01040123146
77	1	71562.73722	373.7173043	2304390.446	400992.7098	2882.306938	0.8847077225	1.055671323	44154.30933	16395.12118	10401.35925	2116.632083	580.8800249	0.1245724348	0.08075750864	0.01156346026
77	1	66579.34961	1708.745366	1017303.298	2371861.792	946.2813408	0.9621487464	1.072710875	44848.83316	16512.92963	10520.91921	2119.318932	590.092437	0.5695817886	0.03565145829	0.01
77	1	64642.50155	841.6767772	499462.2022	4879974.011	6312.349743	0.7475060103	1.02545864	42948.34371	16188.95267	10190.76827	2119.309588	564.7672403	0.2805589257	0.0175036844	0.01000915853
77	1	64229.79659	522.1662397	389437.2765	5687771.309	13863.60483	0.4454558067	0.9589640841	40274.05617	15733.05784	9726.178557	2119.326409	529.1301045	0.1740554132	0.01364785394	0.01
77	1	64039.90768	378.4910364	338644.0386	6104906.43	22443.88106	0.1022447576	0.88340828	37235.2705	15215.03035	9198.275023	2119.323782	488.636055	0.1261636788	0.01186780171	0.01000173927
77	1	65292.98464	3203.91422	653784.2632	3962717.905	740.6994841	0.9703720206	1.074524996	44917.71417	16524.93266	10533.37022	2118.124849	591.0292199	1.067971407	0.02291191078	0.01069271748
77	1	64863.493	2411.453233	558778.6101	4492543.495	1442.651924	0.942293923	1.068339957	44673.03941	16482.9617	10490.37992	2119.320836	587.7498535	0.8038177444	0.01958243166	0.01
77	1	71747.52011	368.824163	2398380.003	346379.3295	2597.894296	0.8960842282	1.058167176	44263.90028	16413.21493	10419.3034	2119.322944	582.2977703	0.1229413877	0.08405137862	0.01000008524
77	1	64671.53428	838.4768629	422878.3027	5590600.158	7990.798379	0.6803680649	1.01069492	42337.14887	16085.87355	10086.65893	2114.222243	556.7032205	0.2794922876	0.01481979681	0.01296493814
77	1	68706.62336	827.7734196	1585770.108	1074416.251	1501.196233	0.9399521507	1.06782443	44652.30546	16479.42714	10486.77797	2119.321006	587.4735581	0.2759244732	0.05557341353	0.01
77	1	64233.67046	2683.732414	390472.4823	5679574.974	2073.700486	0.9170519806	1.062783098	44449.54834	16444.86271	10451.55454	2119.322295	584.7716675	0.8945774713	0.01368413279	0.01
77	1	64185.0179	830.6971414	367653.1181	5883024.79	9017.701501	0.63929194	1.00163782	41988.32213	16025.42185	10024.22556	2118.733671	551.983367	0.2768990471	0.01288442673	0.01034407398
77	1	68738.20794	847.0353661	1593422.521	1063314.283	1442.435982	0.9423025607	1.068342011	44672.95934	16482.95844	10490.38533	2119.2733	587.7495395	0.282345122	0.05584159282	0.01002761082
77	1	65233.70246	822.990027	657708.8924	3914176.867	4730.673597	0.8107730561	1.039386443	43508.55933	16284.45035	10288.08379	2119.324763	572.2322836	0.274330009	0.02304944965	0.01
77	1	64207.36093	2077.268876	383313.7782	5736752.035	2971.513018	0.8811394793	1.054877205	44131.55516	16390.65544	10396.31519	2119.315796	580.5342924	0.6924229586	0.01343325555	0.01000448797
77	1	64871.27761	844.4143266	552414.1915	4545850.183	5648.730927	0.7740507629	1.031303885	43181.74381	16228.84882	10231.5158	2118.81573	567.8852929	0.2814714422	0.01935939021	0.01029594447
77	1	66666.32805	639.8666912	1037048.29	2310313.586	3733.057251	0.85067771	1.048171884	43861.17836	16344.60819	10349.42738	2119.113158	576.9345398	0.2132888971	0.03634342277	0.01012259009
77	1	69797.35802	3647.611628	1877173.49	715957.3338	-330.2449738	1.013209799	1.083951667	45300.91134	16589.99728	10599.45701	2119.289744	596.1167858	1.215870543	0.06578566346	0.01000249891
77	1	65376.31296	3203.91422	676051.9112	3841682.329	693.9229353	0.9722430826	1.074936899	44934.28048	16527.75675	10536.24816	2118.124502	591.2499783	1.067971407	0.0236922819	0.01069271748
77	1	72766.46912	3351.941545	2668476.919	237945.0534	-422.9161089	1.016916644	1.084768117	45333.30921	16595.54825	10605.13738	2119.151297	596.5505434	1.117313848	0.09351694208	0.01007699674
77	1	67266.91005	437.8297289	1171165.485	1934218.174	5165.597891	0.7933760844	1.035562375	43348.59166	16257.57438	10261.0266	2117.522906	570.1291455	0.145943243	0.04104356836	0.01104690533
77	1	66334.54032	1474.746441	951875.9392	2598205.006	1354.132744	0.9458346903	1.069119437	44704.38772	16488.30581	10495.826	2119.32011	588.1676004	0.4915821469	0.03335855238	0.01000026277
77	1	70898.25979	380.1032738	2165083.408	480453.0888	2877.202199	0.884911912	1.055708885	44163.71925	16396.22063	10402.0555	2118.940167	580.9688525	0.1267010913	0.07587548471	0.01022264162
77	1	69911.80109	855.8903789	1907827.173	686011.2251	1056.763692	0.9577294523	1.071737995	44809.70492	16506.25936	10514.12176	2119.319446	589.5710239	0.285296793	0.06685992373	0.01
77	1	66002.40753	802.6515046	863128.3006	2940111.028	3528.849678	0.8588460129	1.04996941	43934.19521	16357.00939	10362.02623	2119.324025	577.9042008	0.2675505015	0.03024838578	0.01
77	1	69399.60462	3629.132948	1762093.931	843011.3148	-261.4770299	1.010459081	1.083347811	45274.81032	16585.66372	10595.13826	2118.761794	595.77737	1.209710983	0.06175269303	0.01031050192
77	1	66212.68338	965.1238088	899133.2804	2815935.634	2750.37914	0.8899848344	1.05682833	44205.88602	16403.59137	10409.72012	2118.105484	581.5439777	0.3217079363	0.03151018257	0.01070744022
77	1	64035.71071	1590.742188	337572.1208	6113923.968	4774.656625	0.809013735	1.038999139	43492.98237	16281.79491	10285.37773	2119.324784	572.024709	0.5302473959	0.01183023628	0.01
77	1	66205.32148	802.6515046	917352.5633	2726205.484	3275.042317	0.8689983073	1.052204376	44024.08319	16372.33278	10377.64177	2119.323813	579.1020255	0.2675505015	0.03214867849	0.01
77	1	72181.07059	266.837369	2433841.109	339009.6874	4163.441381	0.8334623448	1.044396878	43693.47463	16317.03376	10322.17977	2114.47449	574.7732585	0.08894578968	0.08529411528	0.01281755625
77	1	70755.84014	820.1553476	1990443.377	642519.2625	1675.860361	0.9329655856	1.066313985	44562.04636	16465.92591	10474.60397	2110.697398	586.4073967	0.2733851159	0.06975521379	0.01500915013
77	1	64477.96504	491.5899412	455754.7995	5185858.699	12512.45929	0.4995016286	0.9708619413	40752.57554	15814.63204	9809.308029	2119.326309	535.5067339	0.1638633137	0.01597195572	0.01
77	1	69230.8908	170.0950891	1725868.972	883922.3969	9368.270148	0.6252691941	0.9985489017	41866.11614	16004.45963	10002.75483	2119.32597	550.345497	0.05669836304	0.06048318708	0.01
77	1	68826.80945	925.9564642	1617887.179	1027405.906	1220.685277	0.9511725889	1.070294541	44751.65073	16496.36274	10504.03646	2119.320102	588.7974083	0.3086521547	0.0566989583	0.01
77	1	68361.60128	3466.919513	1493570.596	1221665.651	-190.5136654	1.007620547	1.082721214	45251.43851	16581.5626	10590.86072	2119.302176	595.4574551	1.155639838	0.05234227583	0.01
77	1	65953.17026	969.059828	778783.0878	3389362.95	3484.791584	0.8606083367	1.050371123	43935.65414	16358.19712	10364.02582	2115.029567	577.9916792	0.3230199427	0.02729250247	0.01249477544
77	1	64109.58408	4350	352592.9591	5997134.607	1194.913815	0.9522034474	1.07052239	44759.84003	16497.82105	10505.5749	2119.035199	588.9110482	1.45	0.01235664251	0.01016541915
77	1	64973.8436	491.5899412	588263.0461	4311765.651	9521.685239	0.6191325905	0.9971979668	41811.78206	15995.19724	9993.315897	2119.325731	549.6214588	0.1638633137	0.02061571559	0.01000015139
77	1	69309.60585	266.837369	1746903.829	858397.1311	5616.658649	0.775333654	1.031584675	43194.78039	16230.9598	10233.5734	2119.325129	568.0509441	0.08894578968	0.06122035496	0.01
77	1	66798.25355	394.7093953	1031187.677	2362716.359	6736.684735	0.7305326106	1.021730615	42789.24955	16162.41659	10164.21796	2116.634296	562.68958	0.1315697984	0.03613803722	0.01156346026
77	1	64939.58273	822.5900134	579111.9073	4367076.968	5479.580804	0.7808167678	1.032791749	43243.32764	16239.23575	10242.00714	2119.325079	568.6978726	0.2741966711	0.02029501335	0.01
77	1	68439.02848	761.3344062	1514261.302	1186956.193	1815.316245	0.9273873502	1.065058366	44541.05725	16460.46243	10467.45168	2119.321784	585.9910924	0.2537781354	0.0530673829	0.01
77	1	69994.53699	3813.647772	1928807.667	666512.5336	-355.7063174	1.014228253	1.084176078	45309.71856	16591.51262	10601.01296	2119.223474	596.2351594	1.271215924	0.06759518646	0.01003956037
77	1	70359.20813	498.3492018	2027337.169	580813.0054	2179.565026	0.912817399	1.06185089	44412.04567	16438.47021	10445.04071	2119.319485	584.2719638	0.1661164006	0.07104815905	0.01000173927
77	1	68706.64182	657.7308184	1585770.108	1074418.09	2087.095408	0.9165161837	1.062665146	44444.80343	16444.0539	10450.73037	2119.322022	584.7084428	0.2192436061	0.05557341353	0.01000017286
77	1	69523.42486	711.7947206	1804042.224	792720.5058	1551.582421	0.9379367031	1.067380742	44634.46077	16476.38512	10483.67795	2119.321145	587.2357643	0.2372649069	0.06322277361	0.01
77	1	65925.86627	3552.752893	842674.3452	3025089.11	228.6294227	0.9908548231	1.079030342	45102.99552	16556.25722	10565.07287	2119.312816	593.479341	1.184250964	0.02953157562	0.01
77	1	67628.77227	831.5054226	1297738.268	1604829.834	1991.747693	0.9203300923	1.063504754	44478.5726	16449.81054	10456.5967	2119.322144	585.1584375	0.2771684742	0.04547931953	0.01
77	1	67831.28357	330.7230984	1350700.161	1491288.14	5899.254327	0.7640298269	1.02909643	43094.46735	16213.87446	10216.17512	2119.255566	566.7153012	0.1102410328	0.04733537239	0.01004046895
77	1	63840.29591	825.4026725	285346.8965	6575314.411	11865.2204	0.525391184	0.9765613695	40981.79957	15853.7084	9849.129469	2119.325954	538.5613205	0.2751342242	0.01	0.01000017336
77	1	65623.00207	409.1532783	761740.5933	3386119.598	8779.563726	0.648817451	1.003732906	42074.61139	16040.00225	10038.9751	2119.325882	553.1238525	0.1363844261	0.02669524718	0.01
77	1	70338.2281	1124.718783	1946770.632	666918.9184	918.243431	0.9632702628	1.072972256	44843.85898	16513.07111	10521.89498	2114.792023	590.0978423	0.3749062609	0.0682246997	0.0126287203
77	1	64836.14345	828.6207902	543025.3653	4605695.969	5882.642272	0.7646943091	1.029244119	43098.90218	16214.72663	10217.12436	2118.815811	566.7813659	0.2762069301	0.0190303582	0.01029594447
77	1	68987.72152	555.3617584	1660887.368	967670.2017	2460.024837	0.9015990065	1.05938122	44312.72837	16421.53873	10427.78587	2119.322907	582.9484389	0.1851205861	0.05820590265	0.01
77	1	70513.9233	3757.419891	2068731.003	548259.2823	-382.302642	1.015292106	1.084410061	45319.36216	16593.14169	10602.66058	2119.289535	596.3625887	1.252473297	0.07249880858	0.01
77	1	67597.22604	234.6547883	1289308.238	1623787.054	9067.479255	0.6373008298	1.001197593	41972.64372	16022.61961	10021.26105	2119.325926	551.7650569	0.07821826277	0.04518388858	0.01
77	1	65160.34152	477.0328068	532493.1416	4834014.688	11402.90461	0.5438838158	0.9806528047	41124.54903	15879.43624	9876.518636	2112.955491	540.564497	0.1590109356	0.01866125576	0.01370116741
77	1	67542.16006	485.5924748	1274593.074	1657416.292	4041.242893	0.8383502843	1.045457401	43752.72692	16326.07411	10330.50114	2119.324385	575.4859997	0.1618641583	0.04466819473	0.01
77	1	67578.01552	243.8173925	1214367.363	1846655.578	9584.085287	0.6166365885	0.996661968	41775.81308	15989.98629	9988.779468	2115.115066	549.2088589	0.08127246417	0.04255758089	0.0124464008
77	1	64273.247	3629.132948	400977.6537	5597201.956	1279.519461	0.9488192215	1.069776475	44730.80005	16492.80921	10500.41597	2119.316042	588.5196251	1.209710983	0.01405228719	0.0100024806
77	1	67932.31503	572.5127585	1378853.351	1433359.617	3003.304325	0.879867827	1.054597234	44120.32145	16388.73872	10394.3605	2119.323555	580.3844724	0.1908375862	0.04832200272	0.01
77	1	65306.54186	585.2838962	677124.9887	3809791.644	6741.301002	0.7303479599	1.021681359	42796.46934	16163.05952	10164.3791	2119.322537	562.7431972	0.1950946321	0.02372988797	0.01000170385
77	1	67834.70673	145.7931788	1351614.924	1489388.998	14335.89873	0.4265640509	0.9548054026	40106.55993	15704.51964	9697.109055	2119.256782	526.8991953	0.04859772626	0.04736743032	0.01004046895
77	1	64852.95069	415.4853113	555961.4112	4510209.007	12113.01402	0.5154794391	0.9743793585	40894.04239	15838.74818	9833.883971	2119.326275	537.3918856	0.1384951038	0.01948370275	0.01
77	1	63960.81563	850.5309235	285346.8965	6649197.84	11631.462	0.5347415201	0.9786260087	41058.18783	15867.15529	9863.189792	2117.383186	539.6100323	0.2835103078	0.01	0.01112884262
77	1	65799.72785	854.0720976	808336.4569	3174002.106	3546.588822	0.8581364471	1.049813325	43927.78753	16355.92537	10360.92853	2119.286023	577.819416	0.2846906992	0.02832820216	0.01002208502
77	1	64235.35317	455.5426192	390922.1488	5676018.379	15939.36324	0.3624254705	0.9406854633	39538.90916	15607.73579	9598.467147	2119.326533	519.3337195	0.1518475397	0.01369989138	0.01
77	1	64235.35317	455.5426192	390922.1488	5676018.379	15939.36324	0.3624254705	0.9406854633	39538.90916	15607.73579	9598.467147	2119.326533	519.3337195	0.1518475397	0.01369989138	0.01
77	1	68987.72152	493.6132801	1660887.368	967670.2017	2863.458829	0.8854616468	1.055828679	44169.84889	16397.18176	10402.96452	2119.323406	581.0444626	0.16453776	0.05820590265	0.01
77	1	65373.70737	646.5323427	628526.34	4171862.998	6843.642057	0.7262543177	1.020793021	42747.00184	16155.5045	10157.41781	2115.308253	562.1476076	0.2155107809	0.02202674526	0.01233385278
77	1	67427.43772	316.8471108	1243936.068	1729731.88	6782.470173	0.7287011931	1.021318824	42781.8986	16160.57498	10161.84664	2119.32548	562.5489847	0.1056157036	0.04359381802	0.01
77	1	72461.45835	362.2009435	2589166.622	265538.5499	2407.047194	0.9037181123	1.059847728	44331.49084	16424.7372	10431.04533	2119.322832	583.1984629	0.1207336478	0.09073750771	0.01
77	1	71869.18092	883.8093647	2430893.595	331040.553	619.6010888	0.9752159564	1.075587541	44964.52967	16532.65265	10541.01827	2119.316934	591.6341798	0.2946031216	0.08519081948	0.01
77	1	70037.47295	2246.396675	1913057.893	687762.8637	49.91549509	0.9980033802	1.080609529	45160.65508	16566.46055	10575.78507	2117.596208	594.2747954	0.7487988915	0.06704323463	0.01099360822
77	1	64247.42202	547.840313	391398.2561	5677667.654	13120.08827	0.475196469	0.9655118399	40536.83249	15777.89013	9771.896087	2119.16053	532.6344234	0.1826134377	0.01371657659	0.01009633977
77	1	64202.3246	838.4768629	372277.9502	5845244.752	8807.44748	0.6477021008	1.003489265	42062.78533	16038.11574	10037.16148	2118.733639	552.975645	0.2794922876	0.01304650426	0.01034407398
77	1	64148.83495	2036.778394	367802.0693	5861802.921	3205.921204	0.8717631518	1.052813039	44048.563	16376.5059	10381.89446	2119.323751	579.4282373	0.6789261314	0.01288964674	0.01
77	1	65071.72846	420.6398663	584294.1898	4381225.625	11468.80312	0.5412478751	0.9800579412	41116.20819	15877.0187	9873.218189	2117.508667	540.3812087	0.1402132888	0.02047662677	0.01105593358
77	1	68361.60128	3466.919513	1493570.596	1221665.651	-190.5136654	1.007620547	1.082721214	45251.43851	16581.5626	10590.86072	2119.302176	595.4574551	1.155639838	0.05234227583	0.01
77	1	67671.42106	706.134995	1288931.297	1636068.118	2590.817617	0.8963672953	1.058233393	44262.39261	16413.22439	10419.537	2118.104232	582.296987	0.2353783317	0.04517067865	0.01070804755
77	1	67831.28357	1141.485607	1350700.161	1491288.14	1169.387038	0.9532245185	1.070746484	44769.58898	16499.43594	10507.18105	2119.250232	589.0375526	0.3804952024	0.04733537239	0.01004046895
77	1	64369.84299	2383.50907	426856.629	5398890.665	2158.839696	0.9136464122	1.062033384	44419.3946	16439.72241	10446.31629	2119.322145	584.3698511	0.7945030232	0.01495921751	0.01000017336
77	1	70657.66188	570.8272628	2107141.955	519694.052	1708.15147	0.9316739412	1.066002033	44579.01055	16466.9324	10474.04501	2119.321541	586.4968485	0.1902757543	0.07384492282	0.01
77	1	67639.68141	983.7546726	1287123.282	1636400.64	1642.880118	0.9342847953	1.06657941	44599.43855	16470.59328	10477.92569	2118.505067	586.7819984	0.3279182242	0.04510731665	0.01047416719
77	1	66334.97522	1562.253611	951875.9392	2598309.77	1235.937677	0.9505624929	1.070160256	44746.22439	16495.43933	10503.09681	2119.312693	588.7252165	0.5207512035	0.03335855238	0.01000433558
77	1	71747.52011	838.8505823	2398380.003	346379.3295	713.5966033	0.9714561359	1.07475984	44931.2399	16526.97771	10535.23515	2119.317453	591.1905709	0.2796168608	0.08405137862	0.01000008524
77	1	66333.96745	2755.840356	951730.3491	2598725.249	369.178063	0.9852328775	1.077792705	45053.21906	16547.77172	10556.42559	2119.314624	592.8160323	0.918613452	0.03335345016	0.01
77	1	67633.45099	856.0039866	1258186.78	1719907.655	2173.622232	0.9130551107	1.061911091	44406.05313	16437.9862	10444.99927	2116.860923	584.2310572	0.2853346622	0.04409323513	0.0114299007
77	1	71376.11927	850.8300848	2255194.041	429337.0764	975.4980586	0.9609800777	1.072462086	44829.75522	16510.25697	10518.68273	2116.667535	589.8802043	0.2836100283	0.07903341752	0.0115398711
77	1	64163.30538	859.7658318	371553.4882	5831483.379	8547.601131	0.6580959548	1.005775535	42156.73992	16054.00439	10053.24549	2119.318878	554.218387	0.2865886106	0.01302111545	0.01000404709
77	1	64127.78103	1569.993957	337572.1208	6166336.893	4954.352531	0.8018258988	1.037421532	43424.45295	16270.4371	10274.07614	2117.840679	571.1350179	0.5233313189	0.01183023628	0.01086224015
77	1	63988.12	888.8693018	315897.6133	6320952.113	9867.888112	0.6052844755	0.994151118	41687.39261	15974.1104	9971.926276	2118.785734	547.9724325	0.2962897673	0.0110706518	0.01031389666
77	1	64799.0168	1310.783865	461967.8801	5285095.269	4491.974133	0.8203210347	1.041503741	43577.28441	16297.21579	10301.9749	2114.523998	573.2241557	0.436927955	0.01618969352	0.01278891747
77	1	71832.66958	110.8508474	2421136.746	335570.6708	10318.85615	0.5872457542	0.9901782739	41529.45825	15947.06885	9944.269857	2119.326093	545.8592782	0.03695028246	0.0848488901	0.01
77	1	65336.06158	576.1829612	523402.4409	4991750.637	9798.673534	0.6080530586	0.9947900955	41681.56429	15975.13111	9974.659383	2109.574351	548.0407104	0.1920609871	0.01834267158	0.015665373
77	1	64399.96784	687.4415471	384500.5937	5828067.398	10707.42946	0.5717028215	0.9867663281	41381.82535	15922.56653	9919.859261	2116.285226	543.9401394	0.2291471824	0.01347484758	0.01176666305
77	1	64128.03507	327.0690439	362243.7625	5907366.745	24342.81151	0.02628753973	0.8666867534	36562.75843	15100.38516	9081.443481	2119.326823	479.6742802	0.1090230146	0.01269485552	0.01
77	1	64975.0766	795.0460438	572347.591	4433345.502	5842.607742	0.7662956903	1.029598161	43111.53001	16216.98227	10219.50953	2118.345001	566.9571004	0.2650153479	0.02005795745	0.01056945659
77	1	66777.43688	801.3188364	1068784.258	2208833.149	2714.682882	0.8914126847	1.057139044	44222.25032	16406.13392	10412.10347	2119.235552	581.7441402	0.2671062788	0.0374556118	0.01005093721
77	1	71138.31545	549.1560609	2232477.355	436907.4635	1674.876543	0.9330049383	1.066295644	44590.17747	16468.87706	10476.06121	2119.133911	586.6486271	0.1830520203	0.07823730982	0.01010894192
77	1	64096.65619	641.5850521	353832.7936	5977042.625	12338.90027	0.5064439892	0.9723902645	40814.03781	15825.10997	9819.986023	2119.324746	536.3257891	0.213861684	0.01240009259	0.01000089918
77	1	67854.08237	237.6487703	1202530.317	1933956.082	10316.86149	0.5873255404	0.9902258535	41499.28411	15943.97508	9942.840132	2109.95099	545.605724	0.07921625678	0.04214275088	0.01544660161
77	1	68864.84364	1481.519018	1628050.974	1012961.787	468.3149269	0.9812674029	1.07691973	45018.10891	16541.78642	10550.32618	2119.315651	592.3481634	0.4938396727	0.05705514914	0.01
77	1	72808.38343	177.8567374	2610982.382	264004.3493	5947.649737	0.7620940105	1.02868374	43063.47123	16209.51038	10212.50098	2115.048797	566.3689059	0.05928557913	0.0915020424	0.01248442464
77	1	64571.68333	995.3310732	480646.9609	5009381.027	5453.725577	0.7818509769	1.033019453	43252.45429	16240.79359	10243.59637	2119.315902	568.8196373	0.3317770244	0.01684430308	0.01000532604
77	1	64620.88871	2718.971711	493947.9848	4917158.176	1449.946853	0.9420021259	1.06827572	44670.45585	16482.52128	10489.9311	2119.320858	587.7154256	0.9063239038	0.01731043831	0.01
77	1	65839.90345	854.0720976	819072.496	3126885.747	3490.110178	0.8603955929	1.050310662	43947.78991	16359.33522	10364.40339	2119.285978	578.0859627	0.2846906992	0.02870444733	0.01002208502
77	1	70286.95802	344.6975579	2008079.554	596594.8786	3532.640623	0.8586943751	1.049936028	43932.85262	16356.78051	10361.79299	2119.324028	577.8863097	0.114899186	0.07037327474	0.01
77	1	63840.2774	609.6122307	285346.8965	6575303.126	16336.03485	0.3465586061	0.9371924701	39398.42463	15583.7871	9574.061855	2119.326553	517.4616578	0.2032040769	0.01	0.01
77	1	71001.03754	3533.584846	2195483.224	460062.8912	-366.7600593	1.014670402	1.084273857	45313.17844	16592.13263	10601.67017	2119.083413	596.2834529	1.177861615	0.07694084818	0.01011979358
77	1	67252.53731	1045.286061	1197197.806	1846098.956	1612.103796	0.9355158482	1.066847805	44613.02662	16472.7312	10479.95436	2119.321304	586.9501382	0.348428687	0.0419558727	0.01
77	1	65037.47529	491.5899412	605221.8954	4211162.877	9233.639908	0.6306544037	0.9997344323	41913.78669	16012.58678	10011.03749	2119.322957	550.9807903	0.1638633137	0.02121003953	0.01000173927
77	1	68076.53953	525.2117445	1417394.155	1358433.423	3230.987771	0.8707604892	1.052592309	44039.68547	16374.99253	10380.35223	2119.323774	579.3099376	0.1750705815	0.04967266765	0.01
77	1	71287.40918	3862.101571	2214093.1	457388.3528	-151.658494	1.00606634	1.08239091	45225.49071	16577.94829	10587.85749	2115.585924	595.1703017	1.28736719	0.07759303245	0.01214948467
77	1	64620.88871	2725.977596	493947.9848	4917158.176	1444.25434	0.9422298264	1.068325847	44672.4719	16482.86496	10490.28133	2119.320841	587.742291	0.9086591988	0.01731043831	0.01
