#gen	Feasible	f1	f2	c1	c2	c3	x1	x2	x3
18	1	0.03418561231	5445.401849	0.06581438769	94554.59815	25486.07911	0.006121372537	0.0011317	3
18	1	0.0615683399	2884.135153	0.0384316601	97115.86485	25372.20893	0.01167005348	0.0011317	2.955146142
18	1	0.01821901553	11428.45596	0.08178098447	88571.54404	25137.9473	0.003002839988	0.0011317	2.868667971
18	1	0.02231468011	8942.493717	0.07768531989	91057.50628	25253.5969	0.003823317533	0.001132759328	2.884957028
18	1	0.02821644266	6817.689175	0.07178355734	93182.31082	25136.03712	0.005034428847	0.001131700054	2.867991376
18	1	0.0198976953	10235.05582	0.0801023047	89764.94418	25331.99121	0.003303493855	0.001131910928	2.934493287
18	1	0.02769872811	6992.522162	0.07230127189	93007.47784	24966.54359	0.004975879527	0.0011317	2.809840377
18	1	0.01726093697	12191.40722	0.08273906303	87808.59278	25369.91731	0.002761331642	0.0011317	2.954263316
18	1	0.07131088393	2474.233256	0.02868911607	97525.76674	25314.19623	0.01366985649	0.0011317	2.933029706
18	1	0.020697066	9738.102799	0.079302934	90261.8972	25470.0759	0.003427682443	0.0011317	2.993576953
18	1	0.03279607108	5719.686568	0.06720392892	94280.31343	25372.07287	0.005884657742	0.0011317	2.955093706
18	1	0.02453504405	7991.836445	0.07546495595	92008.16356	25227.75975	0.004262615849	0.0011317	2.900948753
18	1	0.008988565807	30483.31875	0.09101143419	69516.68125	25192.90862	0.001120743518	0.0011317	2.888298092
18	1	0.01182938314	20160.641	0.08817061686	79839.359	25334.0936	0.001676806559	0.001131910928	2.935287726
18	1	0.06224957664	2840.707642	0.03775042336	97159.29236	25486.07911	0.0117341654	0.0011317	3
18	1	0.02291458598	8655.993962	0.07708541402	91344.00604	25305.63382	0.003929266339	0.00113258675	2.90804108
18	1	0.03015988346	6272.236728	0.06984011654	93727.76327	25470.25927	0.005321642192	0.0011317	2.993650325
18	1	0.009266932143	28828.59537	0.09073306786	71171.40463	24894.38237	0.001213838771	0.001131702666	2.78603837
18	1	0.07569322049	2314.463522	0.02430677951	97685.53648	25440.88594	0.01445799868	0.001131700001	2.981963232
18	1	0.01734108583	12180.81393	0.08265891417	87819.18607	24953.62813	0.002859382351	0.0011317	2.805547645
18	1	0.06205804589	2866.111509	0.03794195411	97133.88849	25304.5948	0.01181027262	0.0011317	2.929415352
18	1	0.01551622823	13979.88103	0.08448377177	86020.11897	25192.91086	0.002443796326	0.001131700034	2.888298092
18	1	0.02159801796	9249.452589	0.07840198204	90750.54741	25485.32818	0.003604049307	0.0011317	2.999697712
18	1	0.07466004893	2353.375552	0.02533995107	97646.62445	25371.17343	0.01430326404	0.0011317	2.95474713
18	1	0.04807684767	3783.548508	0.05192315233	96216.45149	25143.74511	0.009065992686	0.0011317	2.870720543
18	1	0.05862648554	3060.98904	0.04137351446	96939.01096	25136.54479	0.01121263172	0.0011317	2.868172084
18	1	0.02107942638	9600.201696	0.07892057362	90399.7983	25017.36037	0.003613681378	0.001131910928	2.822190401
18	1	0.01579870136	13638.8973	0.08420129864	86361.1027	25486.07911	0.002443990346	0.0011317	3
18	1	0.02100686286	9611.002748	0.07899313714	90388.99725	25161.02062	0.003563968415	0.0011317	2.876861785
18	1	0.03149416049	6011.792057	0.06850583951	93988.20794	25196.77518	0.005681024363	0.0011317	2.889693754
18	1	0.01753624279	11975.65502	0.08246375721	88024.34498	25180.18871	0.00285576344	0.0011317	2.883720482
18	1	0.0268329293	7189.201349	0.0731670707	92810.79865	25384.28491	0.004695386022	0.001132407563	2.941906959
18	1	0.07687232361	2273.960153	0.02312767639	97726.03985	25486.07911	0.0146587148	0.0011317	3
18	1	0.02654037728	7314.173118	0.07345962272	92685.82688	25175.76317	0.004695386022	0.001132407563	2.865502177
18	1	0.02282404386	8660.402005	0.07717595614	91339.598	25498.86253	0.003848936033	0.001131894185	3
18	1	0.03586873658	5211.719552	0.06413126342	94788.28045	25141.19395	0.006595032498	0.001132039496	2.861897319
18	1	0.05685064598	3128.640038	0.04314935402	96871.35996	25498.86253	0.01065425646	0.001131894185	3
18	1	0.03076754773	6181.010323	0.06923245227	93818.98968	26069.84306	0.005525494273	0.001145064653	2.889693754
18	1	0.007267252452	41798.37439	0.09273274755	58201.62561	22367.36198	0.0009918744891	0.0011317	2.202906351
18	1	0.06278839197	2819.787116	0.03721160803	97180.21288	25428.80995	0.01187925009	0.0011317	2.977196695
18	1	0.06799126728	2589.901819	0.03200873272	97410.09818	25456.02089	0.01290369244	0.0011317	2.987968604
18	1	0.03053315334	6183.435276	0.06946684666	93816.56472	25500.03076	0.005390746704	0.001131911934	3
18	1	0.01581515456	13630.39153	0.08418484544	86369.60847	25334.0936	0.002480155833	0.001131910928	2.935287726
18	1	0.02988514929	6355.756539	0.07011485071	93644.24346	25342.30386	0.005309020771	0.0011317	2.943685214
18	1	0.02715105609	7070.44374	0.07284894391	92929.55626	25486.07911	0.004714461292	0.0011317	3
18	1	0.06224957664	2840.707642	0.03775042336	97159.29236	25486.07911	0.0117341654	0.0011317	3
18	1	0.05444299336	3278.225616	0.04555700664	96721.77438	25470.0759	0.0101820704	0.0011317	2.993576953
18	1	0.04128953448	4430.813111	0.05871046552	95569.18689	25391.03672	0.007584276141	0.0011317	2.962428426
18	1	0.005431100333	73951.23641	0.09456889967	26048.76359	12951.5214	0.0008251255125	0.00113278166	1.3877256
18	1	0.02547474945	7613.92823	0.07452525055	92386.07177	25470.0759	0.004383955691	0.0011317	2.993576953
18	1	0.007215433626	48424.587	0.09278456637	51575.413	13540.5628	0.00123769128	0.001132781011	1.415947622
18	1	0.03348069624	5635.711269	0.06651930376	94364.28873	25053.9803	0.006130858952	0.0011317	2.83940939
18	1	0.0438105082	4146.377522	0.0561894918	95853.62248	25452.92093	0.008062013474	0.0011317	2.98673573
18	1	0.01630103784	13128.53262	0.08369896216	86871.46738	25168.7197	0.00260743234	0.0011317	2.879610984
18	1	0.04521099158	4016.006409	0.05478900842	95983.99359	25372.20893	0.008380965582	0.0011317	2.955146142
18	1	0.01562599167	13856.89075	0.08437400833	86143.10925	25164.08786	0.002471313877	0.0011317	2.877956128
18	1	0.02355002748	8371.589955	0.07644997252	91628.41004	25307.90225	0.004043248257	0.001131743992	2.929567172
18	1	0.02943100501	6490.137366	0.07056899499	93509.86263	25192.01652	0.00526436987	0.0011317	2.887976361
18	1	0.04178629679	4379.040037	0.05821370321	95620.95996	25343.18173	0.007704966267	0.0011317	2.944019821
18	1	0.02472346966	7899.008118	0.07527653034	92100.99188	25367.83256	0.004262615849	0.0011317	2.95346085
18	1	0.02484935561	7850.292813	0.07515064439	92149.70719	26309.22094	0.004246126116	0.001144341332	3
18	1	0.05995276996	2958.465797	0.04004723004	97041.5342	25463.31626	0.01128911132	0.0011317	2.990875858
18	1	0.02677158181	7285.191623	0.07322841819	92714.80838	24882.31452	0.004807826931	0.0011317	2.78218124
18	1	0.01092824847	22570.74766	0.08907175153	77429.25234	25205.89659	0.001512025339	0.0011317	2.892993934
18	1	0.02175062818	9197.058797	0.07824937182	90802.9412	25305.00872	0.00368034925	0.0011317	2.929570902
18	1	0.01705710274	12476.52143	0.08294289726	87523.47857	24735.03975	0.002839617316	0.0011317	2.735651297
18	1	0.006387411361	51769.53243	0.09361258864	48230.46757	21839.59834	0.000825	0.0011317	2.119897133
18	1	0.08335956452	2099.521834	0.01664043548	97900.47817	25333.84053	0.01608309968	0.0011317	2.940465006
18	1	0.01742574181	12038.08057	0.08257425819	87961.91943	25463.73293	0.002774300981	0.0011317	2.991042153
18	1	0.0776261071	2250.811809	0.0223738929	97749.18819	25486.07911	0.0148094715	0.0011317	3
18	1	0.01251467915	18644.55815	0.08748532085	81355.44185	25450.98078	0.001793214521	0.0011317	2.985964869
18	1	0.007606271669	40954.66386	0.09239372833	59045.33614	25326.50156	0.000825	0.0011317	2.937680847
18	1	0.05986360956	2985.296179	0.04013639044	97014.70382	26105.70357	0.01139307582	0.001144849515	2.90804108
18	1	0.07394592335	2385.199266	0.02605407665	97614.80073	25269.52095	0.014233009	0.0011317	2.916320964
18	1	0.0550331118	3240.61599	0.0449668882	96759.38401	25470.25927	0.01030007866	0.0011317	2.993650325
18	1	0.05339265979	3373.672591	0.04660734021	96626.32741	25211.41771	0.01011124861	0.0011317	2.89499681
18	1	0.06224957664	2840.707642	0.03775042336	97159.29236	25486.07911	0.0117341654	0.0011317	3
18	1	0.02143652716	9356.509463	0.07856347284	90643.49054	25331.99121	0.003613681378	0.001131910928	2.934493287
18	1	0.07466004893	2353.375552	0.02533995107	97646.62445	25371.17343	0.01430326404	0.0011317	2.95474713
18	1	0.03843534872	4851.50409	0.06156465128	95148.49591	24964.23638	0.007173099127	0.0011317	2.809072135
18	1	0.01792386467	11656.85786	0.08207613533	88343.14214	25170.43885	0.002936905364	0.001131743977	2.879186032
18	1	0.01109508024	22095.17465	0.08890491976	77904.82535	25270.91239	0.001536291979	0.0011317	2.916837213
18	1	0.07031412977	2512.179257	0.02968587023	97487.82074	25301.63128	0.01347751473	0.0011317	2.928302368
18	1	0.0117593181	20290.15108	0.0882406819	79709.84892	25023.77011	0.001708672164	0.001131883138	2.824978232
18	1	0.06235065932	2835.821867	0.03764934068	97164.17813	25486.07911	0.01175438194	0.0011317	3
18	1	0.04079484185	4478.34962	0.05920515815	95521.65038	25486.10588	0.007443218186	0.001131700407	3
18	1	0.05327893233	3382.150852	0.04672106767	96617.84915	25204.11813	0.01009196086	0.0011317	2.89234962
18	1	0.08298732419	2116.095003	0.01701267581	97883.905	25239.4094	0.01608309968	0.0011317	2.90521336
18	1	0.07638260167	2294.310512	0.02361739833	97705.68949	25417.06743	0.0146145966	0.0011317	2.972582869
18	1	0.02869424614	6657.904539	0.07130575386	93342.09546	25332.2195	0.005072378145	0.0011317	2.939849384
18	1	0.01675187739	12652.66301	0.08324812261	87347.33699	25500.03076	0.002634491513	0.001131911934	3
18	1	0.06799170426	2589.87418	0.03200829574	97410.12582	25456.14573	0.01290369244	0.0011317	2.988018286
18	1	0.02369801414	8286.356859	0.07630198586	91713.64314	25483.84961	0.004028202569	0.001131909186	2.993576953
18	1	0.04043877583	4521.610098	0.05956122417	95478.3899	25486.07911	0.007372005239	0.0011317	3
18	1	0.06516077911	2710.951682	0.03483922089	97289.04832	25431.76454	0.01235305355	0.0011317	2.978360877
18	1	0.03912058569	4705.850427	0.06087941431	95294.14957	25351.63157	0.007164784186	0.0011317	2.947246174
18	1	0.01717842569	12255.19386	0.08282157431	87744.80614	25486.07911	0.002719935213	0.0011317	3
18	1	0.03362141624	5615.975201	0.06637858376	94384.0248	25014.2237	0.00617287676	0.001131725453	2.825282799
18	1	0.01741939115	12055.703	0.08258060885	87944.297	25338.46729	0.002799812979	0.0011317	2.942224176
18	1	0.05743869523	3094.480788	0.04256130477	96905.51921	25498.86253	0.01077186631	0.001131894185	3
