#gen	Feasible	f1	f2	c1	c2	c3	x1	x2	x3
36	1	0.01176745802	20265.34737	0.08823254198	79734.65263	24925.79199	0.001722464936	0.0011317	2.796359722
36	1	0.01533271913	14182.64932	0.08466728087	85817.35068	25379.04019	0.002371814122	0.0011317	2.957782364
36	1	0.02576561892	7561.86888	0.07423438108	92438.13112	25160.43092	0.004529959576	0.0011317	2.876651525
36	1	0.03601867532	5172.876847	0.06398132468	94827.12315	25221.36969	0.00658900047	0.0011317	2.898617214
36	1	0.007357511517	42509.66065	0.09264248848	57490.33935	24866.09408	0.000825	0.0011317	2.776944477
36	1	0.01487768268	14783.48503	0.08512231732	85216.51497	24990.07274	0.002349169441	0.0011317	2.817709785
36	1	0.02120555363	9495.586424	0.07879444637	90504.41358	25208.01871	0.003593415286	0.0011317	2.893763293
36	1	0.0151608263	14390.05036	0.0848391737	85609.94964	25486.07911	0.002316415335	0.0011317	3
36	1	0.01293613149	17786.19502	0.08706386851	82213.80498	25205.46718	0.001918833548	0.0011317	2.892838323
36	1	0.009860056375	26367.6679	0.09013994362	73632.3321	25253.00147	0.00128929521	0.00113170322	2.91013363
36	1	0.01495979218	14653.02929	0.08504020782	85346.97071	25234.08126	0.002323639268	0.0011317	2.903260629
36	1	0.03328647471	5655.205264	0.06671352529	94344.79474	25170.51761	0.006054591116	0.001131771464	2.878564782
36	1	0.01445898749	15317.00323	0.08554101251	84682.99677	25427.9841	0.00218706691	0.0011317	2.976871528
36	1	0.03562665207	5233.030151	0.06437334793	94766.96985	25242.01591	0.006502166446	0.0011317	2.906170018
36	1	0.01031663393	24504.81582	0.08968336607	75495.18418	24974.22005	0.001419016607	0.0011317	2.812400815
36	1	0.008550899055	33520.04382	0.09144910094	66479.95618	25486.07911	0.0009944298855	0.0011317	3
36	1	0.009105830929	29740.43336	0.09089416907	70259.56664	25054.79253	0.001161701108	0.0011317	2.839688297
36	1	0.03486836752	5358.543297	0.06513163248	94641.4567	25248.35292	0.00634653777	0.0011317	2.90849967
36	1	0.06113176539	2910.668784	0.03886823461	97089.33122	25522.97043	0.01160859554	0.001134691731	2.93752306
36	1	0.02674555678	7236.617058	0.07325444322	92763.38294	25203.99864	0.004716688629	0.0011317	2.892306345
36	1	0.05411827519	3317.812783	0.04588172481	96682.18722	25283.99436	0.01021990678	0.0011317	2.921703862
36	1	0.07285510728	2465.905984	0.02714489272	97534.09402	24761.10198	0.01433857443	0.0011317	2.743722023
36	1	0.08358798448	2091.679922	0.01641201552	97908.32008	25360.38047	0.01610742948	0.0011317	2.950597529
36	1	0.01651509758	12896.45118	0.08348490242	87103.54882	25317.0318	0.002621992126	0.0011317	2.934099598
36	1	0.04761449654	3806.971748	0.05238550346	96193.02825	25283.34964	0.008907225756	0.0011317	2.921463468
36	1	0.01379097987	16320.30053	0.08620902013	83679.69947	25486.07911	0.002042446048	0.0011317	3
36	1	0.03344861536	5627.183953	0.06655138464	94372.81605	25148.62983	0.00609327303	0.0011317	2.872453158
36	1	0.0218137496	9180.843134	0.0781862504	90819.15687	25208.01871	0.003716606951	0.0011317	2.893763293
36	1	0.00730760267	42850.67253	0.09269239733	57149.32747	24763.21959	0.000825	0.0011317	2.744380807
36	1	0.01525169638	14298.57627	0.08474830362	85701.42373	25142.16055	0.002399263465	0.0011317	2.870159147
36	1	0.01944966342	10613.97323	0.08055033658	89386.02677	24802.83952	0.003320497831	0.0011317	2.756791141
36	1	0.02324400783	8512.634353	0.07675599217	91487.36565	25234.28559	0.003999709791	0.001131701547	2.903298031
36	1	0.02735508248	7010.285037	0.07264491752	92989.71496	25482.30966	0.004756457635	0.0011317	2.998483497
36	1	0.02640616549	7345.424546	0.07359383451	92654.57545	25193.3255	0.00465089697	0.0011317	2.888448477
36	1	0.02749501845	6968.757036	0.07250498155	93031.24296	25486.07911	0.004783253765	0.0011317	3
36	1	0.008386708075	34254.88602	0.09161329193	65745.11398	25228.48766	0.0009944298855	0.0011317	2.901214692
36	1	0.009139315296	29229.61875	0.0908606847	70770.38125	24151.50702	0.00126543124	0.0011317	2.571141313
36	1	0.01348717367	16809.65574	0.08651282633	83190.34426	25319.45363	0.0020111978	0.001131700002	2.93501423
36	1	0.009131046982	29523.55371	0.09086895302	70476.44629	24923.87299	0.001182501139	0.0011317	2.795729509
36	1	0.01660699983	12795.51277	0.08339300017	87204.48723	25441.18741	0.002615108171	0.0011317	2.982082544
36	1	0.03438855509	5417.144823	0.06561144491	94582.85518	25427.29148	0.006184306802	0.0011317	2.976598896
36	1	0.01004433389	25776.70731	0.08995566611	74223.29269	25485.01401	0.001293275444	0.0011317	2.99957127
36	1	0.007515608768	41495.13041	0.09248439123	58504.86959	25168.10461	0.000825	0.0011317	2.879391067
36	1	0.0276423049	6944.297024	0.0723576951	93055.70298	25358.16248	0.004852597667	0.0011317	2.94974686
36	1	0.06457326355	2764.492224	0.03542673645	97235.50778	25122.99904	0.01242888889	0.0011317	2.863395422
36	1	0.06576504075	2684.202314	0.03423495925	97315.79769	25436.75574	0.01247085387	0.0011317	2.980330526
36	1	0.01775195917	11796.48904	0.08224804083	88203.51096	25169.97256	0.002901562712	0.0011317	2.880059076
36	1	0.01109687459	22110.17821	0.08890312541	77889.82179	25335.12914	0.00152704194	0.0011317	2.940954648
36	1	0.009521089828	27558.75926	0.09047891017	72441.24074	24660.79437	0.001292876859	0.0011317	2.713029442
36	1	0.04706983802	3913.340587	0.05293016198	96086.65941	24802.83952	0.009006033155	0.0011317	2.756791141
36	1	0.02587512859	7475.055344	0.07412487141	92524.94466	25486.07911	0.004459275791	0.0011317	3
36	1	0.01084585967	22758.0482	0.08915414033	77241.9518	24252.86656	0.001613542776	0.0011317	2.597679143
36	1	0.03059810875	6188.442516	0.06940189125	93811.55748	25342.15792	0.005452625104	0.0011317	2.943629601
36	1	0.05541374726	3215.337794	0.04458625274	96784.66221	25486.00518	0.01036704295	0.0011317	2.999970235
36	1	0.007515608768	41495.13041	0.09248439123	58504.86959	25168.10461	0.000825	0.0011317	2.879391067
36	1	0.01200040143	19724.50902	0.08799959857	80275.49098	25084.07075	0.001747810052	0.001131735937	2.84896996
36	1	0.07703652921	2280.184448	0.02296347079	97719.81555	25332.52887	0.01481043933	0.0011317	2.939966845
36	1	0.03026962555	6273.93008	0.06973037445	93726.06992	25277.98616	0.005407247022	0.0011317	2.919465825
36	1	0.02680247978	7218.311055	0.07319752022	92781.68895	25208.01871	0.004727087147	0.0011317	2.893763293
36	1	0.0509179771	3708.422875	0.0490820229	96291.57712	53586.78355	0.00914392936	0.001821826619	2.921463468
36	1	0.04821046054	3752.457907	0.05178953946	96247.54209	25317.15204	0.009011174582	0.0011317	2.934144991
36	1	0.02688400428	7183.909927	0.07311599572	92816.09007	25265.82959	0.004727087147	0.0011317	2.914952675
36	1	0.06718405113	2668.101435	0.03281594887	97331.89856	24938.44562	0.01306977329	0.0011317	2.800525544
36	1	0.01257194691	18528.36816	0.08742805309	81471.63184	25464.02044	0.001802448906	0.0011317	2.991156914
36	1	0.04353049187	4210.547831	0.05646950813	95789.45217	25160.10288	0.008135729507	0.0011317	2.876534582
36	1	0.01420484059	15682.49013	0.08579515941	84317.50987	25427.9841	0.002136096415	0.0011317	2.976871528
36	1	0.05672218497	3148.010889	0.04327781503	96851.98911	25360.69528	0.01070221636	0.0011317	2.950718323
36	1	0.007909171755	38396.27642	0.09209082824	61603.72358	25447.31373	0.0008710262124	0.0011317	2.984509447
36	1	0.01511220797	14469.96394	0.08488779203	85530.03606	25137.14543	0.002371814122	0.0011317	2.868384424
36	1	0.0127029134	18235.29598	0.0872970866	81764.70402	25208.01871	0.001871183525	0.0011317	2.893763293
36	1	0.01391213672	16123.51488	0.08608786328	83876.48512	25362.48646	0.002089222559	0.0011317	2.951405899
36	1	0.03888284247	4751.529383	0.06111715753	95248.47062	25243.63987	0.007160107912	0.0011317	2.906766515
36	1	0.0578310472	3102.569435	0.0421689528	96897.43057	25168.10461	0.01103391344	0.0011317	2.879391067
36	1	0.01336207198	17030.42386	0.08663792802	82969.57614	24970.24559	0.002042446048	0.0011317	2.811074318
36	1	0.01909285143	10802.33001	0.08090714857	89197.66999	25069.06656	0.003194664404	0.0011317	2.844602691
36	1	0.02595691296	7447.736627	0.07404308704	92552.26337	25486.07911	0.004475632666	0.0011317	3
36	1	0.01432423532	15510.38933	0.08567576468	84489.61067	25486.07911	0.002149097139	0.0011317	3
36	1	0.01212687915	19500.88465	0.08787312085	80499.11535	24301.29721	0.001876476593	0.0011317	2.610639817
36	1	0.008550899055	33520.04382	0.09144910094	66479.95618	25486.07911	0.0009944298855	0.0011317	3
36	1	0.01312082817	17459.36472	0.08687917183	82540.63528	25427.17601	0.001918833548	0.0011317	2.976553453
36	1	0.01198917278	19746.06962	0.08801082722	80253.93038	24823.63667	0.001781965046	0.0011317	2.763370627
36	1	0.01084672832	22755.28253	0.08915327168	77244.71747	24254.55562	0.001613542776	0.0011317	2.598128052
36	1	0.0125053897	18669.99627	0.0874946103	81330.00373	25482.56081	0.001785935277	0.0011317	2.998584467
36	1	0.01197437566	19779.85372	0.08802562434	80220.14628	24823.63667	0.001778921441	0.0011317	2.763370627
36	1	0.01782064361	11730.2659	0.08217935639	88269.7341	25238.43714	0.002901562712	0.0011317	2.904856749
36	1	0.0075152306	41497.44504	0.0924847694	58502.55496	25167.42252	0.000825	0.0011317	2.87914725
36	1	0.00750296812	41572.77846	0.09249703188	58427.22154	25145.20512	0.000825	0.0011317	2.871238093
36	1	0.009521123526	27558.61065	0.09047887647	72441.38935	24660.79437	0.001292883831	0.0011317	2.713029442
36	1	0.07265579603	2474.161958	0.02734420397	97525.83804	44360.71741	0.01374532893	0.001520444262	2.908503262
36	1	0.007069376963	44637.74569	0.09293062304	55362.25431	24219.80163	0.000825	0.00113180076	2.587162194
36	1	0.02644481623	7288.82219	0.07355518377	92711.17781	25486.1563	0.00457321258	0.001131701172	3
36	1	0.03381645577	5544.670641	0.06618354423	94455.32936	25259.54486	0.006134228061	0.001131891394	2.907966779
36	1	0.01522359087	14322.86804	0.08477640913	85677.13196	25248.35292	0.002374398573	0.0011317	2.90849967
36	1	0.009782352251	26642.5376	0.09021764775	73357.4624	25168.10461	0.001284918243	0.0011317	2.879391067
36	1	0.007703521573	40405.29364	0.09229647843	59594.70636	25485.71797	0.000825	0.0011317	2.999854614
36	1	0.01520077913	14351.6218	0.08479922087	85648.3782	25237.27218	0.002371814122	0.0011317	2.904429627
36	1	0.01387179908	16188.37717	0.08612820092	83811.62283	25174.36629	0.00211361202	0.0011317	2.881632111
36	1	0.0439010747	4171.977626	0.0560989253	95828.02237	25160.17895	0.008210944857	0.00113170115	2.876534582
36	1	0.02797819151	6855.072983	0.07202180849	93144.92702	25317.07097	0.004932754694	0.001131700593	2.934099598
36	1	0.01429084764	15556.29136	0.08570915236	84443.70864	25352.43274	0.002167234472	0.0011317	2.947552608
