#gen	Feasible	f1	f2	c1	c2	c3	x1	x2	x3
6	1	0.02939459192	7356.580264	0.07060540808	92643.41974	21324.07441	0.005968181068	0.0011317	2.046789416
6	1	0.01087898142	22769.40391	0.08912101858	77230.59609	25347.99942	0.001481228968	0.0011317	2.945858075
6	1	0.02697313094	7989.225735	0.07302686906	92010.77426	54019.73502	0.004502255992	0.00185740105	2.675887956
6	1	0.08406228585	2289.074725	0.01593771415	97710.92527	71483.94227	0.01565745157	0.00299304231	2.689804699
6	1	0.04524499458	4284.994489	0.05475500542	95715.00551	54332.21418	0.00812397463	0.00185956963	2.807763083
6	1	0.06993597546	2645.77453	0.03006402454	97354.22547	60860.44053	0.01268233066	0.002156772034	2.969261835
6	1	0.007715743124	41753.08469	0.09228425688	58246.91531	16414.54865	0.001300385742	0.0011317	1.584870261
6	1	0.03826508392	5161.008098	0.06173491608	94838.9919	54415.17767	0.006564410813	0.001854665004	2.925509961
6	1	0.009234185585	38536.95024	0.09076581442	61463.04976	15562.91045	0.001740005384	0.00121334691	1.249953296
6	1	0.04700917204	4051.603427	0.05299082796	95948.39657	54595.97728	0.008227195464	0.001857267247	3
6	1	0.01303974109	18825.20668	0.08696025891	81174.79332	21390.77032	0.002324124918	0.0011317	2.055849564
6	1	0.03639085055	5174.555319	0.06360914945	94825.44468	36052.98815	0.00645032629	0.001318981103	2.993794369
6	1	0.05404413209	3871.833743	0.04595586791	96128.16626	50265.18927	0.01100992476	0.001777727004	2.125077711
6	1	0.04923633306	3955.35512	0.05076366694	96044.64488	35547.17505	0.009788180946	0.001343559958	2.41328906
6	1	0.07618023314	2300.179612	0.02381976686	97699.82039	25424.12958	0.01456855744	0.0011317	2.975355216
6	1	0.005350430063	77300.75848	0.09464956994	22699.24152	11341.78811	0.000825	0.0011317	1.321094386
6	1	0.05602517443	3673.024256	0.04397482557	96326.97574	21459.98642	0.01186832283	0.0011317	2.065372161
6	1	0.05602517443	3673.024256	0.04397482557	96326.97574	21459.98642	0.01186832283	0.0011317	2.065372161
6	1	0.03123608634	6069.898482	0.06876391366	93930.10152	25182.20915	0.005633368721	0.0011317	2.884446191
6	1	0.007554590624	44570.16368	0.09244540938	55429.83632	14515.47385	0.001300385742	0.0011317	1.470633768
6	1	0.005381309188	76168.97029	0.09461869081	23831.02971	12116.14308	0.000825	0.00113494817	1.342919009
6	1	0.02286625798	11233.24626	0.07713374202	88766.75374	48438.55177	0.004399160814	0.001781961139	1.770351005
6	1	0.02154285678	11235.64855	0.07845714322	88764.35145	18806.9441	0.004399160814	0.0011317	1.769898369
6	1	0.01052098738	24728.68869	0.08947901262	75271.31131	21531.06641	0.00175619445	0.0011317	2.075281303
6	1	0.04192252692	5004.468897	0.05807747308	94995.5311	23683.49123	0.008722605376	0.00116505416	2.061816129
6	1	0.07213403044	2431.128058	0.02786596956	97568.87194	25486.07911	0.01371105616	0.0011317	3
6	1	0.008977917057	41575.59589	0.09102208294	58424.40411	6265.964924	0.001743224697	0.0011317	1.148411851
6	1	0.04287795897	4518.677627	0.05712204103	95481.32237	23784.27404	0.008523673233	0.001135028263	2.430430631
6	1	0.05858560762	3567.180989	0.04141439238	96432.81901	51865.87921	0.01199868885	0.001838579474	2.114089346
6	1	0.06074021056	3376.724794	0.03925978944	96623.27521	21447.29837	0.01291840776	0.0011317	2.063617291
6	1	0.01527784531	14499.72743	0.08472215469	85500.27257	29516.22008	0.002298893789	0.001196408654	3
6	1	0.05858560762	3567.180989	0.04141439238	96432.81901	51865.87921	0.01199868885	0.001838579474	2.114089346
6	1	0.06177349387	2982.83105	0.03822650613	97017.16895	51971.59002	0.01138381104	0.001760946551	2.9153448
6	1	0.06136958147	3320.342823	0.03863041853	96679.65718	54419.07337	0.01237660086	0.001923734255	2.228453164
6	1	0.03795278457	5164.588113	0.06204721543	94835.41189	51989.1307	0.006559860461	0.001760946551	2.925509961
6	1	0.005372633476	76310.34789	0.09462736652	23689.65211	11798.93452	0.000825	0.0011317	1.340151463
6	1	0.059097645	3431.855271	0.040902355	96568.14473	30131.7849	0.01237660086	0.001264392104	2.134965728
6	1	0.05856846983	3571.466862	0.04143153017	96428.53314	51924.33138	0.01199868885	0.00184133246	2.110845334
6	1	0.03944959407	5106.895244	0.06055040593	94893.10476	33937.0012	0.007814550808	0.001318981103	2.316500606
6	1	0.08406228585	2289.074725	0.01593771415	97710.92527	71483.94227	0.01565745157	0.00299304231	2.689804699
6	1	0.05551802406	3676.641977	0.04448197594	96323.35802	21695.66341	0.01170802216	0.0011317	2.098750401
6	1	0.01301823324	18864.02274	0.08698176676	81135.97726	21390.77032	0.002319342621	0.0011317	2.055849564
6	1	0.01303974109	18825.20668	0.08696025891	81174.79332	21390.77032	0.002324124918	0.0011317	2.055849564
6	1	0.006808257528	57602.83943	0.09319174247	42397.16057	15707.51448	0.001159424074	0.00121334691	1.255470014
6	1	0.05551802406	3676.641977	0.04448197594	96323.35802	21695.66341	0.01170802216	0.0011317	2.098750401
6	1	0.04439247004	4429.455843	0.05560752996	95570.54416	54016.27702	0.00812397463	0.00185740105	2.674247183
6	1	0.007715743124	41753.08469	0.09228425688	58246.91531	16414.54865	0.001300385742	0.0011317	1.584870261
6	1	0.04493790414	4363.955965	0.05506209586	95636.04403	53974.90164	0.008227195464	0.001854984396	2.683062677
6	1	0.02605833352	9091.532134	0.07394166648	90908.46787	53537.50354	0.004826887753	0.00191610231	2.048060773
6	1	0.01899882069	12436.4617	0.08100117931	87563.5383	51615.86214	0.002936539781	0.001769942782	2.618069035
6	1	0.009709904806	32616.39611	0.09029009519	67383.60389	18490.43519	0.001785123908	0.001188846662	1.463016763
6	1	0.04910005233	4052.734621	0.05089994767	95947.26538	47349.51408	0.009621730148	0.00164711005	2.389863129
6	1	0.03723239233	5598.104721	0.06276760767	94401.89528	63942.33002	0.006042659822	0.002344131961	2.932359307
6	1	0.03158912808	7603.843368	0.06841087192	92396.15663	17839.0556	0.006764352233	0.0011317	1.68821201
6	1	0.03008419415	8142.205359	0.06991580585	91857.79464	30299.24158	0.006329069699	0.001334784853	1.684450439
6	1	0.07544056338	2638.496654	0.02455943662	97361.50335	71314.76676	0.01425416985	0.003001801547	2.51170218
6	1	0.05196209251	3975.891868	0.04803790749	96024.10813	63341.54364	0.009863161964	0.002368363149	2.371679173
6	1	0.03319953794	6338.102514	0.06680046206	93661.89749	21800.47141	0.006753045516	0.0011317	2.114089346
6	1	0.07703225551	2375.445635	0.02296774449	97624.55437	59174.03578	0.01423436722	0.0020702057	2.934290187
6	1	0.01338565245	20050.22925	0.08661434755	79949.77075	43230.05531	0.002176792668	0.001566137165	2.062223653
6	1	0.08120590692	2342.929326	0.01879409308	97657.07067	71587.52401	0.01467617987	0.002982799534	2.86016227
6	1	0.06195417069	3307.079993	0.03804582931	96692.92001	41775.73338	0.01289097117	0.001518547287	2.124893976
6	1	0.04594635405	4343.726929	0.05405364595	95656.27307	64805.05517	0.007673901669	0.002396008991	3
6	1	0.01090783737	22769.40391	0.08909216263	77230.59609	25954.88385	0.001481228968	0.001140975576	2.945858075
6	1	0.01052255603	25473.51102	0.08947744397	74526.48898	30310.89887	0.001652302614	0.001264996562	2.160140407
6	1	0.06017362856	3447.13676	0.03982637144	96552.86324	21147.42358	0.01285397699	0.0011317	2.023324005
6	1	0.00540621855	80952.87124	0.09459378145	19047.12876	15707.51448	0.000825	0.00121334691	1.255470014
6	1	0.06178797088	3316.374241	0.03821202912	96683.62576	41776.64612	0.01285397699	0.001518547287	2.125077711
6	1	0.04356304903	4609.960786	0.05643695097	95390.03921	37672.93493	0.008664410847	0.001398295494	2.31382971
6	1	0.07777592056	2367.388081	0.02222407944	97632.61192	59042.21422	0.01456855744	0.0020702057	2.847136037
6	1	0.008900958073	41806.29339	0.09109904193	58193.70661	39703.36957	0.001434332776	0.001624595463	1.415165203
6	1	0.04338310725	4610.14596	0.05661689275	95389.85404	34273.01216	0.008665528245	0.001326011636	2.313307535
6	1	0.0193431604	12471.26004	0.0806568396	87528.73996	55032.45774	0.002936539781	0.001905391731	2.607653063
6	1	0.02284681684	11262.20052	0.07715318316	88737.79948	48381.01539	0.004399160814	0.00178130328	1.764912118
6	1	0.05782510189	3802.958479	0.04217489811	96197.04152	50873.77125	0.01213036513	0.001835189631	1.924448262
6	1	0.02286334896	11235.74994	0.07713665104	88764.25006	48416.18364	0.004399160814	0.00178130328	1.769879272
6	1	0.02895544828	8373.851514	0.07104455172	91626.14849	17754.90389	0.006162879199	0.0011317	1.681590555
6	1	0.01566689807	15517.13409	0.08433310193	84482.86591	46043.04346	0.002176792668	0.001566137165	2.939021853
6	1	0.02286341257	11235.64855	0.07713658743	88764.35145	48416.31833	0.004399160814	0.00178130328	1.769898369
6	1	0.07764373117	2374.44761	0.02235626883	97625.55239	59021.98148	0.01456855744	0.0020702057	2.834411238
6	1	0.06082776599	3403.264917	0.03917223401	96596.73508	54166.62585	0.01237660086	0.001923734255	2.158094049
6	1	0.0953552905	2314.264602	0.0046447095	97685.7354	88440.00999	0.0149744356	0.00734070223	2.826739365
6	1	0.06200341187	3304.147678	0.03799658813	96695.85232	41776.64612	0.01290154144	0.001518547287	2.125077711
6	1	0.03022731846	8140.020458	0.06977268154	91859.97954	48428.88474	0.006086499595	0.001782956722	1.764912118
6	1	0.06262168678	3097.980697	0.03737831322	96902.0193	42655.00921	0.01260701127	0.001512756752	2.384722876
6	1	0.04926373539	4021.51602	0.05073626461	95978.48398	47431.26293	0.009621730148	0.00164711005	2.415143295
6	1	0.06207980712	3299.833769	0.03792019288	96700.16623	41776.64612	0.01291840776	0.001518547287	2.125077711
6	1	0.07404386021	2684.412765	0.02595613979	97315.58723	71271.19877	0.01390696707	0.00299304231	2.53785292
6	1	0.04906689649	4059.174072	0.05093310351	95940.82593	47332.58899	0.009621730148	0.00164711005	2.384722876
6	1	0.06016067873	3516.770685	0.03983932127	96483.22931	53813.31549	0.01237660086	0.001923734255	2.06939977
6	1	0.07030348716	2891.145738	0.02969651284	97108.85426	76571.19504	0.01245066991	0.003645735918	2.672966699
6	1	0.03008419415	8142.205359	0.06991580585	91857.79464	30299.24158	0.006329069699	0.001334784853	1.684450439
6	1	0.03325069302	6327.50828	0.06674930698	93672.49172	21800.47141	0.006764352233	0.0011317	2.114089346
6	1	0.01937842312	12436.4617	0.08062157688	87563.5383	55055.35466	0.002936539781	0.001905391731	2.618069035
6	1	0.06016067873	3516.770685	0.03983932127	96483.22931	53813.31549	0.01237660086	0.001923734255	2.06939977
6	1	0.0270346533	8920.197399	0.0729653467	91079.8026	68073.35421	0.004009250429	0.002672286289	2.698311538
6	1	0.07376219854	2705.491798	0.02623780146	97294.5082	71228.54072	0.01390696707	0.00299304231	2.510249985
6	1	0.07274653778	2722.197692	0.02725346222	97277.80231	69857.5624	0.01371393417	0.002852672989	2.53785292
6	1	0.0630257101	2996.279442	0.0369742899	97003.72056	53974.90164	0.01198256685	0.001854984396	2.683062677
6	1	0.0378481593	5472.864149	0.0621518407	94527.13585	50699.67104	0.00716318633	0.001760946551	2.372637595
