#gen	Feasible	f1	f2	f3	f4	f5	c1	c2	c3	c4	c5	c6	c7	x1	x2	x3
58	1	65993.30523	279.303976	860528.0758	2950951.901	11612.48885	0.5355004462	0.9787868932	41071.27417	15868.96347	9864.677196	2119.316105	539.7537924	0.09310132533	0.03015726074	0.01000588193
58	1	67688.04431	268.2575354	1313577.408	1569807.74	7676.927464	0.6929229014	1.013442452	42465.11915	16106.57292	10106.81499	2119.325683	558.327661	0.08941917848	0.04603440319	0.01
58	1	65596.02983	999.2960365	754036.8587	3423242.874	3185.013394	0.8725994642	1.052997244	44055.86912	16377.75794	10383.17586	2119.29381	579.5260709	0.3330986788	0.02642526931	0.0100173824
58	1	65638.65081	1057.868838	765922.3719	3366451.474	2906.407897	0.8837436841	1.05545048	44154.63812	16394.58875	10400.32207	2119.323453	580.8417678	0.3526229461	0.02684179787	0.01
58	1	67954.51958	317.6005017	1358654.695	1487690.837	6241.906622	0.7503237351	1.026083941	42968.15129	16192.67057	10194.84388	2117.748952	565.0559172	0.1058668339	0.04761413954	0.01091580919
58	1	72075.7665	1226.948029	2450445.934	326155.2083	378.7225747	0.984851097	1.077715544	45042.75471	16546.45813	10555.48223	2117.162101	592.7106622	0.4089826763	0.08587603246	0.01124946447
58	1	68547.85009	586.6309626	1372323.606	1534878.553	3670.289276	0.853188429	1.048756956	43850.12286	16344.93326	10351.61585	2109.007396	576.9473228	0.1955436542	0.04809316741	0.01599333172
58	1	67993.80493	739.3515994	1214831.632	1917683.117	3327.951994	0.8668819202	1.051773316	43969.48962	16365.40643	10372.58396	2108.437767	578.5469924	0.2464505331	0.04257385124	0.01632400548
58	1	72748.49179	1153.408838	2665869.954	238628.7795	202.4465542	0.9919021378	1.079260902	45112.2684	16557.83798	10566.68378	2119.312422	593.6029091	0.3844696128	0.09342558083	0.01
58	1	71851.71036	550.6645815	2426224.973	333200.5188	1461.542579	0.9415382968	1.068173611	44666.34912	16481.82119	10489.21767	2119.320892	587.6607005	0.1835548605	0.08502720733	0.01
58	1	66130.49025	380.957662	895574.5962	2811916.331	7961.789704	0.6815284118	1.010934368	42363.87896	16089.33779	10089.271	2119.218307	556.9802618	0.1269858873	0.03138546826	0.01006241441
58	1	65213.47792	1157.933396	651066.5763	3952259.778	3186.204045	0.8725518382	1.052986903	44055.30006	16377.67071	10383.0952	2119.249064	579.5191967	0.3859777986	0.02281666926	0.01004337721
58	1	67805.0422	731.3901272	1328853.934	1545302.208	2364.914476	0.9054034209	1.060221827	44343.23565	16426.95027	10433.47784	2118.358208	583.3702522	0.2437967091	0.04656977	0.0105603205
58	1	72633.8246	741.0852201	2576013.947	276062.2059	1049.515576	0.958019377	1.071813255	44800.50644	16505.47235	10513.97622	2115.746229	589.5050404	0.2470284067	0.09027657139	0.01207514927
58	1	66130.49025	380.957662	895574.5962	2811916.331	7961.789704	0.6815284118	1.010934368	42363.87896	16089.33779	10089.271	2119.218307	556.9802618	0.1269858873	0.03138546826	0.01006241441
58	1	69755.21259	252.9335545	1865979.685	727191.7493	5537.84543	0.7784861828	1.032278685	43222.69221	16235.71802	10238.42237	2119.324939	568.4228926	0.08431118482	0.06539337586	0.0100000938
58	1	65929.60214	141.9535492	833702.2947	3073749.553	24413.90918	0.02344363278	0.8660626102	36535.59754	15095.8865	9076.969591	2118.725394	479.3218701	0.04731784974	0.02921714955	0.0103494125
58	1	67971.91276	234.7472514	1358654.695	1490091.801	8695.168147	0.6521932741	1.004482018	42098.3849	16044.46099	10043.86009	2117.469129	553.4700704	0.07824908379	0.04761413954	0.01107869662
58	1	68931.10836	295.1921429	1571877.598	1123853.171	5965.761311	0.7613695476	1.028524831	43056.463	16208.3551	10211.35681	2114.868505	566.2783725	0.09839738097	0.05508654965	0.01258916975
58	1	64549.58866	1041.738356	474894.6256	5049417.412	5248.029128	0.7900788349	1.034830736	43325.33359	16253.21547	10256.2534	2119.32499	569.7906633	0.3472461186	0.01664271213	0.01
58	1	72797.03163	405.6900558	2508913.907	314980.5751	2893.054306	0.8842778278	1.055600886	44125.60375	16391.88068	10399.44626	2109.072147	580.6172698	0.1352300186	0.08792504623	0.01595511108
58	1	66155.0483	1232.682676	780608.1919	3442449.147	2860.162086	0.8855935166	1.055881524	44146.51541	16394.83061	10401.93562	2111.88445	580.8513792	0.4108942253	0.02735646336	0.01432140588
58	1	67946.31445	517.6263597	1340160.203	1535175.333	3706.868612	0.8517252555	1.048410014	43862.71688	16345.38407	10350.64971	2116.76432	576.9922547	0.1725421199	0.04696599893	0.01148710865
58	1	67550.35188	216.1715367	1276724.521	1652535.447	10013.62987	0.5994548051	0.992866033	41637.5452	15965.49542	9963.048383	2119.322579	547.299673	0.07205717891	0.04474289142	0.01000201988
58	1	72164.59231	270.2660137	2508913.907	297042.4921	3626.034104	0.8549586358	1.049113806	43899.59338	16351.1229	10356.03773	2119.26849	577.4439865	0.09008867124	0.08792504623	0.01003230592
58	1	65966.32414	890.2210551	853485.815	2979870.149	3150.209878	0.8739916049	1.053303619	44068.29363	16379.86942	10385.32211	2119.323699	579.6911627	0.2967403517	0.02991046426	0.01
58	1	66710.94291	313.8299483	1052468.694	2258471.745	8241.28416	0.6703486336	1.008472865	42265.24755	16072.50039	10072.09285	2119.325791	555.6642222	0.1046099828	0.03688383181	0.01
58	1	68413.26864	189.0793883	1507377.243	1198393.722	9672.178964	0.6131128415	0.9958727551	41758.48426	15986.1114	9984.056784	2119.325993	548.9112218	0.06302646276	0.05282613064	0.01000001095
58	1	65504.37333	1288.680146	730016.9909	3539143.564	2397.165559	0.9041133777	1.059934748	44334.986	16425.33333	10431.65307	2119.321448	583.2450601	0.4295600485	0.02558349153	0.01000079548
58	1	68782.84145	147.8906708	1606137.392	1044360.915	11758.50208	0.5296599167	0.977501104	41019.59566	15860.15152	9855.695379	2119.326224	539.0649774	0.04929689027	0.05628718628	0.01000001095
58	1	66053.58776	523.5146525	875893.6226	2889203.774	5726.319998	0.7709472001	1.0306192	43155.76181	16224.32024	10226.81737	2119.270185	567.5318634	0.1745048842	0.03069574729	0.01003194228
58	1	67429.93007	781.376029	1234426.611	1758997.112	2363.107532	0.9054756987	1.060236615	44345.03062	16427.17958	10433.64708	2118.708899	583.3886157	0.2604586763	0.0432605585	0.01035660042
58	1	65736.20187	618.6986554	621278.8116	4369206.885	7712.828393	0.6914868643	1.013159286	42418.48497	16100.87493	10102.90096	2109.0279	557.8693824	0.2062328851	0.02177275517	0.0159826101
58	1	65387.30158	1666.438687	698754.7789	3696648.023	1789.671969	0.9284131213	1.065284184	44550.13937	16462.01068	10469.02945	2119.321723	586.1121185	0.5554795623	0.02448790534	0.01000000268
58	1	68029.41976	582.7681195	1399512.784	1395254.527	2905.236602	0.8837905359	1.055461816	44154.00192	16394.55007	10400.3413	2119.004346	580.8383454	0.1942560398	0.04904601385	0.01018537636
58	1	72232.77847	1061.836333	2505264.408	300830.526	451.8956072	0.9819241757	1.077068717	45019.39519	16542.30635	10551.10871	2117.939555	592.3870878	0.3539454445	0.08779714934	0.01079876737
58	1	68784.05878	138.8557457	1606463.009	1043887.189	12570.66362	0.4971734553	0.9703494082	40731.962	15811.118	9805.726998	2119.326313	535.2320429	0.04628524858	0.05629859755	0.01
58	1	65824.02399	714.6736701	815459.2284	3141977.368	4339.335247	0.8264265901	1.042832472	43647.15504	16308.07705	10312.16096	2119.32456	574.0791753	0.2382245567	0.02857782013	0.01000000073
58	1	64886.32329	646.4529852	564862.3629	4454656.92	7381.54737	0.7047381052	1.0160435	42569.72704	16124.40587	10124.98814	2119.324588	559.7216561	0.2154843284	0.01979563717	0.01000060054
58	1	68284.97693	1397.593023	1472207.446	1258955.87	684.6098601	0.9726156056	1.075015261	44941.33003	16528.70946	10537.00973	2119.263872	591.325875	0.4658643409	0.05159360289	0.01003108459
58	1	65261.46913	252.9335545	665126.2428	3873944.775	16917.30881	0.3233076476	0.9320739143	39192.56111	15548.69315	9538.298844	2119.326419	514.7183748	0.08431118482	0.02330939116	0.0100000938
58	1	65320.56319	588.2745249	680920.4985	3789637.36	6661.304744	0.7335478102	1.022385777	42824.81033	16167.89023	10169.30136	2119.325449	563.1208157	0.1960915083	0.02386290185	0.01
58	1	68783.8515	142.6038765	1606137.392	1044458.719	12223.95761	0.5110416957	0.9734024686	40854.69711	15832.04448	9827.055448	2119.309984	536.8678385	0.04753462552	0.05628718628	0.01000947012
58	1	65952.30224	985.4073373	788904.1307	3329929.125	3324.862192	0.8670055123	1.051777423	43994.35154	16368.06682	10373.96892	2115.653966	578.7639713	0.3284691124	0.02764719506	0.01213195391
58	1	72532.11193	122.9614526	2508913.907	307338.3607	9306.662631	0.6277334948	0.9991105477	41868.23768	16006.12894	10005.55501	2113.34601	550.4685141	0.04098715088	0.08792504623	0.01347413352
58	1	65740.78247	1424.416177	793214.7968	3240863.286	1867.822088	0.9252871165	1.064596013	44522.46188	16457.29243	10464.22125	2119.321896	585.743295	0.4748053922	0.02779826263	0.01
58	1	65648.07852	984.8641783	754036.8587	3439802.08	3303.06251	0.8678774996	1.051960419	44011.29744	16370.34318	10375.77393	2118.454857	578.9454131	0.3282880594	0.02642526931	0.01050481921
58	1	72337.43604	789.9752085	2555787.94	278199.9083	709.390442	0.9716243823	1.074796924	44932.68304	16527.22681	10535.4916	2119.303301	591.2100256	0.2633250695	0.08956774969	0.01000828698
58	1	72045.80548	1136.929288	2442207.259	329946.5801	461.6687054	0.9815332518	1.076985186	45013.3325	16541.44553	10550.37663	2117.149211	592.3188112	0.3789764292	0.08558730755	0.01125760396
58	1	65260.87663	437.3191353	664779.8634	3876067.359	9468.116404	0.6212753438	0.9976697168	41830.71687	15998.42756	9996.609868	2119.314479	549.8739574	0.1457730451	0.02329725228	0.01000668388
58	1	69789.76115	444.4146435	1875214.7	717895.8564	2804.520313	0.8878191875	1.056347677	44190.72245	16400.74012	10406.59072	2119.32334	581.3226185	0.1481382145	0.06571701754	0.01
58	1	68821.98333	368.2165494	1616597.507	1029253.367	4232.398803	0.8307040479	1.043774129	43685.02747	16314.53324	10318.74024	2119.3245	574.5838538	0.1227388498	0.05665376167	0.01
58	1	67992.03543	505.4503299	1394812.305	1401845.511	3454.441429	0.8618223428	1.050624631	43960.54751	16361.50172	10366.60421	2119.323966	578.2553649	0.1684834433	0.04888128527	0.01
58	1	68634.43556	101.2328292	1566479.518	1103680.032	17993.71658	0.2802513366	0.9225953302	38811.34292	15483.70606	9472.072688	2119.326628	509.6383541	0.03374427639	0.05489737359	0.01
58	1	71851.71036	550.6645815	2426224.973	333200.5188	1461.542579	0.9415382968	1.068173611	44666.34912	16481.82119	10489.21767	2119.320892	587.6607005	0.1835548605	0.08502720733	0.01
58	1	64583.40333	316.4545483	483930.8479	4986254.577	18659.71109	0.2536115564	0.9167307455	38575.47546	15443.49724	9431.097257	2119.326654	506.4952433	0.1054848494	0.01695938711	0.01
58	1	65693.60682	646.6953254	780608.1504	3298280.655	5127.728254	0.7948908698	1.035890076	43367.93914	16260.47853	10263.65493	2119.324941	570.3584141	0.2155651085	0.02735646191	0.01
58	1	71483.8556	123.3941318	2327923.933	382099.8154	9590.854149	0.6163658341	0.9965888815	41787.28618	15991.02132	9989.060311	2119.326001	549.2950286	0.04113137725	0.0815822412	0.01
58	1	65585.13864	714.514522	741321.6585	3496291.502	4895.638912	0.8041744435	1.037935788	43448.08879	16274.27768	10277.83138	2118.70346	571.4363132	0.2381715073	0.02597966432	0.01036099119
58	1	65616.91543	1424.416177	747576.7423	3468649.108	2082.812963	0.9166874815	1.062705277	44443.82998	16444.05327	10450.86866	2118.56594	584.7074485	0.4748053922	0.02619887412	0.01043937157
58	1	67527.21776	1645.698924	1198648.322	1888943.153	1054.43171	0.9578227316	1.071772425	44796.23437	16504.91211	10513.54652	2114.977541	589.4602861	0.5485663079	0.0420067061	0.01252155375
58	1	69356.00086	101.2328292	1687949.687	955225.8107	16952.59723	0.3218961109	0.9317769526	39165.88665	15545.08706	9535.415014	2115.022485	514.4311094	0.03374427639	0.05915430334	0.01250054167
58	1	67813.50021	1310.188119	1236211.288	1817025.281	1551.580354	0.9379367858	1.067402176	44612.42796	16474.09189	10482.57039	2112.630354	587.0481442	0.436729373	0.04332310263	0.01388619723
58	1	66503.91082	315.4641925	910437.9352	2836654.569	9967.622853	0.6012950859	0.9932878936	41636.62239	15966.48107	9965.013451	2114.09575	547.3701894	0.1051547308	0.03190635491	0.01303861787
58	1	67572.24664	243.2800841	1282633.046	1638956.774	8768.233594	0.6492706562	1.003832677	42078.62405	16040.68629	10039.67219	2119.32588	553.1773242	0.08109336138	0.04494995607	0.01
58	1	68004.56508	821.2106434	1394812.305	1403474.939	1846.532968	0.9261386813	1.064784126	44529.33631	16458.5085	10465.49762	2119.119847	585.8381021	0.2737368811	0.04888128527	0.0101173404
58	1	65614.73619	1288.680146	759531.7199	3396554.911	2274.192185	0.9090323126	1.061017617	44378.54254	16432.7582	10439.21925	2119.322632	583.8254621	0.4295600485	0.02661783707	0.01
58	1	64470.75946	1656.70256	423656.2128	5480073.537	3603.885093	0.8558445963	1.049314494	43901.62557	16351.85518	10357.10826	2117.503892	577.4990236	0.5522341867	0.01484705872	0.01105741659
58	1	68553.9389	187.3546988	1544907.462	1137373.94	9512.638363	0.6194944655	0.9972776423	41814.9748	15995.74226	9993.871941	2119.322304	549.6640587	0.06245156627	0.05414137952	0.01000214143
58	1	67699.40797	120.9934686	1316614.097	1563181.114	17908.63172	0.2836547314	0.9233445668	38841.47643	15488.84298	9477.30755	2119.326624	510.0399057	0.04033115619	0.04614082414	0.01
58	1	67334.73602	715.7575534	1219002.164	1790968.216	2645.10529	0.8941957884	1.057751478	44247.14852	16410.36132	10416.39715	2119.313412	582.0746925	0.2385858511	0.04272000779	0.01000565721
58	1	65489.23073	892.9970711	725993.1647	3559009.399	3823.456838	0.8470617265	1.047375171	43829.85765	16339.22274	10343.90047	2119.324242	576.5138246	0.2976656904	0.02544247628	0.01
58	1	71791.84277	550.6645815	2410226.686	340709.6817	1476.321632	0.9409471347	1.06804347	44661.115	16480.92892	10488.30838	2119.320935	587.5909519	0.1835548605	0.08446654635	0.01
58	1	65886.1717	300.2030782	774001.1407	3396518.134	12288.7441	0.5084502359	0.9728431364	40820.26878	15826.93778	9822.492133	2115.823648	536.4642928	0.1000676927	0.02712491883	0.01203491642
58	1	67772.54476	340.1679052	1278474.144	1681803.513	6324.784056	0.7470086378	1.025360236	42932.53038	16187.01439	10189.42966	2115.845678	564.6113974	0.1133893017	0.04480420709	0.01202154435
58	1	67391.64313	269.7842345	1234370.757	1752934.579	8167.787965	0.6732884814	1.009120054	42291.27684	16076.93766	10076.61471	2119.325778	556.011082	0.08992807817	0.04325860111	0.01
58	1	66139.02288	328.1793764	866670.0991	2959294.134	9836.531836	0.6065387266	0.9944318704	41693.72729	15975.50698	9973.615657	2117.337473	548.079793	0.1093931255	0.03037250833	0.01115528263
58	1	66118.33728	1783.596594	894107.9611	2815926.677	1100.359834	0.9559856067	1.071354098	44794.26498	16503.62728	10511.4395	2119.319632	589.3652752	0.5945321979	0.03133406994	0.01
58	1	72797.03163	485.5901069	2508913.907	314980.5751	2412.163667	0.9035134533	1.059835491	44295.91515	16420.91402	10429.03315	2109.071171	582.8867969	0.161863369	0.08792504623	0.01595511108
58	1	66260.41401	438.2409396	929627.941	2682259.505	6547.34267	0.7381062932	1.023389772	42864.68476	16174.71998	10176.28846	2119.177815	563.654511	0.1460803132	0.03257886988	0.01008575111
58	1	66691.88563	747.8530205	1046159.483	2279370.807	3042.466398	0.8783013441	1.054252617	44106.21015	16386.34918	10391.93889	2119.250203	580.1975915	0.2492843402	0.03666272511	0.010042635
58	1	71779.25853	155.6092352	2406778.03	342360.6206	7178.247842	0.7128700863	1.017833719	42641.71361	16136.67848	10137.49549	2119.3204	560.6809967	0.05186974505	0.084345688	0.01000300674
58	1	64603.54604	1467.755231	433726.3234	5451592.6	4148.41315	0.834063474	1.044524421	43703.72679	16318.4542	10323.35222	2115.971185	574.8861635	0.4892517437	0.01519996638	0.01194805757
58	1	65224.07973	1615.310936	649969.4706	3963705.792	2090.716616	0.9163713353	1.062634256	44442.49509	16443.7285	10450.456	2119.010546	584.6826169	0.5384369786	0.02277822113	0.01018111149
58	1	69373.6085	382.0314999	1734371.403	882542.5755	3852.86831	0.8458852676	1.047121905	43813.55287	16336.83415	10341.79489	2117.536497	576.3248753	0.1273438333	0.06078115531	0.01103858552
58	1	66020.94013	270.5918225	867645.4622	2922109.442	11907.34	0.5237064002	0.9761905578	40966.79706	15851.15657	9846.533755	2119.3	538.3618122	0.09019727418	0.03040668999	0.01001525398
58	1	67775.07384	444.5881271	1318093.444	1570138.975	4392.386064	0.8243045574	1.042368939	43624.64298	16304.48658	10308.7098	2118.194076	573.7970966	0.1481960424	0.04619266796	0.01065676832
58	1	68016.23114	505.7945716	1401278.072	1389275.669	3432.113628	0.8627154549	1.050821244	43968.45508	16362.84974	10367.97793	2119.323947	578.3607393	0.1685981905	0.0491078785	0.01
58	1	68821.98333	368.2165494	1616597.507	1029253.367	4232.398803	0.8307040479	1.043774129	43685.02747	16314.53324	10318.74024	2119.3245	574.5838538	0.1227388498	0.05665376167	0.01
58	1	67179.21058	858.0478401	1106147.068	2148357.264	2678.451891	0.8928619243	1.057471605	44221.17273	16406.8736	10413.63334	2115.012444	581.7966847	0.2860159467	0.03876499381	0.01250417282
58	1	65804.31266	302.6165396	809465.8727	3169117.603	11382.03726	0.5447185096	0.9808163013	41152.77961	15882.86524	9878.850196	2119.282416	540.8404469	0.1008721799	0.02836778261	0.01002544133
58	1	67756.75594	1289.501517	1330006.127	1535318.57	977.8635668	0.9608854573	1.072433143	44837.26398	16510.9829	10518.9568	2119.202447	589.9401165	0.429833839	0.04661014868	0.01006774014
58	1	65757.02139	151.5188493	787393.1089	3278791.713	24212.92019	0.03148319223	0.8678325069	36606.74154	15108.01709	9089.333569	2118.713879	480.2700996	0.05050628311	0.0275942412	0.01035609921
58	1	66020.94013	1063.843788	867645.4622	2922109.442	2459.651959	0.9016139216	1.059384588	44312.77394	16421.55224	10427.80446	2119.296648	582.9494622	0.3546145961	0.03040668999	0.01001525398
58	1	64402.1971	457.6119987	435507.4947	5334209.872	14161.43798	0.433542481	0.9563414383	40168.5761	15715.07643	9707.854319	2119.326429	527.7245035	0.1525373329	0.01526238764	0.01
58	1	68454.8224	369.447325	1518479.199	1180003.533	4537.599082	0.8184960367	1.04108661	43576.93773	16296.10699	10299.96271	2119.324506	573.1434797	0.1231491083	0.05321519939	0.0100000938
58	1	65920.70038	172.2029209	771332.3999	3423268.118	21933.62612	0.1226549553	0.887914962	37402.09039	15244.39068	9228.970207	2115.10656	490.9258729	0.05740097365	0.02703139264	0.01245180431
58	1	65813.92445	574.4599663	769400.7619	3400957.885	6153.000631	0.7538799748	1.026870152	42996.21511	16197.68191	10200.14175	2116.709723	565.4463536	0.1914866554	0.02696369827	0.01151954031
58	1	63916.41033	685.2322163	305691.7365	6391567.084	13436.28833	0.4625484669	0.9627269287	40425.39385	15758.85669	9752.469282	2119.32638	531.1467925	0.2284107388	0.0107129862	0.01
58	1	65427.36696	302.6165396	658228.1867	3981492.85	14390.87613	0.4243649549	0.9543309565	40077.1389	15700.16475	9693.226331	2116.235954	526.5550001	0.1008721799	0.02306764835	0.01179547264
58	1	68893.43675	186.0452237	1621841.396	1026683.867	9153.706052	0.6338517579	1.000440976	41939.35378	16017.1273	10015.81758	2118.490448	551.3346809	0.06201507456	0.05683753408	0.01048539006
58	1	67141.95458	988.9226984	1167647.02	1923680.36	1811.174616	0.9275530153	1.065094836	44542.52405	16460.71247	10467.70649	2119.321775	586.0106385	0.3296408995	0.04092026351	0.01
58	1	67768.81175	1694.335743	1335160.719	1523311.693	549.9710677	0.9780011573	1.076200686	44989.18972	16536.8565	10545.30227	2119.31638	591.9627934	0.5647785811	0.0467907917	0.01
58	1	65344.81743	449.7177585	687159.0395	3757162.612	8862.185429	0.6455125828	1.003005407	42045.30197	16035.00901	10033.88936	2119.311244	552.7335147	0.1499059195	0.02408153192	0.01000851131
58	1	67663.43084	444.5881271	1288259.326	1636769.191	4509.944846	0.8196022062	1.041333745	43583.00857	16297.38907	10301.47697	2118.194141	573.2422868	0.1481960424	0.04514712938	0.01065676832
58	1	67687.97782	1236.586622	1313121.656	1571043.413	1068.871339	0.9572451465	1.071631462	44805.32987	16505.51931	10513.37246	2119.29307	589.5131417	0.4121955406	0.04601843131	0.01001534927
58	1	69567.99113	1807.124058	1788078.721	818422.6617	276.2432519	0.9889502699	1.07861645	45080.5945	16552.80613	10561.865	2117.630323	593.2074699	0.6023746861	0.06266333164	0.01097680589
58	1	67671.40393	1244.223382	1309130.636	1579562.154	1061.282141	0.9575487144	1.071698206	44808.10467	16505.98656	10513.84376	2119.319465	589.5496994	0.4147411274	0.04587856577	0.01
58	1	65016.61779	1021.824648	475552.5677	5266826.751	5894.040743	0.7642383703	1.029166092	43071.87622	16211.64564	10215.26735	2111.836384	566.5318048	0.3406082161	0.01666576975	0.01435067823
58	1	71726.19395	666.6623281	2391833.771	349655.2392	1104.250911	0.9558299636	1.071319998	44792.71809	16503.37478	10511.19161	2119.268376	589.3454738	0.222220776	0.08382196548	0.01002977853
58	1	68774.00942	424.7657585	1603777.54	1047799.653	3601.722462	0.8559311015	1.04932771	43908.38671	16352.60976	10357.54272	2119.324082	577.5602832	0.1415885862	0.05620448512	0.01
58	1	69945.56885	410.5348751	1916681.747	677641.1543	3016.231148	0.8793507541	1.054483436	44115.7097	16387.95477	10393.56348	2119.313366	580.3231791	0.1368449584	0.06717023281	0.01000592649
58	1	70551.08713	410.5348751	2008480.015	610959.0108	3146.463349	0.874141466	1.053350165	44055.67566	16378.64417	10384.85157	2115.089876	579.590095	0.1368449584	0.07038730891	0.01245953956
58	1	65936.8243	1844.017191	845602.6357	3012774.212	1142.734456	0.9542906218	1.070980957	44779.25766	16501.06895	10508.83239	2119.319804	589.1652913	0.6146723969	0.02963419775	0.01
58	1	70269.52366	1335.398847	2002493.845	601448.5216	351.4265923	0.9859429363	1.077949199	45059.32174	16548.82428	10557.5085	2119.25847	592.8982409	0.4451329489	0.07017752321	0.01003247851
58	1	65782.7283	1465.442495	665308.9524	4064469.572	2888.20294	0.8844718824	1.055637655	44133.44415	16392.81081	10400.05253	2110.931006	580.6923003	0.4884808317	0.02331579423	0.0148752918
58	1	66036.20509	1025.255194	655338.638	4233936.747	4600.844374	0.815966225	1.040571561	43511.45816	16287.80457	10293.90575	2106.245104	572.4781382	0.3417517313	0.02296638394	0.01759851666
58	1	63877.10613	806.4572522	295188.5591	6485771.891	11730.92311	0.5307630756	0.9777439577	41029.36305	15861.81658	9857.392183	2119.32624	539.1951348	0.2688190841	0.01034490169	0.01
58	1	71762.86025	648.0860424	2379729.048	358313.8112	1262.283339	0.9495086664	1.069932633	44732.39759	16493.38074	10501.24985	2117.947406	588.5625915	0.2160286808	0.08339775471	0.01079736979
58	1	65286.52309	988.9933084	660172.277	3916568.91	3841.585527	0.8463365789	1.047217785	43821.12208	16337.88727	10342.66871	2118.621366	576.4085527	0.3296644361	0.02313577912	0.01040833663
58	1	71699.62709	198.8145202	2385148.82	352875.8368	5510.03334	0.7795986664	1.032523675	43232.45614	16237.3882	10240.1292	2119.298834	568.5534177	0.06627150674	0.08358769095	0.01001525398
58	1	67705.16956	1057.868838	1307939.887	1587801.118	1429.162466	0.9428335014	1.068460715	44675.78737	16483.56488	10491.10783	2118.704542	587.796234	0.3526229461	0.0458368359	0.01035794562
58	1	66682.78047	747.8530205	1044942.906	2282273.506	3041.627694	0.8783348922	1.054259768	44106.74891	16386.42498	10392.00265	2119.323593	580.2036081	0.2492843402	0.03662009012	0.01
58	1	67602.47877	247.3825155	1290711.914	1620615.037	8551.459425	0.657941623	1.005741537	42155.39642	16053.77384	10053.00926	2119.325845	554.2003735	0.08246083849	0.04523308051	0.01
58	1	65320.56347	1290.260625	680920.4985	3789637.46	2620.909975	0.895163601	1.057964505	44255.74955	16411.82543	10417.88738	2119.323116	582.1891535	0.4300868751	0.02386290185	0.01000000268
58	1	64130.88454	728.5230314	303954.7471	6539668.718	12924.31622	0.483027351	0.967246634	40594.97998	15788.54532	9783.378608	2115.764298	533.463092	0.2428410105	0.0106521133	0.0120694276
58	1	67721.14474	593.1838209	1218885.962	1856668.841	3797.422465	0.8481031014	1.047624419	43818.50572	16338.65329	10344.46802	2113.078366	576.4615062	0.1977279403	0.0427159355	0.0136284538
58	1	66444.85943	931.4999587	981161.3688	2494510.793	2490.688236	0.9003724706	1.059111245	44301.82846	16419.68326	10425.89727	2119.310738	582.8033828	0.3104999862	0.0343848621	0.01000709332
58	1	67681.27199	1747.423405	1240197.385	1782479.871	917.4122054	0.9633035118	1.072978912	44844.83676	16513.19242	10521.98048	2114.999605	590.1075848	0.5824744682	0.04346279565	0.01250818466
58	1	67090.59556	984.317197	1152288.016	1966397.119	1864.801053	0.9254079579	1.064622931	44523.20704	16457.44102	10464.39079	2119.223283	585.7547871	0.3281057323	0.04038200626	0.0100572792
58	1	66411.86064	680.0681303	888376.159	2922613.62	4523.085023	0.8190765991	1.041230672	43565.35452	16295.24261	10300.01496	2114.247217	573.0695664	0.2266893768	0.03113319857	0.01294972268
58	1	68183.5887	1668.735199	1446000.676	1305364.193	467.8018981	0.9812879241	1.076924248	45018.29061	16541.81739	10550.35774	2119.315646	592.3505846	0.5562450662	0.05067518498	0.01
58	1	71798.53157	224.5703148	2412014.118	339862.3812	4726.829223	0.8109268311	1.039420295	43509.92084	16284.68245	10288.32032	2119.324761	572.2504268	0.07485677161	0.08452918703	0.01
58	1	66588.30001	220.0270093	1019690.597	2363990.704	12493.83739	0.5002465042	0.9710259219	40759.16975	15815.75622	9810.4537	2119.326036	535.5946109	0.07334233644	0.03573512133	0.0100001576
58	1	66080.00478	313.3920928	830514.2904	3134249.143	10895.05666	0.5641977337	0.9851146965	41314.79167	15911.17793	9908.286107	2116.107962	543.0496742	0.1044640309	0.02910542573	0.01186965965
58	1	68819.9289	928.086948	1614270.813	1033231.839	1228.259187	0.9508696325	1.07022819	44748.61515	16495.8687	10503.55271	2119.212869	588.758656	0.309362316	0.05657222252	0.0100622993
58	1	66003.11004	1397.593023	863316.0312	2939342.24	1700.464126	0.9319814349	1.066069726	44581.73308	16467.39652	10474.51798	2119.321523	586.5331283	0.4658643409	0.03025496481	0.01
58	1	67954.51958	248.3242914	1358654.695	1487690.837	8165.104012	0.6733958395	1.009148735	42287.03502	16076.55926	10076.51881	2117.749411	555.9795324	0.08277476379	0.04761413954	0.01091580919
58	1	64601.37504	519.9359062	488495.2707	4955059.754	10948.24578	0.5620701687	0.9846360687	41306.50739	15909.06509	9905.544168	2119.311799	542.8885184	0.1733119687	0.0171193476	0.01000834486
58	1	68269.73657	191.0222259	1469021.786	1264166.132	9835.761871	0.6065695252	0.994432284	41700.55008	15976.23524	9973.992319	2119.326033	548.1392051	0.06367407532	0.05148196123	0.01
58	1	67298.51816	462.1230093	1209485.172	1814768.54	4557.198596	0.8177120561	1.040914021	43569.99693	16294.92375	10298.75687	2119.324677	573.0509858	0.1540410031	0.04238648419	0.01
58	1	72018.34429	1062.114035	2469296.317	313955.1418	375.5495635	0.9849780175	1.077736881	45050.67286	16547.3569	10556.01902	2119.226682	592.7834957	0.3540380115	0.08653664531	0.01005109166
58	1	68183.5887	1659.088943	1446000.676	1305364.193	474.9696408	0.9810012144	1.076861131	45015.75209	16541.38465	10549.91674	2119.315714	592.3167569	0.5530296476	0.05067518498	0.01
58	1	63840.28385	1171.953191	285346.8965	6575307.061	8130.413933	0.6747834427	1.009449161	42304.51282	16079.19405	10078.91414	2119.325667	556.187463	0.3906510638	0.01	0.01000006044
58	1	67705.16956	1057.868838	1307939.887	1587801.118	1429.162466	0.9428335014	1.068460715	44675.78737	16483.56488	10491.10783	2118.704542	587.796234	0.3526229461	0.0458368359	0.01035794562
58	1	65568.67905	247.3825155	747223.9696	3455291.625	15327.71874	0.3868912504	0.9460714551	39755.52812	15644.66328	9636.098685	2119.3265	522.2203295	0.08246083849	0.02618651118	0.01
58	1	70268.23301	666.4935983	1947595.379	661654.7706	1766.805265	0.9293277894	1.065496257	44547.21417	16462.24384	10469.88214	2115.974411	586.1261628	0.2221645328	0.06825360301	0.01194431171
58	1	65730.05696	1043.608295	790348.6419	3253828.856	2841.558519	0.8863376592	1.056021528	44177.60506	16398.50397	10404.31194	2119.323382	581.1478195	0.3478694316	0.02769781804	0.01
58	1	70675.3672	323.708855	2037992.154	587103.7691	4063.885957	0.8374445617	1.04527228	43730.02789	16323.17911	10328.37003	2114.867552	575.2541296	0.1079029517	0.07142156368	0.01258916975
58	1	68029.41976	582.7681195	1399512.784	1395254.527	2905.236602	0.8837905359	1.055461816	44154.00192	16394.55007	10400.3413	2119.004346	580.8383454	0.1942560398	0.04904601385	0.01018537636
58	1	66067.22459	309.5366881	818411.531	3197161.511	11246.13236	0.5501547057	0.9820248875	41188.72914	15889.80238	9886.599333	2115.583949	541.3780995	0.103178896	0.02868128377	0.01217411496
58	1	67742.48514	1629.032791	1315969.686	1571197.439	675.240662	0.9729903735	1.075099941	44942.40915	16529.04207	10537.47361	2118.583697	591.3510252	0.5430109303	0.04611824072	0.01042600179
58	1	63840.5021	1179.651996	285346.8965	6575440.109	8072.611947	0.6770955221	1.009958163	42324.97228	16082.68258	10082.46984	2119.322138	556.4601564	0.393217332	0.01	0.01000210432
58	1	64901.58646	529.5114854	568958.2436	4429285.887	9109.007167	0.6356397133	1.000831908	41957.93627	16020.1124	10018.70603	2119.325932	551.5690691	0.1765038285	0.01993917756	0.01
58	1	65357.16163	732.5355761	556957.4334	4717871.18	7105.040522	0.7157983791	1.018504178	42641.08357	16138.33413	10140.66449	2111.257801	560.800343	0.2441785254	0.01951860841	0.0146870385
58	1	64983.54722	996.6918245	590860.4429	4296186.224	4286.302828	0.8285478869	1.043299463	43665.93691	16311.27883	10315.42378	2119.324531	574.3294579	0.3322306082	0.02070674152	0.01
58	1	66163.33484	462.1230093	906132.5623	2769150.61	6338.949853	0.7464420059	1.025224355	42938.97499	16187.35212	10189.13431	2119.32536	564.6421453	0.1540410031	0.03175547285	0.01
58	1	66710.94291	315.30448	1052468.694	2258471.745	8199.165979	0.6720333608	1.008843747	42280.16405	16075.04324	10074.68418	2119.325783	555.8629958	0.1051014933	0.03688383181	0.01
58	1	66498.69896	134.1932794	995751.1991	2444151.861	21497.17605	0.140112958	0.8917447231	37570.56377	15272.18784	9256.521714	2119.326749	493.1040418	0.04473109312	0.03489616363	0.01
58	1	64402.1971	483.37322	435507.4947	5334209.872	13365.93823	0.4653624708	0.9633464144	40450.30891	15763.10401	9756.797584	2119.326375	531.4788045	0.1611244067	0.01526238764	0.01
58	1	67334.13657	725.1386805	1219002.164	1790868.683	2600.304455	0.8959878218	1.058145952	44263.04694	16413.06944	10419.15513	2119.323019	582.2863977	0.2417128935	0.04272000779	0.01000004342
58	1	65735.8962	984.8641783	749374.6875	3496169.547	3449.730071	0.8620107972	1.050674332	43953.76472	16360.90651	10366.4692	2116.758061	578.2056311	0.3282880594	0.02626188323	0.01149061945
58	1	65405.96062	713.362996	691757.0784	3748412.166	5315.031064	0.7873987574	1.034243048	43299.22314	16248.92245	10252.01139	2118.602102	569.4541756	0.2377876653	0.02424267048	0.01041997974
58	1	66890.4483	694.1068921	1100436.192	2112491.65	3129.562194	0.8748175123	1.053485438	44075.60591	16381.11598	10386.59245	2119.323598	579.7886056	0.231368964	0.03856485582	0.0100000471
58	1	68570.79869	1038.686889	1482442.58	1269944.607	1457.025334	0.9417189866	1.068226334	44654.63016	16480.70764	10488.82602	2115.276454	587.5686013	0.3462289632	0.0519522938	0.01234911937
58	1	67371.77502	1057.868838	1218885.962	1797492.41	1586.075864	0.9365569654	1.067078966	44620.22282	16474.09217	10481.45409	2118.707317	587.055758	0.3526229461	0.0427159355	0.01035660042
58	1	66127.14441	1485.775721	895574.5962	2811044.197	1474.438934	0.9410224426	1.06806022	44661.60556	16481.02425	10488.41536	2119.26742	587.5983365	0.4952585737	0.03138546826	0.01003108062
58	1	69428.19697	724.8000293	1778558.988	821377.0727	1542.766218	0.9382893513	1.067458382	44637.57601	16476.91665	10484.22001	2119.318968	587.2773113	0.2416000098	0.06232971202	0.01000125078
58	1	68448.6042	364.3325693	1482867.275	1254710.941	4888.111904	0.8044755239	1.038006637	43446.05498	16274.24297	10278.05822	2117.276671	571.4318166	0.1214441898	0.05196717725	0.0111898824
58	1	66710.94291	319.4597088	1052468.694	2258471.745	8082.568612	0.6766972555	1.009870475	42321.45798	16082.0827	10081.85785	2119.325762	556.4132683	0.1064865696	0.03688383181	0.01
58	1	68190.35396	1694.422155	1447808.543	1302080.857	447.5969198	0.9820961232	1.077102168	45025.44637	16543.03725	10551.60086	2119.31545	592.4459404	0.5648073852	0.05073854178	0.01
58	1	65399.25048	456.8173134	647884.0202	4043249.8	9519.994943	0.6192002023	0.9972232914	41801.63933	15994.18128	9992.879897	2116.064733	549.5379664	0.1522724378	0.02270513639	0.01189467333
58	1	65986.82947	890.1986088	858235.8532	2960966.821	3131.796299	0.874728148	1.053465906	44074.66999	16380.96604	10386.44772	2119.27967	579.7768298	0.2967328696	0.03007692965	0.01002556742
58	1	67449.82381	1449.560999	1245793.995	1727731.266	900.1265168	0.9639949393	1.0731181	44864.3598	16515.63089	10523.71769	2119.069821	590.3032829	0.4831869995	0.04365892919	0.01014453499
58	1	65211.37108	1157.933396	651741.3255	3946851.305	3176.761814	0.8729295274	1.05306981	44058.89004	16378.26638	10383.6885	2119.323724	579.5658529	0.3859777986	0.02284031589	0.01
58	1	71851.71036	1038.13355	2426224.973	333200.5188	416.0408572	0.9833583657	1.077380043	45036.62221	16544.94242	10553.54235	2119.315131	592.5948669	0.3460445166	0.08502720733	0.01
58	1	69710.33529	471.2205645	1853989.898	739438.8124	2640.003937	0.8943998425	1.057796368	44248.98728	16410.67265	10416.71262	2119.323144	582.0990411	0.1570735215	0.064973193	0.01
58	1	65867.94109	1017.452455	797067.3794	3257387.971	3033.485476	0.8786605809	1.054337284	44103.64632	16386.29348	10392.20265	2117.506094	580.1910582	0.3391508182	0.02793327663	0.01105582872
58	1	65573.40533	1017.579345	747223.9696	3456806.033	3152.748207	0.8738900717	1.053281512	44067.14371	16379.69006	10385.15332	2119.24751	579.6770463	0.339193115	0.02618651118	0.01004426168
58	1	65886.75292	247.3825155	832222.1677	3069457.584	13684.10463	0.4526358148	0.9605447189	40337.62765	15743.895	9737.222339	2119.326397	529.9772422	0.08246083849	0.0291652784	0.01
58	1	66451.59352	925.111346	983163.3119	2487389.139	2505.615915	0.8997753634	1.058979756	44296.58191	16418.78621	10424.98087	2119.322969	582.7332752	0.3083704487	0.03445502033	0.01
58	1	67693.01319	1250.308882	1299807.323	1608615.081	1130.773878	0.9547690449	1.071089195	44780.49372	16501.47882	10509.41746	2118.408752	589.1961925	0.4167696275	0.04555182969	0.01052910719
58	1	69719.5726	373.4868354	1856458.365	736900.4883	3525.310309	0.8589875876	1.050000577	43935.44871	16357.22307	10362.24399	2119.324022	577.9209046	0.1244956118	0.06505970059	0.01
58	1	71781.25347	211.602037	2407311.494	342106.2515	5075.157802	0.7969936879	1.036353015	43386.54042	16263.65066	10266.88849	2119.319765	570.6063719	0.07053401232	0.08436438326	0.0100029941
58	1	67842.81724	1152.637757	1354937.049	1481918.403	1139.74682	0.9544101272	1.071007265	44780.31576	16501.24932	10509.01621	2119.319792	589.1793913	0.3842125857	0.04748385442	0.01
58	1	65398.75959	1252.498334	701816.7565	3680913.598	2619.140043	0.8952343983	1.057980091	44256.37641	16411.93229	10417.99628	2119.323118	582.1975067	0.4174994448	0.02459521253	0.01
58	1	65680.26435	738.268955	777042.6692	3314703.512	4420.489309	0.8231804276	1.04211785	43618.41366	16303.17745	10307.16794	2119.324606	573.6961749	0.2460896517	0.02723150939	0.01
58	1	68284.97693	1397.593023	1472207.446	1258955.87	684.6098601	0.9726156056	1.075015261	44941.33003	16528.70946	10537.00973	2119.263872	591.325875	0.4658643409	0.05159360289	0.01003108459
58	1	67541.08749	142.3487238	1225111.198	1806259.87	16505.60683	0.3397757268	0.9357087616	39328.59447	15572.53193	9563.137502	2116.359011	516.5781366	0.0474495746	0.04293409926	0.01172405081
58	1	68592.17298	101.2328292	1483833.597	1269387.652	19347.34836	0.2261060658	0.9106893599	38317.76573	15400.50611	9388.07752	2115.022586	503.1292624	0.03374427639	0.05200104206	0.01250054167
58	1	65420.52789	1252.498334	707633.8514	3651206.016	2591.320764	0.8963471694	1.05822506	44266.22883	16413.61185	10419.70786	2119.323083	582.3287977	0.4174994448	0.02479907299	0.01
58	1	65473.44401	192.7744937	721770.3706	3580012.21	20614.66816	0.1754132736	0.8995158725	37883.11042	15325.46838	9310.81813	2119.326472	497.2689641	0.06425816457	0.0252944882	0.01000014515
58	1	66588.30001	220.0270093	1019690.597	2363990.704	12493.83739	0.5002465042	0.9710259219	40759.16975	15815.75622	9810.4537	2119.326036	535.5946109	0.07334233644	0.03573512133	0.0100001576
58	1	68782.84028	187.3546988	1606137.392	1044360.802	9120.574984	0.6351770007	1.000730045	41953.83943	16019.414	10017.99432	2119.325934	551.5144756	0.06245156627	0.05628718628	0.01
58	1	65241.81209	646.6953254	659876.0105	3902378.236	6205.872756	0.7517650898	1.0263962	42986.10534	16195.38653	10197.3219	2119.325321	565.2701926	0.2155651085	0.02312539644	0.01
58	1	70551.08713	410.5348751	2008480.015	610959.0108	3146.463349	0.874141466	1.053350165	44055.67566	16378.64417	10384.85157	2115.089876	579.590095	0.1368449584	0.07038730891	0.01245953956
58	1	65459.6138	269.4386762	684146.933	3817318.714	15519.4942	0.3792202321	0.9443892805	39680.86719	15632.38326	9623.960725	2117.279682	521.2578468	0.08981289206	0.02397597245	0.01118914081
58	1	66139.02288	328.1793764	866670.0991	2959294.134	9836.531836	0.6065387266	0.9944318704	41693.72729	15975.50698	9973.615657	2117.337473	548.079793	0.1093931255	0.03037250833	0.01115528263
58	1	65353.47039	991.5258528	689714.1431	3743497.923	3584.867979	0.8566052808	1.049476127	43914.35585	16353.62733	10358.57969	2119.324064	577.6398265	0.3305086176	0.02417107568	0.01000000268
58	1	72320.75452	421.1523749	2381639.394	376082.9075	2936.202248	0.8825519101	1.055220936	44110.32255	16389.27566	10396.79158	2109.072219	580.4136364	0.140384125	0.08346470291	0.01595511108
