#gen	Feasible	f1	f2	c1	c2	c3	x1	x2	x3
26	1	0.01327089082	17198.79938	0.08672910918	82801.20062	24845.17943	0.002042457534	0.0011317	2.770233978
26	1	0.007079511974	44553.78315	0.09292048803	55446.21685	24239.3152	0.000825	0.0011317	2.594085581
26	1	0.03051245739	6188.032785	0.06948754261	93811.96721	25486.07911	0.005386741553	0.0011317	3
26	1	0.03218183439	5938.524103	0.06781816561	94061.4759	24764.64186	0.005952308579	0.0011317	2.744823526
26	1	0.009684354011	26868.55916	0.09031564599	73131.44084	24706.77766	0.001321446889	0.0011317	2.726976208
26	1	0.02518474778	7779.753465	0.07481525222	92220.24653	25069.58741	0.004435663787	0.0011317	2.844782479
26	1	0.01475630644	14914.97782	0.08524369356	85085.02218	25273.89257	0.002275312731	0.001131700016	2.917943418
26	1	0.01250431605	18650.19182	0.08749568395	81349.80818	24689.22584	0.001906308417	0.0011317	2.721628393
26	1	0.02256515338	8818.602397	0.07743484662	91181.3976	25214.42974	0.00386723227	0.0011317	2.896091168
26	1	0.007763030485	38118.96408	0.09223696951	61881.03592	24438.52205	0.0009503902964	0.0011317	2.648396496
26	1	0.02096249168	9587.502289	0.07903750832	90412.49771	25486.07911	0.003476748409	0.0011317	3
26	1	0.02058617739	9868.663474	0.07941382261	90131.33653	25038.28748	0.003505573334	0.0011317	2.834036257
26	1	0.01448334238	15410.6578	0.08551665762	84589.3422	24426.91914	0.002352844236	0.0011317	2.645143139
26	1	0.01219227412	19311.91159	0.08780772588	80688.08841	25288.67774	0.001755109581	0.001131700016	2.923451464
26	1	0.01096698803	22400.62816	0.08903301197	77599.37184	24945.04968	0.00155590595	0.0011317	2.802706857
26	1	0.02972663522	6465.966746	0.07027336478	93534.03325	24900.25683	0.005409342555	0.0011317	2.788007235
26	1	0.01981904286	10263.80783	0.08018095714	89736.19217	25474.91751	0.003250769754	0.0011317	2.995515974
26	1	0.01322969111	17277.12666	0.08677030889	82722.87334	24786.68472	0.002042457534	0.0011317	2.75171139
26	1	0.09145287459	1898.007272	0.008547125408	98101.99273	25464.2777	0.01759513888	0.0011317	2.99125961
26	1	0.007918889369	37061.95932	0.09208111063	62938.04068	24661.456	0.0009613169661	0.0011317	2.713228661
26	1	0.08116559551	2153.438305	0.01883440449	97846.56169	25409.79292	0.01558026565	0.0011317	2.969734972
26	1	0.01070687586	23381.55375	0.08929312414	76618.44625	25486.07911	0.001425625247	0.0011317	3
26	1	0.02360841144	8361.231322	0.07639158856	91638.76868	25217.97177	0.004077585383	0.0011317	2.897379622
26	1	0.0345747136	5462.987324	0.0654252864	94537.01268	24893.905	0.00640566974	0.0011317	2.785940728
26	1	0.02050047774	9918.12377	0.07949952226	90081.87623	25038.28748	0.003488091531	0.0011317	2.834036257
26	1	0.0227415053	8733.589748	0.0772584947	91266.41025	25240.71609	0.003896415041	0.0011317	2.905692837
26	1	0.0130986738	17486.39042	0.0869013262	82513.60958	25218.31081	0.001949669506	0.0011317	2.897503039
26	1	0.007593559678	40226.856	0.09240644032	59773.144	24912.49297	0.0008686477257	0.0011317	2.792000647
26	1	0.01251214319	18646.48826	0.08748785681	81353.51174	24592.66316	0.001920693934	0.0011317	2.692737856
26	1	0.02006359314	10237.58658	0.07993640686	89762.41342	24743.37305	0.003458426651	0.001131700417	2.738215859
26	1	0.01421516076	15669.16019	0.08578483924	84330.83981	25479.97626	0.002128435827	0.0011317	2.99754585
26	1	0.007231933518	43388.34789	0.09276806648	56611.65211	24599.63713	0.000825	0.001131700002	2.694794822
26	1	0.01969337861	10344.588	0.08030662139	89655.412	25468.20359	0.003227240934	0.0011317	2.992828085
26	1	0.01140352322	21213.77421	0.08859647678	78786.22579	25176.07855	0.001612685805	0.0011317	2.882245806
26	1	0.03026468176	6285.503184	0.06973531824	93714.49682	25209.89069	0.005427780364	0.001131700005	2.894442343
26	1	0.01419289656	15815.27352	0.08580710344	84184.72648	24438.16362	0.002290750835	0.0011317	2.648295823
26	1	0.05554188016	3232.838402	0.04445811984	96767.1616	25227.02771	0.01053816586	0.001131700004	2.900681278
26	1	0.08383498339	2098.275104	0.01616501661	97901.7249	25176.94597	0.0163032591	0.0011317	2.882556846
26	1	0.01883880755	10929.16446	0.08116119245	89070.83554	25417.5813	0.003067842815	0.0011317	2.972784342
26	1	0.01697490014	12458.92641	0.08302509986	87541.07359	25291.5849	0.002719841908	0.0011317	2.924538432
26	1	0.01467683188	15035.61699	0.08532316812	84964.38301	25083.91517	0.002292457069	0.0011317	2.849741077
26	1	0.007748784782	38685.50418	0.09225121522	61314.49582	24829.87911	0.0009091188537	0.0011317	2.76535437
26	1	0.01559951642	13906.13952	0.08440048358	86093.86048	25015.74288	0.00249226903	0.0011317	2.826368278
26	1	0.04153757144	4439.896025	0.05846242856	95560.10397	25091.41885	0.007758653204	0.0011317	2.852347963
26	1	0.02109289289	9543.994046	0.07890710711	90456.00595	25285.14887	0.003552441345	0.0011317	2.922134484
26	1	0.01355960395	16693.54463	0.08644039605	83306.45537	25056.69804	0.00206931487	0.0011317	2.840342924
26	1	0.012804439	18062.34042	0.087195561	81937.65958	24689.86897	0.001968253947	0.0011317	2.721823815
26	1	0.01536364828	14142.77178	0.08463635172	85857.22822	25463.14774	0.002361560338	0.001131700412	2.990797787
26	1	0.02229555359	8915.554606	0.07770444641	91084.44539	25405.32388	0.003764645482	0.001131700206	2.967983994
26	1	0.009165524255	29149.96037	0.09083447575	70850.03963	24431.85896	0.001243421553	0.0011317	2.646526816
26	1	0.01481504187	14837.6185	0.08518495813	85162.3815	25273.89257	0.002287175594	0.001131700016	2.917943418
26	1	0.0147798647	14886.22514	0.0852201353	85113.77486	25234.41777	0.002287175594	0.001131700016	2.903383459
26	1	0.007339728498	42629.96511	0.0926602715	57370.03489	24829.87911	0.000825	0.0011317	2.76535437
26	1	0.01291346902	17830.66294	0.08708653098	82169.33706	25249.99997	0.001907027271	0.0011317	2.909106055
26	1	0.05909293969	3014.283167	0.04090706031	96985.71683	25354.47621	0.01118286991	0.001131700004	2.948334523
26	1	0.01568650667	13765.77377	0.08431349333	86234.22623	25468.76721	0.002425062827	0.0011317	2.99305346
26	1	0.01402924774	15979.35345	0.08597075226	84020.64655	24845.55829	0.002198260358	0.0011317	2.770355118
26	1	0.01970711497	10333.76062	0.08029288503	89666.23938	25486.07911	0.003225673069	0.0011317	3
26	1	0.03227536792	5907.814158	0.06772463208	94092.18584	24831.55518	0.005952308579	0.0011317	2.765887696
26	1	0.01915256021	10741.27862	0.08084743979	89258.72138	25188.69605	0.003181724916	0.0011317	2.886779758
26	1	0.08728676087	1991.987702	0.01271323913	98008.0123	25471.55086	0.01675457423	0.0011317	2.994167276
26	1	0.04186641882	4380.772362	0.05813358118	95619.22764	25255.20846	0.007758653204	0.0011317	2.911026047
26	1	0.01954499847	10509.2784	0.08045500153	89490.7216	25015.74288	0.003297832593	0.0011317	2.826368278
26	1	0.04424700186	4115.541	0.05575299814	95884.459	25334.04383	0.008204569748	0.0011317	2.940542241
26	1	0.01579933246	13638.29476	0.08420066754	86361.70524	25482.82563	0.002444786914	0.001131700412	2.998680045
26	1	0.009922696053	25898.63821	0.09007730395	74101.36179	24682.60301	0.00137346918	0.0011317	2.71961834
26	1	0.01276228641	18143.67674	0.08723771359	81856.32326	24683.89709	0.001960516706	0.001131719445	2.71961834
26	1	0.007385843828	42320.6731	0.09261415617	57679.3269	24922.81296	0.000825	0.0011317	2.795381567
26	1	0.07262172961	2451.029776	0.02737827039	97548.97022	38447.42505	0.01375763693	0.001372503834	2.946710179
26	1	0.02058617739	9868.663474	0.07941382261	90131.33653	25038.28748	0.003505573334	0.0011317	2.834036257
26	1	0.09122359609	1906.122313	0.008776403913	98093.87769	25414.2364	0.01759513888	0.0011317	2.971473609
26	1	0.01567077873	13791.61868	0.08432922127	86208.38132	25318.20682	0.002451566444	0.0011317	2.934543274
26	1	0.0704810225	2741.486229	0.0295189775	97258.51377	71663.04084	0.01236875927	0.002983966011	2.921565673
26	1	0.01282361659	18013.63774	0.08717638341	81986.36226	24798.61048	0.001957141055	0.0011317	2.755458739
26	1	0.01505082212	14536.52926	0.08494917788	85463.47074	25251.30203	0.002338927939	0.0011317	2.909585686
26	1	0.00897004961	30466.67637	0.09102995039	69533.32363	25055.21087	0.001133971154	0.0011317	2.839831975
26	1	0.01064101188	23488.5686	0.08935898812	76511.4314	25246.09155	0.001448134274	0.001131700206	2.907662714
26	1	0.0131822193	17354.83866	0.0868177807	82645.16134	25486.07911	0.001920693934	0.0011317	3
26	1	0.01064105729	23488.44195	0.08935894271	76511.55805	25246.14312	0.001448134274	0.0011317	2.907686676
26	1	0.01413260307	15905.07486	0.08586739693	84094.92514	24426.91914	0.002279704918	0.0011317	2.645143139
26	1	0.01505176774	14535.2664	0.08494823226	85464.7336	25252.35101	0.002338927939	0.0011317	2.909972257
26	1	0.0914621585	1897.682008	0.008537841501	98102.31799	25466.27968	0.01759513888	0.0011317	2.992059147
26	1	0.01181300255	20175.41789	0.08818699745	79824.58211	25181.06873	0.001694992009	0.001131700001	2.884036486
26	1	0.01327089082	17198.79938	0.08672910918	82801.20062	24845.17943	0.002042457534	0.0011317	2.770233978
26	1	0.03278448934	5733.089208	0.06721551066	94266.91079	25293.18664	0.005909865685	0.0011317	2.925137597
26	1	0.02030821896	9965.169696	0.07969178104	90034.8303	25463.30817	0.003351520733	0.0011317	2.99087263
26	1	0.01309813063	17487.3618	0.08690186937	82512.6382	25217.63665	0.001949669506	0.0011317	2.897257647
26	1	0.01412709574	15915.0351	0.08587290426	84084.9649	24418.4108	0.002279704918	0.0011317	2.642764764
26	1	0.01515219762	14459.58735	0.08484780238	85540.41265	24854.58055	0.002427596898	0.0011317	2.773244546
26	1	0.01579933246	13638.29476	0.08420066754	86361.70524	25482.82563	0.002444786914	0.001131700412	2.998680045
26	1	0.02698190944	7210.434039	0.07301809056	92789.56596	24935.92951	0.004837214595	0.0011317	2.799695764
26	1	0.02552151612	7621.842242	0.07447848388	92378.15776	25305.73729	0.004440701889	0.0011317	2.929844755
26	1	0.009153653663	29352.91935	0.09084634634	70647.08065	24822.68388	0.001198838606	0.0011317	2.763068208
26	1	0.02698190944	7210.434039	0.07301809056	92789.56596	24935.92951	0.004837214595	0.0011317	2.799695764
26	1	0.01053363165	23848.37885	0.08946636835	76151.62115	25251.6726	0.001425625247	0.0011317	2.909722231
26	1	0.01696945146	12464.58422	0.08303054854	87535.41578	25286.13401	0.002719841908	0.0011317	2.922502078
26	1	0.02594378097	7465.144597	0.07405621903	92534.8554	25393.75844	0.004500484915	0.001131700003	2.963485384
26	1	0.02780531388	6940.373794	0.07219468612	93059.62621	25090.56241	0.004963709404	0.0011317	2.852050077
26	1	0.008480260892	33593.19695	0.09151973911	66406.80305	25211.76251	0.001015416132	0.0011317	2.895122027
26	1	0.009435224621	28203.83221	0.09056477538	71796.16779	25191.27323	0.001211486727	0.001131700003	2.887708312
