#gen	Feasible	f1	f2	c1	c2	c3	x1	x2	x3
1	1	0.0218673899	20229.26997	0.0781326101	79770.73003	82291.02147	0.001873257927	0.004869409392	2.485474547
1	1	0.05546999313	4220.139327	0.04453000687	95779.86067	71240.88471	0.0109812588	0.003138628491	1.913666449
1	1	0.01087827088	30077.26911	0.08912172912	69922.73089	53399.28255	0.001421150777	0.001898485267	2.117708176
1	1	0.0480337477	5171.819397	0.0519662523	94828.1806	81532.57895	0.007973896005	0.004751807787	2.218203242
1	1	0.03531727115	8316.955779	0.06468272885	91683.04422	63555.51121	0.007229601753	0.002690617961	1.410820689
1	1	0.02035688702	25600.26053	0.07964311298	74399.73947	83623.0107	0.002367975527	0.006006047096	1.397952053
1	1	0.05749578813	3265.002054	0.04250421187	96734.99795	56229.46017	0.01043882926	0.001933411311	2.898784413
1	1	0.04382601592	7957.962403	0.05617398408	92042.0376	89318.37648	0.005583352307	0.008360006732	2.016314858
1	1	0.07534480926	2393.143568	0.02465519074	97606.85643	43526.94918	0.01443847931	0.001501903338	2.839211294
1	1	0.08713142145	2363.878456	0.01286857855	97636.12154	31507.05004	0.01879627424	0.001303761111	2.016314858
1	1	0.09273746404	2239.345689	0.007262535965	97760.65431	82291.02147	0.01692219317	0.004869409392	2.485474547
1	1	0.02035688702	25600.26053	0.07964311298	74399.73947	83623.0107	0.002367975527	0.006006047096	1.397952053
1	1	0.06336035657	3230.993126	0.03663964343	96769.00687	21448.40158	0.01350029593	0.0011317	2.063769709
1	1	0.02554454034	11284.80723	0.07445545966	88715.19277	74610.80892	0.003932577325	0.003516131007	2.019377812
1	1	0.05739967377	4141.810781	0.04260032623	95858.18922	84283.13573	0.008790470179	0.005445716069	2.629564833
1	1	0.03176851252	11032.74082	0.06823148748	88967.25918	85446.73129	0.003738115512	0.006029891178	2.218054888
1	1	0.07177176696	2960.445725	0.02822823304	97039.55428	67742.92476	0.01443847931	0.002742678152	2.117708176
1	1	0.0218673899	20229.26997	0.0781326101	79770.73003	82291.02147	0.001873257927	0.004869409392	2.485474547
1	1	0.04711805228	5478.760159	0.05288194772	94521.23984	32111.85142	0.01043882926	0.001418296862	1.493070938
1	1	0.05791236503	4091.798368	0.04208763497	95908.20163	84440.65626	0.008674462682	0.00547610914	2.728239339
1	1	0.04765334821	8452.236395	0.05234665179	91547.76361	90275.83866	0.007128740788	0.01009189512	1.40751724
1	1	0.0285914682	32583.02043	0.0714085318	67416.97957	91187.77035	0.002530830826	0.01283864465	1
1	1	0.03325882027	11257.31931	0.06674117973	88742.68069	83779.00731	0.005391211381	0.006066459876	1.39614834
1	1	0.07538908724	3386.342897	0.02461091276	96613.6571	87479.95789	0.01334941328	0.007163383702	1.973321892
1	1	0.09822724641	2338.801348	0.001772753592	97661.19865	85315.10081	0.01879627424	0.006065063833	2.043539281
1	1	0.08345764277	3168.739048	0.01654235723	96831.26095	82050.35403	0.01709253447	0.005265685284	1.589386997
1	1	0.05151144086	6828.119675	0.04848855914	93171.88033	72902.68547	0.0109812588	0.003978487254	1.107039515
1	1	0.03076025054	15411.05972	0.06923974946	84588.94028	86993.97972	0.004323877371	0.007856189326	1.258587729
1	1	0.08840502366	2370.667082	0.01159497634	97629.33292	84440.65626	0.01497222133	0.00547610914	2.728239339
1	1	0.07544352136	3380.251223	0.02455647864	96619.74878	87485.67608	0.01334941328	0.007163383702	1.977746489
1	1	0.08532620061	2715.341394	0.01467379939	97284.65861	88689.2391	0.01325384737	0.007551381685	2.673824277
1	1	0.05740526606	11038.67217	0.04259473394	88961.32783	94709.34879	0.003742520475	0.01659302749	2.213088963
1	1	0.06183724188	5412.106814	0.03816275812	94587.89319	92044.71878	0.007173728748	0.01089152393	2.404040259
1	1	0.08220333026	3773.828897	0.01779666974	96226.1711	90904.64489	0.01465908516	0.01046535628	1.551016951
1	1	0.04097991335	14355.86483	0.05902008665	85644.13517	92044.71878	0.00270446864	0.01089152393	2.404040259
1	1	0.04848736706	13479.52375	0.05151263294	86520.47625	93132.17181	0.006109011666	0.01646122945	1.001491044
1	1	0.09612241662	3005.219764	0.003877583376	96994.78024	87821.65983	0.01922746895	0.007935212542	1.475711255
1	1	0.05916429744	7855.753647	0.04083570256	92144.24635	94102.37468	0.006010255792	0.01538166455	1.870474191
1	1	0.06477123894	4264.307211	0.03522876106	95735.69279	88246.77053	0.01086751958	0.007679946934	1.913666449
1	1	0.08396384897	3668.325254	0.01603615103	96331.67475	90881.86696	0.01508069087	0.01043921286	1.551016951
1	1	0.03088506865	15741.52142	0.06911493135	84258.47858	87089.5081	0.002155133479	0.006549948695	2.919414375
1	1	0.08651948383	3636.598224	0.01348051617	96363.40178	91884.37164	0.01508069087	0.01169457848	1.56661391
1	1	0.06989320837	6399.626513	0.03010679163	93600.37349	92915.04948	0.01131463649	0.01496603506	1.149547731
1	1	0.03134362411	15741.52142	0.06865637589	84258.47858	87375.90466	0.002155133479	0.006698544114	2.919414375
1	1	0.06197493687	10700.33015	0.03802506313	89299.66985	94779.50441	0.003440634864	0.01642826829	2.588180131
1	1	0.08628055252	3668.325254	0.01371944748	96331.67475	91860.6616	0.01508069087	0.01169457848	1.551016951
1	1	0.07392475145	5606.875286	0.02607524855	94393.12471	93653.00241	0.01131463649	0.0157748504	1.328800516
1	1	0.06225187481	7154.929609	0.03774812519	92845.07039	93843.53439	0.005349608487	0.0140341181	2.451339248
1	1	0.07434106932	5511.42612	0.02565893068	94488.57388	93696.15849	0.01131463649	0.0157748504	1.354426762
1	1	0.0378399042	20234.20732	0.0621600958	79765.79268	92826.3221	0.003718485553	0.01505319889	1.102934407
1	1	0.07464047687	8605.166378	0.02535952313	91394.83362	96169.15551	0.007423729743	0.02620936669	1.318588107
1	1	0.07686770188	6458.870069	0.02313229812	93541.12993	95662.87886	0.007070885533	0.02073282125	1.948472843
1	1	0.06012043477	18302.41508	0.03987956523	81697.58492	96262.72639	0.004127376595	0.02895059301	1.098217849
1	1	0.07596710274	6589.01712	0.02403289726	93410.98288	95647.14637	0.007028187723	0.02073282125	1.915372799
1	1	0.06404815462	16257.23747	0.03595184538	83742.76253	96323.82784	0.004968867794	0.03044389986	1.022167568
1	1	0.07766376653	5870.160335	0.02233623347	94129.83967	95435.07321	0.008074605092	0.01989325868	1.861630044
1	1	0.09863758357	3830.340954	0.001362416432	96169.65905	91392.43982	0.01922746895	0.01241734915	1.128666103
1	1	0.05949791309	18745.46878	0.04050208691	81254.53122	96218.35554	0.004127376595	0.02895059301	1.07037838
1	1	0.08044354509	5569.521573	0.01955645491	94430.47843	94900.1215	0.01131463649	0.01958001114	1.338707052
1	1	0.08868928927	4143.868566	0.01131071073	95856.13143	93793.3403	0.01445143994	0.0157748504	1.417273442
1	1	0.03171161296	32050.41144	0.06828838704	67949.58856	92677.10111	0.002353390775	0.01476421487	1.100000245
1	1	0.07766376653	5870.160335	0.02233623347	94129.83967	95435.07321	0.008074605092	0.01989325868	1.861630044
1	1	0.06496973355	9294.069643	0.03503026645	90705.93036	94790.10333	0.00391738663	0.01642826829	2.629564833
1	1	0.06634229865	14863.5238	0.03365770135	85136.4762	95162.87499	0.002242626566	0.01743337295	3
1	1	0.05976636145	41750.6666	0.04023363855	58249.3334	96881.21087	0.001523373746	0.03213610478	1.32504137
1	1	0.07024827806	14442.46215	0.02975172194	85557.53785	96729.35367	0.003796387081	0.02901603989	1.567050164
1	1	0.09482875969	6333.942582	0.005171240309	93666.05742	96451.68069	0.01194606402	0.03051681512	1.096271501
1	1	0.05956473827	42869.9615	0.04043526173	57130.0385	96878.38583	0.001481625959	0.03208982611	1.327000813
1	1	0.07896357941	11221.09297	0.02103642059	88778.90703	96621.08744	0.003769356136	0.02611940308	2.146557462
1	1	0.08873155476	7632.252872	0.01126844524	92367.74713	96834.57336	0.006010255792	0.02843959408	1.937880497
1	1	0.08161397607	8726.385487	0.01838602393	91273.61451	96757.50111	0.006984361855	0.03039726956	1.389532504
1	1	0.07367452073	12820.14363	0.02632547927	87179.85637	96609.3463	0.00642321726	0.0333425073	1.001491044
1	1	0.06532793285	15047.71853	0.03467206715	84952.28147	95153.45993	0.002242626566	0.01743337295	2.943205212
1	1	0.08314397543	8065.277167	0.01685602457	91934.72283	96729.35367	0.006798176377	0.02901603989	1.567050164
1	1	0.06063208665	29198.68703	0.03936791335	70801.31297	96785.40278	0.002530830826	0.03330274972	1.124558961
1	1	0.08543224938	8316.955779	0.01456775062	91683.04422	96903.83411	0.007229601753	0.031670847	1.410820689
1	1	0.08543224938	8316.955779	0.01456775062	91683.04422	96903.83411	0.007229601753	0.031670847	1.410820689
1	1	0.09760195674	7430.085765	0.00239804326	92569.91423	97326.8863	0.007591829171	0.03584658642	1.516780273
1	1	0.07282930053	14863.5238	0.02717069947	85136.4762	95672.13157	0.002242626566	0.01948474306	3
1	1	0.06691505698	21851.22128	0.03308494302	78148.77872	96658.19304	0.002174826529	0.02719359163	1.855754425
1	1	0.07779084439	12990.8482	0.02220915561	87009.1518	97053.6985	0.005464765502	0.03566190234	1.174458738
1	1	0.09217533543	8177.039226	0.007824664574	91822.96077	97194.33214	0.007844975415	0.03584658642	1.312524847
1	1	0.08918680318	9027.017338	0.01081319682	90972.98266	97046.36599	0.005059114207	0.03044389986	1.948537208
1	1	0.06768422373	27949.01268	0.03231577627	72050.98732	97160.86323	0.002587474345	0.03732498904	1.151132809
1	1	0.09056893277	8855.478541	0.009431067228	91144.52146	97060.74107	0.005059114207	0.03044389986	1.995565662
1	1	0.0998728425	62461.36351	0.0001271574964	37538.63649	98107.28934	0.000825	0.04915406922	1.684525883
