#gen	Feasible	f1	f2	f3	f4	f5	c1	c2	c3	c4	c5	c6	c7	x1	x2	x3
62	1	65506.02277	676.810615	728104.2147	3551485.259	5281.830515	0.7887267794	1.034533548	43312.8904	16251.1256	10254.15003	2119.18166	569.6271195	0.2256035383	0.02551645816	0.01008327585
62	1	64904.30688	468.4206109	499608.3978	4998602.878	12249.40746	0.5100237015	0.9731918449	40831.81363	15829.06429	9824.792349	2115.09911	536.6296162	0.1561402036	0.01750880784	0.01245584653
62	1	64138.56055	1808.198225	316925.0459	6398285.245	4634.263184	0.8146294726	1.040244705	43533.14041	16289.27563	10293.53468	2116.421241	572.6058463	0.6027327416	0.01110665824	0.01168676861
62	1	71707.56401	1095.189824	2387705.032	351568.4195	372.5727437	0.9850970903	1.077762813	45052.0168	16547.56677	10556.21673	2119.31466	592.8000113	0.3650632746	0.08367727356	0.01000000075
62	1	64411.49135	572.0636629	437991.178	5315786.072	11107.42655	0.555702938	0.9832343159	41250.17951	15899.45962	9895.752921	2119.326179	542.1376797	0.1906878876	0.01534942848	0.01
62	1	66645.14667	1355.057851	1032490.675	2324139.017	1371.573109	0.9451370756	1.068966322	44697.7366	16487.20348	10494.72913	2119.176088	588.0812515	0.4516859503	0.03618370088	0.01008394805
62	1	65546.44054	2244.16853	741281.2198	3484014.971	1023.178017	0.9590728793	1.072033742	44821.59956	16508.28706	10516.18813	2119.319296	589.7295289	0.7480561767	0.02597824714	0.01
62	1	65299.03914	1497.529941	674569.7422	3824107.068	2182.331469	0.9127067413	1.061826636	44410.95677	16438.29183	10444.86502	2119.286351	584.2579784	0.499176647	0.0236403392	0.01002098958
62	1	65253.4589	1471.653665	619452.5158	4191264.006	2686.565033	0.8925373987	1.05739477	44223.84694	16406.9612	10413.41307	2116.696804	581.8056363	0.4905512215	0.02170875252	0.01152571651
62	1	69221.96041	1374.105323	1722800.627	887918.7004	494.5429551	0.9802182818	1.076688905	45008.68455	16540.18882	10548.70568	2119.274735	592.2232284	0.4580351076	0.06037565673	0.0100238971
62	1	69096.80514	548.653048	1670335.345	961568.2166	2566.266709	0.8973493317	1.058449485	44271.18721	16414.71701	10421.05251	2118.134466	582.413702	0.1828843493	0.0585370076	0.01069046503
62	1	65501.14067	2122.999062	726668.0258	3558760.152	1174.104059	0.9530358376	1.070705208	44767.64957	16499.12317	10506.87732	2119.16861	589.0130016	0.707666354	0.02546612684	0.01008788627
62	1	64562.971	697.9326115	319714.1904	6622848.725	13253.44905	0.469862038	0.9643676267	40458.60379	15766.61219	9762.132697	2109.749852	531.7410704	0.2326442038	0.01120440399	0.01556363404
62	1	72866.95199	2348.2106	2697525.819	228334.3941	-295.3800233	1.011815201	1.083644641	45288.5778	16587.89382	10597.31265	2119.296544	595.952364	0.7827368667	0.09453496261	0.01
62	1	64973.3606	439.7799979	585678.1387	4331008.432	10794.92292	0.568203083	0.9859866215	41360.36644	15918.27587	9914.955189	2119.177745	543.6083544	0.1465933326	0.02052512734	0.01008621628
62	1	72003.62539	1539.562815	2289366.651	428787.2266	847.0219316	0.9661191227	1.0736192	44848.72747	16515.25238	10525.25359	2108.605895	590.2606293	0.5131876051	0.08023099881	0.0162188954
62	1	71133.95228	562.4077659	2221912.479	444833.3169	1669.648648	0.9332140541	1.066343495	44590.16146	16468.99831	10476.28897	2118.566837	586.6573967	0.1874692553	0.07786706308	0.01043832747
62	1	65482.02567	3137.3107	723951.7391	3569288.567	545.2330907	0.9781906764	1.07624243	44990.84466	16537.14016	10545.59261	2119.309337	591.9849576	1.045770233	0.0253709344	0.0100040664
62	1	71299.33094	828.5753964	2094050.893	564257.1307	1748.270567	0.9300691773	1.065684398	44528.13035	16460.69329	10469.7331	2108.185806	585.9952265	0.2761917988	0.07338614572	0.01646801882
62	1	68313.23219	1263.485834	1480645.029	1243862.01	825.11263	0.9669954948	1.073777857	44891.74606	16520.24508	10528.37413	2119.318287	590.6642836	0.4211619446	0.05188929851	0.01
62	1	65050.79321	940.8154524	606178.066	4209356.797	4462.563441	0.8214974624	1.041747867	43602.98574	16300.5824	10304.55282	2119.164626	573.4931214	0.3136051508	0.02124354859	0.01009295281
62	1	64736.59717	334.9350251	524868.5093	4709855.323	16156.4718	0.3537411278	0.9387736584	39462.01836	15594.62806	9585.109504	2119.326544	518.3090921	0.1116450084	0.01839405004	0.01
62	1	69562.95522	1146.913496	1780907.47	828311.9975	837.2370912	0.9665105164	1.0736776	44880.75639	16518.81616	10527.29157	2117.284709	590.550045	0.3823044986	0.06241201471	0.01118096141
62	1	64267.98554	718.8273039	354372.5527	6067042.781	11108.82622	0.5556469513	0.9832307335	41240.68892	15898.43889	9895.21461	2116.595405	542.0544769	0.2396091013	0.01241900848	0.01158648561
62	1	71711.21755	670.5210719	2387705.032	351687.5275	1097.270205	0.9561091918	1.071381493	44795.1652	16503.79362	10511.61984	2119.260706	589.3782044	0.223507024	0.08367727356	0.01003421621
62	1	66219.20536	1217.442858	797461.9215	3362908.213	2833.965844	0.8866413662	1.056112258	44155.73524	16396.40617	10403.54444	2111.866865	580.9745183	0.4058142861	0.02794710338	0.01433159785
62	1	71143.21104	926.0873708	2224386.678	443302.7664	733.1991999	0.970672032	1.07458964	44921.81278	16525.5356	10533.90419	2118.56289	591.0768991	0.3086957903	0.07795377154	0.01043832747
62	1	65883.56587	2119.931744	831370.4988	3073101.381	922.8456525	0.9630861739	1.072917244	44857.1331	16514.34454	10522.36109	2119.318815	590.2030399	0.7066439148	0.02913543161	0.01
62	1	66220.28925	2147.695557	808060.6945	3301790.508	1439.419398	0.9424232241	1.068390302	44651.67377	16480.81387	10489.44714	2112.485004	587.5734181	0.7158985189	0.02831853805	0.01397031385
62	1	65505.69694	654.1169686	545963.8565	4875670.411	8362.933602	0.6654826559	1.007437268	42185.51921	16061.34171	10062.76609	2108.200563	554.7780496	0.2180389895	0.01913333782	0.01646334479
62	1	69891.09439	1374.105323	1901611.87	692140.3452	376.3838709	0.9849446452	1.077729385	45050.53157	16547.32257	10555.97544	2119.273538	592.7808713	0.4580351076	0.06664210803	0.0100238971
62	1	68922.81448	516.3539475	1512799.111	1244569.863	3609.071677	0.8556371329	1.049288245	43879.80592	16349.46214	10355.78457	2111.436942	577.3043797	0.1721179825	0.05301614032	0.01458190675
62	1	67470.35127	825.7634561	1255364.388	1702435.638	2104.786215	0.9158085514	1.062509372	44438.53125	16442.98512	10449.64159	2119.319975	584.6248941	0.2752544854	0.04399432422	0.01000137997
62	1	70500.72492	2272.456348	2065137.223	551023.6771	-130.8342162	1.005233369	1.082195704	45230.28927	16577.95813	10587.18827	2119.30051	595.1756895	0.7574854495	0.07237286433	0.01000234118
62	1	64234.59245	344.0397785	390718.8622	5677625.98	21364.73331	0.1454106678	0.8929109815	37617.46946	15280.18395	9264.670278	2119.326745	493.7290953	0.1146799262	0.01369276719	0.01
62	1	64329.74923	1314.235759	370014.8708	5938046.475	5551.922082	0.7779231167	1.032163639	43208.54109	16233.91414	10237.09552	2116.54224	568.2784065	0.4380785863	0.0129671945	0.01161671764
62	1	71707.56401	1095.189824	2387705.032	351568.4195	372.5727437	0.9850970903	1.077762813	45052.0168	16547.56677	10556.21673	2119.31466	592.8000113	0.3650632746	0.08367727356	0.01000000075
62	1	65022.30653	449.8293322	601218.01	4234643.674	10234.41186	0.5906235255	0.9909218697	41559.36489	15952.1671	9949.465307	2119.326083	546.2578066	0.1499431107	0.02106972311	0.01
62	1	67958.94853	1432.189913	1255359.818	1781342.96	1454.843699	0.941806252	1.068257824	44642.76992	16479.52446	10488.32516	2111.439984	587.4713202	0.4773966377	0.04399416405	0.01457726189
62	1	65712.63697	663.3524042	776309.5592	3328910.816	5052.183601	0.797912656	1.036557116	43392.82935	16264.8454	10268.2091	2118.758834	570.6990636	0.2211174681	0.02720581751	0.01032886205
62	1	64392.30145	759.7720143	387999.2118	5788580.644	9520.194179	0.6191922328	0.9972197602	41803.39677	15994.35952	9992.959537	2116.619699	549.5525927	0.2532573381	0.01359745687	0.01157225788
62	1	65798.98267	2055.688257	808132.6709	3174908.402	1028.391823	0.9588643271	1.071987953	44819.62691	16507.95915	10515.861	2119.281013	589.7038486	0.6852294189	0.02832106046	0.01002224806
62	1	63936.2295	1312.515138	290327.7291	6576812.235	7130.919141	0.7147632344	1.018254457	42654.38743	16139.11041	10140.20188	2118.079284	560.8695487	0.4375050459	0.01017455359	0.01072403945
62	1	66008.67099	428.7915248	842611.6774	3048734.906	7564.372012	0.6974251195	1.014437873	42500.57247	16112.90943	10113.51833	2117.987078	558.8213115	0.1429305083	0.02952937942	0.01077766382
62	1	66243.28653	851.416361	803532.8813	3335009.073	4119.669155	0.8352132338	1.044790739	43700.32041	16318.77546	10324.43768	2111.846292	574.9061225	0.2838054537	0.02815986055	0.01434436129
62	1	69072.66159	614.784908	1674704.579	952151.9758	2162.706052	0.9134917579	1.062001052	44416.26164	16439.30541	10445.98975	2118.786659	584.3365854	0.2049283027	0.05869012769	0.01031124015
62	1	64574.29855	879.2910672	475065.6599	5059492.693	6384.198325	0.744632067	1.02482715	42921.67183	16184.48726	10186.28614	2118.937368	564.4177153	0.2930970224	0.01664870604	0.01022541466
62	1	65404.56564	236.1257634	700842.7322	3689142.594	17221.60831	0.3111356677	0.9293948146	39084.28964	15530.26917	9519.551561	2119.174248	513.2779875	0.07870858778	0.02456107779	0.01008850848
62	1	70922.09236	949.7796993	2115860.359	524574.094	983.3656094	0.9606653756	1.072396283	44823.39135	16509.40961	10518.01883	2115.580998	589.8126092	0.3165932331	0.07415045984	0.01217085895
62	1	64445.7262	740.0025155	388307.741	5814201.674	9842.00294	0.6063198824	0.9943886886	41686.65015	15974.64173	9973.02067	2115.77716	548.0102064	0.2466675052	0.0136082693	0.01206176908
62	1	65450.57174	843.0786582	697901.9017	3723918.498	4367.631995	0.8252947202	1.042586728	43633.6046	16306.00135	10310.24259	2118.253191	573.91558	0.2810262194	0.0244580162	0.01062241796
62	1	65294.69692	1047.986885	674008.3118	3826303.879	3446.415752	0.8621433699	1.050695303	43963.38987	16361.98626	10367.09799	2119.323959	578.2932415	0.3493289616	0.02362066383	0.01
62	1	64536.02955	1046.965943	471271.2537	5074968.81	5264.00595	0.789439762	1.034690048	43319.67526	16252.25089	10255.27042	2119.324996	569.7152618	0.3489886478	0.01651573084	0.01
62	1	64615.41671	1838.524328	490161.0529	4947154.891	2546.027172	0.8981589131	1.058624354	44281.80804	16416.29834	10422.47134	2119.182783	582.538624	0.6128414425	0.01717772504	0.01008146791
62	1	65976.52768	719.1977032	764545.7781	3481907.499	5041.741561	0.7983303376	1.036664957	43380.17834	16263.77413	10268.02963	2113.795233	570.6091205	0.2397325677	0.02679355506	0.01321246556
62	1	64923.36757	856.8860847	574778.7637	4393517.447	5274.839708	0.7890064117	1.034594649	43315.8384	16251.59681	10254.60388	2119.325001	569.6641327	0.2856286949	0.02014315806	0.01
62	1	65498.39032	324.7167927	728440.8623	3546894.755	11811.22123	0.5275511508	0.977036872	41000.9248	15856.96865	9852.451827	2119.326248	538.8161739	0.1082389309	0.025528256	0.01
62	1	64186.5381	746.2134869	377877.4033	5780105.101	9784.580748	0.6086167701	0.9948829724	41718.6763	15979.32525	9977.141247	2119.326026	548.3807506	0.248737829	0.01324273745	0.01
62	1	71532.03556	2235.105623	2340798.962	375307.776	-196.4259299	1.007857037	1.082773276	45253.53239	16581.91955	10591.22448	2119.301914	595.4853576	0.7450352076	0.08203344739	0.01
62	1	72729.2461	1021.247797	2658833.693	241137.6154	338.7308745	0.986450765	1.078061182	45063.626	16549.57079	10558.27995	2119.199967	592.9565221	0.3404159324	0.09317899459	0.01006635
62	1	64685.11636	746.2134869	449852.1729	5340993.558	8361.818786	0.6655272486	1.007423297	42210.38733	16063.95632	10064.06502	2115.630506	554.9917167	0.248737829	0.0157650978	0.01214683361
62	1	65480.73048	834.3232434	723721.6599	3570289.009	4161.554638	0.8335378145	1.044397965	43710.11752	16318.81039	10323.09894	2119.324459	574.9181975	0.2781077478	0.02536287126	0.01
62	1	70236.86206	1993.3027	1991902.145	610783.2778	-3.705496465	1.00014822	1.081076766	45184.72442	16570.22652	10579.33945	2119.139739	594.5711067	0.6644342332	0.06980633642	0.01009778881
62	1	64304.32033	1813.109072	409352.0959	5532148.851	3243.005123	0.8702797951	1.052486487	44035.42943	16374.267	10379.61286	2119.323785	579.2532226	0.6043696905	0.01434577004	0.01
62	1	64918.59425	555.8357255	408166.3078	5868453.65	13062.48823	0.477500471	0.9660504518	40524.92667	15778.00519	9773.815866	2109.352898	532.6311616	0.1852785752	0.01430421402	0.01579424181
62	1	64851.15818	689.7061718	555482.4029	4513219.576	6999.523331	0.7200190668	1.019407507	42705.02742	16147.47059	10148.49241	2119.325534	561.5246187	0.2299020573	0.01946691587	0.01
62	1	65471.16054	517.6680168	721164.3064	3583030.843	7203.262999	0.71186948	1.017613425	42632.87133	16135.16999	10135.95729	2119.325581	560.5630847	0.1725560056	0.02527324864	0.01
62	1	64362.17063	419.5897033	402666.0453	5626983.327	16937.60375	0.3224958501	0.9318994783	39180.97387	15547.00993	9536.829014	2117.990738	514.5851288	0.1398632344	0.01411145698	0.01077608205
62	1	65897.3665	651.4693198	832632.5203	3070286.498	4729.555407	0.8108177837	1.039396758	43508.47333	16284.46769	10288.12836	2119.178424	572.2334562	0.2171564399	0.02917965923	0.01008501555
62	1	68012.38715	452.4655884	1391153.337	1413463.436	4000.3196	0.839987216	1.045819518	43765.41261	16328.35667	10332.92808	2118.775557	575.663741	0.1508218628	0.04875305653	0.01031882295
62	1	65795.42286	1012.156642	807167.3226	3179196.313	2878.953037	0.8848418785	1.055692366	44164.23255	16396.23289	10402.00475	2119.284277	580.9702409	0.3373855472	0.02828722977	0.01002274106
62	1	65737.19502	1413.647232	792256.1299	3245194.228	1891.088624	0.924356455	1.064391133	44514.22184	16455.88774	10462.78977	2119.321944	585.6334904	0.471215744	0.02776466608	0.01
62	1	67555.8405	3013.723245	1278209.204	1649110.881	7.396762543	0.9997041295	1.080978471	45181.33902	16569.61312	10578.68385	2119.306242	594.5233647	1.004574415	0.04479492223	0.01000139005
62	1	64362.66651	2028.290671	422418.2568	5437127.31	2717.903835	0.8912838466	1.057110889	44220.89658	16405.91728	10411.89459	2119.17088	581.7271252	0.6760968902	0.01480367447	0.01008850848
62	1	65601.84573	1011.728054	735594.7935	3536779.208	3320.807977	0.8671676809	1.051805332	44003.8032	16369.14592	10374.62133	2118.087649	578.8513648	0.3372426846	0.02577896597	0.01071815173
62	1	64450.95864	660.1801614	439440.4232	5321836.16	9528.219517	0.6188712193	0.9971421837	41807.66112	15994.61468	9992.823044	2118.77721	549.5752349	0.2200600538	0.01540021737	0.01031882295
62	1	64666.42987	1831.441287	503379.0447	4857593.351	2473.572275	0.901057109	1.059262454	44307.38625	16420.66417	10426.925	2119.1577	582.8798687	0.6104804289	0.0176409504	0.01009598166
62	1	64954.53968	419.3667233	583108.8206	4342829.239	11399.81867	0.5440072531	0.9806595823	41146.62642	15881.80671	9877.763443	2119.326209	540.7577572	0.1397889078	0.02043508543	0.01
62	1	64246.72047	1318.956711	375247.479	5839105.568	5326.3538	0.786945848	1.034144642	43293.87621	16248.0997	10251.24755	2118.19623	569.3893544	0.439652237	0.01315057159	0.01065577472
62	1	64985.33618	1470.307516	588198.0854	4316850.278	2688.267118	0.8924693153	1.057371981	44231.2705	16407.69386	10413.71185	2119.133752	581.8659531	0.4901025054	0.02061343903	0.01011005615
62	1	72000.80272	2055.299439	2386579.017	361966.1976	185.4820755	0.992580717	1.079425638	45102.48274	16557.21831	10566.93353	2114.508682	593.5484776	0.6850998131	0.0836378123	0.01278564757
62	1	71925.86883	2051.12153	2446042.183	324127.9274	-172.083029	1.006883321	1.082558918	45244.91115	16580.44987	10589.72678	2119.30296	595.3704731	0.6837071767	0.08572170273	0.01
62	1	70200.40221	1389.330294	1965295.722	637565.3041	409.5338617	0.9836186455	1.077441138	45035.02163	16544.92881	10553.74637	2118.128555	592.5923218	0.4631100978	0.06887391265	0.0106887655
62	1	64951.45776	2259.794126	535123.8844	4719644.511	1899.065895	0.9240373642	1.064329995	44502.02591	16454.43077	10461.82788	2116.476658	585.5160446	0.7532647088	0.01875345031	0.01165277284
62	1	64288.54038	649.0046848	402887.1918	5586551.296	10621.47215	0.575141114	0.9875139456	41421.83761	15928.75219	9925.628897	2119.190519	544.4273011	0.2163348949	0.01411920707	0.01007878345
62	1	65130.79763	2906.753971	630209.8533	4067027.352	858.8868072	0.9656445277	1.07348045	44879.78465	16518.20599	10526.29617	2119.318477	590.5048889	0.9689179904	0.02208574409	0.01
62	1	66630.974	667.8534075	1028605.118	2336832.723	3576.106717	0.8569557313	1.049553758	43916.96326	16354.10471	10359.09382	2119.173632	577.6769555	0.2226178025	0.0360475313	0.01008739036
62	1	65133.12633	432.4426893	630832.1476	4063503.248	10139.52721	0.5944189117	0.9917574007	41592.96907	15957.89568	9955.303102	2119.326071	546.7056076	0.1441475631	0.02210755243	0.01
62	1	72689.35499	560.7353241	2629417.017	252864.553	1341.959235	0.9463216306	1.06923062	44704.59752	16488.61387	10496.36878	2118.074579	588.1901251	0.1869117747	0.09214808535	0.01072367833
62	1	69417.85795	1319.587955	1775498.318	824971.8364	506.1126236	0.9797554951	1.076586958	45004.65629	16539.49752	10547.99734	2119.295871	592.1692157	0.4398626516	0.06222245063	0.01001168706
62	1	64277.1344	1336.840925	400689.2046	5602030.576	4794.487781	0.8082204887	1.03882478	43485.68122	16280.56871	10284.14365	2119.240458	571.9287519	0.4456136418	0.01404217847	0.01004899487
62	1	65528.41966	430.9569872	736465.4839	3507466.189	8607.660883	0.6556935647	1.005246641	42135.49219	16050.38073	10049.55145	2119.325851	553.9351349	0.1436523291	0.02580947937	0.01000000187
62	1	73240.37547	2118.302085	2569056.969	295588.0715	769.538165	0.9692184734	1.074311315	44866.07454	16518.87971	10529.51332	2105.531987	590.5403474	0.706100695	0.09003276365	0.01799931627
62	1	70280.70597	2228.273364	1930979.126	681851.8534	252.8229786	0.9898870809	1.078831867	45079.43968	16553.23658	10562.8309	2114.756395	593.2375333	0.7427577879	0.06767128536	0.01264343885
62	1	64440.5605	449.6092161	425099.022	5451049.689	14888.51507	0.4044593971	0.9499429652	39906.97065	15670.75253	9662.914397	2118.080209	524.2581607	0.1498697387	0.01489762206	0.01072403945
62	1	64673.45409	384.6518104	394703.2467	5872549.574	19318.77584	0.2272489663	0.9109490621	38319.55176	15401.3638	9389.416519	2112.492718	503.193146	0.1282172701	0.01383240019	0.01397031385
62	1	64488.76047	831.8307794	457599.0426	5174420.561	7054.506312	0.7178197475	1.018923541	42685.34799	16144.12952	10145.09917	2119.262775	561.2633699	0.2772769265	0.01603658733	0.01003646774
62	1	65283.96456	1019.344474	668845.3114	3856992.795	3608.107215	0.8556757114	1.049271931	43905.66949	16352.17682	10357.12697	2119.18564	577.5262676	0.3397814913	0.02343972616	0.01008042889
62	1	72599.44738	469.8861311	2626041.135	252242.8488	1645.766043	0.9341693583	1.066551384	44601.10486	16470.69887	10477.88329	2119.321389	586.7912718	0.1566287104	0.09202977735	0.01
62	1	66352.89769	432.3312675	956789.0382	2580476.504	6426.448586	0.7429420566	1.024453863	42907.98659	16182.06946	10183.75093	2119.325385	564.2292016	0.1441104225	0.03353073224	0.01
62	1	71398.38817	2007.106437	2221813.025	455952.8996	262.4748907	0.9895010044	1.078748389	45074.46323	16552.49168	10562.15873	2114.282594	593.1787131	0.6690354791	0.07786357772	0.01291825953
62	1	67029.72879	667.6727689	1128570.14	2037714.055	3222.14609	0.8711141564	1.052671922	44041.01128	16375.33841	10380.80545	2118.775585	579.3362899	0.2225575896	0.03955081179	0.01031845528
62	1	63897.7281	445.8276616	300699.3252	6436173.028	21424.61425	0.1430154299	0.8923836846	37596.26213	15276.56869	9260.986092	2119.326747	493.4464917	0.1486092205	0.01053802683	0.01
62	1	70953.50849	2051.12153	2186200.411	465498.3657	-101.6116321	1.004064465	1.081938364	45219.95312	16576.19522	10585.39101	2119.305556	595.0378887	0.6837071767	0.0766155314	0.01
62	1	65128.74921	718.8823749	629662.4606	4070129.808	5806.788512	0.7677284595	1.029910438	43127.44433	16219.48088	10221.87563	2119.325195	567.1536405	0.2396274583	0.02206656068	0.01
62	1	64384.32138	794.967853	430730.6034	5369824.238	7922.482057	0.6831007177	1.011280158	42378.15395	16091.74778	10091.7072	2119.325732	557.1687847	0.2649892843	0.01509498119	0.01
62	1	65330.34793	2882.26823	683535.2546	3775858.855	744.9198807	0.9702032048	1.074484015	44920.14698	16525.08665	10533.30801	2119.317803	591.0427472	0.9607560765	0.02395453614	0.01
62	1	68669.92913	2085.221866	1528663.227	1182629.901	372.9448601	0.9850822056	1.077768671	45042.48652	16546.56606	10555.72135	2116.458588	592.718221	0.6950739554	0.05357209928	0.0116576722
62	1	72223.69005	2222.758746	2525628.308	290113.2952	-235.1078905	1.009404316	1.0831139	45267.23193	16584.25494	10593.60439	2119.300053	595.6679142	0.7409195821	0.0885108035	0.01
62	1	65294.71939	2119.274917	674014.3167	3826271.871	1317.537342	0.9472985063	1.069441686	44717.34977	16490.51538	10498.07762	2119.320442	588.3403223	0.7064249725	0.02362087428	0.01
62	1	66418.74225	432.3312675	974384.5371	2517994.666	6296.584942	0.7481366023	1.02559741	42953.97887	16189.90986	10191.74082	2119.325348	564.8420833	0.1441104225	0.03414736761	0.01
62	1	65636.2789	678.7174057	765201.5906	3369935.001	4963.130406	0.8014747838	1.037339502	43426.21555	16270.41418	10273.78098	2119.319626	571.1350741	0.2262391352	0.02681653805	0.01000304687
62	1	65220.1389	567.1048469	654084.3316	3933990.161	7254.589011	0.7098164396	1.017161461	42614.6938	16132.07123	10132.79944	2119.325593	560.3208555	0.189034949	0.02292242669	0.01
62	1	64716.03215	1023.32653	519372.9639	4746050.091	4832.004357	0.8067198257	1.038494149	43472.6722	16278.3326	10281.8494	2119.324811	571.7540607	0.3411088434	0.0182014583	0.01
62	1	64264.80058	707.9041359	398791.3165	5614137.232	9772.293436	0.6091082626	0.9949911715	41723.02795	15980.06708	9977.897226	2119.326025	548.4387396	0.2359680453	0.01397566686	0.01
62	1	64503.99009	666.4300967	460322.2978	5157236.783	8942.224597	0.6423110161	1.002301016	42016.52939	16030.13238	10028.94352	2119.181911	552.3521478	0.2221433656	0.01613202398	0.0100836568
62	1	64401.98477	1817.557037	434366.224	5344707.835	3007.643828	0.8796942469	1.054559231	44118.56909	16388.45429	10394.08268	2119.258134	580.3621574	0.6058523458	0.01522239174	0.01003800741
62	1	65865.23681	643.0351416	769009.8719	3419500.962	5499.352321	0.7800259072	1.032628743	43224.90788	16236.85367	10240.21671	2115.858752	568.507335	0.2143450472	0.0269499995	0.01201378014
62	1	64614.24732	977.764683	489755.0722	4950114.091	5457.530007	0.7816987997	1.03298639	43250.65664	16240.51704	10243.33967	2119.1792	568.7978481	0.325921561	0.01716349742	0.01008474422
62	1	73399.34538	2147.562245	2735180.069	224674.6646	194.2130894	0.9922314764	1.079353608	45094.39768	16556.1715	10566.14534	2112.988169	593.4647544	0.7158540816	0.09585455817	0.01366627769
62	1	66762.78452	812.1682424	1066137.382	2216017.016	2671.300692	0.8931479723	1.057520812	44237.86655	16408.77931	10414.78524	2119.312032	581.9510257	0.2707227475	0.03736285184	0.01000647761
62	1	66044.6792	345.8529006	852103.7893	3008823.136	9425.651791	0.6229739284	0.9980479237	41841.35896	16000.53365	9999.001457	2117.979544	550.0369218	0.1152843002	0.02986203109	0.01078222964
62	1	65796.54903	2080.196867	808061.5149	3174585.145	1004.943774	0.9598022491	1.072194319	44828.04631	16509.38679	10517.30944	2119.315854	589.8154899	0.6933989558	0.0283185668	0.01000195062
62	1	72618.65439	642.4334303	2629417.017	251212.4687	1003.612569	0.9598554972	1.07220637	44828.17977	16509.43197	10517.37435	2119.2132	589.8188941	0.2141444768	0.09214808535	0.01006156605
62	1	68597.21483	837.8253953	1556533.102	1119078.801	1516.063294	0.9393574683	1.067693515	44647.04016	16478.52955	10485.86327	2119.321047	587.4033941	0.2792751318	0.0545488008	0.01
62	1	64921.60389	363.360481	464096.7893	5325741.065	17352.17691	0.3059129238	0.9282658563	39016.65123	15520.15916	9510.442649	2112.678487	512.4795742	0.1211201603	0.01626430128	0.0138623399
62	1	65219.10367	288.6513659	645778.6416	3990873.121	15228.24491	0.3908702035	0.9469489479	39789.16227	15650.50287	9642.138629	2118.842167	522.6762035	0.09621712196	0.02263135326	0.01028137844
62	1	68886.24599	573.8367898	1624672.765	1020957.418	2465.140434	0.9013943826	1.05933793	44309.10901	16421.04173	10427.38025	2118.774081	582.9089031	0.1912789299	0.05693675962	0.01031882295
62	1	65438.66742	546.238474	712481.2392	3626633.898	6878.521609	0.7248591356	1.020473018	42747.88118	16154.77596	10155.93706	2119.325504	562.0956772	0.1820794913	0.02496895	0.01
62	1	67849.18104	648.0355207	1356637.633	1478411.918	2618.65866	0.8952536536	1.057984329	44256.54689	16411.96135	10418.02589	2119.323117	582.1997786	0.2160118402	0.04754345149	0.01
62	1	72600.96484	1824.804959	2625466.268	252530.8096	-139.8502114	1.005594008	1.082275273	45233.30084	16578.48357	10587.73385	2119.244924	595.216694	0.6082683198	0.09200963111	0.01003435728
62	1	65441.29876	1319.535449	713183.4764	3623089.065	2396.021402	0.9041591439	1.059944819	44335.39553	16425.40286	10431.72368	2119.32276	583.2504967	0.4398451496	0.02499355995	0.01000003263
62	1	67981.89242	663.3524042	1392101.811	1407148.645	2456.320311	0.9017471875	1.059413841	44314.04036	16421.76238	10428.01379	2119.322902	582.9659221	0.2211174681	0.04878629586	0.01
62	1	67098.68825	896.5900257	933445.2604	2879846.32	3753.000851	0.849879966	1.048038587	43810.57286	16338.87203	10346.01136	2105.89332	576.4696267	0.2988633419	0.03271264807	0.01780242552
62	1	65506.59484	509.0216025	728104.2147	3551673.631	7272.321433	0.7091071427	1.017005802	42607.91119	16130.94834	10131.68319	2119.173034	560.2328893	0.1696738675	0.02551645816	0.01008863333
62	1	65665.56754	560.2184418	752455.0318	3454880.142	6381.275029	0.7447489988	1.02485564	42919.88009	16184.3695	10186.32387	2118.079086	564.4074374	0.1867394806	0.02636983409	0.01072403945
62	1	65710.44829	761.4916664	742052.9783	3532649.891	4685.751068	0.8125699573	1.039790335	43515.91407	16286.27207	10290.41758	2116.727457	572.3714413	0.2538305555	0.02600529347	0.0115088891
62	1	68313.23219	1128.072661	1480645.029	1243862.01	1015.988807	0.9593604477	1.072097048	44824.14568	16508.7211	10516.63044	2119.319264	589.7634579	0.3760242202	0.05188929851	0.01
62	1	63840.2774	563.5297851	285346.8965	6575303.126	17734.46583	0.290621367	0.924878229	38903.15872	15499.35809	9488.023138	2119.326617	510.8618685	0.1878432617	0.01	0.01
62	1	73347.83027	837.0260378	2721413.797	229024.8255	993.7025692	0.9602518972	1.072313499	44811.25186	16507.90304	10516.95661	2113.005687	589.6916242	0.2790086793	0.09537211829	0.01366627769
62	1	70182.17516	1374.105323	1980078.658	620325.7184	328.3186398	0.9868672544	1.078152503	45067.68976	16550.23857	10558.93947	2119.314146	593.0088653	0.4580351076	0.06939198155	0.01
62	1	64675.80241	402.3484999	506661.8599	4834124.444	13835.94915	0.4465620342	0.9592079919	40283.4611	15734.68698	9727.860494	2119.208141	529.2573061	0.1341161666	0.01775599686	0.01006870918
62	1	65825.20938	1923.437161	755982.9413	3484937.913	1539.569719	0.9384172112	1.06749807	44626.8346	16475.87379	10483.81977	2115.713499	587.1912866	0.6411457205	0.0264934699	0.01209545224
62	1	65520.09116	2120.671304	734239.9315	3518357.147	1145.459597	0.9541816161	1.07095696	44778.29253	16500.90442	10508.66473	2119.319815	589.1524302	0.7068904348	0.02573148475	0.01
62	1	71143.21104	555.8357255	2224386.678	443302.7664	1695.116001	0.93219536	1.066119236	44581.14198	16467.46074	10474.72208	2118.566902	586.5372054	0.1852785752	0.07795377154	0.01043832747
62	1	68852.20196	1835.567755	1624672.765	1017740.002	232.4999826	0.9907000007	1.078996259	45101.62473	16556.02354	10564.83473	2119.312873	593.4610742	0.6118559182	0.05693675962	0.01
62	1	71532.03556	2051.12153	2340798.962	375307.776	-145.425254	1.00581701	1.082324176	45235.47008	16578.84043	10588.08665	2119.304012	595.2446638	0.6837071767	0.08203344739	0.01
62	1	65530.14688	797.376997	710952.6037	3667264.88	4594.827699	0.8162068921	1.040587685	43551.50928	16292.11474	10296.18228	2117.757814	572.8294489	0.2657923323	0.02491537888	0.01091027782
62	1	65292.48322	1006.776365	672226.442	3837397.81	3635.574099	0.854577036	1.049029851	43896.16137	16350.54138	10355.4481	2119.252302	577.3985089	0.3355921216	0.02355821809	0.0100417144
62	1	69693.50777	642.1015748	1828477.533	771797.7916	1859.660671	0.9256135732	1.064671939	44521.17662	16457.35055	10464.51346	2118.053986	585.7462536	0.2140338583	0.06407911058	0.01073649238
62	1	69252.90256	573.8367898	1722653.615	890697.394	2283.656506	0.9086537398	1.060936033	44373.38305	16431.99866	10438.54609	2118.773807	583.7654028	0.1912789299	0.06037050469	0.01031882295
62	1	64236.92189	581.8733649	308069.7254	6557160.187	16190.19339	0.3523922642	0.9384927962	39433.52995	15590.87	9582.202985	2114.303443	518.0090488	0.1939577883	0.01079632297	0.01291825953
62	1	67549.40881	1412.26322	1276487.806	1653071.689	885.3084377	0.9645876625	1.073247796	44870.4188	16516.60994	10524.67015	2119.316065	590.3801224	0.4707544065	0.04473459575	0.01000148367
62	1	65420.69002	345.8529006	640456.0073	4103996.116	12955.70502	0.4817717992	0.9669718099	40582.23991	15786.48127	9781.36579	2115.271428	533.30113	0.1152843002	0.02244482121	0.01235577015
62	1	64614.24732	977.764683	489755.0722	4950114.091	5457.530007	0.7816987997	1.03298639	43250.65664	16240.51704	10243.33967	2119.1792	568.7978481	0.325921561	0.01716349742	0.01008474422
62	1	65558.53248	1212.302267	744272.7309	3469814.91	2532.941008	0.8986823597	1.058739184	44286.85686	16417.13152	10423.29729	2119.30854	582.6039108	0.4041007557	0.02608308484	0.01000840353
62	1	65520.50223	2137.621086	734349.7791	3517818.801	1130.02753	0.9547988988	1.071092851	44783.75792	16501.83612	10509.61419	2119.319753	589.2252607	0.7125403621	0.02573533436	0.01
62	1	68824.41838	1128.072661	1606587.373	1047573.903	922.5157604	0.9630993696	1.072922208	44855.13168	16514.14398	10522.2749	2118.675492	590.1865585	0.3760242202	0.05630295591	0.01037361003
62	1	68792.87883	1132.542214	1606587.373	1044515.116	879.5601019	0.9648175959	1.073298837	44872.01943	16516.91169	10525.00194	2119.183863	590.4035452	0.3775140714	0.05630295591	0.01007824155
62	1	65327.49027	2913.452894	682683.2092	3780459.156	731.0051122	0.9707597955	1.074606562	44925.05745	16525.92491	10534.16323	2119.312379	591.1082673	0.9711509648	0.02392467616	0.01000309793
62	1	65266.44179	720.1909622	666457.7516	3866762.271	5432.676825	0.782692927	1.033204774	43259.93908	16242.06754	10244.89292	2119.325062	568.9192324	0.2400636541	0.02335605397	0.01
62	1	64716.2762	801.2856889	426896.6622	5574724.71	8331.917004	0.6667233198	1.007692646	42214.76167	16065.11466	10065.59226	2113.743475	555.0799059	0.2670952296	0.01496062047	0.01324312331
62	1	66525.9411	1355.057851	1000635.626	2429596.156	1439.260466	0.9424295814	1.068370284	44673.76456	16483.11692	10490.56465	2119.176299	587.7618061	0.4516859503	0.0350673387	0.01008394805
62	1	68492.92228	328.9164568	1528663.227	1163380.2	5151.321901	0.793947124	1.035682317	43359.58325	16259.05409	10262.20333	2119.324951	570.2470657	0.1096388189	0.05357209928	0.01
62	1	64197.82046	592.23823	378516.5499	5779723.171	12515.19048	0.4993923808	0.9708383499	40751.13621	15814.41801	9809.11626	2119.182995	535.4898243	0.1974127433	0.01326513638	0.01008326047
62	1	68574.70583	1391.415314	1549605.267	1130288.943	618.6083872	0.9752556645	1.075596459	44964.69987	16532.69371	10541.07023	2119.261835	591.6373203	0.4638051045	0.05430601438	0.01003198923
62	1	67985.93892	663.3524042	1391153.337	1410001.711	2467.301732	0.9013079307	1.059317534	44309.74789	16421.05741	10427.31788	2119.200463	582.9106617	0.2211174681	0.04875305653	0.01007113488
62	1	69042.84307	1599.703357	1674704.579	949523.3068	349.3304712	0.9860267812	1.077967655	45060.06688	16548.95112	10557.6376	2119.259288	592.908157	0.5332344524	0.05869012769	0.01003198923
62	1	65926.70998	366.1290881	842899.8079	3024139.143	8874.156429	0.6450337428	1.002899946	42041.1106	16034.2913	10033.15527	2119.325897	552.6774294	0.1220430294	0.02953947697	0.01
62	1	64973.3606	778.0388311	585678.1387	4331008.432	5773.779761	0.7690488096	1.03020158	43138.64583	16221.42287	10223.88192	2119.17678	567.3052602	0.259346277	0.02052512734	0.01008621628
62	1	68027.61881	199.7217285	1360877.279	1492026.367	10367.75514	0.5852897942	0.9897560715	41503.50819	15943.21815	9940.827381	2116.705468	545.5549954	0.06657390951	0.04769203014	0.01152249416
62	1	72725.75334	1949.644128	2659793.607	240657.2503	-191.3514066	1.007654056	1.082728591	45251.7352	16581.61318	10590.91227	2119.302139	595.4614088	0.6498813762	0.09321263486	0.01
62	1	65142.25533	626.0606414	629662.4606	4075229.624	6796.763592	0.7281294563	1.021193656	42776.11933	16159.63738	10160.93118	2119.107766	562.4754211	0.2086868805	0.02206656068	0.01012648503
62	1	70947.21511	2152.064708	2184518.644	466590.1999	-132.2412841	1.005289651	1.082208082	45230.80087	16578.04446	10587.27551	2119.304499	595.182443	0.7173549025	0.07655659378	0.01
62	1	66038.90559	648.57108	782064.5547	3396960.664	5492.805763	0.7802877695	1.032692832	43220.59905	16236.55911	10240.28631	2113.846694	568.4817947	0.21619036	0.02740750169	0.01318268907
62	1	65526.21109	2137.621086	735875.3456	3510350.752	1126.098889	0.9549560445	1.071127446	44785.14928	16502.07331	10509.8559	2119.319737	589.2438016	0.7125403621	0.02578879794	0.01
62	1	65372.47786	680.2690037	694793.5457	3717103.01	5528.797401	0.778848104	1.03235836	43225.89718	16236.26434	10238.97908	2119.325098	568.4655986	0.2267563346	0.02434908367	0.01
62	1	65027.88288	2720.487201	442008.3903	5589215.403	2404.361459	0.9038255417	1.059902414	44300.51181	16421.57591	10429.60535	2109.627864	582.9392318	0.9068290669	0.01549021194	0.01563173382
62	1	65781.93911	2237.453067	804212.9969	3191588.624	888.1954275	0.9644721829	1.073222365	44869.40476	16516.43651	10524.49295	2119.318635	590.3665691	0.7458176888	0.02818369524	0.01
62	1	65507.57074	358.7205725	730894.1268	3534793.936	10580.88718	0.5767645126	0.9878708927	41436.65778	15931.24896	9928.14835	2119.326123	544.6226425	0.1195735242	0.02561423081	0.01
62	1	70571.71235	2942.490449	2083851.464	536891.8836	-278.4643638	1.011138575	1.083495748	45282.52292	16586.86588	10596.26869	2119.278084	595.8719863	0.9808301498	0.0730287061	0.01001129788
62	1	64024.93034	800.5237368	334691.3072	6138509.007	10337.75024	0.5864899904	0.9900118972	41522.76674	15945.92814	9943.107395	2119.326095	545.7701089	0.2668412456	0.01172927799	0.01
62	1	64362.75708	1558.166776	380733.0016	5846195.274	4440.803333	0.8223678667	1.041947512	43602.43001	16301.03618	10305.47625	2116.65618	573.5254582	0.5193889254	0.01334281207	0.01155021912
62	1	70593.58333	2272.456348	2090018.382	532239.7898	-138.6694987	1.00554678	1.082264687	45233.07747	16578.43256	10587.671	2119.304264	595.2127805	0.7574854495	0.07324482612	0.01
62	1	64201.20736	1817.557037	380712.9084	5759485.593	3538.655521	0.8584537792	1.049883272	43930.5069	16356.39494	10361.41209	2119.258609	577.8560878	0.6058523458	0.01334210791	0.01003800741
62	1	68873.82377	1128.072661	1630352.317	1009754.038	852.8751791	0.9658849928	1.073533406	44881.89417	16518.56691	10526.66506	2119.312505	590.5330938	0.3760242202	0.05713579986	0.01000344836
62	1	70922.09236	2002.426539	2115860.359	524574.094	205.2118305	0.9917915268	1.079248515	45098.98095	16556.38995	10565.89488	2115.570148	593.4850471	0.6674755131	0.07415045984	0.01217085895
62	1	65220.1389	813.5037562	654084.3316	3933990.161	4825.567669	0.8069772932	1.038550829	43474.95181	16278.7212	10282.24542	2119.324808	571.7844382	0.2711679187	0.02292242669	0.01
62	1	65435.17243	642.887019	711547.2806	3631355.375	5737.955726	0.770481771	1.030516563	43151.82203	16223.6366	10226.11058	2119.325172	567.4784917	0.214295673	0.02493621936	0.01
62	1	69099.8386	676.810615	1690702.51	928349.375	1835.280311	0.9265887876	1.064882596	44533.95787	16459.2541	10466.22193	2119.313039	585.896627	0.2256035383	0.05925077618	0.01000510485
62	1	72031.0301	2250.572993	2474144.202	311684.3583	-230.7665147	1.009230661	1.083075671	45265.69439	16583.99283	10593.33729	2119.300276	595.6474254	0.7501909976	0.08670653975	0.01
62	1	65882.13549	2097.675629	830374.9582	3078021.085	945.4529696	0.9621818812	1.072718288	44849.00467	16512.96696	10520.96405	2119.281919	590.0953087	0.6992252097	0.02910054283	0.01002149326
62	1	72885.02689	784.8157501	2690892.211	231372.5957	693.2077128	0.9722716915	1.074941594	44936.18349	16527.97164	10536.3751	2118.625602	591.2674021	0.26160525	0.09430248741	0.01040174698
62	1	64264.80058	896.6716072	398791.3165	5614137.232	7553.980489	0.6978407805	1.014525093	42508.66183	16113.99573	10114.37933	2119.325658	558.9079	0.2988905357	0.01397566686	0.01
62	1	71143.21104	555.8954491	2224386.678	443302.7664	1694.85751	0.9322056996	1.066121512	44581.23353	16467.47635	10474.73799	2118.566901	586.5384254	0.185298483	0.07795377154	0.01043832747
62	1	68787.42299	838.4387379	1606778.486	1043639.798	1445.641511	0.9421743396	1.068313744	44671.86467	16482.76914	10490.19015	2119.285638	587.734757	0.2794795793	0.05630965347	0.01002044994
62	1	64991.30669	1828.846072	590195.1833	4304257.534	2002.835899	0.9198865641	1.063407643	44474.10143	16449.08446	10455.88714	2119.156933	585.1014735	0.6096153572	0.02068342745	0.01009598166
62	1	68119.44678	838.4387379	1428276.634	1338266.143	1721.605407	0.9311357837	1.065883674	44574.12978	16466.10807	10473.21143	2119.286367	586.4323663	0.2794795793	0.05005404481	0.01002044994
62	1	65520.50223	2119.931744	734349.7791	3517818.801	1145.840204	0.9541663918	1.070953609	44778.15773	16500.88144	10508.64131	2119.319817	589.150634	0.7066439148	0.02573533436	0.01
62	1	65383.40167	849.7738723	697712.6907	3702018.142	4252.290193	0.8299083923	1.04359897	43677.98277	16313.33232	10317.51642	2119.324512	574.4899779	0.2832579574	0.02445138529	0.01
