#gen	Feasible	f1	f2	c1	c2	c3	x1	x2	x3
2	1	0.0466995723	8123.926984	0.0533004277	91876.07302	81372.03461	0.009165068005	0.005767770594	1.115450198
2	1	0.06735893376	3383.14024	0.03264106624	96616.85976	47073.44702	0.01458757407	0.001735339314	1.773142565
2	1	0.05459395473	4141.688292	0.04540604527	95858.31171	78306.89858	0.009597294207	0.004013400232	2.328906732
2	1	0.07434107359	2766.343652	0.02565892641	97233.65635	79280.08918	0.01299741227	0.004121533182	2.677421394
2	1	0.02234282314	15980.91527	0.07765717686	84019.08473	79747.91679	0.002703860027	0.004379637063	2.08861071
2	1	0.04762123488	5078.941547	0.05237876512	94921.05845	59873.02699	0.009854888598	0.002298301311	1.7435679
2	1	0.05238663072	4232.649431	0.04761336928	95767.35057	78709.04206	0.008523518805	0.004013400232	2.664366291
2	1	0.08590991816	2498.202853	0.01409008184	97501.79715	83990.2707	0.01519202606	0.005387837759	2.480203222
2	1	0.01533328724	18298.39491	0.08466671276	81701.60509	47073.44702	0.002697056714	0.001735339314	1.773142565
2	1	0.03520329996	11032.83009	0.06479670004	88967.16991	87283.83107	0.00318119658	0.006687567282	2.773764999
2	1	0.06815865767	3059.23348	0.03184134233	96940.76652	78935.30256	0.01175304506	0.004054071994	2.677421394
2	1	0.03334602938	11070.4332	0.06665397062	88929.5668	86264.25493	0.003265205078	0.006223090478	2.656909258
2	1	0.02678704793	11213.55787	0.07321295207	88786.44213	78551.21592	0.003228899928	0.003986438947	2.65054751
2	1	0.06065971549	3518.387863	0.03934028451	96481.61214	78721.8331	0.01021925675	0.004013400232	2.677421394
2	1	0.03689311738	8615.075622	0.06310688262	91384.92438	85750.65358	0.004814731311	0.006166356343	2.201485443
2	1	0.01092327928	25478.91672	0.08907672072	74521.08328	18136.23501	0.001994769812	0.0011317	1.712180161
2	1	0.01485493011	19071.4847	0.08514506989	80928.5153	47073.44702	0.002587727679	0.001735339314	1.773142565
2	1	0.05786159951	3733.648864	0.04213840049	96266.35114	78709.04206	0.009662683431	0.004013400232	2.664366291
2	1	0.05795386579	3699.421694	0.04204613421	96300.57831	78152.83623	0.009719170159	0.003908873521	2.677421394
2	1	0.05639094964	3886.124503	0.04360905036	96113.8755	79251.74048	0.009323412725	0.004121533182	2.647970812
2	1	0.05430757674	4817.642398	0.04569242326	95182.3576	77469.6316	0.01063059771	0.004121533182	1.696791184
2	1	0.02577106607	17263.54185	0.07422893393	82736.45815	85779.11822	0.002479231166	0.006223090478	2.114164151
2	1	0.08117696619	2930.131908	0.01882303381	97069.86809	87108.31094	0.01418475171	0.006818826788	2.195699361
2	1	0.08776157378	2778.407943	0.01223842622	97221.59206	89455.0376	0.01464867393	0.008297930743	2.256890982
2	1	0.08116177188	2931.328486	0.01883822812	97068.67151	87107.13385	0.01418475171	0.006818826788	2.194533215
2	1	0.05788107996	3833.470811	0.04211892004	96166.52919	78371.79611	0.01021925675	0.004013400232	2.37492463
2	1	0.02699180861	17251.29011	0.07300819139	82748.70989	84682.41145	0.003885679829	0.006687567282	1.250393596
2	1	0.04038846512	10542.0948	0.05961153488	89457.9052	89839.79654	0.005507949527	0.009528050541	1.46756086
2	1	0.057980719	3721.048008	0.042019281	96278.95199	78721.8331	0.009662683431	0.004013400232	2.677421394
2	1	0.02460927884	20136.03999	0.07539072116	79863.96001	84743.37862	0.00329797977	0.006687567282	1.263324062
2	1	0.02863413739	14749.75034	0.07136586261	85250.24966	85890.94661	0.00252592056	0.006092104926	2.545059818
2	1	0.08926928176	2508.606002	0.01073071824	97491.394	87152.83986	0.01519202606	0.006719576797	2.465997435
2	1	0.08116177188	2931.328486	0.01883822812	97068.67151	87107.13385	0.01418475171	0.006818826788	2.194533215
2	1	0.08305296629	2840.832354	0.01694703371	97159.16765	87124.22919	0.01454965422	0.006818826788	2.211643657
2	1	0.04319625541	9415.575607	0.05680374459	90584.42439	89839.79654	0.00616694385	0.009528050541	1.46756086
2	1	0.07166950272	3145.383806	0.02833049728	96854.61619	38061.29675	0.01569023429	0.001482845512	1.773142565
2	1	0.01382831885	25714.02781	0.08617168115	74285.97219	67122.55202	0.001608985935	0.002671030564	2.208826451
2	1	0.0497891147	5529.178551	0.0502108853	94470.82145	76425.71867	0.009825846041	0.004013400232	1.583731615
2	1	0.02712021402	17003.53827	0.07287978598	82996.46173	84776.22118	0.003885679829	0.006687567282	1.270435929
2	1	0.04319625541	9415.575607	0.05680374459	90584.42439	89839.79654	0.00616694385	0.009528050541	1.46756086
2	1	0.07855634064	2978.635061	0.02144365936	97021.36494	85669.49064	0.01399095196	0.006137856579	2.188115315
2	1	0.08345207005	2825.568144	0.01654792995	97174.43186	87120.24351	0.01464867393	0.006818826788	2.20762074
2	1	0.02739653506	16502.87124	0.07260346494	83497.12876	84963.37551	0.003885679829	0.006687567282	1.313064425
2	1	0.08120877723	2929.200953	0.01879122277	97070.79905	87107.13385	0.01419505436	0.006818826788	2.194533215
2	1	0.07704726603	3063.311817	0.02295273397	96936.68818	85714.28629	0.01369505578	0.006166356343	2.169313125
2	1	0.07923278811	2940.156198	0.02076721189	97059.8438	85297.19221	0.01426577206	0.005991147672	2.169890667
2	1	0.08282662234	2857.811337	0.01717337766	97142.18866	87107.13385	0.01454965422	0.006818826788	2.194533215
2	1	0.02739653506	16502.87124	0.07260346494	83497.12876	84963.37551	0.003885679829	0.006687567282	1.313064425
2	1	0.02549227533	17507.42373	0.07450772467	82492.57627	85698.52424	0.00247296983	0.006204835094	2.083385852
2	1	0.05495083491	6236.557121	0.04504916509	93763.44288	85769.61763	0.01028209518	0.007066460715	1.313064425
2	1	0.05349345546	7365.173906	0.04650654454	92634.82609	84617.72898	0.01039058765	0.00707880242	1.083000279
2	1	0.08331167811	3167.415101	0.01668832189	96832.5849	86415.67075	0.01603684321	0.006818826788	1.71334632
2	1	0.08475830917	3051.27922	0.01524169083	96948.72078	91295.31022	0.01177857185	0.009809796356	2.679104457
2	1	0.02040781894	30786.12864	0.07959218106	69213.87136	85449.63089	0.002181597369	0.007046040226	1.247738674
2	1	0.01674129606	36323.22094	0.08325870394	63676.77906	81912.34203	0.001185518079	0.004899728365	2.097779095
2	1	0.03276905658	14826.11939	0.06723094342	85173.88061	89452.45401	0.003797733399	0.009079061583	1.51993334
2	1	0.05105984133	10527.04354	0.04894015867	89472.95646	92722.18064	0.003294537786	0.01166138431	2.8234494
2	1	0.01998962302	32615.57969	0.08001037698	67384.42031	85566.0916	0.002060701352	0.007105071995	1.246760322
2	1	0.08354728517	3105.769893	0.01645271483	96894.23011	86518.04795	0.01594157743	0.006818826788	1.766333093
2	1	0.05828977094	3721.048008	0.04171022906	96278.95199	79280.08918	0.009662683431	0.004121533182	2.677421394
2	1	0.09783112844	2811.689027	0.002168871555	97188.31097	93216.92559	0.01237166748	0.01251818968	2.81088602
2	1	0.07697188726	3311.168783	0.02302811274	96688.83122	14339.1348	0.0176043279	0.0011317	1.461122231
2	1	0.02675215855	18211.91143	0.07324784145	81788.08857	85870.52111	0.003585464141	0.007170162265	1.287004036
2	1	0.04222607325	13015.04931	0.05777392675	86984.95069	92459.17324	0.003317775542	0.01176032573	2.090405303
2	1	0.08237909606	3267.479354	0.01762090394	96732.52065	91675.85176	0.01161568787	0.01036242686	2.48008946
2	1	0.02648789502	23857.23836	0.07351210498	76142.76164	89369.11007	0.002360107567	0.009007883648	1.51993334
2	1	0.05349345546	7365.173906	0.04650654454	92634.82609	84617.72898	0.01039058765	0.00707880242	1.083000279
2	1	0.03041537402	14995.73123	0.06958462598	85004.26877	87533.93521	0.002530988301	0.006919455241	2.48008946
2	1	0.04794368103	10933.71401	0.05205631897	89066.28599	92408.12309	0.003292762563	0.01125117311	2.672384345
2	1	0.02972192139	15136.96503	0.07027807861	84863.03497	87774.17499	0.00282753583	0.007238598123	2.114164151
2	1	0.08370846682	3096.251104	0.01629153318	96903.7489	86522.79618	0.01597116186	0.006818826788	1.768901186
2	1	0.02963773697	16502.87124	0.07036226303	83497.12876	87501.22422	0.003885679829	0.008045462994	1.313064425
2	1	0.02040781894	30786.12864	0.07959218106	69213.87136	85449.63089	0.002181597369	0.007046040226	1.247738674
2	1	0.05566719882	6326.569127	0.04433280118	93673.43087	90781.78234	0.008382713598	0.01018367942	1.628728169
2	1	0.02041591948	30786.12864	0.07958408052	69213.87136	85460.08479	0.002181597369	0.00705110618	1.247738674
2	1	0.09836624864	3015.366653	0.001633751362	96984.63335	93854.96117	0.01451855906	0.01447918813	2.054268058
2	1	0.08836552161	3072.509735	0.01163447839	96927.49027	92146.65425	0.01326451838	0.01114520341	2.252851298
2	1	0.06198173302	3890.179079	0.03801826698	96109.82092	85989.74896	0.009351054097	0.006108121645	2.632795493
2	1	0.05558496204	6340.972555	0.04441503796	93659.02744	90781.78234	0.008363672385	0.01018367942	1.628728169
2	1	0.01993553397	39932.89567	0.08006446603	60067.10433	87407.14919	0.001602218104	0.007978089056	1.316331725
2	1	0.03061393593	16623.11627	0.06938606407	83376.88373	88391.97149	0.003885679829	0.008688558026	1.302554984
2	1	0.07932661539	3350.624684	0.02067338461	96649.37532	91126.86026	0.01135719353	0.009726239265	2.471109754
2	1	0.07760112902	3440.717529	0.02239887098	96559.28247	86589.70466	0.01464867393	0.006891276204	1.729206785
2	1	0.03924532869	14991.43348	0.06075467131	85008.56652	91536.05754	0.0025219507	0.01018367942	2.493411315
2	1	0.02784478981	22522.20313	0.07215521019	77477.79687	87944.59171	0.001604153115	0.007089855372	2.658835899
2	1	0.03910172082	15049.46957	0.06089827918	84950.53043	91529.74345	0.0025219507	0.01018367942	2.48008946
2	1	0.08427440965	3125.569736	0.01572559035	96874.43026	91109.92281	0.0131354026	0.009861258211	2.231224094
2	1	0.03910172082	15049.46957	0.06089827918	84950.53043	91529.74345	0.0025219507	0.01018367942	2.48008946
2	1	0.07716495281	3813.927065	0.02283504719	96186.07293	92334.83547	0.009482835274	0.01115267356	2.654834087
2	1	0.08472503875	3096.480268	0.01527496125	96903.51973	91061.87804	0.01326832177	0.009809796356	2.229125693
2	1	0.039144256	14995.73123	0.060855744	85004.26877	91529.74345	0.002530988301	0.01018367942	2.48008946
2	1	0.08580097174	3082.005691	0.01419902826	96917.99431	91765.21426	0.01161568787	0.01036242686	2.694332027
2	1	0.0535227315	11604.5476	0.0464772685	88395.4524	94691.38938	0.0046381769	0.0177681143	1.60095541
2	1	0.03298905007	15699.31406	0.06701094993	84300.68594	89382.62774	0.004144678603	0.009528050541	1.292017002
2	1	0.05586565447	9363.291653	0.04413434553	90636.70835	92323.4201	0.008468247529	0.01443960593	1.042659679
2	1	0.07145479386	4064.045874	0.02854520614	95935.95413	34263.06562	0.01645002615	0.001556509221	1.254076869
2	1	0.02828873712	47017.83118	0.07171126288	52982.16882	92649.77843	0.001427377292	0.01394369461	1.248774188
2	1	0.06470901467	5852.284459	0.03529098533	94147.71554	91241.25465	0.01084259691	0.01143222403	1.328470215
2	1	0.05855400911	7683.154569	0.04144599089	92316.84543	89141.22954	0.01062046813	0.01036114747	1.011253756
2	1	0.03095399362	18751.26781	0.06904600638	81248.73219	90426.02131	0.0028020364	0.009776317771	1.646552817
