#gen	Feasible	f1	f2	c1	c2	c3	x1	x2	x3
47	1	0.008891196726	31372.67628	0.09110880327	68627.32372	25485.94432	0.00106250799	0.0011317	2.999945735
47	1	0.02909230513	6544.013874	0.07090769487	93455.98613	25402.86089	0.005130012617	0.0011317	2.967028494
47	1	0.02435406446	8026.686004	0.07564593554	91973.314	25454.26809	0.004164147389	0.0011317	2.987271325
47	1	0.01253414742	18569.27555	0.08746585258	81430.72445	25057.35203	0.001860190124	0.0011317	2.840567697
47	1	0.02314338985	8557.377953	0.07685661015	91442.62205	25226.90106	0.003981189411	0.0011317	2.900635129
47	1	0.02334830774	8430.470004	0.07665169226	91569.53	25486.07911	0.003953911622	0.0011317	3
47	1	0.01251603854	18648.45909	0.08748396146	81351.54091	25486.07911	0.001787457783	0.0011317	3
47	1	0.0163762585	13023.37461	0.0836237415	86976.62539	25485.94432	0.002559530093	0.0011317	2.999945735
47	1	0.0857441951	2042.304738	0.0142558049	97957.69526	25280.64505	0.01660731028	0.0011317	2.920455641
47	1	0.02416812886	8094.788329	0.07583187114	91905.21167	25486.07911	0.004117875846	0.0011317	3
47	1	0.01488716003	14831.71588	0.08511283997	85168.28412	24635.7544	0.002406858406	0.0011317	2.705520698
47	1	0.09022972777	1923.543701	0.009770272228	98076.4563	25484.1876	0.01733194225	0.0011317	2.999238742
47	1	0.02275878082	8710.288625	0.07724121918	91289.71138	25339.28258	0.003874889279	0.0011317	2.942534476
47	1	0.01447154866	15300.59858	0.08552845134	84699.40142	25485.15871	0.002178736222	0.0011317	2.999629506
47	1	0.02156188796	9299.106155	0.07843811204	90700.89385	25266.83984	0.003651546738	0.0011317	2.91532696
47	1	0.01863951143	11066.28396	0.08136048857	88933.71604	25486.07911	0.00301215236	0.0011317	3
47	1	0.02371470001	8284.021656	0.07628529999	91715.97834	25435.2395	0.004041348702	0.0011317	2.97973178
47	1	0.08955623099	1938.550535	0.01044376901	98061.44947	25485.15281	0.01719634575	0.0011317	2.99962713
47	1	0.01325504189	17211.32069	0.08674495811	82788.67931	25343.01052	0.001960386514	0.0011317	2.943954553
47	1	0.02263629812	8749.272399	0.07736370188	91250.7276	25457.1384	0.003819300894	0.0011317	2.98841341
47	1	0.01393683698	16087.31955	0.08606316302	83912.68045	25428.74106	0.002082208453	0.0011317	2.977169568
47	1	0.007703514268	40405.33378	0.09229648573	59594.66622	25485.70641	0.000825	0.0011317	2.999849957
47	1	0.09307969306	1865.692851	0.00692030694	98134.30715	25428.92984	0.01795398128	0.0011317	2.977243909
47	1	0.0158505755	13581.26195	0.0841494245	86418.73805	25485.53226	0.002454477284	0.0011317	2.999779856
47	1	0.02819339154	6793.924005	0.07180660846	93206.07599	25326.23005	0.004973321186	0.0011317	2.937577994
47	1	0.03302711062	5659.624544	0.06697288938	94340.37546	25486.07911	0.005889672199	0.0011317	3
47	1	0.02742486342	6989.259051	0.07257513658	93010.74095	25486.07911	0.004769222759	0.0011317	3
47	1	0.02290673658	8695.497683	0.07709326342	91304.50232	25033.4542	0.003980075165	0.0011317	2.832387278
47	1	0.01166324006	20611.37397	0.08833675994	79388.62603	25472.99108	0.001619047166	0.0011317	2.99474402
47	1	0.0195513075	10503.42582	0.0804486925	89496.57418	25025.20118	0.003297174137	0.0011317	2.829577976
47	1	0.09241936471	1879.131811	0.00758063529	98120.86819	25435.73607	0.01781525035	0.0011317	2.979927832
47	1	0.02330038474	8470.242717	0.07669961526	91529.75728	25349.78425	0.003981189411	0.0011317	2.946539945
47	1	0.01471030266	14971.98062	0.08528969734	85028.01938	25444.11414	0.002234393554	0.0011317	2.983241235
47	1	0.01592821246	13567.90338	0.08407178754	86432.09662	24857.70386	0.002586507592	0.0011317	2.774246833
47	1	0.08453243076	2088.569204	0.01546756924	97911.4308	25062.53283	0.0165318844	0.0011317	2.842350149
47	1	0.0117461839	20317.24662	0.0882538161	79682.75338	24941.13754	0.001715983455	0.0011317	2.801414089
47	1	0.09751263425	1778.189391	0.002487365754	98221.81061	25420.20517	0.01885146932	0.0011317	2.973813711
47	1	0.09488922003	1840.381876	0.00511077997	98159.61812	25242.48198	0.0184878595	0.0011317	2.906341174
47	1	0.01422564331	15653.97565	0.08577435669	84346.02435	25485.1777	0.002129549371	0.0011317	2.999637148
47	1	0.02769052286	6912.252577	0.07230947714	93087.74742	25486.07911	0.004822354647	0.0011317	3
47	1	0.0201744901	10042.73759	0.0798255099	89957.26241	25486.07911	0.003319148094	0.0011317	3
47	1	0.02340907586	8411.554751	0.07659092414	91588.44525	25435.2395	0.003980075165	0.0011317	2.97973178
47	1	0.01836461871	11276.61108	0.08163538129	88723.38892	25439.79483	0.002967702231	0.0011317	2.981531678
47	1	0.0157047382	13744.58385	0.0842952618	86255.41615	25486.07911	0.002425197714	0.0011317	3
47	1	0.01134437568	21404.09792	0.08865562432	78595.90208	25309.84741	0.00158075854	0.0011317	2.931391042
47	1	0.03364047444	5544.149718	0.06635952556	94455.85028	25486.06968	0.006012348516	0.0011317	2.999996203
47	1	0.02635493144	7398.098629	0.07364506856	92601.90137	24984.78414	0.004696279403	0.0011317	2.815935451
47	1	0.01917202302	10691.82275	0.08082797698	89308.17725	25454.26809	0.003126155786	0.0011317	2.987271325
47	1	0.09238792798	1880.221375	0.007612072023	98119.77862	25428.92984	0.01781525035	0.0011317	2.977243909
47	1	0.01221021831	19253.25825	0.08778978169	80746.74175	24857.70386	0.001822729672	0.0011317	2.774246833
47	1	0.02028095938	9992.905716	0.07971904062	90007.09428	25374.02062	0.003367675772	0.0011317	2.95584462
47	1	0.02301701509	8575.124727	0.07698298491	91424.87527	25478.72215	0.003889668286	0.0011317	2.997042253
47	1	0.01566119076	13846.78492	0.08433880924	86153.21508	24946.9493	0.002516687542	0.0011317	2.803335207
47	1	0.01520906288	14364.64985	0.08479093712	85635.35015	25023.19368	0.002411279784	0.0011317	2.828895845
47	1	0.01587227771	13579.33229	0.08412772229	86420.66771	25189.00188	0.002516687542	0.0011317	2.886889909
47	1	0.01097084381	22520.89629	0.08902915619	77479.10371	25428.85458	0.001487366607	0.0011317	2.977214271
47	1	0.01114826135	22018.15294	0.08885173865	77981.84706	25486.07911	0.001513902344	0.0011317	3
47	1	0.08955623099	1938.550535	0.01044376901	98061.44947	25485.15281	0.01719634575	0.0011317	2.99962713
47	1	0.01009229229	25270.89244	0.08990770771	74729.10756	24775.38189	0.001397602056	0.001131700057	2.748172132
47	1	0.02293878872	8610.191678	0.07706121128	91389.80832	25475.52457	0.003874889279	0.0011317	2.995759353
47	1	0.008464646169	33252.00272	0.09153535383	66747.99728	24778.04945	0.001061931937	0.0011317	2.749007142
47	1	0.0964765715	1824.630105	0.003523428505	98175.36989	25000.05562	0.01901825851	0.0011317	2.82106788
47	1	0.009807006252	26556.75033	0.09019299375	73443.24967	25199.26308	0.001285780724	0.0011317	2.890592809
47	1	0.01198439632	19784.22976	0.08801560368	80215.77024	24500.76794	0.001822729672	0.0011317	2.666048294
47	1	0.03302711062	5659.624544	0.06697288938	94340.37546	25486.07911	0.005889672199	0.0011317	3
47	1	0.01633082116	13147.49552	0.08366917884	86852.50448	24857.70386	0.002669214456	0.0011317	2.774246833
47	1	0.01520906288	14364.64985	0.08479093712	85635.35015	25023.19368	0.002411279784	0.0011317	2.828895845
47	1	0.01393700916	16087.06105	0.08606299084	83912.93895	25428.92984	0.002082208453	0.0011317	2.977243909
47	1	0.02721270254	7095.134701	0.07278729746	92904.8653	25198.71376	0.004812833054	0.0011317	2.890394232
47	1	0.07708920553	2267.295633	0.02291079447	97732.70437	25485.46038	0.0147025841	0.0011317	2.999750923
47	1	0.06560151245	2731.571754	0.03439848755	97268.42825	24984.78414	0.01271924787	0.0011317	2.815935451
47	1	0.01017530997	25231.17941	0.08982469003	74768.82059	25435.46938	0.00132684897	0.0011317	2.979822535
47	1	0.01059910267	23736.62543	0.08940089733	76263.37457	25479.24839	0.001405123275	0.0011317	2.997253537
47	1	0.02755722342	6959.618379	0.07244277658	93040.38162	25421.84315	0.00481589842	0.0011317	2.974456825
47	1	0.03790857246	4906.727201	0.06209142754	95093.2728	25093.93588	0.007019057999	0.0011317	2.853223963
47	1	0.01289575603	17888.19837	0.08710424397	82111.80163	25484.57308	0.001863666992	0.0011317	2.999393835
47	1	0.01602582331	13390.02813	0.08397417669	86609.97187	25486.07911	0.002489414736	0.0011317	3
47	1	0.02019877359	10028.06416	0.07980122641	89971.93584	25486.07911	0.003324004793	0.0011317	3
47	1	0.01535488163	14153.82356	0.08464511837	85846.17644	25440.32237	0.002364316496	0.0011317	2.981740323
47	1	0.07708920553	2267.295633	0.02291079447	97732.70437	25485.46038	0.0147025841	0.0011317	2.999750923
47	1	0.01585113605	13580.62409	0.08414886395	86419.37591	25486.07911	0.002454477284	0.0011317	3
47	1	0.02395994149	8199.119128	0.07604005851	91800.88087	25335.20498	0.004117875846	0.0011317	2.940983474
47	1	0.01046688997	24192.05228	0.08953311003	75807.94772	25479.27329	0.001378668218	0.0011317	2.997263535
47	1	0.01017530997	25231.17941	0.08982469003	74768.82059	25435.46938	0.00132684897	0.0011317	2.979822535
47	1	0.0180162333	11544.16169	0.0819837667	88455.83831	25484.52739	0.002887847257	0.0011317	2.99937545
47	1	0.02063761466	9772.032692	0.07936238534	90227.96731	25470.02984	0.003415794518	0.0011317	2.993558524
47	1	0.007462965392	41822.3561	0.09253703461	58177.6439	25071.35897	0.000825	0.0011317	2.845394234
47	1	0.02334264166	8432.886924	0.07665735834	91567.11308	25486.07911	0.003952778406	0.0011317	3
47	1	0.01761556325	11873.5399	0.08238443675	88126.4601	25486.07911	0.002807362724	0.0011317	3
47	1	0.01393683698	16087.31955	0.08606316302	83912.68045	25428.74106	0.002082208453	0.0011317	2.977169568
47	1	0.02493955345	7828.214727	0.07506044655	92171.78527	25309.27682	0.00432235509	0.0011317	2.931176235
47	1	0.018611586	11087.37535	0.081388414	88912.62465	25480.64908	0.003007824251	0.0011317	2.997816127
47	1	0.01052339664	23970.42554	0.08947660336	76029.57446	25435.42861	0.001396641068	0.0011317	2.979806439
47	1	0.02334264166	8432.886924	0.07665735834	91567.11308	25486.07911	0.003952778406	0.0011317	3
47	1	0.0201744901	10042.73759	0.0798255099	89957.26241	25486.07911	0.003319148094	0.0011317	3
47	1	0.01951583633	10533.13716	0.08048416367	89466.86284	24989.8283	0.003297174137	0.0011317	2.817627704
47	1	0.009194764064	29451.10057	0.09080523594	70548.89943	25266.83984	0.001152966106	0.0011317	2.91532696
47	1	0.01265755114	18324.72584	0.08734244886	81675.27416	25197.47048	0.001863666992	0.0011317	2.889944933
47	1	0.01737758136	12078.3172	0.08262241864	87921.6828	25486.07911	0.002759766347	0.0011317	3
47	1	0.01060141696	23665.52083	0.08939858304	76334.47917	25355.72729	0.001424214897	0.0011317	2.948813705
