#gen	Feasible	f1	f2	f3	f4	f5	c1	c2	c3	c4	c5	c6	c7	x1	x2	x3
67	1	69561.49376	991.77039	1687922.711	973644.9432	1558.594756	0.9376562098	1.067343383	44606.88362	16473.34989	10481.98499	2111.701066	586.9889813	0.33059013	0.05915335797	0.0144259316
67	1	66444.93556	187.0895444	981384.12	2493561.749	15436.70325	0.3825318701	0.9451117642	39716.93035	15638.08344	9629.393394	2119.326506	521.7059854	0.06236318148	0.03439266844	0.01
67	1	70027.434	605.1390789	1938727.508	657108.1064	1770.579576	0.929176817	1.065452306	44556.90112	16463.16336	10470.20411	2119.321685	586.2022237	0.2017130263	0.06794282788	0.01
67	1	65411.80111	1427.695162	705301.8118	3663086.711	2189.192082	0.9124323167	1.061766107	44408.64603	16437.89001	10444.4489	2119.322495	584.2266136	0.4758983873	0.02471734652	0.01
67	1	67343.34097	1497.8043	1220765.879	1786905.463	864.920893	0.9654031643	1.07342745	44877.5091	16517.82727	10525.91796	2119.276437	590.4752318	0.4992680998	0.04278181728	0.01002443328
67	1	68647.45112	384.5269918	1567212.749	1103603.777	4183.099176	0.8326760329	1.044208779	43701.94194	16317.45289	10321.74599	2119.158888	574.8118753	0.1281756639	0.05492306973	0.01009619473
67	1	70081.78953	343.2580696	1948507.604	649284.3831	3703.144103	0.8518742359	1.048435532	43871.52455	16346.38838	10351.25533	2119.037903	577.0736025	0.1144193565	0.06828557196	0.01016629636
67	1	70012.9166	592.9269549	1813676.157	815735.6646	2525.669839	0.8989732065	1.058826568	44265.40343	16415.0695	10422.53667	2112.012871	582.4336078	0.1976423183	0.0635603954	0.01424647682
67	1	63840.2774	512.4934652	285346.8965	6575303.126	19576.72279	0.2169310885	0.9086557648	38250.70818	15388.13348	9374.677947	2119.326688	502.1674759	0.1708311551	0.01	0.01
67	1	67933.96825	559.8661911	1355587.926	1492803.497	3257.166051	0.869713358	1.052366368	44025.70372	16372.92175	10378.5048	2117.893644	579.1462782	0.1866220637	0.04750666443	0.01083082072
67	1	70028.61108	1912.278959	1939042.055	656820.239	37.25187727	0.9985099249	1.080715566	45170.77346	16567.81146	10576.84741	2119.309337	594.3825329	0.6374263198	0.06795385123	0.01
67	1	69587.77627	307.645375	1821238.714	773956.2033	4544.235052	0.8182305979	1.041028175	43574.58808	16295.70641	10299.55446	2119.324671	573.1121662	0.1025484583	0.0638254257	0.01
67	1	64127.30183	937.5747936	360102.9443	5929009.622	8054.243486	0.6778302606	1.010120275	42331.10312	16083.75258	10083.58113	2119.208437	556.5436558	0.3125249312	0.01261983042	0.01006815827
67	1	68963.74754	651.6629866	1611387.828	1052366.996	2254.375758	0.9098249697	1.061200438	44376.99834	16433.06339	10440.00801	2116.722842	583.8460702	0.2172209955	0.05647118814	0.01151019773
67	1	64270.07938	609.5328941	400201.9596	5603115.813	11429.74879	0.5428100483	0.980396025	41136.02642	15879.99971	9875.921987	2119.326212	540.6165043	0.2031776314	0.01402510294	0.01
67	1	67773.93189	2047.961401	1336528.963	1520410.997	321.7986135	0.9871280555	1.078209917	45069.99888	16550.63221	10559.34062	2119.314067	593.039636	0.6826538004	0.04683874186	0.01
67	1	72524.27663	1780.539044	2567041.379	277572.3957	54.2397714	0.9978304091	1.08057349	45157.02544	16565.98109	10575.41354	2116.957896	594.2365201	0.5935130147	0.08996212717	0.01136367484
67	1	63915.95485	1219.083484	305569.7609	6392653.783	7220.561444	0.7111775422	1.017461099	42626.7449	16134.1256	10134.89299	2119.32557	560.4814456	0.4063611614	0.01070871156	0.01000000902
67	1	64601.25944	1150.628613	360102.9443	6195353.266	6970.97445	0.721161022	1.019683737	42689.58619	16146.53462	10148.96431	2111.568042	561.4417608	0.3835428708	0.01261983042	0.01450677949
67	1	66665.15242	744.1944523	1035874.046	2314786.453	3112.694064	0.8754922374	1.053634816	44080.71422	16382.04428	10387.58674	2119.060754	579.8608417	0.2480648174	0.03630227134	0.01015273175
67	1	67169.87633	955.4065301	1172141.585	1913642.408	1904.164294	0.9238334282	1.064276565	44509.00147	16455.03695	10461.95565	2119.142976	585.5667607	0.3184688434	0.04107777585	0.01010397537
67	1	69848.99489	165.7167066	1724829.252	937751.5781	10361.6564	0.5855337438	0.9898334857	41481.27426	15941.04733	9939.976264	2109.299681	545.3760487	0.0552389022	0.06044675002	0.01582499255
67	1	72405.6015	404.9616642	2572863.626	271767.8859	2096.039222	0.9161584311	1.062586654	44441.36339	16443.48556	10450.1664	2119.239292	584.6639125	0.1349872214	0.09016616819	0.01004823921
67	1	69020.54812	165.7167066	1500751.834	1282502.609	11927.22402	0.522911039	0.9760480003	40926.28038	15846.47189	9843.627531	2109.137394	537.9829134	0.0552389022	0.05259394277	0.01591938157
67	1	68704.14343	808.0423648	1585107.401	1075408.587	1557.503581	0.9376998567	1.067328602	44632.36374	16476.02763	10483.31365	2119.321161	587.2078198	0.2693474549	0.05555018893	0.01
67	1	71880.7798	720.5608162	2433901.647	329666.7468	931.5900882	0.9627363965	1.07284026	44854.018	16513.81471	10521.82218	2119.313338	590.1616164	0.2401869387	0.08529623686	0.0100032063
67	1	64980.69061	488.0521931	577015.7746	4399770.611	9854.810883	0.6058075647	0.9942670694	41691.20453	15974.81463	9972.689658	2118.536942	548.027171	0.1626840644	0.02022155424	0.01045843506
67	1	68302.39003	993.8166722	1477747.702	1248892.503	1260.5485	0.94957806	1.069943515	44737.53284	16493.95603	10501.58386	2119.320246	588.6092769	0.3312722241	0.05178776149	0.01
67	1	67996.03058	685.3047089	1392836.487	1407194.343	2364.659514	0.9054136194	1.060221572	44345.89808	16427.23338	10433.62283	2119.139165	583.3933588	0.228434903	0.0488120426	0.01010665733
67	1	69151.77917	1067.306086	1704726.312	910343.96	869.9620288	0.9652015188	1.073382925	44875.86191	16517.5373	10525.61475	2119.318427	590.4526171	0.3557686954	0.0597422412	0.01000006414
67	1	71126.12915	1672.750433	2197873.905	463497.5727	193.2502818	0.9922699887	1.079348537	45108.6792	16557.68062	10566.90541	2117.231074	593.5880109	0.5575834776	0.07702462973	0.01120749709
67	1	66970.21185	578.5731355	1121752.561	2050683.361	3818.464681	0.8472614128	1.047419131	43831.62566	16339.52414	10344.20761	2119.324238	576.5373846	0.1928577118	0.03931188933	0.01000000055
67	1	67807.12904	679.979821	1345068.716	1502603.783	2488.870251	0.9004451899	1.059127278	44302.44667	16419.79035	10426.00784	2119.302951	582.8117443	0.2266599403	0.04713801804	0.01001161573
67	1	70596.33577	657.4723139	2072016.449	549315.2181	1499.724422	0.9400110231	1.067841009	44649.10367	16479.12849	10486.68136	2118.190489	587.4488001	0.219157438	0.07261394727	0.0106566555
67	1	66484.90823	612.5863833	990777.5306	2462245.422	4141.813574	0.8343274571	1.044572049	43716.85298	16319.9756	10324.30064	2119.246725	575.009184	0.2041954611	0.0347218611	0.01004515208
67	1	68077.41145	141.0623289	1417627.156	1357992.576	14110.65658	0.4355737369	0.9567886068	40186.56075	15718.14231	9710.978654	2119.326426	527.9641625	0.0470207763	0.04968083316	0.01
67	1	68205.92684	120.9140351	1438647.258	1324914.571	16393.53091	0.3442587636	0.9366887468	39375.41475	15580.0403	9570.39132	2118.5229	517.1677672	0.04030467838	0.05041748397	0.01046689806
67	1	67843.2351	423.8126412	1353703.125	1485161.053	4425.861018	0.8229655593	1.042070807	43616.24386	16302.82531	10306.824	2119.243437	573.6685468	0.1412708804	0.04744061147	0.01004715617
67	1	72501.2413	377.227599	2599797.735	261635.012	2268.235964	0.9092705614	1.061070066	44380.65199	16433.11781	10439.58571	2119.322623	583.853572	0.125742533	0.09111007573	0.01
67	1	70423.98764	416.8715937	2043446.46	568161.0046	2732.491107	0.8907003557	1.05698219	44215.98358	16405.06294	10411.00983	2119.247774	581.6604378	0.1389571979	0.07161271019	0.01004384936
67	1	64376.79959	507.2644409	428720.0957	5384885.582	12913.58023	0.483456791	0.9673297685	40610.51515	15790.41471	9784.628987	2119.326312	533.6136731	0.169088147	0.01502452282	0.01000001667
67	1	70172.63874	1472.510197	1977530.258	622531.8042	256.5691486	0.9897372341	1.078784312	45093.10043	16554.57038	10563.35387	2119.313215	593.3474816	0.4908367324	0.06930267272	0.01
67	1	66997.22744	1516.682219	1128953.33	2030228.914	972.3956055	0.9611041758	1.072480923	44839.58088	16511.35262	10519.31234	2119.317939	589.9691613	0.5055607395	0.03956424072	0.01000065062
67	1	70512.72773	310.0697401	2068411.511	548503.3475	3873.236464	0.8450705414	1.046936824	43812.22778	16336.21734	10340.83777	2119.324276	576.2788934	0.10335658	0.07248761198	0.01
67	1	68317.81596	1159.170527	1377543.983	1488904.42	1549.459018	0.9380216393	1.067419588	44614.48377	16474.35574	10482.76649	2113.026506	587.0692646	0.3863901758	0.04827611585	0.01365610972
67	1	67415.10596	869.8940617	1237673.774	1746684.471	2010.814094	0.9195674362	1.063337433	44471.23056	16448.59806	10455.394	2119.143187	585.063435	0.2899646872	0.04337435555	0.01010397537
67	1	69511.51918	1823.986707	1800860.696	796241.64	140.6229683	0.9943750813	1.079805306	45134.16373	16561.57053	10570.48748	2119.311399	593.8946808	0.6079955691	0.06311127676	0.01
67	1	67974.81529	114.6053829	1351020.617	1510423.437	18617.04355	0.2553182578	0.917114034	38582.79968	15445.26276	9433.330919	2116.96264	506.6302996	0.03820179429	0.04734660279	0.01137341559
67	1	67532.48714	615.6837372	1272008.199	1663395.137	3033.408108	0.8786636757	1.054332147	44109.65994	16386.92123	10392.50836	2119.323585	580.2423999	0.2052279124	0.04457760762	0.01
67	1	72402.65631	377.227599	2573385.775	271446.9567	2299.658899	0.908013644	1.060793376	44369.50992	16431.21928	10437.65174	2119.318611	583.7051599	0.125742533	0.09018446694	0.0100023587
67	1	70863.03876	1574.402465	2162024.379	481442.4953	108.9223963	0.9956431041	1.080084453	45145.39075	16563.48442	10572.43787	2119.310819	594.0442893	0.5248008217	0.07576828083	0.01
67	1	65849.94241	682.0595345	770388.4994	3406474.305	5121.358542	0.7951456583	1.035956208	43359.86352	16259.78774	10263.52744	2116.188302	570.3004961	0.2273531782	0.02699831359	0.01182223372
67	1	69318.8699	694.9753873	1744699.402	862436.4186	1708.60365	0.931655854	1.065998955	44577.9205	16466.80832	10473.97044	2119.039186	586.4867957	0.2316584624	0.06114310066	0.01016401223
67	1	66221.02298	225.6786676	921214.4981	2711892.514	13545.07171	0.4581971316	0.9617690733	40386.80096	15752.28208	9745.773029	2119.306243	530.6328325	0.07522622252	0.03228402024	0.01001170306
67	1	64898.09281	205.4016675	568024.643	4435050.116	24731.35366	0.01074585356	0.8632653462	36425.15301	15076.92728	9057.538355	2119.326832	477.8405849	0.0684672225	0.01990645947	0.01
67	1	68424.97406	1992.898612	1510341.349	1193523.48	224.0109866	0.9910395605	1.079071043	45104.59855	16556.53265	10565.35538	2119.302832	593.5008595	0.6642995372	0.05293000792	0.01000575505
67	1	69226.22951	1809.000909	1724623.348	885457.5154	188.4900613	0.9924603975	1.0793838	45117.21121	16558.6806	10567.54245	2119.312202	593.6687757	0.6030003031	0.06043953411	0.01
67	1	68431.58575	516.8455187	1512272.396	1190249.367	3040.909325	0.878363627	1.054266093	44107.00332	16386.46835	10392.04684	2119.323593	580.2069984	0.1722818396	0.05299768157	0.01
67	1	68242.73633	736.0859109	1461806.571	1276936.453	1999.590441	0.9200163824	1.063435693	44475.79502	16449.33704	10456.11418	2119.322158	585.1214243	0.2453619703	0.05122910356	0.01
67	1	68986.80375	319.6473923	1592407.101	1090030.59	5374.510463	0.7850195815	1.033730151	43266.98124	16244.1681	10247.79002	2115.208871	569.0782896	0.1065491308	0.05580600737	0.01239130033
67	1	65467.35911	387.387997	669314.8342	3919930.913	10927.89535	0.5628841862	0.984825041	41303.6616	15909.24736	9906.290839	2116.259768	542.8989525	0.1291293323	0.02345618062	0.01178146758
67	1	68370.2843	1042.656746	1391564.986	1460105.547	1736.767967	0.9305292813	1.065770191	44548.14676	16463.04713	10471.24227	2113.027217	586.1852741	0.3475522486	0.04876748279	0.01365610972
67	1	71138.08524	1136.716708	2170362.618	486763.7699	722.7952612	0.9710881896	1.074691423	44915.03528	16525.07478	10534.01833	2115.384711	591.0369079	0.3789055694	0.07606049495	0.01228360089
67	1	68445.16426	983.4108024	1515900.695	1184248.689	1230.463245	0.9507814702	1.070208439	44748.18773	16495.7724	10503.43486	2119.320123	588.7512615	0.3278036008	0.05312483556	0.01000000902
67	1	68776.03393	1202.580909	1604284.742	1047071.867	777.0365413	0.9689185383	1.07420121	44908.76588	16523.14693	10531.33169	2119.315963	590.8911178	0.4008603032	0.05622226006	0.01000118465
67	1	72374.98609	899.5433098	2566040.046	274234.2908	523.8165326	0.9790473387	1.076431	44998.44883	16538.43517	10546.91124	2119.315023	592.086196	0.2998477699	0.0899270354	0.01000065812
67	1	67737.85293	265.6663268	1326887.659	1540968.976	7673.758355	0.6930496658	1.013470358	42466.24151	16106.76425	10107.00997	2119.325683	558.3426174	0.08855544227	0.04650086178	0.01
67	1	67375.86527	557.5695108	1230154.472	1763260.664	3572.01126	0.8571195496	1.04958934	43918.90918	16354.40355	10359.3707	2119.324059	577.700503	0.1858565036	0.04311084113	0.01
67	1	64051.965	490.8695762	305151.3004	6478490.927	19253.59898	0.2298560408	0.9115082142	38357.84025	15406.88146	9394.190961	2117.108979	503.6302284	0.1636231921	0.01069404659	0.01128841146
67	1	66635.35822	744.1944523	1032270.359	2322921.078	3107.302993	0.8757078803	1.053681447	44083.48946	16382.45989	10387.96196	2119.323658	579.8936585	0.2480648174	0.0361759799	0.01
67	1	66441.67348	1508.962971	834696.7843	3217625.881	2227.892853	0.9108842859	1.061453478	44365.96704	16432.53786	10440.61129	2110.525424	583.7972463	0.502987657	0.02925200149	0.01511011749
67	1	68661.76624	384.5269918	1571038.92	1097736.909	4171.073976	0.833157041	1.04431467	43706.20092	16318.17892	10322.48585	2119.158928	574.8686287	0.1281756639	0.05505715811	0.0100961677
67	1	69115.11139	592.9269549	1693716.874	924801.5596	2202.399381	0.9119040248	1.061650041	44403.72762	16437.06755	10443.62421	2119.249361	584.162231	0.1976423183	0.05935641476	0.01004249618
67	1	70998.02797	601.3672958	2198095.495	457848.7339	1485.423874	0.940583045	1.067963318	44657.89102	16480.37935	10487.74835	2119.320855	587.5479915	0.2004557653	0.07703239537	0.01000006175
67	1	67463.68996	596.839412	1252818.65	1708937.634	3216.839022	0.8713264391	1.052717055	44044.53641	16375.8301	10381.2147	2119.275197	579.3753494	0.1989464707	0.04390510868	0.01002821222
67	1	63909.85456	1468.068176	303939.8514	6407184.421	5901.76806	0.7639292776	1.029074071	43093.80653	16213.74657	10216.032	2119.325226	566.7053917	0.4893560585	0.01065159128	0.01
67	1	67469.06184	634.8451519	1255059.193	1703136.314	2968.508983	0.8812596407	1.054903633	44132.6445	16390.83945	10396.50129	2119.323519	580.5486864	0.2116150506	0.04398362863	0.01
67	1	67473.1901	186.2526801	1256079.138	1700767.289	11950.75023	0.5219699909	0.9758082299	40951.49292	15848.54299	9843.866449	2119.321239	538.1575365	0.06208422669	0.04401937269	0.01000291717
67	1	66869.00071	490.8695762	1094706.142	2129420.458	4770.865713	0.8091653715	1.039032521	43494.32496	16282.02379	10285.61097	2119.324782	572.0425999	0.1636231921	0.03836404585	0.01
67	1	70324.26324	436.6661279	1948623.229	663912.4236	3031.480644	0.8787407742	1.054362528	44096.54812	16385.6018	10391.93346	2115.135404	580.1340278	0.145555376	0.06828962405	0.01243301475
67	1	64711.95484	585.2446303	413237.7202	5706515.969	11989.83459	0.5204066163	0.9754843335	40916.79538	15844.01257	9840.413316	2112.989692	537.7954829	0.1950815434	0.01448194199	0.01368133219
67	1	68504.58162	328.2048702	1531778.927	1158341.725	5152.089051	0.793916438	1.035675561	43359.31156	16259.00777	10262.15613	2119.324951	570.2434452	0.1094016234	0.05368128918	0.01
67	1	66044.23514	1856.065555	609994.9337	4584927.08	3006.375773	0.8797449691	1.054621233	44066.71648	16383.08704	10391.53135	2103.378213	579.9227594	0.6186885184	0.02137731096	0.01926279114
67	1	72699.2427	446.8171494	2652369.891	243187.5601	1746.535554	0.9301385778	1.065664098	44565.34908	16464.60798	10471.68003	2119.301158	586.3151235	0.1489390498	0.09295247024	0.01001189205
67	1	68636.42423	1496.449631	1528648.64	1178991.848	701.4419812	0.9719423208	1.074874279	44927.92265	16526.91821	10535.5998	2117.002179	591.1830283	0.4988165436	0.05357158808	0.01134440939
67	1	66981.10483	541.8858669	1124663.486	2042384.589	4116.112278	0.8353555089	1.044798119	43726.2113	16321.55394	10325.89479	2119.324431	575.1326593	0.1806286223	0.03941390285	0.01
67	1	66371.40935	1376.285971	960689.8016	2567424.042	1489.39708	0.9404241168	1.067928533	44656.27637	16480.11787	10487.49347	2119.257859	587.5274733	0.4587619902	0.03366743474	0.0100366595
67	1	68435.00144	1340.069563	1513185.164	1188736.899	701.9989377	0.9719200425	1.074861966	44935.34779	16527.67796	10535.94873	2119.317522	591.2453093	0.4466898543	0.05302966958	0.01
67	1	65087.52942	1343.677361	618643.3964	4133094.033	2813.62284	0.8874550864	1.056267523	44187.49792	16400.19048	10406.03065	2119.32311	581.2796531	0.4478924537	0.02168039688	0.0100001397
67	1	66779.45487	802.5090819	1035874.046	2339447.612	2964.490474	0.8814203811	1.05494576	44127.13266	16390.36024	10396.39989	2117.217946	580.5085952	0.2675030273	0.03630227134	0.01122317621
67	1	66980.11502	772.3981699	1124234.73	2043721.278	2661.423952	0.8935430419	1.057607781	44241.36857	16409.37604	10415.39311	2119.313262	581.9976731	0.2574660566	0.03939887709	0.01000575621
67	1	69671.42952	705.9529303	1837317.487	758463.1578	1555.611592	0.9377755363	1.067346474	44631.78686	16476.01207	10483.36737	2118.942521	587.2061303	0.2353176434	0.0643889073	0.01021993248
67	1	64946.34429	744.1944523	567225.9623	4461130.378	6341.302635	0.7463478946	1.025206282	42935.42104	16186.92689	10188.85278	2118.49937	564.6078731	0.2480648174	0.01987846966	0.01047986574
67	1	70084.25607	350.1273857	1948857.511	649037.6033	3616.439849	0.855342406	1.049199089	43902.17014	16351.61668	10356.58674	2119.019184	577.4822734	0.1167091286	0.06829783449	0.0101771331
67	1	67259.54112	2078.265929	1199069.419	1841292.014	428.723579	0.9828510568	1.077268362	45032.13052	16544.17671	10552.76204	2119.315261	592.5350117	0.6927553097	0.04202146347	0.01
67	1	71888.47444	284.1921702	2435957.564	328723.9743	3532.417445	0.8587033022	1.049938011	43932.91342	16356.79209	10361.8058	2119.318491	577.8872077	0.09473072338	0.08536828659	0.01000321695
67	1	68411.85425	205.4785893	1505743.009	1201648.674	8855.051082	0.6457979567	1.003068426	42047.62724	16035.41878	10034.31818	2119.250094	552.7654695	0.0684928631	0.05276885879	0.01004403697
67	1	63936.31723	612.4515374	310831.4768	6346363.914	14861.94703	0.4055221187	0.9501729616	39920.44927	15672.7801	9664.753576	2119.315618	524.4181995	0.2041505125	0.01089310872	0.01000630594
67	1	64505.40352	826.9502917	393796.3849	5790891.325	8669.674745	0.6532130102	1.004713944	42099.76178	16045.20369	10045.0439	2115.146081	553.5252244	0.2756500972	0.01380061917	0.01242829838
67	1	68584.48014	755.6565264	1553130.037	1124396.512	1769.643947	0.9292142421	1.065460545	44557.23248	16463.21985	10470.26168	2119.321683	586.2066394	0.2518855088	0.05442954018	0.01
67	1	70450.09065	678.342882	2051673.14	561443.207	1372.429367	0.9451028253	1.06895832	44697.90931	16487.20132	10494.70037	2119.32062	588.0812636	0.226114294	0.07190101471	0.01
67	1	65236.30954	682.0595345	606408.7038	4280665.334	6652.24174	0.7339103304	1.022475625	42817.68857	16167.36205	10169.33958	2116.188847	563.0756085	0.2273531782	0.0212516313	0.01182223372
67	1	67780.89203	954.1094889	1338054.963	1517358.16	1566.558682	0.9373376527	1.067248929	44629.09045	16475.47403	10482.7532	2119.301037	587.1645199	0.3180364963	0.04689222063	0.01001170306
67	1	69151.77917	1099.458311	1704726.312	910343.96	822.1499272	0.9671140029	1.073803946	44892.79496	16520.42391	10528.5564	2119.31816	590.6782627	0.3664861037	0.0597422412	0.01000006414
67	1	72415.42039	377.4887029	2528814.163	293683.9525	2559.184493	0.8976326203	1.058517324	44268.06291	16414.55833	10421.20509	2116.424304	582.3991614	0.1258295676	0.08862245196	0.01168390952
67	1	64414.96723	1075.704361	358579.3754	6105430.944	7294.789925	0.708208403	1.016822977	42584.49305	16127.9826	10129.52356	2114.479239	559.9951928	0.3585681203	0.01256643685	0.01281554329
67	1	70246.96012	578.8270467	1985989.768	617677.135	1872.101707	0.9251159317	1.064560529	44518.68085	16456.79827	10463.84406	2118.634059	585.7038067	0.1929423489	0.06959913679	0.010399557
67	1	70433.16363	740.5067654	1978729.136	636422.6615	1561.305654	0.9375477738	1.067308335	44617.42239	16474.38307	10482.39628	2115.193016	587.0741076	0.2468355885	0.06934468747	0.01239780535
67	1	67159.45313	1540.150538	1172323.12	1911190.23	882.5504246	0.964697983	1.073272074	44871.40399	16516.77732	10524.84026	2119.318605	590.3932102	0.5133835126	0.04108413773	0.01
67	1	70763.11807	955.1433347	2118920.929	514153.6964	775.8142783	0.9689674289	1.074215134	44905.94651	16522.88222	10531.24339	2118.328154	590.8691912	0.3183811116	0.0742577177	0.0105748041
67	1	64040.85158	1680.916659	287211.2634	6677025.966	5620.625366	0.7751749853	1.031559736	43183.09614	16229.65038	10232.81258	2116.204328	567.9446877	0.560305553	0.01006533686	0.01181304383
67	1	65337.16835	1496.449631	646995.5549	4026263.724	2473.491582	0.9010603367	1.059270044	44300.33662	16419.93231	10426.57413	2117.008606	582.8199741	0.4988165436	0.02267400006	0.01134440939
67	1	66828.74556	186.8245791	1083525.199	2163164.842	13932.05682	0.4427177271	0.9583613944	40249.72916	15728.91635	9721.962804	2119.300859	528.8063337	0.0622748597	0.03797220901	0.01001484669
67	1	65686.6612	578.7053951	778576.6073	3307829.469	5837.984705	0.7664806118	1.029635766	43116.36107	16217.59381	10219.95453	2119.31462	567.0061156	0.1929017984	0.02728526635	0.01000614971
67	1	69519.6575	1823.986707	1803035.479	793833.0258	139.5306248	0.994418775	1.079814925	45134.5506	16561.63648	10570.55469	2119.31138	593.899836	0.6079955691	0.06318749219	0.01
67	1	66323.23812	720.5608162	948863.1728	2609125.56	3585.85875	0.85656565	1.049467402	43914.00498	16353.56752	10358.51873	2119.324069	577.6351508	0.2401869387	0.03325296979	0.01
67	1	67532.48714	615.6837372	1272008.199	1663395.137	3033.408108	0.8786636757	1.054332147	44109.65994	16386.92123	10392.50836	2119.323585	580.2423999	0.2052279124	0.04457760762	0.01
67	1	70473.87183	377.3253728	2053278.989	561112.4372	3095.148073	0.8761940771	1.053789397	44086.85059	16383.09551	10388.66236	2119.03715	579.9429871	0.1257751243	0.07195729177	0.01016643405
67	1	68482.59915	308.8368913	1525904.599	1167859.535	5547.373134	0.7781050746	1.032194786	43219.31843	16235.14285	10237.83621	2119.325104	568.3779318	0.1029456304	0.05347542299	0.01
67	1	68397.63053	514.678835	1501679.25	1208580.661	3090.467934	0.8763812826	1.053829986	44089.14984	16383.44487	10388.98257	2119.231985	579.9705395	0.1715596117	0.05262644412	0.01005324622
67	1	67983.24792	604.0434726	1389420.604	1413906.386	2792.609387	0.8882956245	1.05645315	44194.33609	16401.39629	10407.29314	2119.139727	581.3736817	0.2013478242	0.04869233276	0.01010665733
67	1	68529.87647	269.619436	1537192.829	1150175.446	6418.265453	0.7432693819	1.024526181	42910.61735	16182.53568	10184.24096	2119.244213	564.2655446	0.08987314533	0.05387101972	0.01004715617
67	1	72094.23784	472.1320609	2491031.087	304438.2454	1764.353552	0.9294258579	1.065507132	44559.10532	16463.53917	10470.58713	2119.32143	586.2316002	0.1573773536	0.08729834169	0.0100001397
67	1	70873.08912	1575.113319	2164710.113	479644.621	107.4442144	0.9957022314	1.08009747	45145.91426	16563.57367	10572.52881	2119.310791	594.0512654	0.5250377731	0.07586240257	0.01
67	1	68820.53645	423.8126412	1616198.047	1029830.848	3577.964491	0.8568814204	1.049536919	43916.79825	16354.04386	10359.0043	2119.32329	577.6723855	0.1412708804	0.05663976257	0.01000044901
67	1	63976.36911	1162.661779	316034.7398	6312563.041	7355.404759	0.7057838096	1.016274799	42577.86055	16125.8671	10126.54	2118.983004	559.8354531	0.3875539262	0.01107545741	0.01019904377
67	1	72360.97922	720.5608162	2562315.799	275658.9275	846.1868956	0.9661525242	1.073592282	44884.28243	16518.97274	10527.07754	2119.318406	590.5648252	0.2401869387	0.08979651893	0.01
67	1	67858.61864	2044.939227	1359159.622	1473227.023	305.2823095	0.9877887076	1.078355356	45075.84827	16551.62937	10560.35679	2119.313861	593.1175835	0.6816464091	0.04763183475	0.01
67	1	70629.39726	1600.298341	2099588.862	525191.0215	120.3479823	0.9951860807	1.079983842	45141.34429	16562.79461	10571.73491	2119.311033	593.9903671	0.5334327803	0.0735802242	0.01
67	1	65417.7726	535.3140423	706893.5738	3654978.273	7096.175659	0.7161529736	1.018556411	42670.79641	16141.63521	10142.54581	2119.325316	561.0684686	0.1784380141	0.02477312992	0.0100001397
67	1	66126.46885	957.029144	896280.942	2807415.608	2703.006412	0.8918797435	1.057241584	44226.67444	16406.86893	10412.83638	2119.323222	581.8017057	0.3190097147	0.03141022219	0.01
67	1	72400.4505	386.9568773	2572863.626	271638.1292	2222.926294	0.9110829482	1.061469052	44396.69878	16435.85334	10442.3734	2119.32255	584.0674076	0.1289856258	0.09016616819	0.01
67	1	71628.4374	760.8076375	2366560.219	362078.0991	887.1778426	0.9645128863	1.073231326	44869.76515	16516.49795	10524.55556	2119.318629	590.3713715	0.2536025458	0.08293625225	0.01
67	1	68444.54606	2020.485836	1515735.753	1184520.72	206.3369547	0.9917465218	1.079226644	45110.89058	16557.6031	10566.44442	2119.312482	593.5845486	0.6734952786	0.05311905515	0.01
67	1	66776.32774	751.6407361	1069941.344	2204163.878	2933.954068	0.8826418373	1.055207915	44144.88241	16392.92567	10398.62729	2119.323482	580.7117657	0.250546912	0.03749616193	0.01
67	1	64794.71014	1576.806484	490460.4321	5027458.952	3297.642487	0.8680943005	1.052015008	44006.15684	16369.93555	10375.75247	2116.311321	578.9108708	0.5256021613	0.0171882168	0.01175006222
67	1	69829.8832	210.0736826	1885756.492	707474.6433	6744.949137	0.7302020345	1.02164926	42795.15123	16162.83655	10164.15333	2119.314616	562.7257579	0.07002456086	0.06608645531	0.01000630594
67	1	70028.61108	950.1321658	1939042.055	656820.239	849.6484038	0.9660140638	1.073561801	44883.05651	16518.76375	10526.86457	2119.318425	590.5484888	0.3167107219	0.06795385123	0.01
67	1	71596.68352	740.166852	2358074.697	366383.5052	939.3627244	0.962425491	1.072771799	44851.28344	16513.34733	10521.34488	2119.318898	590.1250889	0.246722284	0.08263887662	0.01
67	1	67440.77	1911.917622	1246842.678	1723134.53	485.7070822	0.9805717167	1.076766706	45011.81897	16540.72281	10549.24957	2119.276208	592.2649722	0.6373058738	0.04369568035	0.01002299471
67	1	66107.79969	645.3491442	890958.0789	2828637.582	4410.097272	0.8235961091	1.042209424	43622.02773	16303.79795	10307.80397	2119.304455	573.7446543	0.2151163814	0.03122368212	0.01001170306
67	1	67906.21248	349.5769611	1348614.945	1507142.468	5645.52556	0.7741789776	1.031334973	43179.93468	16228.73588	10231.56499	2117.921836	567.8753474	0.1165256537	0.04726229589	0.01081525601
67	1	71888.47444	712.562392	2435957.564	328723.9743	949.1833362	0.9620326666	1.072685339	44847.78715	16512.75252	10520.73975	2119.313407	590.0785859	0.2375207973	0.08536828659	0.01000321695
67	1	68131.94809	984.3706973	1432200.61	1330701.475	1345.021667	0.9461991333	1.069199665	44707.61592	16488.85603	10496.38663	2119.320517	588.2106117	0.3281235658	0.05019156078	0.01000000902
67	1	64449.48501	490.8695762	358579.3754	6125001.273	16523.07374	0.3390770505	0.9355627487	39314.38721	15570.6425	9561.6596	2113.923847	516.4273971	0.1636231921	0.01256643685	0.01313880293
67	1	63901.53333	600.2230863	301585.5722	6428523.279	15668.90983	0.3732436067	0.9430670351	39634.66652	15624.06147	9615.105537	2119.318639	520.609883	0.2000743621	0.01056908542	0.01000457739
67	1	67226.02779	557.5695108	1190113.723	1864407.225	3717.927719	0.8512828912	1.048304435	43867.23166	16345.59397	10350.39317	2119.324168	577.0118613	0.1858565036	0.04170761054	0.01
67	1	69452.61108	1551.349827	1785118.81	813895.3573	309.1683438	0.9876332662	1.078321136	45074.47199	16551.39475	10560.1177	2119.31391	593.0992436	0.5171166088	0.06255960138	0.01
67	1	64282.86612	1770.619835	402043.0913	5591819.899	3420.617477	0.8631753009	1.050922781	43972.21343	16363.51122	10368.66949	2119.228875	578.4123282	0.5902066118	0.01408962551	0.01005522544
67	1	64321.20006	721.8015151	370936.1298	5923838.29	10531.25599	0.5787497605	0.9883162232	41445.70577	15933.35763	9930.773128	2116.736686	544.7842406	0.240600505	0.01299948008	0.0115043689
67	1	68986.80375	319.6473923	1592407.101	1090030.59	5374.510463	0.7850195815	1.033730151	43266.98124	16244.1681	10247.79002	2115.208871	569.0782896	0.1065491308	0.05580600737	0.01239130033
67	1	64626.6753	600.2230863	390209.7491	5893031.047	12391.69283	0.5043322869	0.9719457143	40774.42649	15819.7458	9815.68653	2112.975318	535.8985391	0.2000743621	0.01367492529	0.01368970451
67	1	71667.58813	1283.140742	2377022.383	356839.3587	210.3076954	0.9915876922	1.079191679	45109.48431	16557.36337	10566.20012	2119.312542	593.565809	0.4277135807	0.08330289947	0.01
67	1	66765.25944	391.9004142	1066983.584	2213264.387	6349.031058	0.7460387577	1.025135583	42935.40464	16186.74347	10188.51406	2119.325363	564.5945678	0.1306334714	0.03739250706	0.01
67	1	66181.48955	645.3491442	910982.4503	2750506.511	4294.936267	0.8282025493	1.043223439	43662.879	16310.75757	10314.8926	2119.324442	574.2887104	0.2151163814	0.03192543748	0.01000005459
67	1	68421.70276	1992.898612	1509467.134	1194977.874	224.5835093	0.9910166596	1.079066001	45104.39578	16556.49809	10565.32016	2119.302838	593.4981575	0.6642995372	0.05289937099	0.01000575621
67	1	65768.26471	840.5188065	725499.2599	3655423.299	4438.121149	0.822475154	1.041977084	43597.25526	16300.56063	10305.33337	2114.796712	573.485961	0.2801729355	0.02542516736	0.01263046696
67	1	70405.31965	683.0286456	2039709.081	570878.8707	1370.217251	0.94519131	1.068977799	44698.69275	16487.33488	10494.83647	2119.320613	588.0917035	0.2276762152	0.07148173351	0.01
67	1	70545.67209	884.6019201	2077215.163	541817.6646	853.8993743	0.965844025	1.073524368	44881.55099	16518.50711	10526.60302	2119.318449	590.5284267	0.2948673067	0.07279613651	0.01
67	1	69828.71668	1862.503827	1885624.704	707560.3648	82.02608282	0.9967189567	1.080321296	45154.9163	16565.10826	10574.09267	2119.310292	594.1712244	0.6208346091	0.06608183677	0.01
67	1	66748.01062	391.9004142	1062374.219	2227521.563	6379.89699	0.7448041204	1.024863785	42924.47322	16184.87997	10186.61503	2119.325372	564.4488984	0.1306334714	0.03723097155	0.01
67	1	69820.50166	348.2571289	1730071.007	926786.0788	4835.996991	0.8065601203	1.038488608	43440.78666	16274.91992	10280.07187	2110.07363	571.4757333	0.1160857096	0.06063044766	0.01537445529
67	1	67041.73566	994.7888157	1140865.473	1996804.384	1856.102908	0.9257558837	1.064699209	44526.61227	16457.99996	10464.94227	2119.321856	585.7986024	0.3315962719	0.03998170252	0.01000000909
67	1	68567.04346	186.8245791	1548470.469	1131718.674	9517.821032	0.6192871587	0.9972319932	41813.15146	15995.43063	9993.553687	2119.325991	549.6397029	0.0622748597	0.05426624534	0.01
67	1	72360.97922	191.5659237	2562315.799	275658.9275	5295.358346	0.7881856661	1.034413967	43308.57155	16250.35801	10253.34146	2119.325009	569.5672966	0.0638553079	0.08979651893	0.01
67	1	64314.15684	525.9577061	411980.2066	5511933.227	12963.46904	0.4814612383	0.9668904597	40592.84661	15787.40272	9781.559568	2119.326316	533.3782266	0.1753192354	0.01443787235	0.01000001671
67	1	64392.62332	712.8083235	432949.1137	5353254.541	8874.169115	0.6450332354	1.002899835	42041.10611	16034.29053	10033.15449	2119.325897	552.6773695	0.2376027745	0.01517272902	0.01
67	1	64452.64799	1460.788669	411980.2066	5583162.893	4338.119651	0.826475214	1.042850324	43640.23203	16307.38505	10311.86606	2117.092014	574.0222923	0.4869295565	0.01443787235	0.01129698873
67	1	70084.34195	343.2580696	1948857.511	649042.7707	3703.783213	0.8518486715	1.048429969	43871.2322	16346.34293	10351.21269	2119.017865	577.0700242	0.1144193565	0.06829783449	0.0101779373
67	1	63840.2774	1462.914573	285346.8965	6575303.126	6361.185077	0.7455525969	1.025028557	42931.1002	16186.00968	10187.76628	2119.325367	564.5372078	0.4876381911	0.01	0.01
67	1	68322.00683	685.9786623	1482701.503	1240427.842	2160.971965	0.9135611214	1.062014662	44418.58313	16439.58781	10446.18227	2119.305052	584.3593084	0.2286595541	0.05196136777	0.01001010534
67	1	65165.08647	1427.695162	639165.5542	4016892.486	2495.767567	0.9001692973	1.059066518	44300.02861	16419.3765	10425.58472	2119.310454	582.7794031	0.4758983873	0.02239959719	0.01000726252
67	1	69514.4635	1821.971899	1800818.792	796517.099	145.2322293	0.9941907108	1.079764878	45132.36667	16561.27511	10570.19562	2119.261428	593.8715256	0.6073239664	0.06310980826	0.01002904203
67	1	70738.50399	693.8738406	2088954.035	540439.2294	1459.513993	0.9416194403	1.068199159	44659.16127	16481.12074	10488.94501	2116.920069	587.602947	0.2312912802	0.07320752602	0.01139448457
67	1	71676.92203	569.1419913	2320292.746	394200.6089	1743.933932	0.9302426427	1.065698379	44554.57041	16463.54725	10471.25191	2115.748482	586.2277682	0.1897139971	0.08131480573	0.0120755059
67	1	67845.18199	634.8451519	1355568.976	1480614.444	2691.68487	0.8923326052	1.057341279	44230.68405	16407.55246	10413.53294	2119.323208	581.8551369	0.2116150506	0.04750600034	0.01
67	1	66828.74556	186.8245791	1083525.199	2163164.842	13932.05682	0.4427177271	0.9583613944	40249.72916	15728.91635	9721.962804	2119.300859	528.8063337	0.0622748597	0.03797220901	0.01001484669
67	1	65375.37424	660.9729261	644329.5553	4059337.75	6441.61792	0.7423352832	1.024330181	42892.43352	16180.09397	10182.30583	2116.234565	564.0709158	0.2203243087	0.02258056994	0.01179563835
67	1	72257.42557	899.5433098	2534624.601	286502.0893	539.7897824	0.9784084087	1.076290344	44992.79177	16537.4708	10545.92849	2119.315161	592.0108114	0.2998477699	0.08882607914	0.01000065812
67	1	70873.08912	527.1816985	2164710.113	479644.621	1841.68856	0.9263324576	1.064826138	44531.71728	16458.87022	10465.82912	2119.321841	585.8666302	0.1757272328	0.07586240257	0.01
67	1	68665.33723	1197.453836	1574737.304	1091056.663	812.5470536	0.9674981179	1.073888507	44896.19626	16521.00372	10529.14723	2119.318214	590.7235858	0.3991512786	0.05518676824	0.01
67	1	70179.07046	960.1791019	1958424.176	643959.1993	907.0718967	0.9637171241	1.073060166	44858.58172	16514.86618	10523.12356	2118.062052	590.2422471	0.3200597006	0.06863309887	0.01072980707
67	1	63964.96802	747.0002854	315558.5757	6311120.676	11868.13998	0.5252744006	0.9765362599	40980.14879	15853.46793	9848.918834	2119.138704	538.5422895	0.2490000951	0.0110587702	0.01010895957
67	1	69273.60389	477.9848939	1736070.485	871816.4044	2825.071067	0.8869971573	1.056166947	44183.20329	16399.47431	10405.31422	2119.250211	581.223579	0.159328298	0.06084069974	0.01004249618
67	1	63840.2774	1934.93434	285346.8965	6575303.126	4622.779722	0.8150888111	1.04033653	43546.77084	16290.96434	10294.72198	2119.32471	572.7414806	0.6449781133	0.01	0.01
67	1	65381.81878	1515.522051	650998.1602	4014906.474	2450.490815	0.9019803674	1.059474115	44306.90704	16421.15697	10427.91005	2116.530211	582.9151081	0.505174017	0.02281427162	0.01162228989
67	1	68077.51613	384.5269918	1416361.926	1360998.677	4702.552386	0.8118979046	1.039634321	43518.26173	16286.1214	10289.80104	2119.246739	572.3628114	0.1281756639	0.04963649309	0.0100453204
67	1	71888.47444	284.1921702	2435957.564	328723.9743	3532.417445	0.8587033022	1.049938011	43932.91342	16356.79209	10361.8058	2119.318491	577.8872077	0.09473072338	0.08536828659	0.01000321695
67	1	68055.96712	678.9987859	1385472.359	1433284.009	2511.515165	0.8995393934	1.058932912	44289.24228	16417.88356	10424.35397	2117.728861	582.660724	0.2263329286	0.04855396627	0.01092604043
67	1	69273.60389	592.9269549	1736070.485	871816.4044	2130.133999	0.91479464	1.062286392	44429.321	16441.43051	10448.07035	2119.249239	584.503282	0.1976423183	0.06084069974	0.01004249618
67	1	66125.67842	377.227599	895777.5757	2809669.653	8039.56581	0.6784173676	1.010249204	42336.62973	16084.67292	10084.50069	2119.308132	556.6157224	0.125742533	0.03139258168	0.0100102381
67	1	71422.13345	928.0567115	2311430.057	390980.8267	621.7364944	0.9751305402	1.075568738	44963.7734	16532.52373	10540.88689	2119.31695	591.6241019	0.3093522372	0.08100421224	0.01
67	1	70650.39775	524.7213916	2105200.775	521101.2808	1927.941543	0.9228823383	1.064066615	44501.17007	16453.66278	10460.52239	2119.322019	585.4595658	0.1749071305	0.07377689406	0.01
67	1	66770.37004	138.9631788	1066576.816	2215881.113	19313.13187	0.2274747252	0.9109772243	38343.70891	15404.01089	9390.877721	2119.21976	503.4084743	0.04632105958	0.03737825185	0.01006211609
67	1	64165.44493	1667.291096	372240.7201	5825669.908	4028.071489	0.8388771404	1.045573385	43757.39168	16326.86932	10331.31151	2119.324377	575.5481612	0.5557636986	0.01304519953	0.01
67	1	67375.86527	557.5695108	1230154.472	1763260.664	3572.01126	0.8571195496	1.04958934	43918.90918	16354.40355	10359.3707	2119.324059	577.700503	0.1858565036	0.04311084113	0.01
67	1	64828.49143	972.1850374	393796.3849	5966979.71	7678.706659	0.6928517337	1.013456841	42433.5664	16103.24693	10105.15097	2109.937745	558.0559382	0.3240616791	0.01380061917	0.01545402225
67	1	64948.39747	1588.586946	463175.4447	5347553.295	3789.872743	0.8484050903	1.04769375	43818.24773	16338.80395	10344.78513	2112.188245	576.4721705	0.5295289821	0.0162320127	0.01414555082
67	1	70204.29528	565.5675988	1985989.768	615238.6686	1883.425065	0.9246629974	1.064458617	44516.93595	16456.35042	10463.26127	2119.321929	585.669658	0.1885225329	0.06959913679	0.01
67	1	66124.25619	860.213846	895689.6578	2809728.982	3095.870446	0.8761651822	1.053782119	44087.53839	16383.15012	10388.66535	2119.323647	579.9476136	0.2867379487	0.0313895006	0.01
