#gen	Feasible	f1	f2	f3	f4	f5	c1	c2	c3	c4	c5	c6	c7	x1	x2	x3
93	1	66636.96353	733.9259608	1032699.343	2321533.332	3159.850023	0.8736059991	1.053218731	44064.87949	16379.28741	10384.729	2119.323708	579.6456668	0.2446419869	0.03619101368	0.01
93	1	71461.83285	229.4767765	2322038.841	385245.2126	4817.657655	0.8072936938	1.038620482	43477.7532	16279.19876	10282.73208	2119.324804	571.8217689	0.07649225883	0.08137599777	0.01
93	1	71180.45201	2300.934125	2182425.471	478529.4239	106.2035657	0.9957518574	1.080120836	45133.55362	16562.31628	10571.96165	2115.416982	593.9481201	0.7669780416	0.07648323838	0.01225762301
93	1	67423.39475	329.2393639	1242855.675	1732337.141	6504.704593	0.7398118163	1.02376476	42880.27157	16177.34482	10178.93622	2119.325407	563.8598783	0.1097464546	0.04355595558	0.01
93	1	72370.05909	1406.683781	2564742.195	274728.754	59.53485678	0.9976186057	1.080519348	45162.88176	16566.46615	10575.47644	2119.309826	594.27737	0.4688945938	0.08988155213	0.01
93	1	71530.55996	232.5437779	2339042.644	376404.961	4709.875035	0.8116049986	1.039569853	43515.65469	16285.67788	10289.34982	2119.242593	572.3281363	0.07751459264	0.0819718971	0.01004773119
93	1	71725.94839	783.3781027	2368939.997	363856.5689	940.4432366	0.9623822705	1.072766857	44846.1961	16512.79241	10521.04188	2117.890071	590.0799262	0.2611260342	0.08301965175	0.0108297926
93	1	74078.32279	197.5101942	2853468.965	194762.8612	5239.323245	0.7904270702	1.034939799	43295.08205	16250.27144	10255.11321	2109.204556	569.5478828	0.0658367314	0.1	0.01587947103
93	1	66969.45154	2156.092876	1032184.869	2396355.996	958.4457253	0.961662171	1.072621017	44826.76877	16510.34706	10519.27814	2113.925942	589.8838221	0.7186976252	0.03617298389	0.01313178567
93	1	70573.77228	93.9495052	2084724.317	536179.4882	14423.19232	0.4230723073	0.9540364935	40075.87363	15699.27325	9691.749836	2119.326446	526.4891737	0.03131650173	0.07305929529	0.01
93	1	66989.43346	569.612033	1126636.136	2036958.64	3871.486092	0.8451405563	1.046952286	43812.79742	16336.31779	10340.94293	2119.309013	576.2867261	0.1898706777	0.03948303451	0.01000886612
93	1	65183.31607	737.9821113	614884.6374	4197324.138	5917.62944	0.7632948224	1.02894007	43082.3555	16212.18177	10214.76285	2117.554169	566.5808583	0.2459940371	0.02154867093	0.01102890929
93	1	66604.63331	672.6573072	1023630.461	2351398.304	3557.140796	0.8577143682	1.049720368	43924.09037	16355.29246	10360.28132	2119.298147	577.7699565	0.2242191024	0.03587319411	0.01001504646
93	1	72396.60928	952.9695844	2571837.145	272026.8307	448.7429291	0.9820502828	1.077092077	45025.0405	16542.96806	10551.53035	2119.315461	592.4405319	0.3176565281	0.0901301951	0.01
93	1	72039.9613	827.4497228	2476530.87	310649.814	686.656478	0.9725337409	1.074997068	44940.78145	16528.60425	10536.89267	2119.317418	591.3177169	0.2758165743	0.08679018065	0.01
93	1	68732.70683	527.709901	1547126.07	1151926.692	3076.0012	0.876959952	1.053965892	44085.51193	16383.40635	10389.43217	2116.571894	579.964205	0.1759033003	0.05421913077	0.01159855489
93	1	66479.60667	1156.297721	935556.1918	2709235.826	2223.300376	0.911067985	1.061476398	44385.61961	16434.69137	10441.80006	2115.998828	583.972424	0.3854325737	0.0327866258	0.01193073815
93	1	66103.06261	425.774368	890026.1435	2831984.04	7084.950901	0.716601964	1.018655252	42674.77254	16142.31297	10143.23646	2119.325554	561.1214497	0.1419247893	0.03119102238	0.01
93	1	70920.9158	948.9953654	2176324.132	472138.0391	680.3776135	0.9727848955	1.075052584	44942.77336	16528.9592	10537.26733	2119.246968	591.3453756	0.3163317885	0.07626941657	0.01004088368
93	1	63922.30182	689.5562386	306990.9362	6380618.962	13288.70318	0.4684518729	0.9640265806	40477.60767	15767.76132	9761.546736	2119.30977	531.8428439	0.2298520795	0.01075851674	0.01000964335
93	1	71360.95157	774.8428912	2293742.746	400919.9664	914.5411408	0.9634183544	1.07299063	44859.80839	16514.81825	10522.85867	2119.238044	590.2399689	0.2582809637	0.08038435933	0.01004688353
93	1	67663.70375	1093.848071	1307072.933	1584096.408	1315.618187	0.9473752725	1.069458585	44718.02946	16490.63125	10498.19569	2119.320435	588.3493796	0.3646160237	0.04580645344	0.01
93	1	66535.75217	326.9515244	1005408.958	2411693.349	8285.52464	0.6685790144	1.008083341	42249.53096	16069.82437	10069.36851	2119.311087	555.45502	0.1089838415	0.0352346204	0.01000854712
93	1	66637.47309	510.1973227	983806.288	2527797.647	5373.744787	0.7850502085	1.033733184	43271.0685	16244.61153	10248.02897	2116.367431	569.1143996	0.1700657742	0.03447755346	0.01171823221
93	1	66398.82904	984.5198966	969063.1722	2536729.615	2352.975013	0.9058809995	1.060323875	44350.64095	16428.00176	10434.37213	2119.322753	583.4536525	0.3281732989	0.03396088004	0.01
93	1	67350.37652	745.7124372	1219273.411	1792720.859	2524.338685	0.8990264526	1.058815674	44289.14245	16417.57167	10423.78829	2119.077476	582.6380285	0.2485708124	0.04272951365	0.0101426249
93	1	66359.94428	541.515954	958672.0823	2573716.376	4965.174933	0.8013930027	1.037321481	43425.50874	16270.29254	10273.65606	2119.324871	571.1255723	0.180505318	0.03359672364	0.01
93	1	66797.87316	841.5934419	1075698.878	2186556.125	2520.913744	0.8991634503	1.058845047	44291.16406	16417.86261	10424.03967	2119.32299	582.6610783	0.2805311473	0.03769793508	0.01
93	1	72719.50884	688.5944654	2656148.335	242048.3501	869.977176	0.965200913	1.073383173	44875.46417	16517.49555	10525.59409	2119.199261	590.4492043	0.2295314885	0.09308488607	0.01006926891
93	1	67686.01536	253.6901407	1297885.717	1612955.783	8335.173127	0.6665930749	1.007649027	42228.98587	16066.51862	10066.16498	2118.411953	555.1954872	0.08456338022	0.04548448689	0.01053091517
93	1	73100.23036	285.3104351	2639938.159	257917.8418	3703.508969	0.8518596412	1.048454564	43848.50948	16343.98429	10350.08235	2112.089586	576.8769928	0.09510347836	0.09251679943	0.01420281919
93	1	66499.23039	692.705712	990060.262	2468596.091	3597.738701	0.856090452	1.049363917	43908.63862	16352.72964	10357.72955	2118.972206	577.5692148	0.230901904	0.03469672438	0.01020441607
93	1	66949.57718	1280.168086	884190.1964	3094466.408	2867.387419	0.8853045032	1.055838899	44122.35078	16392.14557	10400.4049	2105.324351	580.6332932	0.4267226952	0.03098650125	0.0181321446
93	1	71664.89139	325.8747486	2376301.741	357197.7639	3076.465363	0.8769413855	1.053952996	44094.41086	16384.32168	10389.85925	2119.323628	580.0391944	0.1086249162	0.08327764452	0.01
93	1	68153.43533	93.9495052	1437942.855	1320099.292	21254.78594	0.1498085623	0.8938791511	37656.40823	15286.82193	9271.434809	2119.326742	494.2479836	0.03131650173	0.05039279811	0.01
93	1	72752.91109	293.5631299	2564052.394	284997.418	3632.819594	0.8546872163	1.049073768	43876.90814	16348.60217	10354.60062	2113.110691	577.2392478	0.09785437664	0.089857378	0.01360958963
93	1	68388.34472	958.9847782	1500717.189	1209563.701	1301.991288	0.9479203485	1.06957858	44722.85553	16491.45396	10499.03409	2119.320389	588.4136908	0.3196615927	0.05259272864	0.01
93	1	70502.97561	254.3410873	2065805.473	550498.2086	4896.653283	0.8041338687	1.037924866	43449.77625	16274.42947	10277.87186	2119.324841	571.448955	0.08478036245	0.07239628319	0.01
93	1	64839.82804	1519.249095	552439.4633	4532415.371	2779.407142	0.8888237143	1.056568821	44199.61346	16402.25599	10408.13566	2119.322394	581.4411125	0.5064163651	0.01936027586	0.01000053309
93	1	70645.9169	254.3410873	2102927.501	522949.2659	4801.367106	0.8079453158	1.038764141	43483.30887	16280.16004	10283.72362	2119.259896	571.8968305	0.08478036245	0.07369722701	0.01003770387
93	1	72736.17399	549.2498939	2564052.394	284555.514	1773.71068	0.9290515728	1.065443763	44536.21563	16460.9367	10469.0273	2113.377293	586.0207396	0.183083298	0.089857378	0.01345284641
93	1	66103.06261	427.4104561	890026.1435	2831984.04	7054.902008	0.7178039197	1.018919856	42685.41461	16144.12715	10145.08522	2119.325547	561.2632632	0.142470152	0.03119102238	0.01
93	1	71197.3869	720.4838425	2238351.927	434839.2694	1135.925831	0.9545629667	1.071043427	44779.08207	16501.21075	10509.12124	2118.534181	589.1753948	0.2401612808	0.07844318459	0.0104562723
93	1	70389.86679	972.0189169	1898841.402	728401.4551	1438.517992	0.9424592803	1.068402767	44647.3343	16480.38339	10489.26839	2111.07013	587.5380003	0.3240063056	0.06654501678	0.01479200039
93	1	67621.45639	1054.140977	1295783.263	1609206.389	1412.800811	0.9434879676	1.068602819	44683.61142	16484.76393	10492.21651	2119.320746	587.8907336	0.3513803256	0.04541080626	0.01
93	1	70826.47186	457.4428866	2148858.939	490931.3211	2275.935759	0.9089625696	1.061002919	44377.25072	16432.58275	10439.07808	2119.117895	583.8114911	0.1524809622	0.07530689718	0.01011893398
93	1	71190.63031	595.7735141	2246069.548	428770.3565	1473.160179	0.9410735928	1.068071984	44661.53994	16481.04748	10488.46797	2119.109972	587.5999561	0.1985911714	0.0787136491	0.01012253223
93	1	65721.5668	758.8791719	729646.0047	3613464.767	4860.256375	0.805589745	1.038256653	43451.05602	16275.41843	10279.5275	2115.799877	571.5218566	0.252959724	0.02557049029	0.01204781724
93	1	67621.45639	1054.140977	1295783.263	1609206.389	1412.800811	0.9434879676	1.068602819	44683.61142	16484.76393	10492.21651	2119.320746	587.8907336	0.3513803256	0.04541080626	0.01
93	1	65670.09985	238.2774152	747954.9818	3483501.627	16040.46482	0.3583814072	0.9398002805	39497.86333	15601.08648	9591.983433	2117.735762	518.8119574	0.07942580508	0.02621212955	0.01092418911
93	1	67765.15361	945.6853106	1334183.162	1525387.517	1592.692264	0.9362923095	1.067018739	44619.90138	16473.90315	10481.14866	2119.321254	587.0417495	0.3152284369	0.04675653315	0.01
93	1	64564.84326	1448.912886	477412.1765	5034462.038	3542.192561	0.8583122976	1.049852217	43929.15997	16356.17158	10361.18973	2119.229995	577.8385924	0.4829709621	0.01673093986	0.01005463188
93	1	71664.89139	325.8747486	2376301.741	357197.7639	3076.465363	0.8769413855	1.053952996	44094.41086	16384.32168	10389.85925	2119.323628	580.0391944	0.1086249162	0.08327764452	0.01
93	1	70718.05926	450.4330997	2123281.818	508139.8889	2345.364449	0.906185422	1.060390891	44353.3363	16428.46124	10434.84037	2119.322741	583.4895699	0.1501443666	0.07441054534	0.01
93	1	67914.57854	924.6184787	1363863.995	1468817.929	1638.294133	0.9344682347	1.066619159	44601.71454	16470.938	10478.24061	2118.70298	586.8091923	0.3082061596	0.04779669978	0.01035920042
93	1	67764.07488	507.3005206	1333894.896	1526000.185	3631.046709	0.8547581316	1.049069488	43898.00129	16350.83933	10355.73854	2119.324104	577.4218896	0.1691001735	0.04674643084	0.01
93	1	66393.56589	1084.279089	961862.9796	2567457.159	2112.373836	0.9155050465	1.062443669	44434.70067	16442.40802	10449.11728	2118.972832	584.5793485	0.3614263631	0.03370854884	0.01020304175
93	1	67310.24019	2020.113938	1169377.752	1948054.396	681.4140203	0.9727434392	1.075051583	44934.04657	16528.02651	10536.7833	2116.707592	591.2692958	0.6733713126	0.04098091714	0.011515344
93	1	64543.05472	1951.270885	473148.5752	5061714.161	2457.063655	0.9017174538	1.059407296	44313.7771	16421.7175	10427.96805	2119.322903	582.962414	0.6504236282	0.01658152169	0.01
93	1	72310.1611	805.2664048	2547629.502	281464.6237	689.8059675	0.9724077613	1.074969548	44939.44622	16528.39122	10536.68785	2119.250674	591.3009813	0.2684221349	0.08928183672	0.01003876969
93	1	68073.2055	1084.161049	1416503.209	1360120.456	1172.036723	0.9531185311	1.070722928	44768.88002	16499.29985	10507.02957	2119.319919	589.0270015	0.3613870163	0.04964144436	0.01
93	1	69473.33159	112.7827707	1778793.479	824484.938	14114.28507	0.4354285973	0.9567589462	40182.91869	15717.67792	9710.636917	2118.610861	527.9269667	0.03759425691	0.06233792976	0.01041571949
93	1	65986.28193	542.941096	858819.0935	2957813.309	5614.619995	0.7754152002	1.031602627	43195.5024	16231.08288	10233.69883	2119.325129	568.0605653	0.1809803653	0.03009736935	0.01
93	1	71903.47091	850.3976171	2439123.667	327372.8756	673.1848017	0.9730726079	1.075115877	44945.36714	16529.39829	10537.7122	2119.261006	591.3797165	0.2834658724	0.08547924288	0.01003270295
93	1	69596.30502	242.9917725	1788911.4	819385.8836	6228.12991	0.7508748036	1.026206892	42971.34667	16193.32707	10195.60684	2117.237765	565.1065971	0.0809972575	0.06269251294	0.01121278463
93	1	67439.89954	1005.486362	1192566.672	1893645.667	1952.535253	0.9218985899	1.063860613	44481.59149	16451.04671	10458.46287	2116.021991	585.2509453	0.3351621207	0.04179357429	0.01191694888
93	1	68158.64375	438.0124197	1438878.738	1318587.941	3956.936425	0.841722543	1.046199871	43782.49415	16331.15461	10335.68356	2119.296826	575.8831063	0.1460041399	0.05042559618	0.01001597889
93	1	71653.92618	140.6415058	2373371.531	358658.7909	8146.893354	0.6741242658	1.009304047	42298.67684	16078.19915	10077.90026	2119.325774	556.1096925	0.04688050195	0.08317495511	0.01
93	1	71016.14855	517.3403275	2199443.16	457544.4135	1864.461128	0.9254215549	1.064626284	44522.95747	16457.42304	10464.39311	2119.110947	585.7532408	0.1724467758	0.07707962438	0.01012253223
93	1	64638.57825	2171.566682	481184.0548	5035837.747	2157.554033	0.9136978387	1.062048082	44416.37553	16439.43839	10446.22072	2118.267219	584.3463319	0.7238555605	0.01686312558	0.01061297564
93	1	67234.60949	1126.183969	1137875.42	2043436.174	1792.390443	0.9283043823	1.065270777	44538.34148	16460.71878	10468.31748	2116.031722	586.0070208	0.3753946565	0.03987691592	0.01191106241
93	1	68171.66883	616.9205214	1441838.712	1313399.359	2583.512261	0.8966595096	1.058294009	44268.80023	16414.06309	10420.17853	2119.264154	582.3639968	0.2056401738	0.05052932869	0.01003422651
93	1	63922.30182	672.7050468	306990.9362	6380618.962	13640.71715	0.4543713138	0.9609268316	40352.93901	15746.50879	9739.889012	2119.309795	530.1815405	0.2242350156	0.01075851674	0.01000964335
93	1	66990.10961	428.0103143	1127069.815	2035549.741	5401.577066	0.7839369173	1.033478631	43270.95331	16243.94516	10246.80634	2119.32505	569.0660054	0.1426701048	0.03949823282	0.01
93	1	67373.58316	852.4011483	1228438.347	1768159.54	2080.661101	0.916773556	1.062722018	44446.86337	16444.41959	10451.11524	2119.255566	584.7369456	0.2841337161	0.04305069942	0.01003876969
93	1	68308.0946	516.4562496	1455080.328	1299821.563	3298.185991	0.8680725604	1.05200525	44011.07988	16370.43519	10375.9762	2117.86445	578.9518678	0.1721520832	0.05099338195	0.01084780293
93	1	68398.95801	719.6713929	1497659.417	1217213.461	2020.463801	0.919181448	1.063253025	44467.23146	16447.95493	10454.77106	2118.966618	585.0129414	0.2398904643	0.05248556881	0.01020655339
93	1	72042.8676	238.2774152	2475687.616	311189.7893	4284.796484	0.8286081406	1.04331304	43666.14853	16311.33628	10315.50028	2119.226812	574.3338261	0.07942580508	0.0867606288	0.01005676938
93	1	73077.11009	632.4919621	2633759.778	260147.2537	1539.787424	0.938408503	1.067507767	44614.80937	16474.61703	10483.20571	2112.085141	587.0885132	0.210830654	0.09230027768	0.01420281919
93	1	66517.49961	495.0921128	951746.0339	2643251.228	5760.2939	0.769588244	1.030329327	43134.16893	16221.27397	10224.24647	2116.36758	567.2901103	0.1650307043	0.03335399984	0.01171823221
93	1	68757.366	1501.094693	1572343.11	1104999.447	612.1584853	0.9755136606	1.075658291	44961.80338	16532.54388	10541.20661	2117.688011	591.6236425	0.5003648977	0.05510286355	0.01094575566
93	1	71901.06733	255.4788526	2370302.323	368936.7567	4446.485901	0.822140564	1.041902277	43595.47452	16300.17861	10304.87814	2115.155487	573.4565472	0.08515961752	0.08306739455	0.0124220417
93	1	73356.0984	433.6684429	2720758.891	229461.785	2221.347927	0.9111460829	1.061503708	44375.90197	16433.72582	10441.39689	2112.838251	583.8929981	0.1445561476	0.0953491671	0.01376666009
93	1	64497.15027	961.6300698	454727.189	5204388.45	6064.476857	0.7574209257	1.027642486	43034.95901	16203.7959	10205.95983	2118.954024	565.9270865	0.3205433566	0.01593594304	0.01021568266
93	1	66572.01979	698.8090937	966611.7115	2588810.126	3849.830818	0.8460067673	1.04715234	43810.83412	16336.62259	10341.79102	2116.384463	576.3068979	0.2329363646	0.03387496845	0.01170784598
93	1	71066.88943	257.3649244	2215320.424	447175.9284	4457.610977	0.8216955609	1.041791193	43605.03255	16300.91189	10304.87225	2119.253532	573.5189879	0.08578830812	0.0776360441	0.01004130173
93	1	69965.36963	973.4259585	1922142.178	672466.7039	824.8669634	0.9670053215	1.07378002	44891.83306	16520.25991	10528.38925	2119.318286	590.665443	0.3244753195	0.06736159395	0.01
93	1	65856.67345	673.882764	812292.8283	3168913.816	4720.874289	0.8111650285	1.039475029	43509.6671	16284.79605	10288.56792	2118.607433	572.2584105	0.224627588	0.02846685344	0.01041673019
93	1	72040.76176	553.5686061	2476385.697	310751.3543	1406.552822	0.9437378871	1.068657906	44685.75286	16485.13373	10492.59734	2119.299062	587.9196129	0.1845228687	0.08678509308	0.01001258382
93	1	64785.06754	688.5944654	537821.1419	4625634.909	7267.44608	0.7093021568	1.017048245	42610.14037	16131.29499	10132.00841	2119.325596	560.2601775	0.2295314885	0.01884797587	0.01
93	1	64558.77432	451.6798275	476364.8813	5040807.477	13064.69497	0.4774122012	0.965999279	40556.80111	15781.27094	9775.321796	2119.266971	532.8988336	0.1505599425	0.01669423734	0.01003449871
93	1	72624.16734	1148.152284	2566621.572	280359.7156	530.2194894	0.9787912204	1.076387365	44983.066	16536.68351	10545.85797	2115.330281	591.9442936	0.3827174278	0.08994741502	0.0123138652
93	1	70389.86679	972.0189169	1898841.402	728401.4551	1438.517992	0.9424592803	1.068402767	44647.3343	16480.38339	10489.26839	2111.07013	587.5380003	0.3240063056	0.06654501678	0.01479200039
93	1	71011.79892	927.8689659	2191527.565	463702.7513	742.2645877	0.9703094165	1.074509376	44919.05082	16525.03498	10533.36899	2118.699217	591.0379361	0.3092896553	0.07680222184	0.01035920042
93	1	72554.92915	948.7313707	2614144.625	256457.9309	434.4339714	0.9826226411	1.077218078	45030.10814	16543.83195	10552.41071	2119.315319	592.508062	0.3162437902	0.09161286339	0.01
93	1	66416.47251	2066.993198	973777.9986	2520123.102	712.9175683	0.9714832973	1.074765819	44931.48087	16527.01876	10535.27696	2119.317595	591.1937797	0.6889977326	0.03412611143	0.01
93	1	68661.2536	1044.632739	1572343.11	1095196.612	1051.721799	0.957931128	1.071782644	44811.23166	16506.53681	10514.41895	2119.240804	589.5926141	0.3482109129	0.05510286355	0.01004566138
93	1	73234.4938	1162.603052	2795743.232	199136.4538	150.209409	0.9939916236	1.07972089	45130.76862	16560.99175	10569.89768	2119.311567	593.8494383	0.3875343506	0.09797699803	0.01
93	1	71380.53569	1054.140977	2230824.82	448116.8103	800.7376616	0.9679704935	1.074005917	44886.57152	16520.27959	10529.17969	2115.124243	590.6617428	0.3513803256	0.07817939663	0.01243525182
93	1	66511.32697	754.1636425	998361.3679	2435926.809	3189.206684	0.8724317326	1.052960371	44054.33071	16377.49922	10382.91519	2119.277623	579.5058269	0.2513878808	0.03498763716	0.01002678799
93	1	72422.54793	402.3493814	2577642.956	269941.0317	2108.162583	0.9156734967	1.06247985	44437.11963	16442.75881	10449.42301	2119.254443	584.6071215	0.1341164605	0.09033366009	0.01003945092
93	1	70951.37588	348.6849652	2184369.715	466891.1982	3146.075597	0.8741569761	1.053340268	44069.5073	16380.09295	10385.56388	2119.247636	579.7085409	0.1162283217	0.07655137456	0.01004418487
93	1	71367.46635	494.1061017	2278583.443	411884.4412	1956.125536	0.9217549786	1.063821956	44487.56468	16451.58401	10458.60618	2118.221767	585.2956946	0.1647020339	0.07985310059	0.01063915324
93	1	64749.4255	1066.702947	526914.3945	4698704.056	4533.540664	0.8186583734	1.041122614	43578.10095	16296.32349	10300.19863	2119.241285	573.1602989	0.3555676491	0.01846574822	0.01004843937
93	1	66503.33545	1073.494295	996990.1985	2439936.949	2014.448219	0.9194220712	1.063304859	44470.53302	16448.44001	10455.20005	2119.322186	585.0513041	0.3578314316	0.03493958444	0.01
93	1	72896.76836	609.939039	2705493.585	225814.0265	1037.670192	0.9584931923	1.071906127	44816.46704	16507.41211	10515.29649	2119.319362	589.6611342	0.203313013	0.09481419346	0.01
93	1	71059.52659	806.8075965	2214531.401	447484.7002	899.9354317	0.9640025827	1.073118986	44865.24694	16515.72772	10523.77065	2119.318697	590.311163	0.2689358655	0.07760839273	0.01
93	1	67984.20521	245.0274768	1392199.43	1407211.367	7957.583582	0.6816966567	1.010971163	42365.61905	16089.6178	10089.54238	2119.294345	557.0022451	0.08167582561	0.0487897169	0.01001823828
93	1	70381.3782	332.8684551	2033311.257	575989.5306	3630.139982	0.8547944007	1.049077472	43898.32241	16350.89408	10355.79432	2119.324103	577.4261689	0.1109561517	0.07125752137	0.01
93	1	64841.85756	313.3852226	468578.4524	5245445.921	19857.98763	0.2056804948	0.9061953188	38134.32238	15369.4065	9356.529828	2114.234416	500.6972304	0.1044617409	0.01642136144	0.01295845393
93	1	68158.63392	780.0564595	1438878.738	1318586.74	1887.286119	0.9245085552	1.064424705	44515.47845	16456.10794	10463.01919	2119.294587	585.650669	0.2600188198	0.05042559618	0.01001588685
93	1	72155.67981	1147.777335	2506411.301	298092.3662	273.5577157	0.9890576914	1.078634916	45086.8766	16553.52315	10562.29823	2119.250484	593.2655409	0.3825924451	0.08783734225	0.01003654419
93	1	69733.35779	319.0408197	1859814.428	733546.821	4249.829894	0.8300068042	1.043620698	43678.78899	16313.47408	10317.66452	2119.304741	574.5010346	0.1063469399	0.06517731404	0.01001148505
93	1	66542.52523	528.2317108	1007462.797	2404599.679	4824.793058	0.8070082777	1.03855765	43475.22614	16278.76797	10282.29308	2119.324808	571.7880939	0.1760772369	0.03530659733	0.01
93	1	69309.43213	719.3273736	1741447.488	866571.5748	1633.133586	0.9346746566	1.066663667	44604.50383	16471.34966	10478.60646	2118.994963	586.841736	0.2397757912	0.06102913714	0.01018959093
93	1	66730.44506	665.7171793	1052626.979	2261935.961	3501.941692	0.8599223323	1.050207331	43942.72085	16358.52943	10363.63127	2119.019167	578.0226409	0.2219057264	0.03688937893	0.01017709083
93	1	66942.60882	1156.297721	1059283.265	2280306.114	1902.110167	0.9239155933	1.06430472	44499.37178	16454.08294	10461.56135	2115.998131	585.4882569	0.3854325737	0.03712264888	0.01193073815
93	1	73234.4938	1169.8105	2795743.232	199136.4538	144.5706111	0.9942171756	1.079770544	45132.76564	16561.33219	10570.2446	2119.311469	593.8760502	0.3899368335	0.09797699803	0.01
93	1	67139.89983	229.4743393	1165464.818	1930630.639	10364.91415	0.5854034341	0.9897730138	41512.82193	15944.25437	9941.419817	2119.227585	545.6391477	0.07649144643	0.0408437881	0.01005723262
93	1	72373.93879	1400.332651	2565233.308	274592.8436	65.47752132	0.9973808991	1.080467123	45160.6687	16566.09608	10575.10537	2119.276987	594.2484008	0.4667775502	0.08989876322	0.01001912231
93	1	68262.52412	552.898507	1406780.846	1407820.099	3320.564756	0.8671774098	1.051815164	43995.97705	16368.33705	10374.23853	2115.685396	578.7851344	0.1842995023	0.04930072356	0.012113693
93	1	72054.21016	785.3165551	2456684.139	321989.9723	879.2741005	0.964829036	1.073305493	44867.86431	16516.48593	10524.80556	2117.891128	590.368649	0.261772185	0.08609465072	0.01082897073
93	1	67655.34475	1855.683156	1304839.176	1589033.344	463.5374626	0.9814585015	1.0769618	45019.80089	16542.07486	10550.62011	2119.315605	592.3707102	0.6185610519	0.04572817127	0.01
93	1	67339.65371	1156.297721	1165341.303	1967141.621	1681.264693	0.9327494123	1.06624944	44577.5774	16467.41539	10475.14847	2115.994915	586.530447	0.3854325737	0.04083945953	0.01193225975
93	1	64097.91115	1396.622287	353342.6498	5982838.357	5266.696979	0.7893321208	1.034666516	43318.55309	16252.07082	10255.09636	2119.273653	569.7011216	0.4655407623	0.01238291547	0.01002982898
93	1	70719.29359	822.3057244	2123611.664	507906.4577	938.4947577	0.9624602097	1.072779442	44851.59084	16513.39974	10521.39828	2119.318894	590.1291852	0.2741019081	0.07442210482	0.01
93	1	63900.44441	636.6703104	301410.4658	6429833.067	14736.65536	0.4105337856	0.9512762175	39964.85518	15680.34789	9672.463819	2119.325577	525.0097836	0.2122234368	0.0105629488	0.0100005163
93	1	71007.21359	679.8569206	2199443.16	457165.5442	1229.184259	0.9508326296	1.070219915	44748.42044	16495.82669	10503.50248	2119.253234	588.755422	0.2266189735	0.07707962438	0.01003885624
93	1	66797.87316	841.5934419	1075698.878	2186556.125	2520.913744	0.8991634503	1.058845047	44291.16406	16417.86261	10424.03967	2119.32299	582.6610783	0.2805311473	0.03769793508	0.01
93	1	67063.68666	112.7827707	1134869.224	2021857.512	22527.65323	0.09889387071	0.8826728841	37203.25475	15209.72838	9193.002928	2118.611215	488.2207112	0.03759425691	0.03977156361	0.01041571949
93	1	67134.14585	423.3717486	1080713.859	2236201.869	6103.766713	0.7558493315	1.027311707	43005.4085	16199.79637	10202.75647	2114.207092	565.608513	0.1411239162	0.0378736854	0.01297344921
93	1	70945.07298	938.3206889	2183946.206	466962.421	686.6301775	0.9725347929	1.0749973	44940.79076	16528.60583	10536.89429	2119.317418	591.317841	0.312773563	0.07653653266	0.01
93	1	73438.59893	509.3480736	2742805.332	222521.7614	1829.495808	0.9268201677	1.064954262	44514.67964	16457.38354	10465.50567	2112.837193	585.7423146	0.1697826912	0.09612178598	0.01376666009
93	1	72013.63593	903.2391781	2468562.827	314218.8913	573.1814558	0.9770727418	1.075996482	44980.78415	16535.4359	10543.86492	2119.260248	591.8516748	0.301079726	0.0865109401	0.01003270295
93	1	71530.55996	232.5437779	2339042.644	376404.961	4709.875035	0.8116049986	1.039569853	43515.65469	16285.67788	10289.34982	2119.242593	572.3281363	0.07751459264	0.0819718971	0.01004773119
93	1	66937.65531	1827.654115	1111385.944	2081715.748	706.7163862	0.9717313446	1.074820747	44933.34592	16527.35868	10535.64184	2119.216972	591.2202257	0.6092180385	0.03894859056	0.01005840681
93	1	68408.23011	728.7903988	1505611.451	1201519.988	1947.84225	0.92208631	1.063891456	44494.03869	16452.45261	10459.2938	2119.29674	585.3649358	0.2429301329	0.05276424832	0.01001470735
93	1	72261.96428	212.944641	2535856.249	286009.085	4743.81098	0.8102475608	1.039270758	43503.90661	16283.65719	10287.27551	2119.32477	572.1702827	0.07098154701	0.08886924234	0.01
93	1	70675.11862	397.0964212	2104279.251	523135.1395	2827.579039	0.8868968384	1.056146082	44181.06031	16399.19229	10405.09684	2118.86925	581.2010578	0.1323654737	0.07374459919	0.01026380631
93	1	66980.8839	140.5475981	1122988.449	2048303.932	18089.353	0.2764258799	0.9217534914	38777.1514	15477.89867	9466.172498	2119.229151	509.184271	0.04684919936	0.0393552011	0.01005663276
93	1	72110.28597	726.3991121	2495323.58	302622.8338	876.1453323	0.9649541867	1.073328476	44873.6724	16517.16403	10525.23434	2119.31857	590.4234386	0.2421330374	0.08744877237	0.01
93	1	63843.39449	1385.123106	285346.8965	6577203.644	6765.01199	0.7293995204	1.021472717	42787.91605	16161.61177	10162.91244	2119.275228	562.6299678	0.4617077021	0.01	0.01002919162
93	1	71016.59263	916.6506038	2199561.832	457468.781	725.5308084	0.9709787677	1.074655426	44926.31906	16526.18493	10534.466	2119.106669	591.1283365	0.3055502013	0.07708378324	0.01012253223
93	1	64945.57302	783.9659085	580562.6241	4358487.319	5771.512845	0.7691394862	1.030221096	43139.90768	16221.60751	10224.04447	2119.316131	567.3198675	0.2613219695	0.02034585381	0.01000525869
93	1	68157.09005	507.3005206	1437942.855	1320546.673	3317.180593	0.8673127763	1.051833505	44008.96552	16369.76852	10375.03945	2119.264934	578.9015046	0.1691001735	0.05039279811	0.01003422651
93	1	72218.43587	729.8377804	2524224.246	290681.2881	849.711514	0.9660115394	1.073561245	44883.03416	16518.75994	10526.86068	2119.318426	590.548191	0.2432792601	0.08846159803	0.01
93	1	65500.61253	854.0476171	703802.3301	3703022.092	4293.195685	0.8282721726	1.043243639	43658.48221	16310.34085	10314.74766	2117.802414	574.2542341	0.284682539	0.02466479708	0.01088426992
93	1	67790.51541	342.2646657	1339833.544	1514019.871	5726.764295	0.7709294282	1.030615329	43155.56164	16224.28896	10226.78788	2119.257184	567.5294019	0.1140882219	0.04695455113	0.01003949572
93	1	71044.22712	943.5651167	2210442.956	450040.5635	661.2577868	0.9735496885	1.075220723	44949.7766	16530.13767	10538.45533	2119.31724	591.4375841	0.3145217056	0.07746511293	0.01
93	1	66471.12312	239.9240439	959726.3796	2595616.989	12277.99775	0.5088800902	0.9729320864	40829.91828	15828.19481	9823.447078	2117.597714	536.5647714	0.0799746813	0.03363367155	0.01100424379
93	1	67487.97584	881.4565183	1253920.823	1709508.286	1953.202246	0.9218719102	1.063845372	44490.99333	16452.00961	10458.90636	2118.948461	585.3298717	0.2938188394	0.0439437344	0.0102170242
93	1	66958.30069	841.6163859	1118569.583	2059796.31	2394.89047	0.9042043812	1.059954777	44335.79625	16425.47115	10431.79327	2119.322814	583.2558356	0.2805387953	0.03920034165	0.01
93	1	68366.97234	464.0613066	1495005.804	1219225.649	3522.765435	0.8590893826	1.050022986	43936.34998	16357.37672	10362.40056	2119.324015	577.9329148	0.1546871022	0.05239257278	0.01000000313
93	1	71468.10026	305.1431814	2323713.667	384347.4443	3430.299159	0.8627880337	1.050837222	43969.09769	16362.95929	10368.08956	2119.323946	578.3693025	0.1017143938	0.08143469214	0.01
93	1	72199.16127	961.9271112	2519073.536	292774.4707	462.6263634	0.9814949455	1.076969823	45020.12357	16542.12986	10550.67617	2119.315596	592.3750101	0.3206423704	0.08828109109	0.01
93	1	67799.29409	1054.140977	1343306.449	1506123.863	1335.755076	0.946569797	1.069281265	44710.89781	16489.4155	10496.95677	2119.320502	588.2543451	0.3513803256	0.04707625931	0.01
93	1	71058.94465	518.0267496	2214375.891	447581.6503	1828.257762	0.9268696895	1.064944406	44536.47391	16459.68109	10466.65545	2119.321812	585.9300159	0.1726755832	0.07760294287	0.01
93	1	68756.86849	1414.788128	1572343.11	1104948.48	688.4688998	0.972461244	1.074986295	44934.80384	16527.93945	10536.51292	2117.696692	591.2637262	0.4715960426	0.05510286355	0.01094109654
93	1	67322.35412	689.0262572	1173057.228	1937797.494	3100.624122	0.8759750351	1.053748525	44077.35118	16381.97802	10387.94538	2116.741842	579.8527649	0.2296754191	0.04110986459	0.01149984377
93	1	67099.39642	1799.035374	1066909.761	2283195.6	1171.597546	0.9531360982	1.070744054	44751.27929	16497.47821	10506.16393	2113.927433	588.8778682	0.5996784579	0.03738991993	0.01313178567
93	1	64088.37076	1393.765477	351644.3541	5995238.591	5304.541221	0.7878183512	1.034333105	43305.31936	16249.80361	10252.77648	2119.325013	569.5239587	0.4645884922	0.01232339859	0.01
93	1	71118.93938	703.938495	2229290.278	438548.5241	1135.443382	0.9545822647	1.071045376	44781.61774	16501.48602	10509.26981	2119.252324	589.1978096	0.234646165	0.07812561852	0.01003917598
93	1	72836.56944	724.7375118	2664160.377	241302.1217	884.932602	0.9646026959	1.073255973	44865.544	16516.11138	10524.44152	2117.795091	590.3392505	0.2415791706	0.0933656686	0.01088476093
93	1	65379.5607	826.4815174	459322.8265	5603085.124	8098.389748	0.6760644101	1.009776999	42268.69192	16076.21858	10078.51345	2105.007392	555.9369795	0.2754938391	0.01609699745	0.01831841715
93	1	67507.41043	1085.839143	1253967.167	1712453.25	1468.80848	0.9412476608	1.068111819	44661.52268	16481.148	10488.65736	2118.636729	587.6072225	0.361946381	0.04394535851	0.01039740531
93	1	63931.027	675.2215245	306990.9362	6385782.612	13597.12441	0.4561150236	0.9613111489	40367.91446	15749.09244	9742.547774	2119.169145	530.383328	0.2250738415	0.01075851674	0.01009135484
93	1	67972.171	253.8399815	1360848.191	1484451.012	7970.538052	0.6811784779	1.010862523	42355.44077	16088.25381	10088.46431	2117.597153	556.8935021	0.08461332717	0.04769101077	0.01100424379
93	1	66517.49961	510.1973227	951746.0339	2643251.228	5573.384681	0.7770646127	1.031975204	43200.36438	16232.55845	10235.74609	2116.36751	568.1722142	0.1700657742	0.03335399984	0.01171823221
93	1	66401.47327	448.8055302	968643.894	2539203.36	6082.563044	0.7566974783	1.027482252	43029.55279	16202.80795	10204.89731	2119.257367	565.8502385	0.1496018434	0.03394618641	0.01003945695
93	1	72042.8676	251.8389867	2475687.616	311189.7893	4013.241645	0.8394703342	1.045704286	43762.32192	16327.73116	10332.20774	2119.226648	575.6154086	0.08394632889	0.0867606288	0.01005676938
93	1	67234.57403	254.6289339	1137697.977	2044060.459	9740.419855	0.6103832058	0.9952824063	41723.44773	15980.86018	9979.311865	2116.026421	548.4966122	0.08487631129	0.03987069743	0.01191694888
93	1	69466.54186	157.5066235	1788801.536	809741.8396	9793.332904	0.6082666839	0.9948059108	41715.56871	15978.79602	9976.60237	2119.323617	548.3393778	0.05250220784	0.06268866274	0.01000140056
93	1	72427.58929	124.1862929	2481509.244	319239.7484	9314.717015	0.6274113194	0.999039521	41865.48981	16005.65356	10005.06473	2113.377783	550.4313932	0.04139543095	0.08696464809	0.01345567532
93	1	71351.53709	679.8569206	2289068.321	403841.4749	1161.626731	0.9535349308	1.070815272	44771.87208	16499.85603	10507.63512	2119.108909	589.0702147	0.2266189735	0.0802205438	0.01012253223
93	1	68367.01046	469.7887807	1495005.804	1219229.958	3470.534836	0.8611786066	1.050482918	43954.84585	16360.52988	10365.61395	2119.323359	578.1793959	0.1565962602	0.05239257278	0.01000036015
93	1	73463.52616	1293.145604	2853468.965	183971.8341	56.22713968	0.9977509144	1.080549146	45163.36213	16566.59392	10575.64521	2119.099621	594.2870956	0.4310485345	0.1	0.01012189005
93	1	66503.26159	239.9240439	986457.8537	2485046.812	11849.38878	0.5260244487	0.9767028082	40985.31865	15854.44691	9849.998552	2118.692109	538.6182576	0.0799746813	0.03457047775	0.01036841494
93	1	70951.02337	920.18523	2184369.715	466875.9396	720.0017556	0.9711999298	1.074703663	44928.74014	16526.56693	10534.82945	2119.247237	591.1583725	0.30672841	0.07655137456	0.01004088368
93	1	71997.30531	797.1776441	2461750.831	317484.3624	765.4622278	0.9693815109	1.074303777	44912.19992	16523.77649	10532.01036	2119.113883	590.9400781	0.2657258814	0.08627221327	0.01011849329
93	1	72218.43587	729.8377804	2524224.246	290681.2881	849.711514	0.9660115394	1.073561245	44883.03416	16518.75994	10526.86068	2119.318426	590.548191	0.2432792601	0.08846159803	0.01
93	1	70564.69174	397.0964212	2082297.744	537995.0115	2832.57963	0.8866968148	1.056100594	44180.78501	16399.04607	10404.86437	2119.323372	581.1901947	0.1323654737	0.07297425587	0.01
93	1	67487.97584	1165.813713	1253920.823	1709508.286	1296.734685	0.9481306126	1.069626065	44723.48674	16491.64325	10499.29564	2118.946724	588.4280207	0.388604571	0.0439437344	0.0102170242
93	1	70936.63716	499.2179013	2181691.922	468431.133	1966.276344	0.9213489462	1.063729049	44487.59349	16451.34835	10458.16383	2119.322095	585.2786476	0.1664059671	0.07645753114	0.01
93	1	71028.42809	249.9081252	2206221.014	452695.2037	4630.352495	0.8147859002	1.040269846	43544.08888	16290.50715	10294.25607	2119.324714	572.7057415	0.08330270839	0.0773171547	0.01
93	1	71354.49086	467.9452809	2292486.508	401556.6681	2011.73882	0.9195304472	1.063328885	44471.32019	16448.58565	10455.35808	2119.269842	585.062623	0.1559817603	0.08034033438	0.01003040376
93	1	73234.4938	1169.8105	2795743.232	199136.4538	144.5706111	0.9942171756	1.079770544	45132.76564	16561.33219	10570.2446	2119.311469	593.8760502	0.3899368335	0.09797699803	0.01
93	1	71654.29075	797.7865304	2373468.955	358610.1184	806.0100455	0.9677595982	1.07394607	44898.51139	16521.39838	10529.54942	2119.318176	590.7544368	0.2659288435	0.08317836935	0.01
93	1	72958.65228	507.6362274	2670419.197	241405.537	1652.784853	0.9338886059	1.066499546	44588.36416	16469.20773	10476.93591	2116.207505	586.6708197	0.1692120758	0.09358500934	0.01180872806
93	1	67799.29409	1054.140977	1343306.449	1506123.863	1335.755076	0.946569797	1.069281265	44710.89781	16489.4155	10496.95677	2119.320502	588.2543451	0.3513803256	0.04707625931	0.01
93	1	69473.33159	112.7827707	1778793.479	824484.938	14114.28507	0.4354285973	0.9567589462	40182.91869	15717.67792	9710.636917	2118.610861	527.9269667	0.03759425691	0.06233792976	0.01041571949
93	1	64350.21613	691.7286555	421616.7317	5438434.138	9434.892923	0.6226042831	0.9979622379	41842.52113	16000.43734	9998.655853	2119.325979	550.0310758	0.2305762185	0.01477558498	0.01
93	1	66835.93828	158.1788764	1085410.732	2157517.844	16563.32332	0.3374670672	0.9351911123	39317.83709	15570.05524	9560.073294	2119.298803	516.3882084	0.05272629212	0.03803828761	0.01001612803
93	1	72242.30434	2310.272768	2530602.566	288109.9486	-256.1825303	1.010247301	1.083299478	45274.69568	16585.5273	10594.90101	2119.298921	595.7673744	0.7700909227	0.08868512668	0.01
93	1	68832.24527	254.3441755	1555100.418	1146586.461	7033.917753	0.7186432899	1.019117044	42680.08233	16144.06551	10145.7346	2115.450448	561.2536029	0.08478139184	0.05449859233	0.01225127257
93	1	71993.22365	783.3781027	2440363.393	329397.0994	893.5284528	0.9642588619	1.073179977	44862.81136	16515.62485	10523.92832	2117.889799	590.301337	0.2611260342	0.08552268915	0.0108297926
93	1	73144.7104	321.1044333	2717689.792	226213.25	2877.790591	0.8848883763	1.055712918	44154.03157	16395.19846	10401.54275	2116.062111	580.8853534	0.1070348111	0.09524161032	0.01189456462
93	1	71993.22365	783.3781027	2440363.393	329397.0994	893.5284528	0.9642588619	1.073179977	44862.81136	16515.62485	10523.92832	2117.889799	590.301337	0.2611260342	0.08552268915	0.0108297926
93	1	67463.2374	726.778124	1253502.741	1706833.061	2500.292437	0.8999883025	1.059026634	44298.46727	16419.10761	10425.3084	2119.322962	582.758399	0.2422593747	0.0439290827	0.01
93	1	72708.54763	628.345803	2655195.763	242203.6037	1018.010711	0.9592795716	1.072079244	44823.42961	16508.59903	10516.50605	2119.319273	589.7539156	0.209448601	0.09305150311	0.01
93	1	67501.45952	895.0482953	1257524.037	1700949.034	1904.737305	0.9238105078	1.064272142	44508.15759	16454.93564	10461.88817	2118.948362	585.5585983	0.2983494318	0.04407000927	0.0102170242
