#gen	Feasible	f1	f2	f3	f4	f5	c1	c2	c3	c4	c5	c6	c7	x1	x2	x3
85	1	68565.45967	1616.684378	1520876.83	1187206.625	562.4408484	0.9775023661	1.076096128	44979.37482	16535.54174	10544.26366	2117.676458	591.8579705	0.5388947925	0.0532992245	0.01095218864
85	1	67216.23323	1814.302803	1129862.676	2068598.101	935.5972111	0.9625761116	1.072816087	44841.16552	16512.38275	10521.00085	2115.840856	590.045343	0.6047676009	0.03959610882	0.01201977551
85	1	70698.71966	235.5876512	2096989.149	530973.7839	5347.870656	0.7860851738	1.033955636	43285.77654	16246.75075	10249.89962	2118.050723	569.2837256	0.07852921708	0.07348911709	0.01074031255
85	1	67835.76911	1573.190735	1351738.968	1489214.246	639.5521984	0.9744179121	1.075412111	44957.20261	16531.42094	10539.77764	2119.237741	591.5377976	0.5243969116	0.04737177747	0.01004607108
85	1	63840.28625	923.1451068	285346.8965	6575308.524	10527.92608	0.5788829567	0.9883372557	41455.41393	15934.44639	9931.406768	2119.325974	544.8725844	0.3077150356	0.01	0.01000008292
85	1	66626.22819	987.9473315	1029484.772	2332232.324	2161.292049	0.913548318	1.062011855	44418.45835	16439.5673	10446.162	2119.301587	584.3577006	0.3293157772	0.03607835881	0.01001211825
85	1	65017.35718	272.5222767	599895.4048	4242452.958	17430.82173	0.3027671306	0.9275520446	39010.69679	15517.69033	9506.704895	2119.326604	512.2948938	0.09084075889	0.02102337233	0.01
85	1	67081.28263	1814.302803	1093800.116	2175172.053	983.4417499	0.96066233	1.07239478	44824.22098	16509.49417	10518.05721	2115.841174	589.8195443	0.6047676009	0.03833229412	0.01201977551
85	1	70961.15412	905.1218836	2188243.535	464175.3678	736.9189529	0.9705232419	1.074554469	44922.98058	16525.56969	10533.80027	2119.317752	591.080507	0.3017072945	0.07668713283	0.01
85	1	67097.50012	149.564044	1146853.715	1986349.95	16616.17107	0.3353531571	0.9347273805	39297.44093	15566.68978	9556.737384	2118.788867	516.1244938	0.04985468134	0.04019156082	0.01031238597
85	1	66747.58005	1836.660566	1062259.159	2227878.626	759.7190671	0.9696112373	1.074353697	44914.90573	16524.19316	10532.39749	2119.317896	590.9729035	0.6122201885	0.03722693927	0.01
85	1	66759.84455	1793.990149	1061645.669	2232795.515	813.7269484	0.9674509221	1.073878868	44895.00529	16520.85201	10529.03577	2119.083416	590.711434	0.5979967163	0.03720543949	0.01013635701
85	1	66754.00311	670.2081017	1003270.649	2470164.163	3921.799258	0.8431280297	1.046520916	43782.96712	16332.02997	10337.24356	2115.662302	575.9469914	0.2234027006	0.03515968323	0.01212740807
85	1	66826.81613	134.7384975	1083433.246	2163123.985	19612.70913	0.2154916347	0.9083388779	38237.96332	15385.96084	9372.463881	2119.326689	501.9976411	0.04491283248	0.0379689865	0.01
85	1	68508.51253	434.1259847	1506383.583	1211115.048	3898.269794	0.8440692082	1.046721494	43798.10738	16334.15905	10339.03342	2117.72896	576.1160038	0.1447086616	0.05279130775	0.01092679447
85	1	64945.01017	1749.998951	559218.7607	4523160.254	2367.068904	0.9053172438	1.060203889	44341.40864	16426.70945	10433.2918	2118.035157	583.3510239	0.5833329837	0.01959785677	0.01074798459
85	1	72302.191	1789.076247	2392069.519	368684.122	598.9426155	0.9760422954	1.0757993	44941.14046	16530.70391	10540.74564	2109.984658	591.4701981	0.5963587491	0.08383022731	0.01541573899
85	1	71200.71176	462.5253179	2177123.109	483872.8174	2514.335007	0.8994265997	1.058917489	44278.56467	16416.70588	10423.69389	2114.790112	582.5649935	0.154175106	0.07629741679	0.01263317745
85	1	65516.76451	619.006798	731176.2222	3536072.155	5816.929709	0.7673228117	1.029821557	43123.42063	16218.82364	10221.22997	2119.194012	567.1021003	0.2063355993	0.02562411686	0.01007621372
85	1	68128.27944	554.5366593	1357617.399	1514582.678	3504.873192	0.8598050723	1.050194756	43928.06213	16356.93475	10362.76617	2114.883871	577.8928186	0.1848455531	0.04757778743	0.0125794254
85	1	63886.43107	583.9164627	297677.1774	6463333.603	16349.0705	0.3460371798	0.9370776819	39393.80729	15583.00002	9573.259802	2119.326356	517.4001315	0.1946388209	0.01043211547	0.0100001144
85	1	65764.05891	547.7721142	588445.1872	4638051.403	9376.935813	0.6249225675	0.9985133416	41821.12457	15999.57295	10000.11412	2106.598578	549.9476026	0.1825907047	0.02062209873	0.01739414812
85	1	65297.4767	519.9085606	674692.8582	3822734.152	7715.648326	0.691374067	1.013101496	42451.39425	16104.23398	10104.4321	2119.322175	558.1448222	0.1733028535	0.02364465381	0.01000204265
85	1	67923.86483	624.2875173	1375521.669	1440564.005	2703.799922	0.8918480031	1.057234804	44226.1801	16406.79882	10412.77684	2119.258458	581.7961443	0.2080958391	0.04820524371	0.01003762273
85	1	65222.93618	741.4654011	654831.843	3929895.773	5361.727107	0.7855309157	1.03382954	43285.06651	16246.35106	10249.25811	2119.325035	569.2540742	0.2471551337	0.02294862327	0.01
85	1	67618.81399	1080.045695	1258199.065	1717538.525	1583.671036	0.9366531586	1.067105299	44615.76884	16473.68512	10481.33532	2117.096233	587.0219263	0.3600152318	0.04409366564	0.01129239446
85	1	63840.28625	942.4354616	285346.8965	6575308.524	10296.77566	0.5881289736	0.9903727097	41537.27776	15948.40189	9945.628339	2119.325947	545.9634814	0.3141451539	0.01	0.01000008292
85	1	66451.30448	532.8028531	979862.3375	2501649.91	4946.889108	0.8021244357	1.037483124	43431.34428	16271.32986	10274.74889	2119.130396	571.2064162	0.177600951	0.03433933747	0.01011297605
85	1	66260.50977	693.8736587	930767.3772	2676970.678	3846.809005	0.8461276398	1.047169795	43821.32242	16337.78531	10342.45041	2119.243843	576.4013603	0.2312912196	0.03261880149	0.01004671621
85	1	67809.97781	2116.500177	1346062.497	1500404.009	279.5849331	0.9888166027	1.07858166	45084.92954	16553.17878	10561.93684	2119.307554	593.2386929	0.7055000591	0.04717284518	0.0100034674
85	1	66288.54135	593.7229386	937638.3946	2652040.221	4587.003578	0.8165198569	1.040651943	43559.05324	16293.08391	10296.90361	2119.20689	572.9070192	0.1979076462	0.03285959673	0.0100684372
85	1	65786.6204	306.0533025	743878.1601	3546405.901	12567.7786	0.4972888559	0.9703867067	40720.74697	15810.01852	9805.289324	2115.611332	535.1414545	0.1020177675	0.02606925708	0.01215827853
85	1	67413.33109	1078.188311	1139609.592	2071318.349	2091.237056	0.9163505178	1.062648095	44423.35751	16441.72433	10449.47115	2113.255661	584.5187615	0.3593961038	0.03993769008	0.01352401912
85	1	65511.22147	1373.329325	731869.7033	3529993.349	2194.652714	0.9122138914	1.061718022	44406.7121	16437.56033	10444.11293	2119.322504	584.2008426	0.4577764417	0.02564841995	0.01
85	1	65786.60645	1869.241415	731176.2222	3625653.641	1733.021571	0.9306791371	1.065797379	44555.44275	16463.89462	10471.77286	2114.839807	586.2537863	0.6230804717	0.02562411686	0.0126032881
85	1	65706.94964	1732.911303	784173.7218	3281938.753	1424.074782	0.9430370087	1.068503543	44679.61865	16484.08328	10491.52288	2119.32078	587.8375269	0.5776371009	0.02748141758	0.01
85	1	65264.90556	1782.554421	666047.229	3868974.207	1740.540307	0.9303783877	1.065716825	44567.53977	16464.97696	10472.05228	2119.321617	586.3439918	0.5941848069	0.02334166719	0.01
85	1	67505.24633	231.1468604	1264728.695	1680348.858	9410.689483	0.6235724207	0.9981753674	41851.09298	16001.8986	10000.14497	2119.325976	550.1453022	0.07704895347	0.04432249696	0.01
85	1	67824.72627	843.5603538	1257074.765	1754070.921	2442.883147	0.9022846741	1.059550132	44300.31509	16420.64972	10427.91127	2113.710638	582.8719334	0.2811867846	0.04405426448	0.01326016768
85	1	68518.38358	439.7119789	1471700.333	1287632.241	4107.849831	0.8356860068	1.044883191	43716.46738	16320.73401	10325.76618	2115.477724	575.0637589	0.1465706596	0.05157583109	0.01223471367
85	1	64796.91286	1555.725785	540986.5428	4605282.919	2769.513992	0.8892194403	1.056655934	44203.12023	16402.8536	10408.74449	2119.3233	581.4878282	0.5185752616	0.01895890754	0.01
85	1	68007.60325	1583.069316	1382827.077	1433454.243	663.7592294	0.9734496308	1.075201814	44945.6827	16529.65274	10538.14016	2118.34282	591.3984605	0.5276897721	0.04846126219	0.01056581601
85	1	67649.75538	956.2974463	1262378.365	1709992.417	1876.455987	0.9249417605	1.064527897	44511.26415	16455.92392	10463.28083	2116.850311	585.633231	0.3187658154	0.04424012949	0.01143569728
85	1	71095.81637	942.6512026	2223923.179	441715.1999	655.3107675	0.9737875693	1.07527315	44951.82202	16530.49039	10538.81817	2119.298738	591.4651331	0.3142170675	0.0779375282	0.01001071895
85	1	65496.45864	921.3359257	642533.2334	4118016.442	4629.574476	0.814817021	1.040293188	43527.39759	16288.78813	10293.45097	2114.173563	572.5649298	0.3071119752	0.02251761772	0.01299254807
85	1	66982.91182	510.7621641	1084578.923	2190286.173	4780.517362	0.8087793055	1.038955365	43482.84621	16280.6021	10284.61192	2116.877606	571.9284091	0.1702540547	0.03800913682	0.01142168855
85	1	64189.30808	1268.31281	378617.6182	5774148.019	5429.724819	0.7828110072	1.033230768	43260.98455	16242.24576	10245.07454	2119.325061	568.9331642	0.4227709368	0.01326867833	0.01
85	1	66092.68302	1111.572572	736204.2379	3697523.922	3523.818968	0.8590472413	1.050042881	43905.9644	16354.18927	10360.82694	2110.211935	577.6723673	0.3705241907	0.02580032399	0.01529349334
85	1	64336.06867	545.3139939	417832.6151	5467184.837	12290.7175	0.5083713002	0.9728145459	40831.10653	15828.01942	9822.950698	2119.326078	536.5532215	0.1817713313	0.01464297037	0.01000012337
85	1	69822.86275	472.0261559	1884001.781	709176.2411	2580.297648	0.8967880941	1.058322138	44270.12112	16414.27615	10420.38548	2119.319534	582.3807213	0.157342052	0.06602496135	0.01000205328
85	1	69413.06288	455.2101782	1773956.988	826819.6343	2921.352541	0.8831458984	1.055318996	44149.22744	16393.67421	10399.39667	2119.287669	580.7702335	0.1517367261	0.06216843462	0.0100207972
85	1	66387.8306	153.3557653	966124.0828	2547136.969	19312.80359	0.2274878565	0.9109797727	38344.17735	15404.06736	9390.915623	2119.326678	503.4130226	0.05111858844	0.03385787947	0.01
85	1	66083.92885	858.7210794	771728.7413	3473072.213	4213.691513	0.8314523395	1.043960719	43669.16368	16313.3219	10318.76062	2112.496705	574.4806321	0.2862403598	0.02704528245	0.01396655191
85	1	69905.10372	519.9085606	1905978.859	687793.8091	2237.208524	0.9105116591	1.061343297	44391.62897	16434.98985	10441.4941	2119.319039	583.9999045	0.1733028535	0.06679514942	0.01000205328
85	1	67034.07145	1402.56788	1138471.852	2003713.86	1099.454461	0.9560218216	1.071362137	44794.51692	16503.67479	10511.49175	2119.298763	589.3689629	0.4675226268	0.03989781791	0.01001211825
85	1	70966.70191	323.8976027	2189725.791	463217.9507	3429.226409	0.8628309436	1.050846668	43969.47756	16363.02405	10368.15556	2119.323929	578.3743648	0.1079658676	0.07673907857	0.01000000944
85	1	67034.99371	1590.099759	1138716.46	2003032.496	879.3974729	0.9648241011	1.073299905	44872.45156	16516.96049	10525.03078	2119.29761	590.4075021	0.5300332529	0.03990639021	0.01001218295
85	1	65363.33348	1107.360157	692349.9121	3729777.896	3115.026416	0.8753989434	1.053613436	44080.75414	16381.99359	10387.48678	2119.323665	579.8572084	0.3691200522	0.02426344637	0.01
85	1	71176.07544	92.72179118	2245344.322	428732.8187	13524.86583	0.4590053666	0.961947001	40393.95739	15753.50203	9747.016216	2119.306348	530.7281956	0.03090726373	0.07868823351	0.01001164121
85	1	69459.86342	452.8600769	1786316.427	812747.3971	2915.485297	0.8833805881	1.05537069	44151.27617	16394.0254	10399.75618	2119.278797	580.7976749	0.150953359	0.06260157193	0.01002594769
85	1	66953.67095	696.8001795	1117332.39	2063349.35	3055.837563	0.8777664975	1.054134639	44101.71637	16385.56707	10391.12838	2119.323607	580.1365457	0.2322667265	0.03915698413	0.01
85	1	65968.77085	881.0270366	852576.1698	2985267.448	3202.055017	0.8719177993	1.052847386	44049.62159	16376.70699	10382.11671	2119.22943	579.4438381	0.2936756789	0.02987858569	0.01005479207
85	1	67576.82098	533.3842257	1283829.312	1636242.645	3579.232563	0.8568306975	1.049525756	43916.34651	16353.96703	10358.92615	2119.322488	577.6663784	0.1777947419	0.04499187927	0.01000091559
85	1	68023.42681	554.4074212	1329389.826	1575439.512	3590.614347	0.8563754261	1.04943978	43897.65486	16351.75391	10357.48885	2114.871399	577.4878177	0.1848024737	0.04658855036	0.01258671572
85	1	65757.28318	660.7859588	705777.498	3779188.783	6011.048738	0.7595580505	1.02812951	43036.85441	16205.24936	10208.39103	2113.784779	566.0342439	0.2202619863	0.02473401697	0.01321877512
85	1	66522.03207	334.9215055	938942.7202	2703933.353	8967.333478	0.6413066609	1.002091627	41995.58472	16027.36201	10026.79279	2115.522965	552.1310165	0.1116405018	0.0329053069	0.01220937168
85	1	66714.41694	373.5209411	1053397.052	2255552.885	6795.354565	0.7281858174	1.021205367	42777.33548	16159.79709	10161.05393	2119.325483	562.4881777	0.1245069804	0.03691636617	0.01
85	1	68858.96798	569.8780578	1625285.004	1017294.346	2451.896202	0.9019241519	1.05945303	44315.36959	16422.00475	10428.27404	2119.250754	582.984778	0.1899593526	0.05695821555	0.01004190794
85	1	64943.78198	1523.575457	580234.0624	4360255.65	2599.976447	0.8960009421	1.05814884	44263.16335	16413.08927	10419.17532	2119.323094	582.2879478	0.5078584855	0.02033433934	0.01
85	1	66568.30091	720.7288122	1014350.777	2381637.309	3304.013839	0.8678394465	1.051949259	44013.82268	16370.58365	10375.85929	2119.323839	578.9652966	0.2402429374	0.03554798701	0.01
85	1	65581.10614	747.2450473	618236.8547	4329685.791	6246.828179	0.7501268728	1.026061108	42945.31174	16190.17761	10193.4805	2111.344112	564.8530397	0.2490816824	0.0216661496	0.01463674147
85	1	70171.34241	375.9797869	1976640.457	623421.4497	3240.088671	0.8703964532	1.052512274	44036.35434	16374.43184	10379.78687	2119.291002	579.2660671	0.1253265956	0.06927148958	0.01001904307
85	1	68400.08463	1735.856914	1484811.426	1244861.146	471.5739349	0.9811370426	1.07689471	45013.17097	16541.19583	10549.93545	2118.16614	592.3005617	0.5786189714	0.05203531014	0.01066736291
85	1	65389.10381	312.4403728	647529.3275	4041941.721	14162.35621	0.4335057514	0.9563433385	40157.97696	15713.95163	9707.281327	2116.207354	527.6326808	0.1041467909	0.02269270616	0.01181207984
85	1	65264.91847	1831.157714	666047.229	3868978.837	1674.05222	0.9330379112	1.066302303	44591.08639	16468.99104	10476.14294	2119.321251	586.6577715	0.6103859045	0.02334166719	0.01000012088
85	1	71092.76584	748.6804236	2219321.798	445140.0048	1043.038099	0.958278476	1.071859649	44813.75288	16507.0034	10514.92536	2119.072466	589.628877	0.2495601412	0.0777762725	0.01014340639
85	1	67278.85381	1131.860592	1171979.818	1933619.473	1617.1013	0.935315948	1.066810027	44604.84871	16471.7625	10479.32474	2117.375535	586.8719846	0.377286864	0.04107210671	0.01113022049
85	1	67096.68521	681.677568	1138390.601	2015664.494	3142.619932	0.8742952027	1.053373769	44067.57223	16379.97279	10385.61768	2118.288549	579.6979493	0.227225856	0.03989497048	0.01060134461
85	1	64318.02173	708.6209189	411948.9004	5514209.03	9430.023315	0.6227990674	0.998005324	41844.03422	16000.70932	9998.944823	2119.26176	550.0522563	0.236206973	0.01443677522	0.01003730868
85	1	67482.38158	479.0145488	1258618.598	1694712.387	4169.082059	0.8332367176	1.04433168	43707.45162	16318.35593	10322.63581	2119.324463	574.8826724	0.1596715163	0.04410836822	0.01
85	1	68527.84404	636.9370453	1537936.8	1148471.073	2272.03937	0.9091184252	1.061036585	44379.29336	16432.88697	10439.35112	2119.3191	583.8355231	0.2123123484	0.05389709225	0.01000204985
85	1	67497.20028	667.9452013	1254239.634	1710022.079	2821.904954	0.8871238018	1.056196203	44182.90863	16399.51808	10405.43783	2118.820301	581.2264634	0.2226484004	0.04395490714	0.01029223848
85	1	68429.83012	394.8390769	1471700.333	1277103.91	4527.857647	0.8188856941	1.041180135	43572.42004	16295.86581	10300.1615	2116.905495	573.1216035	0.1316130256	0.05157583109	0.01140540905
85	1	69041.83733	581.6696262	1645426.952	999054.7003	2472.597496	0.9010961002	1.059276287	44302.33038	16420.16085	10426.71345	2117.517813	582.8384753	0.1938898754	0.0576640914	0.01104860672
85	1	70386.06375	285.7924346	1972400.47	640665.7706	4781.243117	0.8087502753	1.038953145	43478.29827	16280.11166	10284.35156	2115.574884	571.8884441	0.09526414488	0.06912289896	0.01217850273
85	1	64673.55466	1921.635473	381731.3915	6006661.283	3836.868335	0.8465252666	1.047281463	43800.01462	16335.80121	10341.81382	2111.705779	576.236845	0.6405451575	0.01337780071	0.01442585513
85	1	64645.42934	1349.295966	481583.2232	5035538.837	3894.844488	0.8442062205	1.046750204	43800.81528	16334.52144	10339.31931	2118.182786	576.1448985	0.4497653221	0.01687711446	0.01066314733
85	1	66479.33353	1441.02498	834450.2835	3230265.377	2384.595325	0.904616187	1.060075586	44308.42095	16422.86386	10430.86715	2109.903766	583.0402556	0.48034166	0.02924336286	0.01547144319
85	1	67327.21634	1358.824948	1216824.388	1796514.685	1035.537452	0.9585785019	1.071924971	44817.15685	16507.53405	10515.42442	2119.299455	589.6706416	0.4529416493	0.0426436875	0.01001155556
85	1	64974.6594	1523.575457	588445.1872	4310725.402	2553.195705	0.8978721718	1.058560788	44279.72315	16415.91279	10422.05311	2119.320609	582.508658	0.5078584855	0.02062209873	0.01000140821
85	1	67227.80785	744.0747969	1129862.676	2070819.158	3036.229522	0.8785508191	1.054319031	44096.59463	16385.49499	10391.72818	2115.660167	580.126334	0.2480249323	0.03959610882	0.01212817204
85	1	67415.95204	126.4816514	1240791.582	1737370.738	18190.28452	0.272388619	0.9208644155	38741.71182	15471.83689	9459.978059	2119.3221	508.7105393	0.04216055048	0.04348361931	0.01000263514
85	1	65393.01448	663.1300681	690596.2697	3751485.28	5772.622941	0.7690950824	1.030213162	43137.61994	16221.34329	10223.88093	2118.74094	567.2984948	0.221043356	0.02420198986	0.01033941954
85	1	66956.07952	642.1070073	1032269.758	2393033.417	4093.898457	0.8362440617	1.045010281	43717.04913	16321.12258	10326.40539	2114.154226	575.0924796	0.2140356691	0.03617595884	0.01300358157
85	1	68798.1079	452.2408784	1537936.8	1177612.062	3824.851205	0.8470059518	1.047376852	43815.00206	16337.64372	10343.09268	2114.96393	576.3849443	0.1507469595	0.05389709225	0.01253307562
85	1	67129.23169	2009.653758	1160592.698	1945142.134	526.2216225	0.9789511351	1.076410524	44996.87467	16538.21478	10546.72695	2119.095598	592.0686938	0.6698845859	0.04067304435	0.01012806914
85	1	69011.20047	582.1913834	1647661.334	992355.3705	2420.496428	0.9031801429	1.059733064	44322.85309	16423.52193	10430.02307	2118.146439	583.1019955	0.1940637945	0.05774239547	0.01068338794
85	1	65406.08826	1375.264685	685024.3964	3792627.094	2473.752969	0.9010498812	1.059263955	44304.14076	16420.32212	10426.75394	2118.191732	582.8519234	0.4584215617	0.02400672321	0.01065712237
85	1	67824.63307	793.1996824	1350077.731	1491983.879	2012.844376	0.919486225	1.063318982	44471.10103	16448.53684	10455.29873	2119.322183	585.0588733	0.2643998941	0.04731355932	0.01
85	1	67482.38158	479.0145488	1258618.598	1694712.387	4169.082059	0.8332367176	1.04433168	43707.45162	16318.35593	10322.63581	2119.324463	574.8826724	0.1596715163	0.04410836822	0.01
85	1	65511.22147	1373.329325	731869.7033	3529993.349	2194.652714	0.9122138914	1.061718022	44406.7121	16437.56033	10444.11293	2119.322504	584.2008426	0.4577764417	0.02564841995	0.01
85	1	67482.47935	430.3088889	1258618.598	1694727.748	4727.67238	0.8108931048	1.039412876	43509.61704	16284.631	10288.26818	2119.323186	572.2464034	0.1434362963	0.04410836822	0.01000091559
85	1	63925.76151	981.6616446	308188.2667	6369382.522	9067.676399	0.637292944	1.001195857	41972.57343	16022.60766	10021.24889	2119.325784	551.7641225	0.3272205482	0.01080047726	0.01000008292
85	1	65648.49242	1871.801642	731176.2222	3579522.917	1570.304687	0.9371878125	1.067223096	44620.40369	16474.4818	10482.15271	2117.066144	587.0841651	0.6239338807	0.02562411686	0.01130984783
85	1	67367.01471	2018.123174	1224134.943	1780364.435	454.9434218	0.9818022631	1.077038182	45022.11843	16542.51814	10551.11236	2119.094925	592.4050859	0.6727077247	0.04289988634	0.01012806914
85	1	64782.43031	1835.979887	537116.4002	4630178.283	2251.566367	0.9099373453	1.061216854	44386.55566	16434.12422	10440.61131	2119.322596	583.9322429	0.6119932956	0.01882327815	0.01
85	1	73223.4605	813.6175102	2726972.347	224220.0242	860.6351939	0.9655745922	1.073477766	44866.08687	16516.73916	10525.53111	2115.346071	590.385265	0.2712058367	0.09556691805	0.01230675293
85	1	65760.77407	2270.916476	732824.5536	3606621.626	1307.002999	0.94771988	1.069547143	44708.01988	16489.79196	10498.06915	2115.354196	588.278818	0.7569721587	0.02568188274	0.01230360158
85	1	68453.87982	1520.760933	1499187	1220179.802	622.1848111	0.9751126076	1.075568468	44959.83088	16532.10283	10540.66909	2118.167589	591.5897651	0.5069203111	0.05253910305	0.01066736291
85	1	70318.53749	2285.042167	1979638.502	628699.3805	52.22996773	0.9979108013	1.080590795	45158.14099	16566.14446	10575.55749	2117.080703	594.2494435	0.7616807225	0.06937655625	0.01129246082
85	1	65726.94021	921.3359257	704124.329	3779427.956	4190.028615	0.8323988554	1.044163721	43683.06639	16315.32532	10320.49411	2114.173287	574.6393333	0.3071119752	0.02467608156	0.01299254807
85	1	67927.34614	622.9654989	1377525.525	1436013.38	2701.455002	0.8919417999	1.057255245	44227.22388	16406.9626	10412.93183	2119.32322	581.8090275	0.2076551663	0.04827546897	0.01
85	1	65220.27147	1782.554421	654119.7569	3933796.027	1786.227296	0.9285509082	1.065314516	44551.35935	16462.21865	10469.24138	2119.32172	586.1283755	0.5941848069	0.02292366817	0.01
85	1	65519.35224	1346.447944	733969.5059	3519771.912	2245.420709	0.9101831716	1.061270986	44388.7177	16434.49375	10440.9887	2119.318185	583.9611234	0.4488159813	0.02572200766	0.01000255704
85	1	68884.61105	1072.650026	1530695.856	1202145.513	1490.988549	0.940360458	1.067934139	44635.52705	16477.92076	10486.38076	2113.128136	587.3480684	0.3575500088	0.05364333289	0.01359693839
85	1	66490.90126	1580.759556	993254.1796	2453020.21	1131.412444	0.9547435022	1.071080736	44783.18533	16501.74396	10509.52486	2119.294823	589.2180255	0.5269198519	0.03480865542	0.01001448255
85	1	68740.03871	1349.295966	1575776.917	1096653.838	715.9938758	0.971360245	1.074742385	44926.63152	16526.44168	10534.89867	2118.175594	591.1472438	0.4497653221	0.05522320152	0.01066314733
85	1	68254.11275	1325.536822	1417411.547	1380941.269	1023.595893	0.9590561643	1.072039223	44812.02646	16507.28082	10515.68859	2116.456882	589.6472959	0.4418456072	0.04967327712	0.0116623668
85	1	65087.87193	919.4564435	618738.9122	4132538.415	4463.9035	0.82144386	1.041735555	43603.03816	16300.55635	10304.49687	2119.324629	573.4912849	0.3064854812	0.02168374424	0.01
85	1	68051.97334	1573.190735	1409514.76	1374052.726	582.2130445	0.9767114782	1.075917025	44977.50975	16534.88274	10543.30544	2119.237298	591.8084054	0.5243969116	0.04939653374	0.01004607108
85	1	65482.04813	608.4415653	560001.7793	4747600.054	8675.65086	0.6529739656	1.004679624	42078.81275	16042.88271	10043.72946	2109.428644	553.3366494	0.2028138551	0.01962529771	0.01574991339
85	1	65406.08826	757.6350785	685024.3964	3792627.094	5047.850033	0.7980859987	1.036597086	43392.50299	16264.91332	10268.38216	2118.193793	570.7036668	0.2525450262	0.02400672321	0.01065712237
85	1	66583.72392	642.1387446	1018472.235	2368002.648	3783.530891	0.8486587644	1.04772675	43843.99775	16341.63324	10346.35692	2119.324214	576.7022521	0.2140462482	0.03569242376	0.01
85	1	66002.31917	661.8154789	863104.6895	2940207.733	4442.734324	0.822290627	1.041921965	43610.5354	16301.83442	10305.79931	2119.324617	573.5911912	0.2206051596	0.03024755833	0.01
85	1	66299.71475	1580.759556	942167.6302	2633949.295	1234.12692	0.9506349232	1.070176256	44746.80891	16495.54274	10503.20537	2119.295447	588.7332787	0.5269198519	0.03301832408	0.01001434899
85	1	65406.08826	1375.264685	685024.3964	3792627.094	2473.752969	0.9010498812	1.059263955	44304.14076	16420.32212	10426.75394	2118.191732	582.8519234	0.4584215617	0.02400672321	0.01065712237
85	1	63953.97102	662.8536411	307076.628	6398426.971	13886.97651	0.4445209397	0.9587599498	40264.05972	15731.46785	9724.654182	2118.804483	529.0051637	0.2209512137	0.01076151981	0.01030322293
85	1	66158.21804	661.8168597	888579.5034	2853677	4363.475283	0.8254609887	1.042623027	43635.38963	16306.28488	10310.51406	2118.348186	573.9378619	0.2206056199	0.03114032479	0.01056722914
85	1	67937.82676	323.1826901	1380326.238	1430421.675	5903.365286	0.7638653886	1.029060006	43093.24086	16213.65014	10215.93373	2119.325227	566.6978538	0.1077275634	0.04837362016	0.01
85	1	70417.42685	76.98747741	2042944.462	568311.6986	18148.52889	0.2740588445	0.921232091	38756.51487	15474.3594	9462.547834	2119.326634	508.9077291	0.02566249247	0.07159511762	0.01
85	1	63840.28625	942.4354616	285346.8965	6575308.524	10296.77566	0.5881289736	0.9903727097	41537.27776	15948.40189	9945.628339	2119.325947	545.9634814	0.3141451539	0.01	0.01000008292
85	1	65844.97947	1693.595763	821059.1375	3117562.433	1374.267139	0.9450293145	1.068942137	44697.25844	16487.09037	10494.5873	2119.320626	588.0725903	0.5645319208	0.0287740693	0.01
85	1	66579.47918	2267.868066	985188.3274	2508203.774	705.5566492	0.971777734	1.074836847	44927.69984	16526.79828	10535.4087	2117.377199	591.1741214	0.7559560221	0.03452598712	0.0111266846
85	1	66003.55585	1663.603585	863348.5818	2939297.256	1306.532545	0.9477386982	1.069538608	44721.23001	16491.17799	10498.75382	2119.315181	588.3921121	0.5545345285	0.03025610555	0.01000303434
85	1	65463.08575	306.0533025	657420.6891	4000316.539	14286.12018	0.4285551927	0.9552554111	40112.18209	15706.27519	9699.568049	2115.611461	527.0318712	0.1020177675	0.02303934955	0.01215827853
85	1	71533.70251	252.9803052	2226342.018	458084.9346	5013.967295	0.7994413082	1.036914018	43385.39802	16264.97044	10269.50635	2112.393552	570.700884	0.08432676841	0.07802229654	0.01402676185
85	1	65552.06901	685.6347853	725719.5533	3581509.27	5287.297198	0.7885081121	1.034488247	43308.0356	16250.49176	10253.66696	2118.295542	569.5764651	0.2285449284	0.02543288756	0.0105980703
85	1	72968.44767	806.987264	2362107.069	413164.4209	2364.671033	0.9054131587	1.060290899	44274.46367	16419.79788	10430.03114	2097.449024	582.7850293	0.2689957547	0.08278019132	0.02270528016
85	1	66366.06869	1962.43543	960219.9875	2568251.702	814.023917	0.9674390433	1.073875519	44895.65559	16520.91272	10529.05548	2119.31287	590.7164658	0.6541451433	0.03365097008	0.01000310875
85	1	65077.57893	919.4564435	615988.3353	4148403.302	4487.252158	0.8205099137	1.041529952	43594.76904	16299.1467	10303.06034	2119.324641	573.3810927	0.3064854812	0.02158735009	0.01
85	1	67808.05003	1782.554421	1136709.613	2159392.771	1607.395765	0.9357041694	1.066929614	44573.17939	16468.6944	10478.15698	2106.714122	586.6188337	0.5941848069	0.03983606013	0.01732219875
85	1	67465.99495	653.9177545	1254239.634	1705081.86	2861.983399	0.8855206641	1.055841671	44170.37142	16397.27084	10403.05529	2119.323405	581.0514258	0.2179725848	0.04395490714	0.01
85	1	66361.70607	215.3491507	955306.7877	2589254.061	13711.43296	0.4515426815	0.9603048132	40327.18689	15742.16574	9735.50264	2119.094998	529.8417775	0.07178305025	0.03347878668	0.01013443612
85	1	71285.59072	92.72179118	2274942.035	411367.8566	13337.5312	0.4664987522	0.9635965598	40460.3695	15764.81906	9758.545332	2119.326372	531.6128693	0.03090726373	0.0797254872	0.01
85	1	70791.9113	769.7370002	2138925.084	497892.7987	1059.515675	0.957619373	1.071714552	44807.91721	16506.00858	10513.91157	2119.07254	589.5511123	0.2565790001	0.07495876457	0.01014340639
85	1	65552.06901	685.6347853	725719.5533	3581509.27	5287.297198	0.7885081121	1.034488247	43308.0356	16250.49176	10253.66696	2118.295542	569.5764651	0.2285449284	0.02543288756	0.0105980703
85	1	66958.25245	660.3826388	1118556.694	2059833.295	3262.129252	0.8695148299	1.052318085	44028.65646	16373.11239	10378.43625	2119.323802	579.1629677	0.2201275463	0.03919988994	0.01
85	1	68901.158	875.6035794	1530274.228	1204874.78	1920.284024	0.923188639	1.064154803	44482.52614	16451.90227	10459.9199	2112.837443	585.3138457	0.2918678598	0.0536285569	0.0137666769
85	1	66369.64086	1755.841942	961263.2774	2564442.929	997.4688366	0.9601012465	1.072260131	44830.70468	16509.83923	10517.76989	2119.319178	589.8508615	0.5852806473	0.03368753224	0.01
85	1	65569.88421	1559.728466	747546.0209	3453741.823	1786.304439	0.9285478224	1.065313837	44551.33203	16462.21399	10469.23664	2119.32172	586.1280114	0.5199094886	0.02619779749	0.01
85	1	64336.05549	670.8494433	417832.6151	5467178.159	9847.600507	0.6060959797	0.9943280358	41696.35733	15975.52049	9973.263945	2119.326035	548.0833336	0.2236164811	0.01464297037	0.01
85	1	70124.68215	738.5814002	1943388.384	657703.9569	1399.786946	0.9440085222	1.068721534	44683.98292	16485.10858	10492.80417	2118.033956	587.9160667	0.2461938001	0.06810616861	0.0107473899
85	1	71346.21332	1049.323987	2243751.774	436757.9035	703.577971	0.9718568812	1.074857214	44925.37236	16526.60254	10535.3782	2116.457269	591.1576722	0.3497746624	0.07863242257	0.01166079629
85	1	72604.54756	1111.572572	2508739.977	309502.974	815.3188764	0.9673872449	1.073887016	44871.63667	16518.38227	10527.79137	2112.155801	590.5097232	0.3705241907	0.08791895087	0.01415858981
85	1	65329.00348	728.7945759	666055.1743	3891981.218	5437.313349	0.782507466	1.033167252	43254.8952	16241.43353	10244.43664	2118.29228	568.868382	0.2429315253	0.02334194563	0.01059999974
85	1	67260.47249	859.7794853	1166331.31	1949392.439	2344.241542	0.9062303383	1.06040715	44347.17964	16427.84683	10434.57995	2117.332685	583.439055	0.2865931618	0.04087415437	0.0111560314
85	1	72604.54756	1111.572572	2508739.977	309502.974	815.3188764	0.9673872449	1.073887016	44871.63667	16518.38227	10527.79137	2112.155801	590.5097232	0.3705241907	0.08791895087	0.01415858981
85	1	66705.21097	2011.760137	1050936.959	2263295.947	642.0073076	0.9743197077	1.075390238	44956.59432	16531.2999	10539.63972	2119.317101	591.5284353	0.6705867125	0.03683015208	0.01
85	1	68424.03705	397.3012494	1471700.333	1276418.165	4489.432011	0.8204227195	1.041518203	43586.33639	16298.21774	10302.5411	2116.99886	573.3055697	0.1324337498	0.05157583109	0.0113511568
85	1	65521.42145	865.0357641	731939.7385	3532902.615	3944.784046	0.8422086382	1.046307307	43786.36094	16331.8428	10336.40926	2119.164121	575.9367365	0.2883452547	0.02565087434	0.01009306856
85	1	65832.95071	1375.264685	799093.9352	3235409.065	2023.010231	0.9190795908	1.063233085	44463.77503	16447.5353	10454.48597	2118.190968	584.9791697	0.4584215617	0.0280042974	0.01065712237
85	1	67125.983	879.9242492	1161420.678	1941756.894	2154.289095	0.9138284362	1.062073832	44420.61811	16439.95675	10446.57675	2119.204294	584.3880222	0.2933080831	0.04070206096	0.01006862849
85	1	65849.34702	885.1079933	770351.0878	3406508.012	3822.308617	0.8471076553	1.047395301	43819.95697	16338.21923	10343.45294	2116.194881	576.43147	0.2950359978	0.0269970025	0.01181796898
85	1	70169.09677	127.3169025	1976510.512	623432.609	11056.5839	0.5577366441	0.9836820379	41268.17131	15902.52769	9898.880293	2119.321757	542.3775039	0.04243896752	0.06926693567	0.01000256649
85	1	64445.89902	569.9800595	330718.8358	6427100.353	15519.93535	0.3792025861	0.9444013355	39664.31163	15630.64971	9623.109146	2112.300997	521.116114	0.1899933532	0.01159006248	0.01408159436
85	1	64855.08959	631.1468794	532975.7463	4695180.549	8180.195629	0.6727921748	1.009015345	42282.20186	16075.70137	10075.61602	2117.90475	555.9126658	0.2103822931	0.01867816867	0.01082556488
85	1	66207.55538	1270.150572	917949.5229	2723939.343	1786.380361	0.9285447855	1.065313169	44551.30514	16462.20941	10469.23196	2119.32172	586.1276531	0.4233835241	0.03216959898	0.01
85	1	66810.86044	293.0282988	960505.3716	2675047.418	10317.73082	0.5872907671	0.9902111004	41506.27886	15944.68269	9943.153769	2112.168015	545.6638079	0.0976760996	0.03366097138	0.01415858981
85	1	68453.87982	1471.878728	1499187	1220179.802	665.5170598	0.9733793176	1.075186894	44944.48441	16529.48669	10538.00306	2118.167946	591.3852618	0.4906262426	0.05253910305	0.01066736291
85	1	70961.15412	905.1218836	2188243.535	464175.3678	736.9189529	0.9705232419	1.074554469	44922.98058	16525.56969	10533.80027	2119.317752	591.080507	0.3017072945	0.07668713283	0.01
85	1	65260.09078	1398.904412	664760.5863	3875914.968	2433.86502	0.9026453992	1.059611577	44321.99309	16423.1181	10429.39535	2119.32287	583.0718982	0.4663014707	0.02329657671	0.01
85	1	64095.67296	373.5209411	353040.7837	5984739.602	21795.85836	0.1281656655	0.8891147069	37464.6727	15254.14369	9238.139688	2119.293284	491.6934943	0.1245069804	0.01237233655	0.01001944725
85	1	65236.82909	386.2045723	658544.4136	3909623.746	10931.25252	0.5627498993	0.9847856613	41312.573	15910.09597	9906.59206	2119.326161	542.9691198	0.1287348574	0.02307873054	0.01
85	1	66913.20891	136.0338304	1106519.805	2094663.536	18997.55531	0.2400977877	0.913755772	38455.82513	15423.1002	9410.31133	2119.326667	504.9008131	0.04534461015	0.03877805642	0.01
85	1	64063.79534	758.7768921	343607.31	6065830.484	10651.02203	0.573959119	0.9872535863	41411.52691	15926.98424	9923.81861	2119.237469	544.2891595	0.2529256307	0.01204173987	0.01005150945
85	1	67118.89925	1130.161364	1161485.977	1940261.579	1501.182102	0.9399527159	1.067824555	44652.31046	16479.42799	10486.77884	2119.321005	587.4736247	0.3767204546	0.04070434937	0.01000000064
85	1	65333.10925	693.676242	681717.8616	3788787.779	5536.596514	0.7785361395	1.032290176	43222.62734	16235.74063	10238.47372	2119.170957	568.4244677	0.231225414	0.02389084549	0.01008955043
85	1	66705.33659	1037.303218	1050970.528	2263190.111	1963.682177	0.9214527129	1.063751892	44488.51223	16451.50497	10458.32344	2119.322089	585.2908906	0.3457677394	0.03683132851	0.01
85	1	65541.23062	725.7158788	654497.5524	4049951.117	5867.466525	0.765301339	1.029392613	43088.98788	16214.05151	10217.28944	2114.174133	566.7227918	0.2419052929	0.02293690804	0.01299254807
85	1	67265.98764	630.8487391	1145292.254	2023111.707	3592.460934	0.8563015626	1.049419983	43900.63923	16352.02112	10357.55815	2115.976037	577.5100858	0.210282913	0.04013683935	0.01194499588
85	1	63840.27783	904.5789045	285346.8965	6575303.386	10759.69994	0.5696120024	0.9862963113	41373.32975	15920.4533	9917.146862	2119.326136	543.778749	0.3015263015	0.01	0.01000000399
85	1	63840.2774	537.8355055	285346.8965	6575303.126	18618.24988	0.2552700047	0.9170958428	38590.15929	15446.00042	9433.648165	2119.326652	506.6909164	0.1792785018	0.01	0.01
85	1	68466.70079	2021.523242	1521656.115	1174791.788	202.0612079	0.9919175517	1.079264296	45112.40487	16557.86125	10566.70749	2119.312416	593.6047277	0.6738410807	0.05332653459	0.01
85	1	66386.91121	1941.799683	960219.9875	2573219.356	854.906356	0.9658037458	1.073516594	44880.07007	16518.32929	10526.48455	2118.976993	590.5141002	0.647266561	0.03365097008	0.01019829932
85	1	67830.50349	832.9623767	1258618.598	1750302.628	2475.090308	0.9009963877	1.059266523	44288.90866	16418.70524	10425.92971	2113.710697	582.7199341	0.2776541256	0.04410836822	0.01326016768
85	1	66034.94562	1260.057836	851720.0258	3008117.071	2093.808581	0.9162476567	1.062609913	44438.43246	16443.23294	10450.11658	2118.109504	584.6427537	0.4200192786	0.02984858207	0.01070452351
85	1	66010.31344	336.3973392	865240.9802	2931470.855	9455.204467	0.6217918213	0.9977833794	41835.32763	15999.21105	9997.406182	2119.325982	549.935217	0.1121324464	0.03032242477	0.01
85	1	64795.29663	808.122865	540351.5615	4609683.124	6048.204764	0.7580718094	1.027784625	43041.90441	16204.90139	10207.02042	2119.313023	566.0139512	0.2693742883	0.01893665458	0.01000711694
85	1	67088.01412	584.5387766	1151268.787	1969416.106	3663.875102	0.8534449959	1.048780788	43885.98464	16348.81673	10353.69915	2119.20566	577.2636357	0.1948462589	0.04034628731	0.01006882291
85	1	67480.81163	1214.965077	1258199.065	1695703.113	1180.969657	0.9527612137	1.070644267	44765.71635	16498.76053	10506.47997	2119.319953	588.9848432	0.4049883591	0.04409366564	0.01
85	1	71723.08804	1855.337836	2284809.425	421104.3601	400.0337701	0.9839986492	1.077541671	45021.02215	16543.69505	10553.45793	2112.849673	592.4892911	0.6184459455	0.08007129052	0.01375136654
85	1	66708.57499	415.2123262	1051835.921	2260463.418	6046.31525	0.75814739	1.027801224	43042.61395	16205.01967	10207.1387	2119.325273	566.0232122	0.1384041087	0.03686165624	0.01
85	1	70327.95459	1761.285427	1997691.474	609789.8315	172.8321912	0.9930867124	1.079525801	45118.51573	16559.18452	10568.29261	2118.022784	593.7065583	0.5870951422	0.07000922382	0.01074798459
85	1	65608.48911	1163.816078	691464.5153	3821406.482	3218.910285	0.8712435886	1.052711484	44030.76992	16374.34852	10380.43206	2115.318253	579.2545904	0.3879386927	0.02423241759	0.01232691546
85	1	64624.95962	1910.713231	375238.4169	6047599.016	3902.519524	0.843899219	1.046702101	43778.05382	16331.97186	10337.83948	2112.097527	575.9379953	0.6369044103	0.01315025401	0.01419830842
85	1	66644.26257	850.1932675	977121.887	2558979.842	3064.807448	0.8774077021	1.054066763	44087.1091	16383.83578	10390.00187	2115.853171	579.996875	0.2833977558	0.03424329821	0.01201607109
85	1	66483.97373	658.4997257	930767.3772	2733011.12	4352.69462	0.8258922152	1.042726623	43630.29363	16306.00793	10310.72921	2115.641847	573.9128314	0.2194999086	0.03261880149	0.01213946011
85	1	68453.87982	1423.876497	1499187	1220179.802	710.9646098	0.9715614156	1.074786694	44928.38878	16526.74283	10535.20689	2118.168296	591.1707755	0.4746254991	0.05253910305	0.01066736291
85	1	64895.46783	271.8843038	560418.8856	4493039.704	18788.14137	0.2484743454	0.9156011533	38528.61897	15435.60059	9423.126594	2118.910179	505.8774442	0.09062810126	0.01963991522	0.01024196133
85	1	65560.64146	1374.482857	743140.6472	3477336.387	2155.695293	0.9137721883	1.062061445	44420.12463	16439.87232	10446.49046	2119.205675	584.3814244	0.4581609522	0.02604341089	0.01006782805
