#gen	Feasible	f1	f2	c1	c2	c3	x1	x2	x3
9	1	0.07844328768	2278.335717	0.02155671232	97721.66428	24811.53952	0.01545860611	0.0011317	2.759538013
9	1	0.0260710386	7662.127136	0.0739289614	92337.87286	37843.78109	0.004379281766	0.001358112176	2.969258237
9	1	0.01156769019	20839.7946	0.08843230981	79160.2054	24080.2568	0.001783837888	0.0011317	2.552945631
9	1	0.04014473964	4558.693791	0.05985526036	95441.30621	25479.91947	0.007315904219	0.001131700014	2.997522662
9	1	0.05261921071	3408.063581	0.04738078929	96591.93642	25390.56609	0.009860687041	0.0011317	2.96224576
9	1	0.03216013614	5844.889508	0.06783986386	94155.11049	26162.68378	0.005726718648	0.001142814129	2.980643081
9	1	0.01427786988	15577.09334	0.08572213012	84422.90666	25256.39048	0.002181765463	0.0011317	2.91146228
9	1	0.02044026884	10278.35067	0.07955973116	89721.64933	23707.95065	0.003710567074	0.0011317	2.463526514
9	1	0.05529476223	3309.466509	0.04470523777	96690.53349	24667.98676	0.01076022368	0.0011317	2.715197346
9	1	0.03441621792	5460.921004	0.06558378208	94539.079	25085.2091	0.006311188975	0.0011317	2.850190116
9	1	0.03204181892	5863.782246	0.06795818108	94136.21775	25432.72644	0.005714398975	0.001131818187	2.975673503
9	1	0.01345860687	17034.5163	0.08654139313	82965.4837	24080.2568	0.002182322911	0.0011317	2.552945631
9	1	0.07810130574	2284.032357	0.02189869426	97715.96764	24870.24747	0.01535132563	0.001131721143	2.777830238
9	1	0.02217581858	9383.097001	0.07782418142	90616.903	26570.7663	0.004043590979	0.001174638813	2.481231174
9	1	0.02131733066	9731.153063	0.07868266934	90268.84694	23906.75871	0.003866591088	0.0011317	2.510137993
9	1	0.0234683592	8586.953138	0.0765316408	91413.04686	24392.3841	0.004233279152	0.0011317	2.635527385
9	1	0.0728040109	2419.121464	0.0271959891	97580.87854	25336.91644	0.01395469697	0.0011317	2.941634179
9	1	0.06214349339	3015.960646	0.03785650661	96984.03935	23832.40589	0.01254176669	0.001131739752	2.491780772
9	1	0.03449108029	5411.414137	0.06550891971	94588.58586	25336.34557	0.006238613999	0.0011317	2.941417085
9	1	0.02280113611	9072.543002	0.07719886389	90927.457	26615.4445	0.004168836596	0.001174638813	2.49210319
9	1	0.02820959747	6902.740466	0.07179040253	93097.25953	26889.27017	0.005101567963	0.001163832891	2.760127336
9	1	0.06062047034	3087.012225	0.03937952966	96912.98778	23905.1429	0.01218996618	0.0011317	2.509748935
9	1	0.04931534838	3804.395993	0.05068465162	96195.60401	25935.13524	0.009676046477	0.001157928348	2.58862069
9	1	0.08056154535	2216.694776	0.01943845465	97783.30522	24801.09921	0.01590134594	0.0011317	2.756242612
9	1	0.03916098303	4836.190346	0.06083901697	95163.80965	24469.6528	0.007499686902	0.001132402248	2.643986559
9	1	0.02203003343	9404.592789	0.07796996657	90595.40721	23761.78582	0.004040619677	0.0011317	2.475903356
9	1	0.03012244484	6462.122788	0.06987755516	93537.87721	24408.9925	0.005618386752	0.0011317	2.640139178
9	1	0.01667147743	12740.97684	0.08332852257	87259.02316	25340.10128	0.002648861612	0.0011317	2.942846173
9	1	0.03310075759	5819.662397	0.06689924241	94180.3376	24409.82458	0.006241237908	0.001131797772	2.638554225
9	1	0.07076879709	2491.106149	0.02923120291	97508.89385	25352.06531	0.01353421765	0.0011317	2.947412062
9	1	0.02259633183	9146.106464	0.07740366817	90853.89354	23716.81757	0.004168915583	0.001131778486	2.464343275
9	1	0.07826852078	2283.548434	0.02173147922	97716.45157	24812.75051	0.01542186832	0.0011317	2.759920987
9	1	0.07122949245	2475.676241	0.02877050755	97524.32376	25333.14522	0.01364022786	0.0011317	2.940200901
9	1	0.07438395793	2359.532198	0.02561604207	97640.4678	25420.27595	0.0142181283	0.001131843036	2.970148235
9	1	0.03330566931	5653.308382	0.06669433069	94346.69162	25153.98919	0.006062464484	0.0011317	2.874357612
9	1	0.05050854699	3673.938846	0.04949145301	96326.06115	24438.64649	0.009860687041	0.0011317	2.648431449
9	1	0.01435191779	15468.70179	0.08564808221	84531.29821	25340.1031	0.002181765463	0.0011317	2.942846865
9	1	0.0654218125	2865.946789	0.0345781875	97134.05321	26585.56959	0.01322490016	0.001174638813	2.484818368
9	1	0.07052432697	2506.021118	0.02947567303	97493.97888	25280.69935	0.01353421765	0.0011317	2.920475866
9	1	0.03424186404	5475.472172	0.06575813596	94524.52783	25194.55757	0.006238613999	0.0011317	2.888893054
9	1	0.03491833264	5331.024773	0.06508166736	94668.97523	25396.37829	0.006305692836	0.001131841291	2.960887563
9	1	0.02800564013	6934.382971	0.07199435987	93065.61703	24808.1497	0.005080359987	0.0011317	2.758466798
9	1	0.06617178037	2767.289323	0.03382821963	97232.71068	24390.62782	0.01315954711	0.001132040915	2.628757275
9	1	0.03583438125	5295.349449	0.06416561875	94704.65055	26841.72685	0.006700886083	0.001164601593	2.729435862
9	1	0.06851179155	2569.127632	0.03148820845	97430.87237	25457.75028	0.01300776049	0.001131722538	2.988066062
9	1	0.04761762888	4187.894643	0.05238237112	95812.10536	22956.77923	0.009780568219	0.001137317509	2.23806151
9	1	0.01435191779	15468.70179	0.08564808221	84531.29821	25340.1031	0.002181765463	0.0011317	2.942846865
9	1	0.03874226999	4896.951791	0.06125773001	95103.04821	24584.69684	0.007416726371	0.001134407841	2.638819691
9	1	0.02809330563	6932.396474	0.07190669437	93067.60353	24689.89898	0.005128268638	0.0011317	2.721832933
9	1	0.007589280271	39793.38104	0.09241071973	60206.61896	24583.77792	0.0009006058178	0.0011317	2.690123648
9	1	0.03453317189	5400.917047	0.06546682811	94599.08295	25359.44652	0.006238613999	0.0011317	2.950239243
9	1	0.02348296729	8577.177739	0.07651703271	91422.82226	24407.91142	0.004233279152	0.0011317	2.639838279
9	1	0.01144938816	21127.02242	0.08855061184	78872.97758	25332.23294	0.001598491767	0.0011317	2.939854487
9	1	0.03921238249	4747.497365	0.06078761751	95252.50263	27172.42502	0.007281113754	0.001164705149	2.837517815
9	1	0.05808421851	3220.302507	0.04191578149	96779.69749	24174.45258	0.01162172916	0.001134540156	2.528979084
9	1	0.02400148256	8287.965	0.07599851744	91712.035	24754.4381	0.004268325702	0.0011317	2.741651882
9	1	0.07123944831	2475.081768	0.02876055169	97524.91823	25336.00831	0.01364022786	0.0011317	2.941288852
9	1	0.02607959198	7441.756938	0.07392040802	92558.24306	25252.9443	0.004568177953	0.0011317	2.910190966
9	1	0.02203003343	9404.592789	0.07796996657	90595.40721	23761.78582	0.004040619677	0.0011317	2.475903356
9	1	0.02257406168	9157.384615	0.07742593832	90842.61538	23707.95065	0.004164781886	0.0011317	2.463526514
9	1	0.07122949245	2475.676241	0.02877050755	97524.32376	25333.14522	0.01364022786	0.0011317	2.940200901
9	1	0.041621454	4385.379318	0.058378546	95614.62068	25448.63688	0.007625425995	0.0011317	2.985034357
9	1	0.01435917631	15458.24737	0.08564082369	84541.75263	25348.15126	0.002181765463	0.0011317	2.945916066
9	1	0.08674489919	2062.568566	0.01325510081	97937.43143	45133.27956	0.01671283524	0.001545266351	2.849384387
9	1	0.07846218625	2272.611137	0.02153781375	97727.38886	24874.3141	0.01542186832	0.0011317	2.779594748
9	1	0.07524186865	2336.35519	0.02475813135	97663.64481	25344.00625	0.01444044948	0.0011317	2.944334193
9	1	0.03330566931	5653.308382	0.06669433069	94346.69162	25153.98919	0.006062464484	0.0011317	2.874357612
9	1	0.01355119759	16883.55971	0.08644880241	83116.44029	24080.2568	0.002201835148	0.0011317	2.552945631
9	1	0.059467332	3091.133856	0.040532668	96908.86614	24603.1878	0.01173353051	0.001134407841	2.643986559
9	1	0.07004563056	2519.160675	0.02995436944	97480.83932	25340.1031	0.01339695385	0.0011317	2.942846865
9	1	0.02380909047	8443.694457	0.07619090953	91556.30554	24398.28922	0.004303239139	0.0011317	2.637164455
9	1	0.0148334606	14986.19504	0.0851665394	85013.80496	24269.61309	0.002447373735	0.0011317	2.602139808
9	1	0.03305147659	5828.164629	0.06694852341	94171.83537	24408.9925	0.006229526339	0.0011317	2.640139178
9	1	0.07861833848	2268.342937	0.02138166152	97731.65706	24868.91272	0.01545750596	0.001131701037	2.777830238
9	1	0.03671545741	5029.668842	0.06328454259	94970.33116	25486.07911	0.006627341557	0.0011317	3
9	1	0.05840604012	3210.519837	0.04159395988	96789.48016	23905.1429	0.01172102231	0.0011317	2.509748935
9	1	0.0434785576	4224.862244	0.0565214424	95775.13776	25090.64884	0.008154054731	0.0011317	2.852080136
9	1	0.06938719894	2545.659907	0.03061280106	97454.34009	26056.91132	0.01325749729	0.00114267076	2.942846865
9	1	0.023787505	8453.902816	0.076212495	91546.09718	24392.3841	0.004299903901	0.0011317	2.635527385
9	1	0.01435917631	15458.24737	0.08564082369	84541.75263	25348.15126	0.002181765463	0.0011317	2.945916066
9	1	0.01798273567	12019.73908	0.08201726433	87980.26092	26618.22699	0.003146033316	0.001174638813	2.492784799
9	1	0.06579870906	2825.502501	0.03420129094	97174.4975	24144.92261	0.0132574449	0.001134290455	2.525818765
9	1	0.02117323244	9863.600443	0.07882676756	90136.39956	23707.95065	0.003866591088	0.0011317	2.463526514
9	1	0.01572978945	13925.76854	0.08427021055	86074.23146	24240.65527	0.002639231966	0.0011317	2.594440306
9	1	0.03025950995	6429.39612	0.06974049005	93570.60388	24408.9925	0.005646985252	0.0011317	2.640139178
9	1	0.01278885432	18240.26964	0.08721114568	81759.73036	23976.0135	0.002052966659	0.0011317	2.526977405
9	1	0.07183527775	2452.231548	0.02816472225	97547.76845	25361.38385	0.01374877214	0.001131841291	2.947412062
9	1	0.0234683592	8586.953138	0.0765316408	91413.04686	24392.3841	0.004233279152	0.0011317	2.635527385
9	1	0.07183527775	2452.231548	0.02816472225	97547.76845	25361.38385	0.01374877214	0.001131841291	2.947412062
9	1	0.0728040109	2419.121464	0.0271959891	97580.87854	25336.91644	0.01395469697	0.0011317	2.941634179
9	1	0.07183527775	2452.231548	0.02816472225	97547.76845	25361.38385	0.01374877214	0.001131841291	2.947412062
9	1	0.031310185	6015.46416	0.068689815	93984.53584	25445.45559	0.005560579692	0.0011317	2.983772752
9	1	0.02824181468	6868.666988	0.07175818532	93131.33301	24808.1497	0.005128966339	0.0011317	2.758466798
9	1	0.007080045792	44549.49512	0.09291995421	55450.50488	24240.65527	0.000825	0.0011317	2.594440306
9	1	0.02011204396	10475.60167	0.07988795604	89524.39833	23707.95065	0.003640698717	0.0011317	2.463526514
9	1	0.03027356157	6423.68928	0.06972643843	93576.31072	24421.07365	0.005646985252	0.0011317	2.643508461
9	1	0.03453317189	5400.917047	0.06546682811	94599.08295	25359.44652	0.006238613999	0.0011317	2.950239243
9	1	0.03085280316	6318.815943	0.06914719684	93681.18406	24269.61309	0.00580438178	0.0011317	2.602139808
9	1	0.02727379644	7341.988877	0.07272620356	92658.01112	23887.45346	0.005131629315	0.0011317	2.505500883
9	1	0.03025950995	6429.39612	0.06974049005	93570.60388	24408.9925	0.005646985252	0.0011317	2.640139178
