#gen	Feasible	f1	f2	f3	f4	f5	c1	c2	c3	c4	c5	c6	c7	x1	x2	x3
94	1	70369.65044	142.9614962	1787218.48	882889.8863	11929.20879	0.5228316485	0.9760448241	40910.8639	15844.82061	9842.765729	2104.670476	537.848251	0.04765383206	0.06263318446	0.01851450627
94	1	71801.08042	1838.323276	2412304.954	339770.7204	-92.50760296	1.003700304	1.081858272	45216.65131	16575.6375	10584.82699	2119.282255	594.9942626	0.6127744253	0.08453937938	0.01001367775
94	1	65912.42725	3754.792969	816486.7483	3162176.814	303.1163106	0.9878753476	1.078378793	45072.1256	16551.29282	10560.26434	2117.949419	593.0895725	1.251597656	0.02861382964	0.01079188929
94	1	68443.78609	129.5840549	1178592.631	2129511.384	20170.83063	0.1931667747	0.9034892683	37973.35175	15345.29646	9334.759693	2099.001872	498.7935217	0.04319468496	0.04130385317	0.02180808483
94	1	66540.10751	1449.964423	961336.7822	2604961.681	1565.947722	0.9373620911	1.067263028	44620.33655	16474.57725	10482.33983	2116.577185	587.0910156	0.4833214744	0.03369010821	0.01159384718
94	1	73140.63975	568.0556625	2770662.816	206216.8616	1125.055894	0.9549977643	1.07113663	44785.51867	16502.13628	10509.92007	2119.319733	589.248724	0.1893518875	0.09709805327	0.01
94	1	66739.15245	1876.725185	1060007.07	2234879.02	730.3393887	0.9707864245	1.074612407	44925.31078	16525.96693	10534.20508	2119.317709	591.1115587	0.6255750615	0.03714801467	0.01
94	1	67688.09987	301.1669168	1231444.379	1810981.095	7611.516212	0.6955393515	1.014034312	42471.96273	16108.82316	10110.01887	2114.370297	558.4973692	0.1003889723	0.04315604599	0.0128788776
94	1	68355.96959	274.4203328	1178592.631	2112243.739	9789.219251	0.6084312299	0.9949026667	41654.74809	15972.56224	9973.72461	2100.41661	547.8284589	0.09147344427	0.04130385317	0.02098568176
94	1	65747.84514	1087.288734	384556.8873	6603198.507	8126.356038	0.6749457585	1.009564181	42224.37711	16070.94855	10075.06292	2094.56059	555.5119687	0.3624295779	0.01347682039	0.0243875843
94	1	68390.10552	789.5861736	1501187.725	1208771.122	1744.65878	0.9302136488	1.065680559	44566.08118	16464.72831	10471.79889	2119.321626	586.324555	0.2631953912	0.05260921858	0.01
94	1	69912.74598	128.9082074	1824045.363	793743.9174	12249.94361	0.5100022557	0.9731898193	40828.85047	15828.74326	9824.619943	2114.257165	536.6034696	0.04296940246	0.0639237849	0.01294498769
94	1	67463.93207	991.9478265	1253688.376	1706391.738	1627.052945	0.9349178822	1.066716167	44607.73226	16471.82865	10479.03461	2119.321342	586.8795868	0.3306492755	0.04393558826	0.01
94	1	65102.58814	3927.848751	521824.1915	4898292.284	1122.817333	0.9550873067	1.071175819	44766.27364	16500.18579	10509.05045	2113.234139	589.0886537	1.309282917	0.01828736173	0.0135342
94	1	72292.90335	1872.695453	2325664.932	413485.4358	863.5276012	0.965458896	1.073481774	44834.7344	16513.40784	10523.82848	2106.128368	590.1133513	0.6242318178	0.08150307434	0.01765591294
94	1	65334.07356	2287.825167	591714.3401	4431510.593	1834.142056	0.9266343178	1.064910516	44515.94778	16457.40629	10465.36628	2113.721959	585.7451986	0.7626083891	0.0207366664	0.01325276033
94	1	66014.85033	416.4476219	814749.0065	3202015.082	8226.062144	0.6709575142	1.008616891	42260.36517	16072.35011	10072.51291	2116.206854	555.6485769	0.138815874	0.02855293036	0.0118119825
94	1	68054.08065	390.8190792	1134439.321	2217959.743	7143.202905	0.7142718838	1.018195786	42599.11297	16133.06837	10136.88603	2102.618962	560.3779252	0.1302730264	0.03975649761	0.01970584226
94	1	66391.13966	868.4533399	766435.9517	3606477.719	4572.260301	0.817109588	1.040820127	43524.81002	16289.86635	10295.8267	2107.225296	572.640532	0.2894844466	0.02685979631	0.01702907258
94	1	64230.64081	4191.928302	286679.9221	6801840.63	2156.075371	0.9137569852	1.062077613	44399.91242	16437.7596	10445.45773	2113.109443	584.2086569	1.397309434	0.01004671597	0.01360904406
94	1	64806.50104	4248.423089	515008.3624	4822511.095	718.1122931	0.9712755083	1.074725588	44923.97028	16526.11488	10534.67226	2117.595137	591.1209728	1.41614103	0.01804850057	0.01100020043
94	1	67789.786	1304.160743	1279166.755	1682465.204	1284.766457	0.9486093417	1.069742154	44716.71648	16491.21996	10499.47854	2115.603527	588.3907559	0.4347202476	0.04482847968	0.01215873624
94	1	64903.38023	564.657047	464216.5336	5315642.734	11039.04466	0.5584382136	0.983856791	41253.49065	15901.41203	9898.909086	2112.979014	542.2823675	0.1882190157	0.01626849772	0.01368747854
94	1	68048.43	2250.423919	1218801.975	1914150.442	1146.56439	0.9541374244	1.070984134	44739.93456	16496.88596	10506.68807	2107.787743	588.8239054	0.7501413062	0.04271299217	0.01669642924
94	1	64548.06809	1088.202307	351402.4164	6258914.583	7546.921785	0.6981231286	1.014611021	42486.70522	16111.87635	10113.58412	2111.900793	558.7329501	0.3627341022	0.01231491987	0.01431355207
94	1	69900.63338	856.7511829	1704270.446	976568.3372	2140.395184	0.9143841926	1.062234536	44386.07517	16436.68802	10445.44764	2107.221426	584.1175357	0.2855837276	0.05972626535	0.01702907258
94	1	64911.70354	3580.629176	555044.5105	4542084.664	803.7148444	0.9678514062	1.07396949	44896.02249	16521.19329	10529.52465	2118.315336	590.7371521	1.193543059	0.01945156991	0.0105823543
94	1	67327.83641	450.500335	941956.1454	2898441.754	7436.879097	0.7025248361	1.015609439	42495.42094	16115.3708	10118.83343	2102.714937	558.9946321	0.1501667783	0.03301091258	0.01965013751
94	1	64679.54225	1438.976247	383040.3609	5996323.964	5179.83598	0.7928065608	1.035455675	43324.33368	16254.71473	10259.18459	2111.689109	569.8983181	0.479658749	0.01342367363	0.01443605612
94	1	65881.51376	464.0184119	547018.1259	5039296.838	12182.90864	0.5126836544	0.9738186936	40812.89827	15828.65898	9826.748801	2102.206634	536.5818231	0.154672804	0.01917028475	0.01994592879
94	1	66325.49248	644.7511402	891477.47	2883701.004	4661.409844	0.8135436062	1.040007561	43521.56772	16287.43283	10291.76602	2115.826659	572.4610519	0.2149170467	0.03124188421	0.01203219773
94	1	65818.56782	405.9226316	390653.6043	6576501.405	19826.46755	0.2069412982	0.906538333	38078.14206	15364.30007	9355.083577	2093.789595	500.2725145	0.1353075439	0.01369048022	0.0248362436
94	1	69001.90623	884.5876556	1548337.378	1178552.192	1910.444055	0.9235822378	1.064243162	44484.2507	16452.31312	10460.43681	2112.302873	585.3452941	0.2948625519	0.05426158114	0.01407716159
94	1	64069.51601	547.765745	344774.372	6056736.808	14994.33435	0.400226626	0.9490075102	39873.23505	15664.75318	9656.591925	2119.216003	523.7906131	0.1825885817	0.01208263963	0.01006418385
94	1	70735.73116	2392.098558	1975818.043	657852.2199	523.0666772	0.9790773329	1.076466991	44968.47953	16535.33346	10545.43739	2110.124252	591.8322655	0.7973661861	0.06924266804	0.01533337493
94	1	64943.14342	2688.667778	580063.421	4361292.252	1142.377236	0.9543049106	1.070984103	44779.38417	16501.09051	10508.85437	2119.319803	589.1669772	0.8962225926	0.0203283592	0.01
94	1	69556.93831	836.0048509	1592138.984	1149735.076	2425.798967	0.9029680413	1.059725258	44280.96623	16419.03748	10427.68548	2105.998335	582.736269	0.2786682836	0.05579661121	0.01774001645
94	1	64030.55542	2638.108802	336194.4839	6125668.496	2589.022183	0.8964391127	1.058245301	44267.04289	16413.75063	10419.84928	2119.32308	582.3396457	0.8793696007	0.01178195691	0.01
94	1	64722.93774	4160.723367	418235.378	5662871.402	1390.179561	0.9443928176	1.068821905	44671.16076	16483.99987	10492.5796	2113.10682	587.8232443	1.386907789	0.01465708522	0.01360904406
94	1	66329.28774	2341.619183	811383.302	3316099.538	1402.712715	0.9438914914	1.068718515	44659.54646	16482.49633	10491.44776	2110.927612	587.7029904	0.7805397277	0.02843497904	0.01487464557
94	1	64370.13539	3759.711809	421897.1767	5445828.998	1132.199079	0.9547120368	1.071074703	44781.98692	16501.60073	10509.43022	2119.015499	589.2064802	1.25323727	0.01478541319	0.01017671602
94	1	66912.10725	613.336922	1092669.846	2145536.316	3732.424107	0.8507030357	1.048179401	43859.40422	16344.43842	10349.36587	2118.506441	576.9205105	0.2044456407	0.03829268372	0.01047505557
94	1	64935.93036	704.0653105	425339.1146	5704857.436	9829.783578	0.6068086569	0.9945144364	41672.30742	15973.43616	9972.833862	2110.108985	547.908885	0.2346884368	0.01490603612	0.0153547727
94	1	64229.51331	793.3419744	312672.6907	6500386.469	11559.11368	0.5376354528	0.9792716801	41074.9731	15870.60341	9867.196751	2114.70019	539.8762178	0.2644473248	0.01095763418	0.01268756676
94	1	66702.31467	512.2878348	799825.8346	3502523.811	7578.527796	0.6968588882	1.014357282	42450.22752	16107.33647	10110.36846	2104.22465	558.368477	0.1707626116	0.02802994686	0.01877308135
94	1	68555.39879	497.2560051	1287754.588	1779442.569	4995.465993	0.8001813603	1.037104496	43363.59633	16263.13621	10269.21921	2103.785172	570.5467463	0.1657520017	0.04512944083	0.01902775204
94	1	65857.33071	3458.169385	824359.733	3103261.203	278.4849399	0.9888606024	1.078591327	45085.33878	16553.24724	10562.0055	2119.313513	593.2440517	1.152723128	0.02888973888	0.01
94	1	66763.13406	1652.008295	1066415.624	2215016.196	923.5366589	0.9630585336	1.072911159	44856.88837	16514.30282	10522.31858	2119.318818	590.1997788	0.5506694318	0.03737260288	0.01
94	1	68176.49127	2189.081549	1264036.231	1790401.483	1089.393003	0.9564242799	1.071485445	44762.37045	16500.56539	10510.31556	2108.45193	589.1123551	0.7296938496	0.04429822951	0.01631048788
94	1	69520.72655	3858.537537	1626652.894	1079092.549	473.5807806	0.9810567688	1.07690748	44981.14091	16537.81481	10548.23747	2108.639901	592.0243865	1.286179179	0.05700615334	0.01619135057
94	1	65018.85568	3781.948485	407818.0112	5926849.577	1996.767857	0.9201292857	1.06349772	44438.55033	16445.5268	10454.36519	2107.709303	584.8090701	1.260649495	0.01429200795	0.01674539791
94	1	65005.07901	940.0901177	286849.6106	7306022.503	11606.9507	0.5357219718	0.978895452	41011.72027	15862.89503	9861.925398	2100.640562	539.2560871	0.3133633726	0.01005266271	0.02085572437
94	1	67147.59328	947.9479157	1089159.884	2206328.046	2462.417053	0.9015033179	1.059375604	44295.98677	16419.73994	10426.83963	2114.497002	582.8017982	0.3159826386	0.03816967689	0.01280339318
94	1	72083.70898	163.3031315	2064679.717	638638.1994	9890.826527	0.6043669389	0.994029195	41596.89295	15964.15145	9966.373738	2093.777014	547.1626933	0.05443437718	0.072356831	0.0248430474
94	1	64925.87301	3547.242623	558830.9891	4518189.51	807.5653278	0.9676973869	1.073935584	44894.65881	16520.96082	10529.28775	2118.31536	590.71898	1.182414208	0.01958426729	0.0105823543
94	1	69354.50507	673.1585134	1595449.494	1121876.774	2712.236341	0.8915105463	1.057191874	44190.9284	16402.9313	10410.6358	2109.462432	581.4815817	0.2243861711	0.05591262823	0.01572820868
94	1	65514.15455	3004.190692	525081.1557	5060055.172	2019.18518	0.9192325928	1.063303234	44427.61185	16443.8612	10452.83519	2106.798606	584.6777332	1.001396897	0.01840150225	0.01727438598
94	1	65273.35877	884.9256753	621186.9119	4186351.216	4850.465861	0.8059813655	1.038340681	43456.77156	16276.24352	10280.24288	2116.482411	571.5872067	0.2949752251	0.02176953454	0.01165129708
94	1	65967.51142	706.6812951	776346.0098	3408294.743	4992.373917	0.8003050433	1.037096933	43400.48568	16267.04853	10271.20892	2114.652387	570.8661503	0.2355604317	0.02720709492	0.01271448828
94	1	65809.55848	1298.095073	624922.063	4371225.701	3709.977096	0.8516009162	1.048410497	43832.95677	16342.21341	10349.01768	2108.063107	576.7335328	0.4326983576	0.02190043315	0.01654191801
94	1	67278.02172	167.03718	1077935.862	2277211.735	16301.9075	0.3479236999	0.937517335	39385.46124	15583.2402	9574.902224	2111.721645	517.4094036	0.05567905998	0.03777633034	0.01441820425
94	1	65163.00098	3981.216445	537968.1868	4789362.82	1060.392427	0.9575843029	1.071725517	44788.38194	16503.95464	10512.89115	2113.23369	589.3832633	1.327072148	0.01885312906	0.0135342
94	1	65315.50595	690.3295347	679569.0624	3796778.475	5576.02059	0.7769591764	1.031942524	43209.1727	16233.41328	10236.07367	2119.325115	568.2427323	0.2301098449	0.02381554069	0.01
94	1	65838.97209	3926.882652	521824.1915	5244392.919	1974.861076	0.9210055569	1.063710934	44425.41569	16444.67475	10454.66266	2101.363904	584.7345393	1.308960884	0.01828736173	0.02043044843
94	1	71540.6628	126.1757444	2343104.399	374104.3825	9296.939504	0.6281224198	0.9991770219	41891.37848	16008.76615	10007.14346	2119.32596	550.6821366	0.04205858148	0.08211424158	0.01
94	1	67284.83036	4115.216483	1134242.973	2065989.655	182.1316732	0.9927147331	1.079453615	45105.23963	16557.58403	10567.2186	2114.98657	593.5776618	1.371738828	0.03974961658	0.01250868108
94	1	65668.63755	1115.243374	751594.3244	3461043.098	2880.613665	0.8847754534	1.055681932	44159.33425	16395.68401	10401.6859	2117.97565	580.9256998	0.3717477914	0.02633967054	0.01078295366
94	1	65553.05006	534.8595065	531361.7163	5023141.004	10618.11775	0.5752752901	0.9875839315	41381.41142	15924.62331	9923.743225	2106.556779	544.0887605	0.1782865022	0.01862160489	0.01741854046
94	1	71758.36701	1278.200695	2251291.135	447856.5297	917.9231654	0.9632830734	1.072989557	44829.07423	16511.53977	10521.16571	2110.265742	589.9724863	0.4260668984	0.07889663993	0.01525640537
94	1	64081.34398	2014.140101	321226.1932	6316980.49	3956.309019	0.8417476392	1.04621082	43777.13612	16330.61167	10335.44163	2117.602643	575.838548	0.6713800338	0.01125739222	0.01100020043
94	1	64777.33818	1191.467821	351402.4164	6393381.1	7137.86128	0.7144855488	1.01822494	42619.40387	16135.30593	10138.13965	2108.204867	560.559815	0.3971559404	0.01231491987	0.0164606704
94	1	69642.58028	2223.23566	1835883.871	758326.4606	-36.18297192	1.001447319	1.081362216	45196.78102	16572.24503	10581.3655	2119.307517	594.7291031	0.7410785533	0.06433866614	0.01
94	1	65551.62016	526.5368377	384698.9284	6482552.04	15470.16533	0.3811933869	0.9448862379	39633.95343	15628.66006	9623.758941	2097.733282	520.9423796	0.1755122792	0.01348179823	0.02254495616
94	1	66391.14516	521.7722593	556900.9807	5193045.419	11247.39144	0.5501043423	0.9820810219	41119.12331	15882.52787	9883.045018	2094.587536	540.7832163	0.1739240864	0.01951663002	0.02437229035
94	1	70448.1937	320.1315276	1842396.468	807928.4643	5182.134772	0.7927146091	1.035451305	43307.18916	16252.8762	10258.22218	2106.731188	569.7484055	0.1067105092	0.06456690052	0.01731634922
94	1	66333.0059	896.7877959	820717.1701	3263803.279	3842.639478	0.8462944209	1.047231506	43797.08338	16335.36043	10341.41414	2111.436381	576.2020522	0.2989292653	0.02876208503	0.01458236016
94	1	68036.38037	1755.452786	1348507.077	1525727.714	743.3288057	0.9702668478	1.074509257	44909.15529	16523.97999	10532.82499	2115.807836	590.9518564	0.5851509288	0.04725851563	0.01203806083
94	1	71513.53842	129.7687155	2002360.562	675133.2193	12126.5827	0.5149366919	0.9743242827	40822.97313	15831.03194	9829.717902	2099.209133	536.7635705	0.04325623849	0.07017285229	0.02168736898
94	1	65724.93513	306.7130996	788973.1502	3260077.237	11527.93846	0.5388824615	0.9795313921	41101.25039	15874.07145	9869.880782	2119.325811	540.153094	0.1022376999	0.02764961385	0.01000023821
94	1	66387.01043	746.7071647	835148.685	3198843.921	4571.105103	0.8171557959	1.040816816	43539.09125	16291.37997	10296.59516	2111.436929	572.7641138	0.2489023882	0.02926783838	0.01458236016
94	1	73638.31604	468.7755782	2479571.08	358369.8967	3629.686612	0.8548125355	1.049163366	43814.21957	16342.15091	10351.58607	2093.740242	576.7107515	0.1562585261	0.08689672501	0.02486207518
94	1	73326.45185	1015.229572	2489163.744	342393.4436	1845.401987	0.9261839205	1.064857393	44464.60373	16451.79742	10462.29279	2099.339375	585.2887893	0.3384098572	0.08723290054	0.02160528618
94	1	68152.20436	194.6535884	1423977.75	1352415.068	10026.09071	0.5989563715	0.9927589282	41630.43411	15964.46229	9962.146093	2118.503494	547.21789	0.06488452946	0.04990339013	0.01047787993
94	1	68555.0002	99.24952165	1362364.783	1562742.671	22026.78694	0.1189285223	0.8871164195	37346.65892	15236.43075	9222.110464	2108.294669	490.2951353	0.03308317388	0.04774415982	0.01640930027
94	1	65207.10313	379.8136374	384698.9284	6278762.004	20744.89902	0.1702040392	0.8984204432	37784.15559	15312.10675	9300.149626	2103.287044	496.2044469	0.1266045458	0.01348179823	0.01931854825
94	1	64239.65381	2207.570509	316577.4071	6462444.41	3818.263291	0.8472694684	1.047435484	43816.69673	16337.975	10343.4659	2114.770072	576.4105983	0.7358568362	0.01109447522	0.0126456917
94	1	65654.76258	190.3141647	665198.2725	4017306.518	23187.36356	0.07250545777	0.8768816293	36951.10105	15167.97216	9151.483493	2112.991222	484.949618	0.06343805491	0.02331191545	0.0136807694
94	1	67750.31715	770.410901	1031683.717	2578526.634	4269.736482	0.8292105407	1.043502997	43612.48673	16306.10499	10313.461	2101.315416	573.9025167	0.2568036337	0.03615542098	0.02046216849
94	1	73605.07217	527.2254157	2748803.376	223636.6697	1919.385213	0.9232245915	1.064170151	44475.19715	16451.16056	10459.59075	2110.515264	585.2529657	0.1757418052	0.09633198783	0.01511548302
94	1	73383.27677	523.356128	2835502.185	188406.9828	1239.573188	0.9504170725	1.070128219	44744.96142	16495.2224	10502.87437	2119.320171	588.7082683	0.1744520427	0.09937035305	0.01
94	1	67924.50964	2511.489289	1375686.403	1440237.247	100.6698643	0.9959732054	1.080157332	45148.09864	16563.9603	10572.93481	2119.245354	594.0814072	0.8371630965	0.04821101682	0.01003788827
94	1	66537.89152	771.8438989	994550.8406	2458178.111	3160.712331	0.8735715067	1.053213392	44062.2546	16378.99392	10384.55934	2118.619483	579.6218451	0.2572812996	0.03485409699	0.01040910563
94	1	69948.79361	724.5717932	1917712.605	676629.0402	1375.840296	0.9449663882	1.068928284	44696.7013	16486.99539	10494.49052	2119.320631	588.0651659	0.2415239311	0.06720635931	0.01
94	1	64747.94827	771.6473679	499361.4302	4928780.471	7078.489955	0.7168604018	1.018717658	42671.38991	16142.1128	10143.34888	2117.603918	561.1036509	0.2572157893	0.01750015284	0.01100020043
94	1	68884.9107	582.9172643	1393829.625	1525437.393	3933.211618	0.8426715353	1.046454968	43743.38304	16327.64154	10334.75461	2104.871347	575.5904661	0.1943057548	0.04884684719	0.01839623031
94	1	65282.38895	1139.529958	637477.5586	4072761.314	3473.916305	0.8610433478	1.05045956	43947.04536	16359.63846	10365.07396	2117.318665	578.1072093	0.3798433193	0.02234044128	0.01116495819
94	1	70003.76627	527.5540479	1932402.83	662923.1607	2152.99533	0.9138801868	1.062084847	44421.46541	16440.07536	10446.67591	2119.322434	584.3974415	0.1758513493	0.06772117916	0.01
94	1	66595.20551	300.5360726	939191.7821	2721160.173	10130.38419	0.5947846323	0.9918538155	41579.8449	15956.74462	9955.043055	2114.358617	546.6094223	0.1001786909	0.03291403529	0.01288591379
94	1	67417.32915	204.7328761	1178018.334	1938133.192	11842.76497	0.5262894014	0.9767713144	40977.19255	15853.75684	9849.87963	2115.512904	538.5603426	0.06824429203	0.04128372686	0.01221542429
94	1	72143.55666	795.0256718	2493202.885	304679.9515	783.4159301	0.9686633628	1.074147155	44904.32535	16522.53475	10530.82954	2118.653509	590.8424363	0.2650085573	0.0873744525	0.01038590042
94	1	71712.16058	877.3780116	2206905.482	481747.175	1559.138222	0.9376344711	1.067349362	44595.61683	16472.16441	10481.39482	2108.337742	586.8921116	0.2924593372	0.07734114191	0.01637917932
94	1	66281.46492	144.6317743	913722.5651	2762915.322	21848.55175	0.12605793	0.8886552254	37441.35692	15250.47797	9234.663751	2117.880385	491.4051802	0.04821059143	0.03202146497	0.01084029809
94	1	64987.60617	393.5872289	436044.5484	5626467.076	17242.89231	0.3102843077	0.9292370136	39046.27693	15525.8122	9516.710011	2109.922383	512.9180267	0.131195743	0.01528120872	0.01546354489
94	1	69326.65291	406.1591103	1667764.164	986683.5435	3988.793464	0.8404482614	1.045935421	43754.67253	16327.50979	10332.89208	2114.275472	575.5919176	0.1353863701	0.0584469004	0.01293310055
94	1	73128.90122	671.7326028	2524890.901	315917.1669	2039.061931	0.9184375228	1.063134976	44413.60556	16441.93602	10451.26203	2104.682988	584.5245998	0.2239108676	0.08848496102	0.01850316071
94	1	72471.4198	1444.613291	2515236.666	302270.0375	385.1835171	0.9845926593	1.077666557	45032.33218	16545.2214	10554.67578	2114.689547	592.6109012	0.4815377637	0.08814662772	0.01268416918
94	1	68553.35873	461.460012	1207873.492	2044397.468	6030.255355	0.7587897858	1.028007715	42981.35348	16199.02098	10204.76113	2098.999901	565.5288986	0.153820004	0.04233000277	0.02180808483
94	1	64907.50505	435.791701	527055.8972	4766902.203	12374.50801	0.5050196795	0.9720851043	40792.79209	15822.06142	9817.361149	2116.703256	536.084209	0.1452639003	0.01847070719	0.01152389811
94	1	67864.7943	450.5080697	1355410.007	1483719.485	4130.019832	0.8347992067	1.044676696	43720.21289	16320.6026	10324.98519	2118.998693	575.0578869	0.1501693566	0.04750042924	0.0101892407
94	1	67351.71506	704.0653105	1070904.088	2321049.26	3841.665858	0.8463333657	1.047244336	43793.04886	16334.96339	10341.25388	2110.106771	576.1693543	0.2346884368	0.03752990135	0.0153547727
94	1	68506.5165	1507.806127	1344118.474	1605918.143	1517.242097	0.9393103161	1.067719476	44609.2328	16474.56667	10483.91106	2107.966347	587.079432	0.5026020422	0.04710471677	0.01659469256
94	1	67805.70779	3634.274816	1345020.37	1502532.189	-156.4411383	1.006257646	1.08242118	45239.37144	16579.50551	10588.76441	2119.303588	595.2966524	1.211424939	0.04713632376	0.01
94	1	64398.97019	1296.631635	382960.0857	5843169.787	5449.417417	0.7820233033	1.033067342	43243.7407	16239.98793	10243.34667	2116.20725	568.7527746	0.4322105449	0.01342086038	0.01181130722
94	1	66080.70106	362.4088353	832346.1565	3124476.561	9320.358916	0.6271856434	0.9989807818	41872.81091	16006.28292	10005.18611	2116.207038	550.484126	0.1208029451	0.0291696236	0.0118119825
94	1	68192.96961	737.7937029	1439903.4	1320434.699	2072.386727	0.9171045309	1.062796328	44448.30402	16444.76409	10451.54943	2118.80321	584.7633094	0.2459312343	0.05046150553	0.01030153184
94	1	68084.00768	3024.331976	1344088.764	1544306.584	292.7070192	0.9882917192	1.078480633	45065.33998	16550.83128	10560.37831	2114.765311	593.0495212	1.008110659	0.04710367558	0.01263893142
94	1	67762.2035	4016.184042	1327971.27	1541542.573	-183.7671196	1.007350685	1.082662853	45247.97154	16581.04312	10590.39147	2118.974263	595.4164386	1.338728014	0.04653883698	0.01019006832
94	1	66545.70359	225.9121628	955338.8886	2633656.164	13247.53801	0.4700984797	0.9643992484	40481.71583	15769.15677	9763.553034	2116.130914	531.9479539	0.07530405427	0.03347991166	0.0118564511
94	1	64705.06549	723.5920644	357807.1832	6280303.91	11411.22198	0.5435511207	0.9805898042	41111.06787	15877.8375	9875.477261	2109.757	540.4355273	0.2411973548	0.01253937532	0.01555937998
94	1	65097.03265	527.5540479	621186.9119	4118469.781	8312.368382	0.6675052647	1.007846914	42240.07249	16068.20875	10067.71938	2119.325804	555.3287456	0.1758513493	0.02176953454	0.01
94	1	70775.8179	304.1652117	1946732.694	694578.4014	5089.730306	0.7964107878	1.036261754	43343.25024	16258.80219	10264.07506	2107.743731	570.2129033	0.1013884039	0.06822337016	0.01672808584
94	1	67534.67123	461.9998725	1229745.228	1790688.725	4656.35349	0.8137458604	1.040049162	43526.36701	16288.05124	10292.22836	2116.740053	572.5105347	0.1539999575	0.04309649915	0.01150156257
94	1	64507.37157	450.5080697	458658.2512	5173812.569	13652.96157	0.4538815374	0.9608199141	40347.67274	15745.67277	9739.088929	2119.027512	530.1158359	0.1501693566	0.01607370737	0.01017364096
94	1	65340.81397	347.6107476	412479.9683	6057099.114	21167.14717	0.1533141131	0.8947037647	37633.03325	15286.44948	9274.091318	2102.807487	494.1982267	0.1158702492	0.01445538653	0.01959716424
94	1	66321.83916	739.0904354	943012.9143	2635478.618	3526.796481	0.8589281407	1.049988548	43933.83423	16357.02009	10362.09785	2118.993658	577.9046245	0.2463634785	0.03304794711	0.01019192142
94	1	70272.43707	3887.297228	2001666.427	602477.764	-371.7333804	1.014869335	1.084317479	45315.11573	16592.4512	10601.985	2119.136718	596.3084225	1.295765743	0.07014852629	0.01008875958
94	1	66769.47049	3207.704294	1051491.596	2274624.105	188.8811555	0.9924447538	1.079383565	45113.77093	16558.31332	10567.3524	2118.308587	593.6388132	1.069234765	0.03684958936	0.0105823543
94	1	68186.23437	3877.169591	1327971.27	1603352.973	326.6565984	0.9869337361	1.07819007	45044.68608	16547.88332	10557.85568	2112.139941	592.8158056	1.292389864	0.04653883698	0.01416112471
94	1	64205.71602	620.7586532	377959.7404	5789562.085	11935.70447	0.5225718212	0.9759416769	40955.83611	15849.3488	9844.742604	2119.022083	538.2201526	0.2069195511	0.01324562296	0.01017671602
94	1	68474.95195	268.7887829	1523861.054	1171188.867	6497.60972	0.7400956112	1.023827235	42882.78428	16177.77317	10179.37273	2119.325405	563.893362	0.08959626096	0.05340380683	0.01
94	1	67586.6914	109.7122152	1183322.583	1950719.164	22595.01012	0.09619959502	0.8820973897	37161.25731	15203.77342	9187.946715	2113.103351	487.7483309	0.03657073841	0.04146961461	0.01361561692
94	1	69487.76467	117.0905499	1513669.436	1309511.581	17234.54173	0.3106183307	0.9293346764	39024.40887	15523.73241	9515.97574	2102.385596	512.7460317	0.03903018328	0.05304664094	0.01984217439
94	1	66815.20267	126.667456	953823.2096	2707421.128	24404.12945	0.02383482197	0.8661712343	36515.90597	15094.06685	9076.407221	2111.695723	479.170844	0.04222248534	0.03342679459	0.01443343169
94	1	68066.70808	260.0512358	1413042.887	1367510.295	7337.79908	0.7064880368	1.016429066	42584.88171	16127.01184	10127.66271	2119.221614	559.9252347	0.08668374527	0.04952017718	0.01006041881
94	1	65185.72537	3887.297228	628270.7779	4101607.097	524.9412851	0.9790023486	1.076424302	44994.75245	16538.02399	10546.67624	2118.31312	592.0528029	1.295765743	0.02201778907	0.0105823543
94	1	68661.23746	2372.531042	1573641.732	1092723.08	31.7672032	0.9987293119	1.080763863	45172.7159	16568.1426	10577.18485	2119.309213	594.4084174	0.7908436808	0.05514837384	0.01
94	1	68635.28077	4198.439512	1566479.956	1103765.681	-311.7140481	1.012468562	1.083788518	45294.31784	16588.87531	10598.31535	2119.281765	596.0290698	1.399479837	0.05489738894	0.01000790004
94	1	70147.41011	142.9614962	1950755.611	650696.435	9988.334412	0.6004666235	0.9930926363	41642.53483	15966.6095	9964.40516	2118.117626	547.3852547	0.04765383206	0.06836435352	0.01070205266
94	1	66814.91489	151.5488521	896749.8909	2990010.031	21918.17836	0.1232728657	0.888072919	37385.00123	15242.97516	9228.786478	2108.257531	490.8066637	0.05051628403	0.03142665653	0.01643087471
94	1	68781.76708	117.0905499	1419338.324	1445324.04	17941.75968	0.2823296128	0.9230888704	38792.68488	15482.98563	9473.406293	2108.075859	509.5679795	0.03903018328	0.04974080118	0.01653633462
94	1	67292.64462	333.1884069	1207915.597	1818740.84	6626.33261	0.7349466956	1.022693733	42837.196	16170.00164	10171.45303	2119.325439	563.2858641	0.1110628023	0.04233147835	0.01
94	1	70103.31052	69.50564885	1953871.196	644537.8279	21161.70631	0.1535317477	0.8946997789	37688.35333	15292.33538	9277.110281	2119.01713	494.6785814	0.02316854962	0.06847353941	0.01017987339
94	1	66710.87408	625.4739721	916149.3205	2863017.028	5016.190666	0.7993523734	1.036898572	43380.35881	16264.39366	10269.15581	2111.102706	570.6541843	0.208491324	0.03210651077	0.01477667647
94	1	67848.40401	680.2344948	1259391.268	1750854.386	3127.391038	0.8749043585	1.053523297	44057.09403	16379.24022	10385.75673	2113.46969	579.6346637	0.2267448316	0.0441354465	0.01340072806
94	1	67762.2035	116.4004596	1327971.27	1541542.573	18502.93846	0.2598824617	0.9181122944	38629.92016	15452.85008	9440.688546	2118.99949	507.2259432	0.0388001532	0.04653883698	0.01019006832
94	1	70797.10855	3338.863672	2144405.988	493404.804	-349.5263179	1.013981053	1.08412144	45307.75416	16591.16285	10600.64401	2119.292522	596.2079033	1.112954557	0.07515084323	0.01
94	1	64334.54823	890.607368	338579.4072	6274679.732	9441.390251	0.62234439	0.997920252	41824.55289	15998.41435	9997.468475	2114.569542	549.8669962	0.2968691227	0.0118655367	0.01276331807
94	1	64918.28127	887.0510693	412479.9683	5824402.585	8061.69158	0.6775323368	1.010085395	42296.8739	16080.01473	10081.5347	2109.617473	556.2394839	0.2956836898	0.01445538653	0.0156401382
94	1	69662.28864	752.3059237	1782798.812	833229.0283	1705.50321	0.9317798716	1.066036622	44568.35427	16465.88551	10473.62508	2115.800996	586.4106149	0.2507686412	0.06247829689	0.01204493846
94	1	72110.72427	390.8860008	2093940.232	608459.1966	4607.137801	0.815714488	1.040551809	43472.53451	16283.60524	10291.67381	2095.104236	572.1359572	0.1302953336	0.07338226762	0.02407060947
94	1	68176.35163	787.2521346	1234195.118	1885796.164	3204.959867	0.8718016053	1.052862036	44007.20308	16372.22357	10379.85722	2106.662862	579.0776687	0.2624173782	0.04325244584	0.01735496386
94	1	70869.47975	126.667456	2037238.994	598549.3388	11310.21615	0.5475913542	0.981473032	41153.2237	15884.60009	9882.012593	2111.695054	540.9665787	0.04222248534	0.07139516915	0.01443343169
94	1	71503.90761	963.7073915	2115108.195	554372.9567	1638.662403	0.9344535039	1.066656072	44560.2706	16466.61566	10476.14102	2106.15684	586.4556432	0.3212357972	0.07412410019	0.0176459284
94	1	65187.9516	1178.294266	630187.2238	4088796.539	3307.338632	0.8677064547	1.051922936	44009.60599	16370.06658	10375.50195	2118.401117	578.9237248	0.3927647554	0.02208495104	0.01053604101
94	1	67780.54532	886.7697012	1126902.991	2190961.291	3126.73882	0.8749304472	1.053551125	44034.60337	16376.91462	10384.65458	2106.570938	579.4442524	0.2955899004	0.03949238644	0.01740829035
94	1	70312.70764	183.43955	1917773.799	699773.356	8111.511644	0.6755395342	1.009634379	42291.89706	16078.32536	10079.10634	2113.463218	556.1122325	0.06114651667	0.06720850383	0.01340591656
94	1	67074.24726	1127.959001	1116312.017	2090252.909	1741.364099	0.930345436	1.065715991	44560.64306	16464.23975	10471.66955	2117.31607	586.2838585	0.3759863336	0.03912122512	0.01116495819
94	1	65661.94797	2867.57112	771454.3155	3341412.655	582.7005594	0.9766919776	1.075912613	44977.46046	16534.86614	10543.28165	2119.274778	591.8071553	0.95585704	0.02703566518	0.01002431103
94	1	72082.04984	348.1050747	2131598.27	568355.3461	4785.54599	0.8085781604	1.038972037	43418.35475	16273.77129	10281.14991	2097.838425	571.3706564	0.1160350249	0.07470199592	0.02248234457
94	1	63997.36316	508.3491117	327284.1796	6202263.67	17114.95343	0.3154018629	0.9303335114	39122.55614	15536.75976	9526.138346	2119.324152	513.7855421	0.1694497039	0.01146969473	0.01000141609
94	1	71364.82188	120.1077909	2092641.184	569087.86	11951.0561	0.5219577561	0.9758448165	40910.97199	15844.31819	9841.815983	2107.052308	537.8119537	0.04003593031	0.0733367424	0.01713074597
94	1	71011.75382	407.0661387	2155786.249	493453.6738	2823.8347	0.887046612	1.056186479	44174.74633	16398.62314	10404.94312	2116.549599	581.1536688	0.1356887129	0.07554966517	0.01161133471
94	1	65651.38158	766.0085402	664294.7761	4022365.915	5535.520601	0.7785791759	1.032319441	43202.64727	16233.68631	10237.51631	2112.98936	568.2561574	0.2553361801	0.02328025236	0.0136807694
94	1	67336.589	122.1354519	1214235.22	1806195.315	19317.25956	0.2273096176	0.9109415819	38341.5216	15403.68617	9390.587293	2118.999521	503.3828163	0.0407118173	0.04255294992	0.01019006832
94	1	65097.08739	1404.10004	608407.6252	4211094.351	2772.595396	0.8890961842	1.056631271	44199.48684	16402.40297	10408.42711	2118.551488	581.4516383	0.4680333466	0.02132168363	0.01044836355
94	1	67266.01626	789.5276348	1200799.758	1836859.047	2372.699075	0.905092037	1.060150189	44343.65551	16426.81094	10433.1586	2119.322782	583.3605662	0.2631758783	0.04208210332	0.01
94	1	66448.64434	2505.894375	982187.1553	2490936.373	444.4406706	0.9822223732	1.077129998	45026.52681	16543.22392	10551.79317	2119.304067	592.4605179	0.8352981251	0.03442081086	0.01000659037
94	1	69366.74747	364.5191372	1439903.4	1472241.77	6297.358899	0.748105644	1.025652834	42889.67135	16183.19823	10188.47407	2099.884964	564.293145	0.1215063791	0.05046150553	0.02129398163
94	1	68964.9968	368.3714431	1378141.306	1579334.789	6292.081276	0.748316749	1.025690501	42900.60033	16184.45986	10189.25424	2102.635528	564.3952029	0.122790481	0.04829704905	0.01969603623
94	1	72253.21945	2486.485907	2359483.57	388424.5908	495.2830919	0.9801886763	1.076715866	44973.97791	16536.55899	10546.92853	2108.800691	591.9264182	0.8288286356	0.08268825066	0.0160990962
94	1	66381.17215	1924.262389	911067.001	2801489.584	1162.40507	0.9535037972	1.070818032	44761.70514	16498.77951	10507.08997	2116.105057	588.9823107	0.6414207962	0.03192840056	0.01186712245
94	1	67472.617	417.6086634	1213799.426	1830506.176	5286.263556	0.7885494577	1.034502205	43303.40568	16250.03416	10253.47939	2116.778765	569.5387992	0.1392028878	0.04253767749	0.01147924528
94	1	66480.61122	524.5277287	967638.039	2562383.136	5196.703192	0.7921318723	1.035287196	43338.88555	16255.83278	10259.1787	2117.920663	569.9935027	0.1748425762	0.03391093616	0.01081583539
94	1	66455.50576	1304.160743	962961.9842	2577310.453	1695.651437	0.9321739425	1.066116209	44579.21591	16467.24768	10474.60185	2118.039641	586.5198916	0.4347202476	0.03374706352	0.010744595
94	1	71153.31318	890.7711132	2124784.486	527683.2218	1303.59692	0.9478561232	1.069586614	44699.47488	16488.98264	10497.78848	2112.392692	588.2118542	0.2969237044	0.07446320645	0.01402349927
94	1	71148.23309	790.4920809	2096138.525	554390.1956	1645.286249	0.93418855	1.066583052	44573.04071	16467.7891	10476.4934	2110.747757	586.5531049	0.2634973603	0.07345930694	0.01497982373
94	1	73466.7135	706.6812951	2561268.356	305975.0472	2161.906276	0.913523749	1.062063647	44359.39048	16433.40479	10443.16565	2101.431373	583.8536534	0.2355604317	0.0897598112	0.02039192826
94	1	73707.6056	236.2930362	2561205.611	312919.7344	5712.628828	0.7714948469	1.030809297	43089.06965	16217.70051	10224.06316	2097.550365	566.9872603	0.07876434541	0.08975761233	0.02265008578
94	1	66832.52977	1009.378507	905264.3996	2950854.367	3268.249846	0.8692700062	1.052298892	43990.78421	16369.02656	10376.26471	2108.483406	578.8300345	0.3364595025	0.03172504803	0.01629744683
94	1	66879.44959	1508.371792	909043.4228	2944295.003	2220.128008	0.9111948797	1.061530088	44360.24481	16432.12483	10440.6631	2107.952804	583.7617455	0.5027905974	0.03185748413	0.01660441566
94	1	66651.39121	3450.863931	1026434.128	2350121.256	118.6309175	0.9952547633	1.080000917	45139.94147	16562.68897	10571.73945	2118.699649	593.9813463	1.150287977	0.03597144879	0.0103546803
94	1	68627.2358	467.0870325	1324971.714	1679007.919	5078.609899	0.796855604	1.03636887	43337.73076	16258.48915	10264.28377	2104.87229	570.1848454	0.1556956775	0.04643371736	0.01839623031
94	1	70350.49298	4144.567316	1922822.446	696087.3391	50.75823275	0.9979696707	1.080616377	45145.67643	16564.88169	10574.99521	2113.121569	594.1458069	1.381522439	0.06738543401	0.01358284674
94	1	70827.74666	249.8561899	1741913.998	996751.5065	7847.350653	0.6861059739	1.01202106	42323.16253	16087.79048	10092.22744	2094.552418	556.8284867	0.08328539663	0.06104548603	0.02439228368
94	1	70832.45412	251.3727066	1697439.66	1077418.015	8182.048286	0.6727180686	1.009082626	42195.53982	16066.63761	10071.17829	2091.793811	555.1715268	0.08379090219	0.05948688004	0.02599497514
94	1	65709.6238	330.2845936	783044.7976	3289207.243	10745.00354	0.5701998582	0.9864260802	41378.16832	15921.30246	9918.032647	2119.214935	543.8449884	0.1100948645	0.02744185436	0.01006460678
94	1	71354.09984	2631.964765	2070123.42	591239.6178	746.6797778	0.9701328089	1.074511609	44875.1897	16520.3659	10530.97094	2105.841517	590.656909	0.8773215884	0.07254760592	0.01781947035
94	1	67623.4541	801.5421158	1250159.489	1742483.053	2403.412597	0.9038634961	1.059888648	44323.60679	16424.00205	10430.80788	2116.538214	583.1375168	0.2671807053	0.0438119182	0.01161759664
94	1	68565.37584	438.9863207	1376255.51	1526892.576	4902.214744	0.8039114102	1.037909066	43413.67695	16270.54133	10275.81391	2108.963045	571.1320721	0.1463287736	0.04823096121	0.01601966687
94	1	71233.64047	196.9125959	2177025.17	485435.0275	6537.951747	0.7384819301	1.023488222	42851.79964	16173.59963	10176.05127	2114.256222	563.5607837	0.06563753198	0.07629398451	0.01294498769
94	1	67580.47922	2441.28581	1202685.143	1885007.015	603.7028038	0.9758518878	1.075743403	44953.83783	16531.91359	10541.17585	2114.357801	591.5702152	0.8137619367	0.04214817674	0.0128788776
94	1	65203.42925	4039.006946	601613.5478	4303391.82	666.9839923	0.9733206403	1.07517957	44938.21018	16528.79915	10537.6235	2116.419792	591.3293338	1.346335649	0.02108358476	0.0116823557
94	1	64914.15812	4039.006946	572317.7411	4408605.618	521.8780948	0.9791248762	1.076448066	44999.13908	16538.55259	10547.03069	2119.31614	592.095376	1.346335649	0.02005691136	0.01
94	1	70348.6245	680.1526662	2024558.556	583055.4879	1395.292062	0.9441883175	1.068756997	44689.81229	16485.82101	10493.29374	2119.320692	587.9733648	0.2267175554	0.0709507824	0.01
94	1	68802.11658	615.246209	1399115.284	1499914.427	3609.085214	0.8556365914	1.049303852	43863.62142	16347.77726	10354.97034	2106.524562	577.1665352	0.2050820697	0.04903208345	0.01743562575
94	1	68830.38047	257.9085864	1400386.536	1500527.246	8416.85035	0.663325986	1.006969061	42159.66349	16057.38286	10059.10898	2106.148076	554.4660222	0.08596952879	0.04907663457	0.01765576643
94	1	67047.33014	687.1553303	1039900.496	2381533.399	3841.417223	0.8463433111	1.047236804	43803.13852	16336.01941	10341.77199	2113.143347	576.2556978	0.2290517768	0.03644337853	0.01359072548
94	1	67727.99265	788.6376164	1121180.015	2202131.925	3478.224825	0.860871007	1.050454419	43911.77494	16355.86605	10363.11246	2107.073409	577.7995192	0.2628792055	0.03929182439	0.01711669574
94	1	71052.76024	524.5277287	2021922.28	625250.5534	2865.692089	0.8853723164	1.055845862	44131.14681	16393.10096	10400.92122	2107.812802	580.7110851	0.1748425762	0.07085839394	0.01668663184
94	1	65950.98402	3808.243291	844329.6821	3023421.214	182.0369555	0.9927185218	1.079441601	45118.49186	16558.96561	10567.88897	2119.006701	593.6906744	1.26941443	0.02958958701	0.01017721677
