#gen	Feasible	f1	f2	f3	f4	f5	c1	c2	c3	c4	c5	c6	c7	x1	x2	x3
71	1	69323.09737	157.2463561	1327622.018	1782661.514	15314.60441	0.3874158235	0.9462686072	39676.14721	15636.70928	9632.681367	2093.817128	521.5666909	0.05241545204	0.04652659742	0.02482010585
71	1	68750.12789	241.5675217	1462968.616	1335738.075	8234.164723	0.6706334111	1.008561518	42241.059	16070.15012	10071.18809	2111.216811	555.4703694	0.08052250722	0.05126982749	0.01471100677
71	1	64627.44419	2482.64579	303615.5165	6851822.215	4012.838622	0.8394864551	1.045744618	43724.62038	16323.81648	10330.33001	2107.736885	575.2950424	0.8275485965	0.01064022494	0.01673160557
71	1	67293.37113	3754.821694	1208109.742	1818249.026	-109.227029	1.004369081	1.082005424	45222.65018	16576.655	10585.85955	2119.305303	595.073829	1.251607231	0.04233828215	0.01
71	1	70214.58429	2936.492501	1957683.8	646915.8538	-113.1286857	1.004525147	1.082045778	45217.86142	16576.24829	10585.78939	2117.426078	595.0396963	0.9788308335	0.06860715236	0.01108834117
71	1	72932.47068	1320.227236	2349242.906	421109.7749	1777.288015	0.9289084794	1.065463877	44481.84445	16455.19338	10466.13752	2097.247149	585.5516399	0.4400757453	0.08232936595	0.02281918033
71	1	65716.18415	1444.813741	786641.441	3270676.016	1852.342349	0.9259063061	1.064732323	44527.94415	16458.22701	10465.17364	2119.321864	585.8163505	0.4816045802	0.02756789895	0.01
71	1	67400.05393	1422.929973	1155778.065	2011380.647	1393.684949	0.944252602	1.068786761	44674.31892	16484.24617	10492.58511	2114.442968	587.8441666	0.4743099908	0.04050431524	0.01283305316
71	1	68665.1225	744.2893698	1574679.922	1091143.881	1773.137296	0.9290745082	1.065429784	44555.99528	16463.00894	10470.04675	2119.321691	586.1901528	0.2480964566	0.05518475727	0.01
71	1	65446.18329	1608.230486	714489.6884	3616501.292	1823.838515	0.9270464594	1.064983321	44538.03902	16459.9479	10466.92734	2119.321803	585.9508722	0.5360768287	0.02503933623	0.01
71	1	67855.09278	483.4640272	1265703.904	1732802.646	4496.710214	0.8201315915	1.041464534	43573.03745	16296.6624	10301.55432	2113.74385	573.179922	0.1611546757	0.0443566732	0.01324214182
71	1	69476.70578	613.5504892	1634120.943	1060822.783	2883.376723	0.8846649311	1.055683692	44131.51296	16392.72327	10400.16645	2109.825676	580.6840767	0.2045168297	0.05726787159	0.01551737708
71	1	67318.80109	264.0712978	1091640.907	2231973.052	10087.74842	0.5964900631	0.9922371576	41586.81496	15958.47253	9957.257525	2111.89048	546.7414086	0.08802376593	0.0382566245	0.01431980959
71	1	64967.77032	1234.718516	439369.7671	5583729.009	5355.828917	0.7857668433	1.03390992	43257.8927	16243.66136	10248.14989	2110.440905	569.0327196	0.4115728387	0.01539774122	0.01516124931
71	1	71646.55575	309.9245848	1998592.249	688007.2495	5651.062589	0.7739574964	1.031353721	43108.52062	16221.17258	10227.73273	2096.835881	567.2577782	0.1033081949	0.07004079154	0.02306513938
71	1	64855.13917	1281.050608	285346.8965	7224024.727	8546.620245	0.6581351902	1.005836525	42103.22437	16048.4573	10050.59801	2102.966424	553.7643387	0.4270168692	0.01	0.01950419789
71	1	64900.79749	1552.066437	473120.0531	5232674.197	3699.930979	0.8520027608	1.048481378	43854.6047	16344.70283	10350.54521	2113.555422	576.9349927	0.5173554788	0.01658052213	0.01335126675
71	1	66324.01118	890.6913944	793964.683	3416471.259	4112.803757	0.8354878497	1.044857208	43696.56448	16318.54594	10324.54902	2109.967759	574.8858338	0.2968971315	0.02782454243	0.01543566714
71	1	72701.31426	1555.885749	2597896.83	267416.5347	210.5797594	0.9915768096	1.079199976	45098.38703	16556.20192	10565.63033	2115.967942	593.470845	0.5186285831	0.09104345839	0.01194030404
71	1	65683.93396	1415.900059	771392.7775	3348589.276	1987.283026	0.920508679	1.063545349	44478.83635	16449.94296	10456.80516	2118.922116	585.1682892	0.4719666864	0.02703350858	0.01023236683
71	1	65054.76391	1505.335847	516907.9506	4918516.049	3460.424052	0.8615830379	1.050589907	43939.95336	16359.21752	10365.30732	2113.714685	578.0698009	0.5017786158	0.01811507176	0.0132586153
71	1	72065.75562	1787.120048	2346557.171	390415.0329	536.7240094	0.9785310396	1.076343769	44966.68658	16534.82573	10544.75015	2111.050947	591.7937316	0.5957066826	0.08223524417	0.01479650072
71	1	65944.34933	600.1936887	692198.4325	3937241.576	7067.880136	0.7172847946	1.018835588	42649.93813	16140.12945	10142.73431	2109.950479	560.9390494	0.2000645629	0.02425813776	0.01544653199
71	1	65593.15334	1401.721511	614785.0791	4360636.182	3288.457956	0.8684616818	1.052113081	43991.71751	16368.64858	10375.42812	2110.939751	578.8035569	0.4672405036	0.0215451819	0.01487053139
71	1	64557.49434	1444.84167	384711.3623	5911641.711	4986.189532	0.8005524187	1.037154256	43399.72754	16267.11502	10271.44119	2113.757251	570.8702296	0.4816138902	0.01348223397	0.01323451503
71	1	65430.16243	849.3916209	525909.0322	5013577.211	6691.991192	0.7323203523	1.022151153	42777.32314	16162.22605	10165.57243	2108.207975	562.6641562	0.2831305403	0.01843051523	0.01645878536
71	1	64051.25543	1762.36954	341495.2129	6081089.447	4178.737636	0.8328504945	1.0442467	43703.98614	16317.76821	10322.03945	2119.310541	574.836713	0.5874565133	0.01196772129	0.01000809159
71	1	69755.03264	781.4208845	1802038.076	812756.1342	1624.064054	0.9350374379	1.066754826	44596.09496	16470.68766	10478.58025	2115.466215	586.7855794	0.2604736282	0.06315253813	0.01223924633
71	1	65657.14951	2547.381052	657155.8222	4074820.599	1504.141962	0.9398343215	1.067820451	44628.66864	16476.89765	10485.4609	2112.460074	587.2672572	0.8491270172	0.02303006727	0.01398497122
71	1	65497.2437	183.5624594	715547.4383	3626980.889	21937.32419	0.1225070324	0.8878713171	37412.18069	15245.35398	9229.315791	2118.567491	491.0054985	0.06118748646	0.02507640514	0.01044111271
71	1	69875.76068	878.8995618	1892260.128	702495.5137	1049.357081	0.9580257168	1.071804362	44811.14857	16506.58376	10514.51816	2118.961227	589.5959349	0.2929665206	0.06631437562	0.01020802898
71	1	71583.88806	527.6484136	2300835.701	404272.6115	1918.233524	0.923270659	1.064162496	44493.91456	16453.13584	10460.58208	2116.074993	585.4143184	0.1758828045	0.08063293236	0.01188611453
71	1	65703.31287	520.8948505	504497.1762	5337358.215	11761.0954	0.529556184	0.977532093	40963.30012	15854.23104	9852.751873	2102.514188	538.5811669	0.1736316168	0.01768013539	0.01976722384
71	1	66419.7439	1176.994651	921971.9667	2758681.63	2204.306326	0.9118277469	1.061643189	44392.82591	16435.88802	10442.99278	2116.144354	584.0661474	0.3923315504	0.03231056577	0.0118461823
71	1	65562.44925	815.639302	743984.8135	3472814.51	4143.968601	0.834241256	1.044553127	43716.03294	16319.83958	10324.1652	2119.229475	574.9985296	0.2718797673	0.02607299475	0.01005517423
71	1	67624.43432	608.7763798	1268000.467	1689375.511	3212.337673	0.8715064931	1.052762057	44040.61214	16375.52748	10381.21422	2117.599732	579.3496	0.2029254599	0.04443715642	0.01100153819
71	1	65824.83815	432.5869185	633582.4137	4311954.078	10876.68919	0.5649324323	0.9853012997	41295.71585	15909.62427	9908.130155	2108.341827	542.9185211	0.1441956395	0.02220393568	0.01638150982
71	1	64790.61661	3662.224573	539304.01	4616089.613	741.1582159	0.9703536714	1.074517139	44921.47921	16525.31375	10533.53944	2119.317779	591.0605001	1.220741524	0.01889994308	0.01
71	1	65064.75655	674.1212594	430467.4344	5722116.362	10274.22641	0.5890309434	0.9906064396	41509.08303	15945.99742	9945.196786	2108.341749	545.7617987	0.2247070865	0.01508575841	0.01638150982
71	1	72727.54379	2114.27697	2533437.868	299884.4141	339.3098639	0.9864276054	1.078080212	45038.59584	16546.95192	10556.9963	2111.650458	592.7423878	0.7047589899	0.08878449001	0.01444491245
71	1	68521.40213	1281.050608	1536273.836	1151111.32	746.5213853	0.9701391446	1.074469912	44919.5798	16524.98996	10533.20947	2119.317813	591.035189	0.4270168692	0.05383881356	0.01
71	1	68091.86741	2869.830532	1124883.644	2263059.92	1440.211338	0.9423915465	1.068418731	44614.96959	16476.9749	10487.5673	2101.419874	587.2595094	0.9566101774	0.0394216183	0.02039459519
71	1	73285.49246	235.2614071	2694170.465	238758.8132	4426.845058	0.8229261977	1.042084131	43593.27288	16300.41124	10305.62617	2112.375195	573.4712577	0.07842046904	0.094417374	0.01403722732
71	1	65460.93411	1785.245027	604182.3536	4387712.58	2487.40855	0.900503658	1.05916215	44280.32949	16417.52266	10424.95986	2112.430446	582.6258924	0.5950816755	0.02117360872	0.01400386926
71	1	69887.12816	2922.629519	1769058.401	871366.2541	382.4156431	0.9847033743	1.077701665	45022.26828	16544.23898	10554.29086	2111.329169	592.5299159	0.9742098395	0.06199676333	0.01463209799
71	1	72340.8005	382.2785298	2553940.266	279182.8129	2294.814186	0.9082074326	1.060836601	44370.64634	16431.45147	10437.92068	2119.142691	583.7230904	0.1274261766	0.08950299784	0.01010454707
71	1	68200.89359	448.8856729	1079878.692	2472263.456	6976.365317	0.7209453873	1.019683031	42639.56367	16141.20129	10146.21386	2096.961003	561.0066034	0.1496285576	0.03784441694	0.02299282862
71	1	68343.10754	388.6115043	1316042.529	1660962.396	5798.489134	0.7680604346	1.030016851	43096.09168	16216.41268	10220.66231	2108.914232	566.900791	0.1295371681	0.04612079349	0.01604828816
71	1	67603.58536	825.1562055	1037979.019	2515974.928	3803.281775	0.847868729	1.047601695	43786.72736	16335.20789	10342.61426	2104.060121	576.1809114	0.2750520685	0.03637604025	0.01886740344
71	1	65517.89678	712.9781883	376947.5168	6550065.213	11847.43146	0.5261027416	0.9767869028	40917.22504	15847.40542	9846.660884	2097.80899	538.0417311	0.2376593961	0.01321014952	0.02250078479
71	1	65448.29559	957.8686326	399591.2942	6256507.597	8372.244645	0.6651102142	1.007380583	42156.186	16058.06965	10060.88435	2100.29629	554.5123967	0.3192895442	0.01400370213	0.02105541589
71	1	65799.59559	1290.807066	564085.5664	4854831.969	4380.186511	0.8247925395	1.042520032	43584.03766	16300.54701	10307.20183	2104.554351	573.4720986	0.4302690221	0.01976841428	0.01858063425
71	1	72107.70198	693.1435088	2465323.618	318762.7965	1102.666202	0.9558933519	1.071339449	44787.62453	16502.88188	10511.00483	2117.551081	589.3047985	0.2310478363	0.08639742181	0.01102715146
71	1	67551.00369	2695.386031	1276956.337	1651968.846	99.27548837	0.9960289805	1.080169401	45148.80729	16564.06684	10573.0314	2119.310634	594.0898171	0.8984620103	0.04475101543	0.01
71	1	64750.89154	2778.711983	521581.5263	4743151.475	1318.260347	0.9472695861	1.069436691	44715.68162	16490.32475	10497.96214	2118.891644	588.3248853	0.9262373276	0.01827885751	0.01024905953
71	1	69561.4999	1077.956063	1530142.262	1281239.52	2267.994573	0.9092802171	1.061127054	44324.29333	16427.25741	10436.76297	2102.183508	583.374053	0.3593186876	0.05362393215	0.0199554149
71	1	67092.18967	227.0617974	896469.7837	3069366.803	14965.12872	0.4013948513	0.9493141373	39832.70323	15661.22111	9655.831176	2103.770738	523.4952116	0.07568726581	0.03141684016	0.01903737412
71	1	65612.60138	697.8488758	604288.7385	4449023.168	6958.560634	0.7216575746	1.019798086	42688.80209	16146.74488	10149.46763	2109.995243	561.4562311	0.2326162919	0.02117733699	0.01542050754
71	1	71208.16217	478.7758751	2122965.038	532055.1842	2729.886511	0.8908045396	1.057030239	44191.0688	16402.53093	10409.87118	2111.403063	581.4527095	0.1595919584	0.07439944378	0.01460092375
71	1	69523.96298	711.7716017	1677629.698	987796.5939	2273.966192	0.9090413523	1.061044048	44353.4765	16430.15453	10437.969	2111.687495	583.6123936	0.2372572006	0.05879263865	0.0144351745
71	1	67801.87154	852.9124065	1074466.306	2405016.572	3647.564643	0.8540974143	1.048976088	43838.59734	16344.26793	10352.02997	2103.064503	576.8878879	0.2843041355	0.03765473953	0.01944565763
71	1	66887.0549	670.0286666	1032139.003	2378309.067	3828.153142	0.8468738743	1.047346832	43814.80403	16337.54548	10342.93836	2115.25885	576.377633	0.2233428889	0.03617137652	0.01236174708
71	1	65153.42752	1975.529546	570303.5769	4523321.721	2160.789952	0.9135684019	1.062028947	44405.60024	16438.24077	10445.53754	2115.34348	584.2490609	0.6585098485	0.01998632485	0.01231134858
71	1	66086.57049	386.7479944	882635.7703	2864253.194	7962.354348	0.6815058261	1.010929628	42363.4401	16089.27883	10089.22425	2119.145784	556.9755628	0.1289159981	0.03093202629	0.01010454707
71	1	66881.84857	940.1016475	1042201.137	2335904.253	2513.252125	0.899469915	1.058923317	44282.76284	16417.16831	10423.95229	2115.948335	582.6025884	0.3133672158	0.03652400462	0.01196036165
71	1	64357.46412	559.1553135	349516.4978	6169492.998	14776.644	0.4089342398	0.9509383829	39935.98501	15676.40275	9669.264108	2114.860407	524.6958134	0.1863851045	0.01224882773	0.01259463483
71	1	64822.41404	1791.960545	394412.947	5957224.116	4107.783962	0.8356886415	1.04490108	43698.68341	16318.88451	10324.87501	2110.071324	574.9124292	0.5973201817	0.01382222662	0.01537549986
71	1	66407.16029	207.5542574	971289.5145	2528874.423	13991.00761	0.4403596957	0.9578422064	40228.93542	15725.36601	9718.340078	2119.326418	528.5288368	0.06918475248	0.03403890235	0.01
71	1	65793.55254	1758.019373	801851.8422	3208180.318	1368.889039	0.9452444384	1.06899055	44698.07736	16487.30205	10494.86361	2118.9909	588.0887257	0.5860064578	0.02810094843	0.0101915068
71	1	71465.19048	266.396051	2205340.242	472125.781	4807.404429	0.8077038228	1.03873348	43458.01879	16277.38578	10282.18826	2112.230961	571.6711845	0.08879868367	0.077286288	0.014121154
71	1	69259.1924	2550.878018	1733431.95	874658.682	-92.25151469	1.003690061	1.081855941	45216.63816	16575.63012	10584.81513	2119.30586	594.9937143	0.8502926728	0.06074823211	0.01
71	1	67795.05209	549.5344316	1086155.762	2355104.344	5326.877036	0.7869249186	1.034185864	43246.53969	16243.16039	10248.84494	2103.881114	568.9853621	0.1831781439	0.03806439723	0.01897213574
71	1	68261.84276	577.1156284	1466912.342	1267886.403	2748.841918	0.8900463233	1.056837968	44210.44141	16404.10165	10410.01634	2119.323276	581.5853885	0.1923718761	0.05140803561	0.01
71	1	68963.91282	567.5120103	1567322.868	1136245.84	2956.797156	0.8817281137	1.055023606	44119.46574	16389.74311	10396.35081	2114.062888	580.4564123	0.1891706701	0.05492692886	0.01305600486
71	1	70467.26021	3092.674271	2056261.325	557866.1692	-297.2253004	1.011889012	1.08366089	45289.23132	16588.00522	10597.42618	2119.296422	595.9610726	1.030891424	0.07206180793	0.01
71	1	67018.32526	157.1406269	1099253.867	2142088.527	16609.19603	0.3356321587	0.9347939077	39294.65729	15566.56404	9556.902397	2117.193828	516.1126715	0.05238020898	0.03852342117	0.01123905169
71	1	66214.64488	251.9874403	906153.022	2782256.187	12321.98649	0.5071205406	0.9725418422	40817.31273	15825.84851	9820.890145	2118.500423	536.3824905	0.08399581342	0.03175618986	0.01047980237
71	1	64606.14065	957.7488694	437597.3672	5416299.182	6559.617321	0.7376153072	1.023291333	42850.41028	16172.94563	10175.03419	2116.163928	563.5120442	0.3192496231	0.01533562736	0.01183669516
71	1	65026.03071	1711.524206	487637.7351	5161734.746	3295.145967	0.8681941613	1.052049475	43994.19777	16368.74949	10375.26041	2112.411951	578.8132846	0.5705080686	0.01708929521	0.01401530493
71	1	67360.45665	1521.176277	1193234.372	1877566.764	1015.839096	0.9593664361	1.072104702	44817.68102	16508.05175	10516.31199	2117.339857	589.7086622	0.507058759	0.04181697389	0.01114956528
71	1	66674.33334	1522.106593	1042685.597	2289461.468	1109.350367	0.9556259853	1.071274929	44791.08091	16503.08448	10510.88636	2119.319669	589.322845	0.5073688643	0.03654098256	0.01
71	1	68040.66531	251.234597	1100409.307	2350330.008	11325.52015	0.5469791942	0.9813732036	41111.86144	15879.93509	9879.264102	2100.783278	540.5882815	0.08374486568	0.03856391363	0.02077279133
71	1	66498.86422	214.3961373	756147.7878	3708473.774	18621.76695	0.2551293219	0.9171111545	38541.29697	15440.83191	9431.03796	2104.87067	506.2688309	0.0714653791	0.02649924695	0.01839846432
71	1	66502.7246	2346.66381	996826.9607	2440491.846	506.6821216	0.9797327151	1.076581878	45004.52086	16539.47004	10547.96563	2119.316005	592.1670923	0.7822212701	0.03493386376	0.01
71	1	65617.32597	1135.572006	459593.9881	5725269.562	6235.953025	0.750561879	1.02618938	42915.7186	16187.3531	10192.46824	2101.190368	564.6195614	0.3785240019	0.01610650032	0.02053559005
71	1	64716.98297	717.6133491	517285.0607	4763743.418	7258.756787	0.7096497285	1.017125213	42612.75241	16131.77116	10132.51963	2119.184319	560.2972233	0.2392044497	0.0181282876	0.01008207514
71	1	65323.30636	3368.241628	681653.549	3785769.473	530.6338258	0.978774647	1.076370965	44996.03816	16538.02397	10546.492	2119.316216	592.054054	1.122747209	0.02388859165	0.01
71	1	69331.23841	698.4003776	1752684.651	851512.2831	1665.194133	0.9333922347	1.066380305	44594.22424	16469.52591	10476.68797	2119.321437	586.6995824	0.2328001259	0.06142294424	0.01
71	1	70707.67963	1464.774405	2111988.373	517725.355	233.4572825	0.9906617087	1.078989475	45099.59287	16555.78954	10564.69073	2118.798407	593.4421408	0.4882581351	0.07401476586	0.01029857406
71	1	65085.16176	235.8504726	501126.1451	5069718.573	24909.86898	0.003605240963	0.8617159582	36338.7052	15063.73219	9045.38758	2112.275913	476.8003184	0.07861682421	0.01756199739	0.01409636606
71	1	66813.89712	600.9070823	913815.3911	2902256.755	5371.482017	0.7851407193	1.033775731	43248.5955	16242.32563	10246.99813	2109.301343	568.9268823	0.2003023608	0.03202471807	0.0158232817
71	1	65991.50005	637.0094224	784703.8426	3366567.369	5512.915379	0.7794833848	1.032512796	43216.51855	16235.66158	10239.20197	2114.770096	568.4127892	0.2123364741	0.0274999957	0.01264624138
71	1	67812.27083	669.5854837	1070904.103	2422303.966	4577.498208	0.8169000717	1.040788545	43507.99372	16287.99288	10294.7523	2102.682963	572.4884074	0.2231951612	0.0375299019	0.01966788487
71	1	66708.84882	1155.998882	1051909.095	2260233.011	1681.321843	0.9327471263	1.066238288	44588.51248	16468.55222	10475.69571	2119.321477	586.6234689	0.3853329606	0.03686422062	0.01
71	1	67481.5905	657.2354795	1074370.498	2335040.113	4244.35489	0.8302258044	1.043704388	43644.22599	16310.00532	10316.16631	2108.22256	574.2160354	0.2190784932	0.03765138191	0.01644957786
71	1	66040.79215	280.3119833	559047.655	5008330.426	19578.20804	0.2168716784	0.9087033929	38187.72484	15381.54295	9371.446673	2100.36524	501.6286021	0.09343732776	0.01959186036	0.02101599806
71	1	66553.04222	1062.284423	1010273.231	2395203.956	2006.848938	0.9197260425	1.063371776	44473.22437	16448.89881	10455.6676	2119.322172	585.0871683	0.3540948078	0.03540508914	0.01
71	1	64628.20444	1263.306798	400275.5947	5791537.51	5531.643361	0.7787342656	1.032351767	43205.8886	16234.11484	10237.84877	2113.556535	568.2903645	0.4211022661	0.01402768348	0.01335126675
71	1	70716.87383	283.7073093	2122965.038	508364.174	4173.963879	0.8330414448	1.044288692	43705.72268	16318.0612	10322.33546	2119.324466	574.8596331	0.09456910311	0.07439944378	0.01
71	1	65626.91631	1113.22038	720812.6186	3637372.816	3123.863264	0.8750454695	1.053543728	44069.28449	16380.59201	10386.52381	2116.791552	579.7444831	0.3710734601	0.02526092372	0.01147098033
71	1	65483.94804	587.3572375	540057.4646	4916113.318	9411.560541	0.6235375783	0.9982033335	41814.12053	15998.02985	9998.24819	2108.195059	549.8289741	0.1957857458	0.01892634794	0.01646665585
71	1	69454.07064	730.6309274	1658952.515	1013834.429	2236.985068	0.9105205973	1.061369695	44366.57367	16432.38723	10440.24427	2111.687407	583.7869232	0.2435436425	0.05813809562	0.0144351745
71	1	70389.73854	445.4107352	1995728.866	615390.7851	2753.798923	0.8898480431	1.056802007	44200.77452	16402.97893	10409.31364	2116.921272	581.4946242	0.1484702451	0.0699404441	0.01139537203
71	1	65034.78926	1361.300446	454516.958	5472384.723	4692.155117	0.8123137953	1.039754603	43492.38944	16283.67294	10288.95495	2110.273917	572.1602044	0.4537668153	0.01592857549	0.0152580486
71	1	64862.90278	701.7466111	423707.3421	5682473.439	9823.587753	0.6070564899	0.9945655416	41678.05503	15974.18008	9973.393696	2111.187742	547.9683844	0.233915537	0.01484885055	0.01472805375
71	1	66816.20978	637.0094224	1080598.934	2171681.56	3556.542873	0.8577382851	1.049725551	43924.38744	16355.33744	10360.3224	2119.324047	577.7735049	0.2123364741	0.03786965786	0.01
71	1	66801.49733	793.9115754	1076667.358	2183608.16	2715.130555	0.8913947778	1.057134822	44222.38057	16406.13695	10412.09044	2119.323236	581.7444867	0.2646371918	0.03773187552	0.01
71	1	66486.73138	1899.816817	992553.1264	2455064.964	812.5521605	0.9674979136	1.073888462	44896.19445	16521.00341	10529.14692	2119.318214	590.7235617	0.6332722723	0.03478408697	0.01
71	1	67495.16321	384.4188714	1095901.263	2252012.329	7015.146066	0.7193941574	1.019302021	42666.48476	16143.09157	10145.87173	2109.303932	561.1697892	0.1281396238	0.03840592895	0.01582213949
71	1	65469.65336	1481.16272	588688.7896	4511253.435	3218.239728	0.8712704109	1.052730072	44017.95813	16373.03077	10379.8173	2111.356304	579.1466321	0.4937209067	0.02063063579	0.0146284981
71	1	69336.37704	4218.822939	1745058.606	863297.6811	-321.9888474	1.012879554	1.08388069	45296.21344	16589.31419	10598.85987	2118.748689	596.0627155	1.406274313	0.06115568899	0.01031537856
71	1	66250.41955	280.3119833	689075.7564	4072636.918	15675.86073	0.3729655707	0.9430522155	39584.47878	15618.67427	9612.27857	2104.829458	520.1706611	0.09343732776	0.02414870338	0.01842231926
71	1	67249.23443	241.5675217	1013858.377	2539016.53	12170.68786	0.5131724857	0.973906734	40837.36351	15831.49277	9828.513034	2108.320108	536.8109789	0.08052250722	0.0355307308	0.01639421037
71	1	67866.17209	2827.273672	1361178.114	1469090.359	7.976713119	0.9996809315	1.080973356	45181.1415	16569.57893	10578.64857	2119.308653	594.5206948	0.9424245572	0.04770257294	0.01
71	1	67343.29724	573.6723252	1126844.263	2104133.418	4246.198853	0.8301520459	1.04367088	43661.34213	16311.7435	10316.94617	2113.617392	574.358649	0.1912241084	0.03949032833	0.01331551271
71	1	65288.18514	789.1884722	641547.7399	4046193.435	5243.388028	0.7902644789	1.034877538	43320.87328	16252.86034	10256.23208	2117.471825	569.7605872	0.2630628241	0.02248308104	0.01107659983
71	1	67178.48833	1464.774405	1173376.881	1911058.919	983.2313039	0.9606707478	1.072386282	44834.94569	16510.6154	10518.60557	2119.075752	589.9112306	0.4882581351	0.04112106688	0.01014133582
71	1	65370.71279	795.5848938	579933.5186	4538678.797	6177.478221	0.7529008711	1.026668326	42973.43313	16194.73514	10197.92626	2112.425057	565.2106518	0.2651949646	0.02032380677	0.01400874697
71	1	63948.67767	1281.050608	314314.468	6315251.984	6622.858318	0.7350856673	1.022724327	42838.42645	16170.2114	10171.66679	2119.325439	563.3022607	0.4270168692	0.01101517037	0.01
71	1	66525.47951	1877.564249	1002579.179	2421290.105	816.7080204	0.9673316792	1.07385193	44894.65734	16520.74571	10528.88795	2119.298413	590.7033926	0.6258547495	0.03513545062	0.01001151327
71	1	67143.6768	1321.118738	1168107.246	1922447.456	1162.634305	0.9534946278	1.070805724	44772.20996	16499.86751	10507.60805	2119.319883	589.0713755	0.4403729126	0.04093639218	0.01
71	1	70239.23426	552.4847429	1732625.716	959200.2328	3479.579137	0.8608168345	1.050454009	43899.44753	16354.55111	10362.43351	2103.476192	577.6922362	0.184161581	0.06071997759	0.01920636333
71	1	66809.45845	291.0730716	1011403.071	2448010.782	9631.364043	0.6147454383	0.9962451763	41759.54888	15987.18184	9985.894763	2115.260785	548.9898175	0.09702435719	0.03544468445	0.01236174708
71	1	66952.22729	270.1761547	886134.5732	3084772.766	12659.14468	0.4936342127	0.9696148413	40654.76456	15801.00259	9797.977625	2105.403268	534.4239262	0.09005871825	0.03105464205	0.01808882211
71	1	65268.03587	1650.779764	496960.3844	5193919.467	3596.527115	0.8561389154	1.049406276	43876.46381	16349.40922	10356.16501	2109.073344	577.2972896	0.5502599213	0.01741600804	0.01595497455
71	1	64969.50218	408.598531	401757.9762	5962330.59	18158.44345	0.2736622619	0.9211805815	38716.17562	15469.92759	9460.086402	2108.146026	508.5473247	0.1361995103	0.01407963364	0.01649557581
71	1	65470.0165	214.3961373	707861.6989	3666543.333	18892.50492	0.2442998031	0.91468333	38490.44718	15429.17373	9416.644749	2118.542667	505.3745995	0.0714653791	0.02480705792	0.01045547674
71	1	66621.87793	1086.004401	1026681.047	2342692.723	1911.576915	0.9235369234	1.064211102	44506.57093	16454.60968	10461.50938	2119.202109	585.5334354	0.3620014668	0.0359801021	0.01006963464
71	1	65333.51557	1019.190799	684381.7342	3771409.058	3499.767038	0.8600093185	1.050225505	43944.49507	16358.76523	10363.81554	2119.324002	578.0414541	0.3397302662	0.02398420108	0.01
71	1	64847.79498	1481.16272	479925.5151	5145728.693	3742.905076	0.850283797	1.048098909	43843.55154	16342.54197	10348.11068	2114.820434	576.7676599	0.4937209067	0.01681901997	0.01261639946
71	1	71388.89031	246.4260831	1964164.557	713237.1804	6845.427857	0.7261828857	1.020829784	42692.36688	16149.77585	10154.59309	2098.913276	561.6793137	0.0821420277	0.06883427089	0.02185861873
71	1	67723.20247	494.083181	1057517.638	2458997.056	6077.173304	0.7569130679	1.027580762	42978.9408	16197.66674	10202.58855	2103.312166	565.4284265	0.1646943937	0.03706077236	0.01930288763
71	1	69934.1259	816.4219029	1913561.344	680607.9354	1140.113192	0.9543954723	1.071004084	44780.13998	16501.22241	10508.99135	2119.305817	589.1772703	0.2721406343	0.06706087808	0.01000811781
71	1	70037.31219	2834.610586	1910311.756	691046.7258	-81.2367847	1.003249471	1.081764946	45206.56664	16574.32285	10583.82724	2117.427704	594.8891849	0.9448701954	0.06694699609	0.01108834117
71	1	66216.52594	404.717515	596752.6907	4767343.588	12952.47619	0.4819009526	0.9670497545	40532.44348	15781.37413	9779.003561	2099.806494	532.8825819	0.1349058383	0.02091323572	0.02134037272
71	1	65860.24531	398.2771963	504497.1762	5415583.314	15427.64193	0.3828943228	0.9452534802	39656.42972	15631.99929	9626.748036	2099.984797	521.20622	0.1327590654	0.01768013539	0.02123689881
71	1	65437.83319	265.814251	597057.282	4432943.465	18477.28169	0.2609087323	0.9183594225	38617.1945	15452.12876	9441.170526	2112.377509	507.1612834	0.08860475033	0.02092391014	0.01403722732
71	1	71140.80767	397.5630713	2077941.034	571831.135	3521.070942	0.8591571623	1.050068482	43905.49456	16354.20498	10360.92346	2109.773797	577.6730477	0.1325210238	0.07282157472	0.01554801671
71	1	65348.47554	338.8893871	496842.9824	5233868.834	17731.35986	0.2907456055	0.92494257	38866.20143	15495.58442	9486.300993	2107.772781	510.5524445	0.112963129	0.01741189368	0.01671240783
71	1	67205.01208	394.0439495	1155778.065	1975335.643	5891.058939	0.7643576424	1.02917392	43091.89281	16213.79917	10216.404	2117.592763	566.7073386	0.1313479832	0.04050431524	0.01100648291
71	1	67408.5382	1749.317172	1085021.566	2276691.739	1468.198006	0.9412720798	1.06814472	44633.42008	16478.2373	10487.27126	2110.03682	587.3689507	0.5831057241	0.03802464929	0.01539217441
71	1	67611.08366	1112.696122	1095340.934	2278566.6	2531.280743	0.8987487703	1.058791933	44248.21642	16413.14867	10421.42732	2107.397653	582.277691	0.3708987074	0.03838629217	0.01692737323
71	1	64620.88602	1176.994651	430632.1445	5489840.88	5378.08839	0.7848764644	1.033697694	43266.69164	16244.05384	10247.61903	2115.505657	569.0697283	0.3923315504	0.01509153069	0.01221888248
71	1	66731.59097	325.5432986	1050087.002	2272196.163	7971.11101	0.6811555596	1.010853469	42359.36203	16088.64849	10088.63639	2118.849228	556.9259181	0.1085144329	0.03680036527	0.01027683598
71	1	65192.75861	353.8622104	610194.6849	4235422.651	13170.03447	0.4731986211	0.9650785582	40512.42301	15774.17516	9768.485275	2117.120212	532.3414757	0.1179540701	0.02138431125	0.0112816985
71	1	66713.48709	259.7654375	886709.6771	3014225.285	12870.12025	0.48519519	0.96774461	40592.83642	15789.59644	9785.640332	2109.286407	533.5371631	0.08658847918	0.03107479661	0.0158328615
71	1	70186.09259	1833.047708	1975881.573	625099.4547	79.02011302	0.9968391955	1.080348778	45154.93895	16565.18129	10574.22523	2118.993434	594.176538	0.6110159028	0.06924489447	0.01018377383
71	1	64744.54398	1326.885774	455439.2862	5318545.912	4467.17926	0.8213128296	1.041720528	43587.66085	16298.87879	10303.5806	2115.00827	573.3547569	0.4422952581	0.01596089853	0.01250757355
71	1	64233.35881	1329.976364	390352.7922	5680593.781	4965.070258	0.8013971897	1.03732241	43425.53858	16270.29811	10273.66213	2119.322675	571.1260047	0.4433254547	0.01367993824	0.0100012759
71	1	65995.41879	291.6490123	831559.2017	3104116.791	11629.34033	0.5348263868	0.9786442069	41059.43789	15867.33529	9863.345396	2117.534574	539.6242917	0.09721633744	0.02914204472	0.01104089143
71	1	64749.13053	303.3181437	528217.7735	4687931.908	17801.83241	0.2879267037	0.9242850153	38879.30029	15495.29089	9483.878397	2119.32662	510.543937	0.1011060479	0.01851142522	0.01
71	1	67441.69142	318.0754961	1128736.83	2116435.164	8035.720094	0.6785711963	1.010305995	42314.40346	16082.44992	10083.55145	2112.146877	556.4330028	0.1060251654	0.03955665345	0.0141706507
71	1	65118.06899	303.3181437	626808.4078	4086344.096	14881.45712	0.4047417152	0.9500011258	39913.57536	15671.60592	9663.555012	2119.326474	524.3264275	0.1011060479	0.02196654022	0.01
71	1	65218.08965	578.8407487	648503.6236	3971622.043	7181.390168	0.7127443933	1.017807004	42639.61773	16136.38645	10137.25274	2119.021967	560.6577958	0.1929469162	0.02272685042	0.01017638493
71	1	66857.18009	1699.320627	1020664.091	2419561.098	1256.89368	0.9497242528	1.069989388	44724.74309	16492.71074	10501.10068	2115.043155	588.5065901	0.566440209	0.03576923748	0.01248410801
71	1	64172.00958	1198.404327	373002.271	5821497.565	5894.086765	0.7642365294	1.029141903	43096.32968	16214.18979	10216.49467	2119.265341	566.7399634	0.3994681089	0.01307188813	0.01003478947
71	1	64847.92901	1150.032438	468190.3203	5251945.124	5133.872758	0.7946450897	1.035852661	43348.58999	16258.32011	10262.41356	2114.111226	570.1831763	0.383344146	0.01640775933	0.01302891528
71	1	68470.45153	638.5529364	1503144.401	1213669.994	2418.672227	0.9032531109	1.05974913	44323.49641	16423.63178	10430.13517	2118.145607	583.1105814	0.2128509788	0.05267779043	0.01068386986
71	1	67890.90867	178.2165836	1189661.37	1984513.499	14036.59395	0.438536242	0.9574751852	40177.39773	15718.92991	9713.756076	2108.581447	528.0123021	0.05940552787	0.04169175782	0.01624247365
71	1	64253.69779	1718.567406	363152.6551	5967149.62	4142.837421	0.8342865031	1.044569094	43710.25468	16319.26474	10323.92417	2117.353549	574.9512511	0.572855802	0.01272670772	0.01114498131
71	1	64718.78811	1133.410664	357620.759	6290339.366	7277.30069	0.7089079724	1.016992848	42574.36463	16127.33958	10129.77902	2109.523838	559.9387364	0.3778035547	0.01253284208	0.01569442578
71	1	66108.17473	2515.375758	691242.1233	4004157.477	1812.129398	0.9275148241	1.065125083	44502.41712	16456.51551	10465.64847	2107.245542	585.6674758	0.838458586	0.02422462385	0.01701427359
71	1	73049.47584	299.3054321	2741285.751	215205.1852	2882.311051	0.884707558	1.05566364	44162.17566	16395.93985	10401.75453	2119.020858	580.9470047	0.09976847737	0.09606853218	0.0101757695
71	1	65198.31623	721.5022607	500546.0463	5128358.555	8111.254089	0.6755498365	1.009646404	42281.95024	16077.29611	10078.61754	2110.415729	556.0279677	0.2405007536	0.01754166779	0.01517638918
71	1	73599.59514	168.4877851	2648702.283	266051.4117	6959.400545	0.7216239782	1.019808058	42670.63527	16144.83424	10148.51762	2104.570173	561.3000981	0.05616259504	0.09282393871	0.01857223963
71	1	67487.6	845.769388	1185976.005	1923976.345	2521.097354	0.8991561058	1.058857729	44276.38825	16416.32036	10423.28882	2114.856473	582.53494	0.2819231293	0.04156260396	0.01259463483
71	1	65138.27513	1436.087071	552840.3845	4656329.696	3325.378954	0.8669848418	1.051776451	43990.48611	16367.65234	10373.752	2114.535943	578.7301744	0.4786956905	0.01937432617	0.0127814449
71	1	70871.4736	2695.918008	2070906.377	564597.4473	171.9421309	0.9931223148	1.079547549	45104.51926	16557.74863	10567.62788	2113.667848	593.5888857	0.8986393358	0.0725750447	0.01327222854
71	1	66163.14414	1885.776537	906081.6008	2769347.203	975.9715637	0.9609611375	1.07244943	44838.31812	16511.13711	10519.09251	2119.319077	589.9523162	0.628592179	0.03175368689	0.01
71	1	64772.95153	1159.045006	433602.6849	5539083.864	5591.168563	0.7763532575	1.031828636	43183.74358	16230.41035	10234.133	2113.233627	568.0003819	0.3863483352	0.01519563346	0.01353887576
71	1	64827.47334	1138.262549	308208.1213	6924521.802	8757.178369	0.6497128652	1.003976559	42034.66484	16036.37074	10037.94559	2104.791485	552.8218162	0.3794208497	0.01080117307	0.01844393388
71	1	66037.19026	730.6739083	810036.5354	3235071.991	4530.996568	0.8187601373	1.041156798	43566.88069	16295.21545	10299.74578	2115.561248	573.0690852	0.2435579694	0.02838778152	0.01218634515
71	1	65521.18646	352.2686931	504497.1762	5247990.316	16969.10431	0.3212358277	0.9316622411	39128.511	15540.80872	9532.814341	2105.450413	514.0847113	0.1174228977	0.01768013539	0.01806160688
71	1	67727.80274	156.5086338	1136319.847	2144840.572	16774.86829	0.3290052684	0.9333644951	39205.67694	15553.40732	9545.185812	2107.993171	515.0727175	0.05216954459	0.03982240076	0.01658434084
71	1	64462.62136	1392.696481	384711.3623	5859870.8	5076.840147	0.7969263941	1.036351113	43372.66032	16262.1664	10266.11715	2115.286666	570.485308	0.4642321603	0.01348223397	0.0123460279
71	1	65649.26543	352.1389666	632328.6078	4251597.52	13185.04369	0.4725982523	0.9649656757	40487.26623	15771.20383	9766.564364	2111.096613	532.1016807	0.1173796555	0.02215999597	0.01478120803
71	1	66771.93925	118.3266643	1068544.076	2208630.405	22763.38363	0.08946465477	0.8805948523	37122.08126	15195.73705	9178.615822	2119.31324	487.1278909	0.03944222144	0.0374471946	0.01000786896
71	1	66491.49646	118.3266643	993601.9498	2451671.585	24537.93155	0.0184827381	0.8649686174	36493.61044	15088.60032	9069.436443	2119.313283	478.753046	0.03944222144	0.03482084305	0.01000786896
71	1	68659.86174	453.4442014	1511447.25	1217455.329	3843.016778	0.8462793289	1.047214872	43810.64566	16336.76318	10342.07946	2115.594563	576.316901	0.1511480671	0.0529687643	0.01216672587
71	1	66125.53765	312.7980298	739566.7216	3687168.353	12771.21165	0.4891515341	0.9686136488	40629.8474	15795.77422	9791.825326	2109.888021	534.0208301	0.1042660099	0.02591816244	0.01548333907
71	1	66395.07127	312.7980298	811593.6136	3335165.646	11630.00603	0.5347997589	0.9786628263	41034.01482	15864.67348	9862.038207	2109.887911	539.4066638	0.1042660099	0.02844234942	0.01548333907
71	1	64659.8392	1422.543333	323653.304	6636950.502	6478.15426	0.7408738296	1.024033454	42853.76979	16175.21063	10178.7647	2108.424831	563.6794281	0.4741811109	0.01134245047	0.01633275985
71	1	64665.45519	726.3928413	323653.304	6640407.123	12676.71089	0.4929315646	0.9694507702	40658.20148	15800.94731	9797.382401	2108.335401	534.4232691	0.2421309471	0.01134245047	0.01638535369
71	1	65986.08001	1099.802374	858765.1333	2958035.653	2384.634513	0.9046146195	1.060045089	44339.42848	16426.09035	10432.42427	2119.322799	583.3042378	0.3666007915	0.03009547831	0.01
71	1	66017.02919	1296.914744	781965.2506	3390663.607	2536.448584	0.8985420566	1.058724681	44268.75923	16415.16536	10422.23412	2114.190874	582.4438226	0.4323049146	0.02740402157	0.01298129635
71	1	73806.56203	275.3026721	2758656.822	223980.4379	3974.042493	0.8410383003	1.046085837	43738.78264	16326.20271	10332.73818	2107.865059	575.4817338	0.09176755738	0.09667730246	0.01665712436
71	1	73530.52939	271.9832513	2835035.68	191151.913	3265.206778	0.8693917289	1.052298675	44019.65519	16372.10314	10377.84918	2116.921846	579.0810735	0.09066108376	0.09935400438	0.01139537203
71	1	64887.57917	1252.770063	487958.3745	5093058.097	4435.629548	0.8225748181	1.041999449	43597.70111	16300.66561	10305.46472	2114.664168	573.4940023	0.417590021	0.01710053203	0.01270746703
71	1	71553.62339	168.4877851	2023329.997	653367.5964	9359.971682	0.6256011327	0.9986844016	41804.82945	15998.27573	10000.0366	2099.827495	549.8377382	0.05616259504	0.07090772747	0.02132789026
71	1	65245.0756	1758.019373	546172.6324	4757542.184	2828.991542	0.8868403383	1.056154317	44159.29021	16396.89315	10403.94064	2112.411339	581.0132652	0.5860064578	0.01914065438	0.01401530493
71	1	65391.64351	1753.579156	588688.7896	4478743.141	2598.023975	0.896079041	1.058187514	44241.75474	16410.90687	10418.18442	2112.613013	582.1089659	0.5845263855	0.02063063579	0.01389793445
71	1	65379.12278	1771.495035	695733.7187	3713314.187	1652.221407	0.9339111437	1.066494701	44598.65262	16470.29185	10477.47777	2119.270995	586.7593924	0.5904983451	0.02438203209	0.01002928135
71	1	67495.36038	1086.686111	1079878.692	2315722.043	2558.56327	0.8976574692	1.058548704	44241.62636	16411.82129	10419.90321	2108.330581	582.1750955	0.3622287037	0.03784441694	0.016385498
71	1	64650.80322	1650.779764	412391.5446	5682614.457	3992.267104	0.8403093158	1.045905964	43752.2789	16327.17898	10332.61988	2113.922253	575.5656167	0.5502599213	0.01445228771	0.01313830054
71	1	65072.13662	576.4684906	497703.3095	5093847.247	10108.84484	0.5956462065	0.9920501452	41580.62184	15957.33191	9956.02383	2112.278581	546.6527316	0.1921561635	0.0174420439	0.01409433882
71	1	66829.05575	510.3247258	967773.1265	2645892.027	5761.399308	0.7695440277	1.030332577	43120.41931	16219.81686	10223.50691	2112.312081	567.1711403	0.1701082419	0.03391567031	0.01407429026
71	1	65996.59462	1157.265934	781965.2506	3384245.859	2866.774555	0.8853290178	1.055814856	44152.85657	16395.33516	10401.9653	2114.520803	580.8941137	0.3857553114	0.02740402157	0.01278992626
71	1	64813.44797	618.0998711	545405.1838	4577022.858	8059.117911	0.6776352835	1.010076976	42329.76324	16083.49852	10083.30066	2119.325758	556.5239421	0.2060332904	0.01911375909	0.01
71	1	65361.35596	1074.876699	691242.1233	3736289.033	3241.196774	0.8703521291	1.052502523	44035.95476	16374.36419	10379.71834	2119.288834	579.2607767	0.358292233	0.02422462385	0.010020303
71	1	70319.74549	384.5020743	1985154.16	622764.2469	3269.376209	0.8692249516	1.05226039	44019.79382	16372.01954	10377.67386	2117.412262	579.0751512	0.1281673581	0.06956985285	0.01111047711
