#gen	Feasible	f1	f2	f3	f4	f5	c1	c2	c3	c4	c5	c6	c7	x1	x2	x3
77	1	65731.37545	1314.288352	328314.1731	7270963.408	8130.202944	0.6747918822	1.009540318	42212.71405	16069.64416	10074.3084	2091.433356	555.4060969	0.4380961174	0.01150579092	0.02620437478
77	1	68405.40105	2035.58731	1505275.116	1201908.052	205.8309207	0.9917667632	1.0792311	45111.0698	16557.63366	10566.47555	2119.312474	593.5869368	0.6785291034	0.05275246145	0.01
77	1	69083.25978	2086.591187	1656097.439	984450.3321	227.0757096	0.9909169716	1.07904988	45097.52127	16555.72396	10564.8656	2117.481589	593.4353711	0.6955303956	0.05803803928	0.01106258076
77	1	64511.97836	961.9070379	464844.1046	5120610.463	5887.866173	0.7644853531	1.029196488	43098.73	16214.58589	10216.88731	2119.325222	566.7710007	0.3206356793	0.01629049099	0.01
77	1	68102.23131	901.644545	1159294.545	2133586.115	3227.689374	0.870892425	1.052672526	43988.20643	16369.7119	10377.90846	2103.339168	578.8771795	0.3005481817	0.04062755052	0.01928572113
77	1	64573.06496	521.8006877	437848.3521	5397357.573	12442.78669	0.5022885323	0.9714838272	40768.64325	15817.94256	9813.161931	2116.713165	535.7622507	0.1739335626	0.01534442314	0.01151814498
77	1	64626.32591	4265.123883	389686.9119	5898203.489	1482.325924	0.940706963	1.068011014	44637.9837	16478.38014	10486.883	2112.942456	587.3837455	1.421707961	0.01365660243	0.01370475533
77	1	65581.00974	3934.191409	605867.5529	4423841.63	1109.065398	0.9556373841	1.071305374	44762.44034	16500.11014	10509.45898	2110.590168	589.0794376	1.311397136	0.02123266664	0.01506932168
77	1	73630.73159	645.278856	2631828.875	274770.4052	2154.349687	0.9138260125	1.062125026	44367.37788	16434.41383	10443.89758	2103.044334	583.9345442	0.215092952	0.09223260906	0.01945516265
77	1	69495.32459	293.2566121	1720908.609	913713.3218	5456.761708	0.7817295317	1.033007293	43236.38304	16239.04944	10242.65569	2114.763149	568.677608	0.09775220403	0.06030935083	0.0126502633
77	1	65032.95241	2361.355914	600758.7734	4242213.862	1346.248329	0.9461500668	1.069189502	44706.52503	16488.71365	10496.27816	2119.12118	588.1992324	0.7871186381	0.02105362914	0.01011579279
77	1	69582.26905	119.1841669	1531607.063	1280441.361	16778.26053	0.3288695788	0.9333539901	39184.55087	15551.12866	9543.975438	2101.944222	514.8870366	0.03972805565	0.05367526621	0.02009858423
77	1	71874.48243	839.1161321	2295097.593	419479.9529	1373.500999	0.94505996	1.068975383	44670.26633	16484.29892	10493.26384	2111.041119	587.8440403	0.2797053774	0.08043184003	0.01480862818
77	1	66204.96192	1464.992206	917256.4786	2726570.411	1448.722173	0.9420511131	1.068286504	44670.88958	16482.59521	10490.00645	2119.320854	587.7212054	0.4883307353	0.03214531119	0.01
77	1	65743.18297	2440.209639	788571.1325	3267882.484	803.7737612	0.9678490496	1.073966783	44898.25326	16521.42409	10529.63422	2118.999218	590.7560482	0.813403213	0.02763552512	0.01018521821
77	1	69694.21955	440.5170436	1607232.605	1134278.408	4485.875421	0.8205649832	1.041588899	43547.08294	16294.21567	10300.72323	2104.69892	572.9773602	0.1468390145	0.0563255681	0.0184967007
77	1	67740.26272	177.2857444	1032792.931	2571156.921	16757.23547	0.3297105812	0.9335404022	39190.68991	15552.26197	9545.203295	2101.547379	514.9751315	0.05909524813	0.03619429347	0.02032913607
77	1	67737.46417	523.4194681	1326783.774	1541191.996	3518.504165	0.8592598334	1.05006051	43937.85916	16357.63399	10362.66274	2119.324017	577.9530257	0.174473156	0.04649722112	0.01
77	1	71366.48263	3385.923214	2261069.109	424590.9956	-222.8389822	1.008913559	1.083012717	45255.83521	16582.78025	10592.49504	2117.149321	595.5499633	1.128641071	0.07923930967	0.0112437316
77	1	68916.16065	193.2839509	1492496.778	1288525.936	10192.97114	0.5922811544	0.991315614	41544.38279	15951.58203	9950.523936	2110.321929	546.2008203	0.06442798364	0.0523046438	0.01523109003
77	1	65046.93167	2785.329982	576257.4132	4432720.027	1224.856038	0.9510057585	1.070263906	44743.90657	16495.45863	10503.46479	2117.416968	588.7243567	0.9284433274	0.02019497742	0.01110536059
77	1	64619.24046	797.5214309	285346.8965	7067743.081	13207.68185	0.4716927262	0.9647801827	40464.9963	15768.35361	9764.45504	2106.769696	531.8734729	0.265840477	0.01	0.01729500246
77	1	65829.98403	786.8026525	817051.9397	3135013.928	3862.364776	0.845505409	1.047032558	43816.07808	16336.87371	10341.50665	2119.324268	576.3302015	0.2622675508	0.0286336368	0.01
77	1	64881.55557	876.7974559	514883.9845	4857237.027	6035.188908	0.7585924437	1.027908609	43036.87374	16204.6838	10207.33658	2116.386242	565.9932848	0.2922658186	0.01804414174	0.01170744622
77	1	68608.34328	252.3035913	1264768.24	1861169.002	9832.771405	0.6066891438	0.994515539	41643.04614	15970.32026	9971.232192	2101.546717	547.6546166	0.08410119709	0.04432388279	0.02032913607
77	1	65806.35105	917.9386308	335744.5562	7227630.792	10943.00253	0.5622798988	0.9847739269	41214.03322	15899.56322	9901.124489	2090.673591	542.1099736	0.3059795436	0.01176618917	0.02664612431
77	1	66570.04495	2079.878747	1014816.833	2380091.568	644.3651801	0.9742253928	1.075369475	44955.75926	16531.15754	10539.49465	2119.317118	591.5173075	0.6932929156	0.03556431998	0.01
77	1	64120.84388	2389.339523	309729.1304	6468267.179	3473.62936	0.8610548256	1.050465437	43943.69939	16359.29695	10364.9183	2116.271944	578.079205	0.7964465076	0.01085447693	0.011773033
77	1	64710.26408	393.7016847	331552.0095	6577034.921	22830.49306	0.0867802775	0.8800398351	37061.34574	15187.83756	9172.628417	2108.090071	486.4963654	0.1312338949	0.0116192611	0.01652817907
77	1	65164.60415	2257.394492	557003.2587	4634022.263	1956.775503	0.9217289799	1.063828593	44474.6175	16450.22113	10457.92688	2114.360383	585.1843338	0.7524648308	0.01952021436	0.01288212842
77	1	68706.65882	4112.426565	1456828.237	1344655.719	289.6366712	0.9884145332	1.078518031	45055.76734	16549.9071	10560.03131	2111.519656	592.9732345	1.370808855	0.05105463752	0.01451910812
77	1	69733.47769	1050.820865	1814039.214	794371.1859	995.2114435	0.9601915423	1.072288918	44822.33738	16509.0214	10517.44794	2116.535175	589.7834541	0.3502736218	0.06357311876	0.01161680327
77	1	68336.74366	919.484328	1486927.948	1233022.78	1410.779904	0.9435688038	1.068620614	44684.32715	16484.88594	10492.34085	2119.32074	587.9002711	0.306494776	0.0521094838	0.01
77	1	65408.4553	329.2599305	508221.7107	5159877.524	17861.05054	0.2855579783	0.9238014436	38819.34657	15487.65831	9478.275307	2107.492318	509.9325121	0.1097533102	0.01781066193	0.01687535106
77	1	64757.21221	3620.856855	440954.26	5460706.744	1485.164257	0.9405934297	1.067982874	44640.2154	16478.54569	10486.8711	2113.925468	587.3979146	1.206952285	0.01545326988	0.01313384034
77	1	67141.5039	2969.324027	1167520.269	1924024.267	93.10618057	0.9962757528	1.080223728	45150.99094	16564.43918	10573.4109	2119.310132	594.118922	0.9897746757	0.04091582154	0.01000022133
77	1	65436.03833	373.9504776	709710.2064	3643273.997	10452.62223	0.581895111	0.989000762	41481.67289	15938.95007	9936.019213	2119.201334	545.2244794	0.1246501592	0.02487183898	0.01007248958
77	1	70925.13327	400.8537526	1839225.838	849127.367	4738.767936	0.8104492826	1.039380711	43438.25725	16276.94266	10284.19563	2098.851123	571.6198273	0.1336179175	0.06445578558	0.02189401141
77	1	71461.46401	1228.163189	2210864.585	467447.7863	811.2898125	0.9675484075	1.073921029	44874.57136	16518.78245	10528.11506	2112.613902	590.5415777	0.4093877297	0.07747988893	0.01389265468
77	1	68657.86303	1031.500479	1330929.435	1666417.809	2448.401434	0.9020639427	1.059530273	44268.79841	16417.23957	10426.08558	2104.734297	582.594148	0.3438334932	0.04664250608	0.01847426614
77	1	65054.11181	578.5439755	301636.5754	7152885.825	17614.64282	0.2954142871	0.9259928594	38884.38101	15500.22085	9492.317881	2100.74261	510.9060874	0.1928479918	0.01057087283	0.0207967073
77	1	65969.31947	195.970283	785406.7092	3355545.058	18860.11265	0.2455954941	0.9149793608	38490.81559	15429.97367	9418.079484	2115.171722	505.4329182	0.06532342768	0.0275246277	0.01241388788
77	1	65061.85106	4112.426565	611785.4108	4172762.81	417.3660335	0.9833053587	1.077368374	45036.15289	16544.86241	10553.46082	2119.315144	592.5886128	1.370808855	0.02144005834	0.01
77	1	64874.80622	2118.03689	561801.8177	4473663.144	1734.957105	0.9306017158	1.065765989	44569.51711	16465.31404	10472.39579	2119.321604	586.3703413	0.7060122968	0.01968838016	0.01
77	1	73379.52116	837.291163	2304555.963	474421.4	3070.275061	0.8771889976	1.054109852	43991.30639	16373.73562	10384.94657	2087.350979	579.171739	0.2790970543	0.08076330919	0.02857187251
77	1	65660.72342	3908.554801	771820.7887	3338903.556	221.0899661	0.9911564014	1.079096733	45105.66568	16556.71241	10565.53674	2119.312705	593.5149229	1.3028516	0.02704850826	0.01
77	1	65522.62739	2900.506147	647630.3798	4091570.294	1196.395064	0.9521441974	1.070525292	44742.90978	16496.02404	10504.65901	2114.052934	588.7643529	0.9668353823	0.02269624754	0.01305898901
77	1	67090.28882	567.267165	1104670.396	2136200.139	4194.916573	0.8322033371	1.044113684	43688.53227	16315.77931	10320.55519	2116.358325	574.6775519	0.189089055	0.03871324375	0.01172316907
77	1	63932.20441	1524.313773	309912.3538	6354098.16	5532.032793	0.7787186883	1.03232987	43224.75134	16236.06901	10238.78002	2119.325099	568.4503294	0.5081045909	0.010860898	0.01
77	1	69004.73913	1901.580683	1664752.437	962702.0079	177.6443769	0.9928942249	1.079479436	45120.91668	16559.32128	10568.20292	2119.270809	593.7188063	0.6338602275	0.05834135424	0.01002391865
77	1	72070.09021	2131.047482	2484582.153	307185.1033	-203.1728408	1.008126914	1.082832687	45255.92186	16582.32689	10591.63958	2119.301608	595.5171992	0.7103491605	0.08707233838	0.01
77	1	65001.02218	711.6195487	303033.9122	7100480.122	14295.57505	0.428176998	0.9552167486	40062.95286	15700.92888	9696.679793	2101.682484	526.596546	0.2372065162	0.01061984258	0.02025055226
77	1	72721.50285	2526.239043	2650433.105	244512.5901	-285.1219755	1.011404879	1.0835559	45283.31063	16587.1044	10596.59936	2118.798659	595.8900357	0.8420796809	0.09288459546	0.01028823347
77	1	64070.34477	1027.60016	335744.5562	6153123.122	7905.126794	0.6837949282	1.011435125	42382.09838	16092.56639	10092.66429	2118.657189	557.2319394	0.3425333867	0.01176618917	0.01038839567
77	1	67383.36378	348.8301804	1096210.703	2227590.321	7602.700869	0.6958919652	1.014122328	42464.39504	16108.24274	10110.02383	2111.124953	558.4479427	0.1162767268	0.03841677329	0.01476429153
77	1	63840.2774	2127.315402	285346.8965	6575303.126	4135.542716	0.8345782914	1.04462702	43719.32985	16320.38084	10324.69933	2119.324443	575.0409588	0.7091051341	0.01	0.01
77	1	69305.31235	928.9530574	1745756.484	859770.2029	1069.305992	0.9572277603	1.07162755	44805.26296	16505.50213	10513.35009	2119.3195	589.5118314	0.3096510191	0.06118014619	0.01
77	1	71453.64097	2226.515528	2319849.742	386421.813	-189.0780483	1.007563122	1.082708572	45250.93008	16581.47593	10590.7724	2119.302239	595.4506799	0.7421718428	0.08129928066	0.01
77	1	65074.97163	1019.221169	328314.1731	6841665.489	9366.839818	0.6253264073	0.9986169197	41809.6018	15998.61098	9999.976243	2102.014814	549.8666777	0.3397403896	0.01150579092	0.02005714179
77	1	64464.93503	1301.408058	427127.4743	5444133.268	4695.363809	0.8121854476	1.039702228	43516.06833	16286.06211	10290.00506	2117.807883	572.3563792	0.433802686	0.0149687093	0.01088122011
77	1	72284.73242	300.3039553	2017142.641	706758.9274	6417.151703	0.7433139319	1.024637081	42807.00456	16171.77736	10179.08077	2087.667767	563.3851125	0.1001013184	0.07069089119	0.02839157518
77	1	71076.1173	1143.804083	2128177.409	520836.0921	849.9863601	0.9660005456	1.073576359	44864.89782	16516.86577	10525.93691	2113.83909	590.3932802	0.3812680276	0.07458211164	0.01318165337
77	1	70913.29784	3258.420868	2175455.005	472518.7264	-345.3454528	1.013813818	1.084084625	45306.27347	16590.91043	10600.38678	2119.29287	596.1881721	1.086140289	0.07623895799	0.01
77	1	68058.00857	146.1054626	1412442.167	1367836.733	13649.9151	0.4540033958	0.9608457835	40349.73616	15745.95916	9739.325856	2119.326395	530.1385971	0.04870182086	0.0494991249	0.01
77	1	68595.433	2231.191789	1546762.091	1138079.374	137.1920784	0.9945123169	1.079837312	45133.53197	16561.58544	10570.60572	2118.749908	593.8951456	0.7437305965	0.05420637513	0.01032573879
77	1	69373.30203	714.5337044	1763925.222	838282.6595	1595.186531	0.9361925387	1.066996775	44619.01801	16473.75256	10480.9952	2119.32126	587.029978	0.2381779015	0.06181687076	0.01
77	1	64148.18715	1435.331645	357777.1331	5964590.631	5070.383898	0.7971846441	1.036396939	43386.29061	16263.7369	10267.08465	2118.73062	570.6123771	0.4784438816	0.01253832222	0.01034525786
77	1	67232.413	964.6797158	1050472.802	2378591.719	2782.254442	0.8887098223	1.056571043	44170.52314	16399.16119	10406.54873	2110.796163	581.1885392	0.3215599053	0.03681388566	0.01495352252
77	1	65117.53719	327.4294645	620064.0505	4134376.362	13915.50735	0.443379706	0.9585083183	40254.36263	15729.78773	9722.919296	2118.928153	528.8739834	0.1091431548	0.02173018379	0.01023137613
77	1	65994.25121	775.1884586	642312.8548	4314179.834	6155.684119	0.7537726352	1.026880373	42960.43826	16193.89499	10198.22583	2106.136496	565.1371193	0.2583961529	0.02250989454	0.01766210721
77	1	66749.47629	775.4085748	838506.7241	3288896.389	4780.829204	0.8087668319	1.038988095	43446.23719	16276.78432	10282.75786	2105.796547	571.6161285	0.2584695249	0.02938552108	0.01785917649
77	1	71304.87373	1251.322643	2170391.896	494324.1931	805.1240154	0.9677950394	1.073975059	44877.02776	16519.18309	10528.50812	2112.696697	590.5729992	0.4171075477	0.07606152098	0.01384455188
77	1	67547.77973	1155.443344	1276094.805	1653952.646	1252.518944	0.9498992422	1.070014222	44740.37657	16494.44081	10502.07788	2119.320218	588.6471717	0.3851477814	0.04472082299	0.01
77	1	67522.72601	2790.236315	1269399.754	1669450.362	74.86565216	0.9970053739	1.080384349	45157.45223	16565.54057	10574.53321	2119.310146	594.2050175	0.9300787717	0.04448619452	0.01
77	1	65858.3812	1417.952333	824640.4528	3102047.896	1779.034229	0.9288386308	1.065377857	44553.90683	16462.65292	10469.68394	2119.321704	586.1623226	0.4726507776	0.02889957672	0.01
77	1	65639.36705	356.393531	633159.385	4241561.764	12993.19558	0.4802721768	0.966654372	40555.90147	15782.85837	9778.402574	2111.306271	533.0129746	0.1187978437	0.02218911061	0.01465939485
77	1	66375.6765	358.5273781	824213.0019	3256869.998	9901.850305	0.6039259878	0.9938771048	41649.59267	15969.3775	9968.541123	2110.961567	547.5926858	0.119509126	0.02888459668	0.0148594595
77	1	67103.9024	140.1085798	1021530.837	2471814.664	20607.57527	0.1756969893	0.899604585	37858.61117	15323.08514	9309.896595	2111.126118	497.0724204	0.04670285994	0.03579961266	0.01476429153
77	1	67792.39502	138.7404041	1211804.073	1892147.088	17489.67577	0.3004129692	0.9270588308	38964.09063	15511.45558	9501.788741	2111.505349	511.7977523	0.04624680137	0.04246775024	0.0145438992
77	1	71008.11497	882.4309523	2096395.721	546989.9234	1294.871277	0.9482051489	1.069661439	44704.634	16489.72478	10498.42934	2113.020984	588.2706519	0.2941436508	0.07346832037	0.01365860166
77	1	70838.19751	695.0127121	2155386.106	485915.2297	1220.781178	0.9511687529	1.070293697	44751.61677	16496.35695	10504.03056	2119.320103	588.7969557	0.231670904	0.07553564213	0.01
77	1	69809.10153	244.2556048	1874867.121	719619.3652	5754.696087	0.7698121565	1.030370216	43144.79732	16222.51184	10225.02553	2118.992443	567.3901539	0.08141853492	0.0657048366	0.01019330393
77	1	65148.54739	278.2171375	633159.385	4052872.344	16129.75497	0.3548098011	0.9390092666	39471.12395	15596.20397	9586.735345	2119.218343	518.4321452	0.09273904585	0.02218911061	0.01006286035
77	1	65619.44238	292.5640536	759258.6905	3399651.928	12633.41016	0.4946635938	0.9697971731	40709.43566	15807.29808	9801.851216	2119.233986	534.9333255	0.09752135122	0.02660826874	0.01005364187
77	1	65445.07288	570.2871907	664875.5348	3942173.088	7293.85185	0.708245926	1.016825246	42590.98943	16128.68083	10129.89116	2116.350644	560.0521117	0.1900957302	0.02330060509	0.0117283322
77	1	68709.80452	576.5342647	1264768.24	1878759.334	4707.554596	0.8116978162	1.039652181	43452.79682	16279.18989	10286.29125	2099.909202	571.7968141	0.1921780882	0.04432388279	0.02127932235
77	1	68165.46743	562.8209821	1140574.341	2217188.512	5169.939069	0.7932024372	1.035576429	43293.2654	16251.71369	10258.0554	2101.192556	569.6506115	0.187606994	0.03997149978	0.02053397914
77	1	63912.35202	1353.934327	301029.0632	6441208.709	6549.147566	0.7380340974	1.023374097	42863.82076	16174.58762	10176.16611	2119.109573	563.6440787	0.4513114424	0.01054958252	0.01012539753
77	1	64876.91163	585.0041205	555656.7547	4522636.414	8415.350305	0.6633859878	1.006941376	42202.2678	16061.85258	10061.31639	2118.921198	554.8313807	0.1950013735	0.01947302604	0.01023507138
77	1	69375.70106	332.3853345	1680562.019	969352.8569	4923.983231	0.8030406708	1.037700429	43423.40591	16271.04215	10275.35127	2114.2574	571.177837	0.1107951115	0.05889540203	0.01294393565
77	1	66091.44084	252.3035913	829471.7298	3143270.942	13697.90002	0.4520839994	0.960434335	40321.32714	15741.87401	9735.799725	2115.860976	529.8149318	0.08410119709	0.02906888913	0.01201329517
77	1	66415.61014	244.2556048	973547.5507	2520932.251	11744.71774	0.5302112905	0.9776224855	41024.47757	15860.98374	9856.543466	2119.326242	539.1300321	0.08141853492	0.03411803537	0.01
77	1	65041.55705	684.8144951	588965.052	4333623.227	6685.716208	0.7325713517	1.022174175	42812.70807	16166.05662	10167.62567	2118.276005	562.9761713	0.2282714984	0.02064031743	0.01060968716
77	1	68038.05174	2149.50597	1401615.609	1391271.765	246.1502631	0.9901539895	1.078877119	45095.69883	16555.0858	10563.94002	2118.981345	593.3873576	0.7165019899	0.0491197075	0.01019252129
77	1	66092.2408	2187.666387	874233.9622	2907961.751	846.2274123	0.9661509035	1.073594417	44881.70486	16518.7035	10526.94618	2118.539916	590.5428065	0.729222129	0.03063758439	0.01045209154
77	1	66638.24225	2202.104748	987731.668	2510770.375	798.7434571	0.9680502617	1.074018808	44892.08218	16520.90005	10529.54391	2116.583667	590.7120668	0.7340349159	0.03461511866	0.01158787022
77	1	64287.6206	1388.471065	335744.5562	6278331.229	5915.479048	0.7633808381	1.028966689	43075.21194	16211.48879	10214.49774	2115.154193	566.5236897	0.4628236883	0.01176618917	0.01242318755
77	1	64335.96225	668.2135317	309729.1304	6598568.041	14075.9191	0.4369632359	0.9571153693	40177.38867	15718.00437	9712.036297	2112.806913	527.945233	0.2227378439	0.01085447693	0.01378762019
77	1	67689.35112	2114.923884	1257266.064	1731616.457	598.9657518	0.9760413699	1.075780194	44960.57969	16532.72669	10541.72188	2115.896588	591.6356962	0.7049746281	0.04406096859	0.01198567293
77	1	66145.22441	637.5594291	807733.4191	3280759.065	5416.374768	0.7833450093	1.033366395	43247.1228	16241.11684	10244.96135	2113.681225	568.8378647	0.2125198097	0.02830706866	0.01327879973
77	1	69282.8622	256.8891565	1497306.462	1321976.993	8018.139129	0.6792744349	1.010484649	42296.10252	16080.95843	10083.40007	2104.700495	556.3071085	0.08562971884	0.05247319947	0.0184967007
77	1	65208.83737	3860.368736	520889.8631	4954831.231	1277.765445	0.9488893822	1.069817047	44705.57035	16490.22442	10499.22429	2111.465269	588.307766	1.286789579	0.01825461813	0.01456196948
77	1	64054.15387	2288.031216	309729.1304	6428396.78	3574.477544	0.8570208982	1.049573951	43911.5242	16353.57689	10358.89161	2117.347115	577.6334137	0.762677072	0.01085447693	0.01114847987
77	1	65583.22534	2581.716189	687559.0516	3838461.766	1185.890513	0.9525643795	1.070613209	44751.34612	16497.14911	10505.54239	2115.485185	588.8540886	0.8605720629	0.02409555037	0.01222718706
77	1	66759.25245	1832.738864	977266.7341	2585755.637	1277.22233	0.9489111068	1.069813706	44714.12035	16491.12712	10499.67787	2114.003636	588.3814999	0.6109129547	0.03424837439	0.0130878771
77	1	72374.84258	208.9772455	2566020.476	274239.9803	4782.407878	0.8087036849	1.038930883	43490.2372	16281.32694	10284.90083	2119.324788	571.9881276	0.06965908183	0.08992634957	0.01
77	1	65253.58256	259.6414078	508221.7107	5086317.154	22448.51977	0.1020592091	0.8833973189	37202.87963	15211.54989	9196.443842	2109.988982	488.3523238	0.08654713593	0.01781066193	0.01542496517
77	1	65336.67404	244.2556048	493267.5784	5260771.774	24755.86546	0.009765381713	0.8630865734	36378.33087	15071.47749	9054.112811	2107.747575	477.4001075	0.08141853492	0.01728659342	0.01672718684
77	1	66519.38471	444.6732738	865715.6591	3070609.961	7549.118526	0.6980352589	1.014594087	42483.44801	16111.48567	10113.32433	2111.148118	558.7014706	0.1482244246	0.03033905992	0.01475082609
77	1	67497.84493	209.8246881	1262748.924	1684990.61	10462.31593	0.581507363	0.9889150026	41478.6504	15938.40756	9935.443449	2119.325994	545.1822274	0.06994156271	0.04425311576	0.01000006697
77	1	71798.37321	2908.357955	2410211.858	340924.8267	-333.0114161	1.013320457	1.083976354	45301.55558	16590.12938	10599.61034	2119.187091	596.1269847	0.9694526516	0.08446602669	0.01006167734
77	1	71747.90813	2877.247701	2398486.126	346327.8347	-333.9429477	1.013357718	1.083984217	45302.23518	16590.22202	10599.68524	2119.293783	596.1343588	0.9590825669	0.08405509769	0.01
77	1	68170.11215	932.2199532	1347345.259	1547888.583	2014.78332	0.9194086672	1.063320265	44451.52759	16446.45396	10454.22994	2113.58746	584.8888898	0.3107399844	0.04721779964	0.01333117716
77	1	69645.68741	700.2990433	1542100.648	1264688.538	3264.671241	0.8694131504	1.052352598	43969.21803	16366.86599	10375.33699	2101.55056	578.6524809	0.2334330144	0.05404301454	0.02032475
77	1	64248.60961	1098.620119	391077.9485	5681458.404	6173.359393	0.7530656243	1.026683158	42996.9473	16197.27945	10199.28846	2119.121016	565.4179066	0.3662067063	0.01370535139	0.01011868676
77	1	64249.64675	4336.382935	390023.962	5692434.662	1014.275134	0.9594289946	1.07211305	44823.81518	16508.72699	10516.68875	2119.034574	589.7635628	1.445460978	0.01366841437	0.01016533659
77	1	66068.47895	732.1333525	850192.7929	3025513.079	4146.452942	0.8341418823	1.044536855	43709.38751	16319.08948	10323.7225	2117.47903	574.9377074	0.2440444508	0.02979506009	0.01107208575
77	1	68375.44395	437.7361807	1413312.148	1406560.423	4406.752836	0.8237298865	1.042255024	43606.59661	16302.27044	10307.17443	2114.259924	573.6189458	0.1459120602	0.04952961344	0.01294229925
77	1	68125.5063	841.3298659	1391461.607	1427599.464	1944.912795	0.9222034882	1.063924706	44487.40692	16451.83122	10459.08848	2116.968077	585.3134526	0.2804432886	0.04876385985	0.01136738245
77	1	68217.16998	291.0163773	950043.1107	3103577.344	12179.78657	0.5128085371	0.9738888912	40770.06711	15824.27432	9824.732066	2088.867749	536.2224069	0.09700545909	0.03329432078	0.02769535347
77	1	64734.63178	761.8565671	500335.937	4914359.053	7142.85232	0.7142859072	1.018150023	42649.49614	16138.32073	10139.43426	2117.877379	560.8075675	0.253952189	0.0175343045	0.01084133967
77	1	65255.39237	3881.396306	528921.6207	4907203.535	1266.490905	0.9493403638	1.06991718	44708.68727	16490.81393	10499.87392	2111.199104	588.3535152	1.293798769	0.01853609159	0.01471648439
77	1	64068.97089	357.3084898	345931.589	6044248.096	23303.93872	0.06784245126	0.8758349151	36930.5788	15163.09524	9145.355036	2119.294913	484.5762675	0.1191028299	0.01212319437	0.01001852408
77	1	67564.35552	1928.250743	1215078.986	1842036.078	787.8934344	0.9684842626	1.074118239	44891.9239	16521.13867	10530.01032	2115.368215	590.7292024	0.6427502478	0.04258251976	0.0122935358
77	1	64734.19352	678.1383645	442522.8	5434213.692	9501.392648	0.6199442941	0.9973924366	41802.73567	15994.73276	9993.748319	2114.397454	549.5789922	0.2260461215	0.01550823946	0.01286330039
77	1	72292.17903	3385.923214	2508440.977	300824.5258	-261.1571466	1.010446286	1.083350137	45269.40591	16585.09368	10594.85258	2117.145241	595.730803	1.128641071	0.08790847239	0.0112437316
77	1	72191.85178	514.6665247	2517120.236	293572.2028	1531.250873	0.9387499651	1.067559776	44641.66136	16477.61262	10484.92885	2119.321089	587.3317175	0.1715555082	0.08821263758	0.01
77	1	69079.36206	1416.935606	1592463.949	1099316.109	955.476879	0.9617809248	1.072647845	44827.11529	16510.45293	10519.42536	2113.711782	589.8918304	0.4723118686	0.0558079996	0.01325611831
77	1	70321.99666	713.5438895	1823164.278	825704.6122	2362.516313	0.9054993475	1.060277377	44308.65969	16423.40782	10431.84447	2107.601856	583.079901	0.2378479632	0.06389290721	0.01680850506
77	1	64117.02827	816.4735226	291761.5945	6671320.223	12014.92143	0.5194031428	0.9752561818	40915.36268	15843.27362	9839.244476	2115.252063	537.7405462	0.2721578409	0.0102248035	0.01236697313
77	1	65143.09541	3995.750735	584581.9618	4408103.185	720.222828	0.9711910869	1.074710938	44919.17465	16525.56611	10534.3389	2116.365435	591.0765396	1.331916912	0.02048671175	0.01171420127
77	1	64737.27362	466.7383055	514589.2155	4795153.633	11665.81597	0.5333673614	0.9783192953	41050.34292	15865.53104	9861.293427	2118.695262	539.4847045	0.1555794352	0.01803381154	0.01036657343
77	1	64689.28403	2535.871176	511803.1518	4797064.522	1528.849844	0.9388460062	1.067581001	44642.42786	16477.74885	10485.07236	2119.295624	587.342335	0.8452903918	0.01793617376	0.01001478789
77	1	67281.05613	275.8300035	1104119.102	2176405.356	9438.523219	0.6224590712	0.9979497181	41821.22693	15998.13558	9997.426619	2113.251541	549.8435576	0.09194333451	0.03869392361	0.01352902833
77	1	64607.80796	861.0748313	348809.2806	6322138.413	9752.261131	0.6099095547	0.995194926	41701.9788	15978.34718	9977.714857	2110.781785	548.2936184	0.2870249438	0.01222404326	0.01496389363
77	1	67463.88187	2131.047482	1253059.86	1708250.935	351.6598445	0.9859336062	1.077947085	45059.30106	16548.81665	10557.49726	2119.277288	592.8976675	0.7103491605	0.04391356188	0.01002155627
77	1	68359.45925	711.5783751	1387745.602	1468366.817	2702.967639	0.8918812945	1.057262252	44205.77503	16404.69453	10411.78741	2112.973579	581.6237999	0.2371927917	0.04863363224	0.01368858343
77	1	71926.8115	579.0041293	2437193.332	329185.8759	1382.422503	0.9447030999	1.06887208	44692.56188	16486.40978	10493.99464	2118.771553	588.0187031	0.1930013764	0.08541159417	0.01031893668
77	1	68349.14934	97.7957023	1330929.435	1619397.747	22779.1616	0.08883353605	0.8804866396	37084.88319	15191.49434	9176.055954	2109.716701	486.784247	0.03259856743	0.04664250608	0.01558315712
77	1	73122.79493	1192.951322	2729938.868	220993.4444	304.0433759	0.987838265	1.078373209	45069.14291	16550.96057	10560.07386	2117.142651	593.0625937	0.3976504408	0.09567087996	0.01126005627
77	1	65886.80285	2564.408599	768683.4179	3428291.785	1019.145304	0.9592341878	1.072081526	44810.40031	16507.21621	10515.80142	2115.48423	589.64103	0.8548028662	0.0269385589	0.01222718706
77	1	64637.32581	2011.2845	498340.4356	4887162.611	2202.902181	0.9118839128	1.061645379	44403.79049	16437.06227	10443.60538	2119.322518	584.1619099	0.6704281665	0.01746437202	0.01
77	1	67481.96872	357.3084898	1257979.693	1696532.484	5855.371358	0.7657851457	1.029482731	43110.13328	16216.5368	10218.88128	2119.293326	566.9234631	0.1191028299	0.04408597775	0.01001852408
77	1	66929.52746	1057.661775	1104744.013	2104327.092	1807.455987	0.9277017605	1.065128767	44542.62173	16460.81007	10467.87399	2118.951541	586.0178051	0.3525539249	0.03871582368	0.01021505621
77	1	66996.47181	4053.544765	1110156.792	2097579.864	-23.39762103	1.000935905	1.081253226	45188.55464	16571.08818	10580.39295	2118.182701	594.6372698	1.351181588	0.03890551486	0.01065230004
77	1	64341.56342	3375.646732	334657.0309	6321760.532	2234.610803	0.9106155679	1.061382509	44375.74161	16433.39729	10440.80897	2114.215822	583.8690388	1.125215577	0.01172807677	0.01296647539
77	1	67353.41491	451.2966007	1205780.506	1835824.47	4781.146619	0.8087541352	1.038945538	43487.03295	16281.02308	10284.79489	2118.216362	571.9629899	0.1504322002	0.04225665396	0.01064393917
77	1	70469.77619	699.0593579	1862655.085	781507.5208	2360.411176	0.905583553	1.060295914	44309.40524	16423.53492	10431.97399	2107.60185	583.0898361	0.233019786	0.06527686505	0.01680850506
77	1	66184.61887	841.3298659	764803.8437	3548142.197	4494.391926	0.820224323	1.041495474	43563.02905	16295.67518	10301.15253	2110.455991	573.0986434	0.2804432886	0.02680259898	0.01515219913
77	1	65394.67772	2333.000978	700725.9662	3686511.056	1054.642556	0.9578142977	1.071756673	44810.45613	16506.38742	10514.25226	2119.319436	589.5810344	0.7776669925	0.02455698572	0.01
77	1	65899.94657	2333.000978	745590.3603	3573202.838	1335.356867	0.9465857253	1.069302183	44693.12501	16487.57499	10496.08069	2113.880475	588.1036767	0.7776669925	0.02612926124	0.01315957592
77	1	65174.93136	1275.294572	531338.3661	4850293.863	4103.996859	0.8358401257	1.044926177	43708.51347	16319.99671	10325.53477	2112.648587	575.00259	0.4250981906	0.01862078658	0.01387827073
77	1	70697.54217	2719.541405	1991934.043	637400.4058	328.8864175	0.9868445433	1.078171812	45042.47995	16547.60126	10557.64729	2111.708623	592.7932203	0.9065138015	0.06980745426	0.01441094815
77	1	70660.39113	1350.903902	1996594.743	630078.2828	819.5088487	0.9672196461	1.073848693	44871.62062	16518.28208	10527.60738	2112.601875	590.5024488	0.4503013006	0.06997078879	0.0138996935
77	1	66931.8812	907.0454219	1063158.675	2262729.736	2529.030851	0.898838766	1.058782908	44278.68225	16416.3726	10423.05729	2116.406097	582.5409599	0.302348474	0.03725846288	0.01169445979
77	1	67337.54052	904.4846514	1157753.742	1992894.039	2344.771654	0.9062091338	1.060408116	44341.19552	16427.21151	10434.25594	2115.572747	583.3871932	0.3014948838	0.04057355298	0.01217837619
77	1	66848.56673	591.210237	1020366.072	2418883.649	4464.299767	0.8214280093	1.041745368	43589.21182	16299.10792	10303.78446	2115.169533	573.3728697	0.197070079	0.03575879341	0.01241388788
77	1	65067.84345	1399.963941	606451.4663	4214011.033	2768.792204	0.8892483118	1.05666363	44201.99785	16402.75374	10408.71962	2118.904917	581.4795	0.4666546471	0.02125312992	0.01024304727
77	1	66674.79173	612.4349163	942026.6102	2727824.729	4827.345483	0.8069061807	1.038554637	43454.29743	16276.5296	10281.12934	2113.245283	571.6055243	0.2041449721	0.03301338202	0.01353189337
77	1	64135.25257	489.5452623	301341.3821	6572134.773	19671.90751	0.2131236996	0.9078297257	38204.51351	15381.08737	9368.194076	2115.536605	501.6119477	0.1631817541	0.01056052776	0.01220191975
77	1	68918.74322	119.1841669	1558450.154	1149101.437	15613.97405	0.3754410382	0.9435669843	39637.45722	15625.64357	9617.647665	2114.259217	520.7272329	0.03972805565	0.05461598402	0.01294393565
77	1	64887.118	2520.103276	424190.1773	5690462.665	2627.556594	0.8948977362	1.057933188	44225.39919	16408.51015	10416.07099	2110.822768	581.9193779	0.8400344254	0.01486577154	0.01493790864
77	1	70321.1393	2441.346998	2017042.511	589227.2473	-160.1647074	1.006406588	1.082454001	45240.65615	16579.72677	10588.99179	2119.293083	595.3139358	0.8137823327	0.07068738213	0.01000600089
77	1	70250.3948	2441.593036	1946911.925	661347.4075	83.24068231	0.9966703727	1.080320526	45144.27385	16563.97199	10573.50454	2116.203896	594.0785279	0.8138643454	0.06822965132	0.01180120825
77	1	66634.58483	1200.529587	968371.3305	2595910.388	2069.453394	0.9172218642	1.062832797	44438.39714	16443.8019	10451.17963	2115.479708	584.683943	0.4001765289	0.0339366344	0.01223210269
77	1	68639.26885	249.1081016	1461136.219	1326301.448	7869.318758	0.6852272497	1.011768895	42375.79438	16092.75214	10093.91292	2112.893233	557.2392572	0.08303603386	0.05120561103	0.01373702638
77	1	63941.98346	1404.647266	288018.3529	6606816.518	6694.021694	0.7322391322	1.022102412	42808.3539	16165.40814	10167.04365	2117.847112	562.924944	0.4682157553	0.01009362136	0.01085885767
77	1	68327.53688	992.9956103	1474615.815	1258647.914	1309.168229	0.9476332709	1.069517285	44718.35626	16490.81691	10498.49412	2118.725989	588.3631503	0.3309985368	0.05167800432	0.01034525786
77	1	63877.14416	852.7604206	285346.8965	6597816.313	11502.64387	0.5398942452	0.9797560314	41108.25252	15875.39499	9871.338695	2118.731936	540.255812	0.2842534735	0.01	0.01034525786
77	1	66012.08974	313.2717894	865715.6591	2929533.068	10203.6368	0.5918545279	0.9911928673	41570.26413	15954.02512	9951.358748	2119.326079	546.4030472	0.1044239298	0.03033905992	0.01
77	1	67834.27285	2361.355914	1352653.749	1486639.492	166.3247097	0.9933470116	1.079578982	45125.06125	16560.01881	10568.90618	2119.311841	593.7733834	0.7871186381	0.04740383601	0.01
77	1	65125.47141	619.3348492	582651.5616	4415713.227	7678.234847	0.6928706061	1.013439849	42455.48935	16105.53987	10106.27372	2116.542703	558.2434299	0.2064449497	0.02041906075	0.01161680327
77	1	64896.34034	1012.34242	518834.8881	4830577.335	5109.470089	0.7956211964	1.036060263	43364.72472	16260.57324	10264.2916	2116.385883	570.3621448	0.3374474733	0.0181826014	0.01170744622
77	1	68803.93524	658.6414054	1606247.971	1046204.036	2070.739925	0.917170403	1.062810235	44449.49874	16444.92716	10451.68149	2118.988874	584.7762886	0.2195471351	0.05629106155	0.0101936794
77	1	68817.50711	681.0165344	1609874.754	1040931.674	1972.229754	0.9211108099	1.063677692	44484.38693	16450.87462	10457.74234	2118.988687	585.2411999	0.2270055115	0.05641816236	0.0101936794
77	1	72420.30225	579.0041293	2554751.912	280851.3301	1347.380071	0.9461047972	1.06918342	44702.12796	16488.22937	10496.00763	2117.907663	588.1598605	0.1930013764	0.08953144204	0.01082063808
77	1	64054.15387	480.681078	309729.1304	6428396.78	19357.51142	0.2256995431	0.9105924155	38321.83217	15400.69042	9387.837614	2117.349842	503.1465775	0.160227026	0.01085447693	0.01114847987
77	1	70184.6237	2043.581201	1886081.067	730717.0611	416.4457582	0.9833421697	1.077394757	45017.67197	16542.96047	10552.57197	2113.599064	592.4328037	0.6811937338	0.06609783004	0.01331708211
77	1	66976.26169	436.1996965	1117835.724	2065865.436	5359.736675	0.785610533	1.033848136	43284.67195	16246.35679	10249.3253	2118.991232	569.2541051	0.1453998988	0.0391746235	0.01019392326
77	1	71172.9199	244.2556048	2057092.253	594724.0931	5967.953404	0.7612818638	1.028527517	43033.0633	16205.868	10210.0846	2108.000103	566.0753747	0.08141853492	0.07209092786	0.01657939518
77	1	71417.44478	244.2556048	2123418.926	542051.3907	5778.771396	0.7688491442	1.030193218	43100.25895	16217.31002	10221.73388	2108.059309	566.9698678	0.08141853492	0.07441535029	0.01654495241
77	1	65123.90574	1330.573493	628368.1499	4077474.987	2792.920058	0.8882831977	1.056449826	44194.83078	16401.44048	10407.30443	2119.323327	581.3773651	0.4435244977	0.02202120148	0.01
77	1	67543.56159	651.960062	1223687.078	1811156.644	3185.648962	0.8725740415	1.053001455	44045.55341	16376.66928	10382.62948	2116.230187	579.4371433	0.2173200207	0.04288419089	0.01179712922
77	1	64069.11429	805.6385306	337766.0317	6130819.045	10204.62835	0.5918148659	0.9911858224	41568.17787	15953.78466	9951.210515	2118.799318	546.3835922	0.2685461769	0.0118370319	0.01030602948
77	1	66790.50783	2240.084829	1049314.446	2287714.931	606.2243508	0.975751026	1.075710049	44964.41578	16532.95531	10541.59738	2117.843123	591.6559977	0.7466949431	0.036773291	0.01085566766
77	1	72591.54469	2346.444137	2604371.053	261743.5721	-193.5667335	1.007742669	1.082751876	45248.63366	16581.34244	10590.8532	2118.117845	595.438771	0.7821480456	0.09127034794	0.01068542058
77	1	72786.50985	432.7431008	2604371.053	266517.8519	2184.608985	0.9126156406	1.061820304	44396.03103	16436.68474	10444.01509	2114.999357	584.1269962	0.1442477003	0.09127034794	0.0125112727
77	1	63959.38049	708.5435368	307695.4477	6394747.611	12920.65125	0.4831739499	0.9672693333	40606.12753	15789.79177	9784.099259	2118.754542	533.5642639	0.2361811789	0.01078320639	0.01033219613
77	1	64498.50164	556.0600568	456084.1099	5192765.816	10986.91002	0.5605235992	0.9842965512	41291.83644	15906.62901	9903.116193	2119.014987	542.6977199	0.1853533523	0.01598349642	0.01018078492
77	1	67351.66347	2898.670747	1223687.078	1779218.267	73.64846311	0.9970540615	1.080395067	45157.88331	16565.61405	10574.6081	2119.310121	594.2107619	0.9662235823	0.04288419089	0.01
77	1	64597.141	2564.408599	423933.5429	5541987.914	2246.864121	0.9101254352	1.061270557	44375.57043	16433.09138	10440.26464	2115.481521	583.846707	0.8548028662	0.01485677777	0.01223126284
77	1	64413.9233	2561.87721	375088.9697	5931964.389	2605.741539	0.8957703384	1.058110348	44248.49413	16411.42688	10418.1858	2115.489151	582.1532089	0.85395907	0.01314501662	0.01222718706
77	1	65943.08694	592.6938024	847276.1869	3005758.635	5158.710565	0.7936515774	1.035617254	43356.96649	16258.608	10261.74874	2119.324954	570.2121955	0.1975646008	0.02969284745	0.01
77	1	67185.02011	816.4735226	1026616.431	2468533.906	3444.140302	0.8622343879	1.050744799	43933.88706	16358.96897	10365.71429	2110.121917	578.0458824	0.2721578409	0.03597783762	0.01534573531
77	1	68554.37514	338.8376455	1531607.063	1164049.664	5025.387054	0.7989845178	1.036793871	43401.5061	16266.37855	10269.81686	2118.511852	570.8186006	0.1129458818	0.05367526621	0.0104723401
77	1	66723.37079	628.5720479	942026.6102	2740138.406	4751.158656	0.8099536537	1.039228027	43478.70023	16280.86084	10285.68708	2112.462132	571.9431171	0.209524016	0.03301338202	0.01398683713
77	1	66980.26235	2176.606384	971899.4527	2664049.735	1301.401184	0.9479439527	1.069613236	44692.75585	16488.33492	10497.5467	2110.115695	588.1583778	0.7255354612	0.03406027767	0.01534573531
77	1	66098.03815	2582.715839	857554.1065	2995204.886	712.8382895	0.9714864684	1.074772529	44925.3237	16526.37975	10534.97089	2117.438836	591.1414825	0.8609052798	0.03005303779	0.01109093041
77	1	73465.62829	1165.755767	2748093.351	221036.9328	637.1176386	0.9745152945	1.075454426	44936.58576	16529.33228	10538.84762	2112.711672	591.3663793	0.3885852557	0.09630710496	0.01383447149
77	1	73365.07772	1994.101988	2750733.163	217982.3624	123.1544269	0.9950738229	1.079974561	45124.47351	16560.97264	10570.76407	2114.480633	593.8419207	0.6647006627	0.09639961733	0.01280030135
