#gen	Feasible	f1	f2	f3	f4	f5	c1	c2	c3	c4	c5	c6	c7	x1	x2	x3
91	1	66033.85814	165.8403691	735354.6603	3682853.167	24217.21348	0.03131146095	0.8678190384	36580.18213	15105.15172	9087.810652	2111.112315	480.0366154	0.05528012305	0.02577055049	0.0147723708
91	1	66178.41692	466.1110828	285346.8965	8166971.67	24305.15767	0.02779369306	0.867138992	36451.94618	15089.7366	9077.518913	2081.636809	478.7947875	0.1553703609	0.01	0.03189671674
91	1	65393.88854	2705.956234	538989.2007	4884306.262	1973.710418	0.9210515833	1.063694781	44452.8663	16447.55899	10456.09298	2109.576786	584.9702591	0.9019854112	0.01888891056	0.01566068449
91	1	65085.07295	1470.728295	614159.5567	4164517.252	2544.914812	0.8982034075	1.05863444	44281.90261	16416.33433	10422.52472	2119.091884	582.5413243	0.4902427649	0.02152326043	0.01013427126
91	1	66883.84242	267.696681	720762.4571	4087294.179	16288.12243	0.3484751026	0.9376873593	39340.30451	15578.86418	9573.23477	2096.530311	517.0483484	0.08923222698	0.02525916581	0.02324387293
91	1	73408.7317	1316.689083	2744172.124	221379.3175	483.0165261	0.980679339	1.076809224	44993.40384	16538.86934	10548.44142	2113.390294	592.1127391	0.4388963611	0.0961696853	0.01343905365
91	1	66503.71613	1012.921841	791722.8981	3487447.194	3833.219887	0.8466712045	1.047328863	43785.59423	16334.38605	10341.24838	2106.935292	576.1202614	0.3376406135	0.02774597894	0.01719717057
91	1	66888.68335	740.1786272	960393.0564	2694944.962	4023.77395	0.839049042	1.045638183	43731.1813	16324.24226	10330.18174	2110.904671	575.332284	0.2467262091	0.03365703528	0.01489133885
91	1	64551.18381	623.5484733	290836.0549	6956527.004	16436.74446	0.3425302217	0.9363412747	39326.10131	15573.8915	9566.022877	2108.198084	516.6742156	0.2078494911	0.0101923679	0.01646528288
91	1	64478.55728	2806.46789	392802.6171	5786492.674	2206.598565	0.9117360574	1.061625018	44389.94167	16435.53392	10442.74756	2115.515103	584.0376813	0.9354892965	0.01376579251	0.01221170958
91	1	69953.04756	1854.286214	1918466.543	676008.557	72.87244898	0.997085102	1.080401974	45158.08207	16565.65299	10574.65202	2119.286978	594.2137765	0.6180954046	0.06723278109	0.01001341652
91	1	67694.38146	1898.622868	1315270.872	1566108.826	426.2291366	0.9829508345	1.077290328	45033.01395	16544.32731	10552.91551	2119.315235	592.5467841	0.6328742892	0.04609375073	0.01
91	1	66757.55454	1268.827671	928073.9551	2816387.9	2353.476866	0.9058609253	1.060345885	44323.27171	16425.14124	10432.97426	2111.066604	583.2197308	0.4229425569	0.03252441034	0.01479594025
91	1	67548.93691	467.8510805	1117232.023	2180805.902	5615.032919	0.7753986833	1.031629731	43163.72951	16227.7661	10232.08347	2109.723333	567.7892954	0.1559503602	0.03915346678	0.01557819326
91	1	67991.31123	267.696681	886261.4409	3395987.321	13973.66887	0.4410532453	0.9580930641	40134.06814	15715.89944	9714.328914	2088.661283	527.7505182	0.08923222698	0.03105908814	0.02781541503
91	1	67778.28826	532.4210293	1093611.89	2321137.176	5400.339338	0.7839864265	1.033536668	43222.89401	16238.97202	10244.44438	2104.601178	568.658858	0.1774736764	0.03832569773	0.01855384168
91	1	68473.91312	179.3247604	997893.2665	2924432.25	18133.81322	0.2746474713	0.921463198	38657.27466	15464.376	9458.202149	2087.616021	508.0877038	0.05977492015	0.03497123252	0.02842284563
91	1	71347.17995	724.1747341	1987803.587	681853.8108	2615.472372	0.8953811051	1.05807102	44197.35225	16405.87501	10415.18933	2101.006923	581.7011261	0.241391578	0.0696627022	0.02063956919
91	1	66136.64333	1901.809866	597534.8069	4725730.573	3157.45459	0.8737018164	1.053298045	44005.82833	16373.19741	10381.86507	2101.136991	579.146889	0.633936622	0.02094064503	0.02056486137
91	1	64978.60488	1799.788813	325868.7001	6809725.232	5448.252816	0.7820698874	1.033118537	43202.03266	16235.67414	10241.30082	2103.419468	568.3995878	0.5999296042	0.01142008917	0.01924036728
91	1	64007.42897	997.4855608	316656.1082	6323926.403	8710.72998	0.6515708008	1.004341619	42096.3352	16043.88176	10043.07667	2118.520064	553.4261057	0.3324951869	0.0110972333	0.01046814399
91	1	68678.3933	1496.554995	1349131.465	1617543.163	1699.874756	0.9320050097	1.06611916	44536.42188	16462.69417	10472.26583	2105.498186	586.1482783	0.4988516651	0.04728039736	0.01802864114
91	1	68723.05695	2789.868121	1452322.561	1357300.986	565.7562971	0.9773697481	1.076088306	44956.21135	16533.05282	10542.95422	2110.992981	591.6550706	0.9299560404	0.05089673582	0.01483057855
91	1	66313.74595	536.8084835	695618.9546	4050242.767	8286.411745	0.6685435302	1.0081239	42199.45095	16064.59095	10066.81207	2104.202478	555.0270453	0.1789361612	0.02437801017	0.01878606529
91	1	65885.94047	840.7322075	673450.7058	4045826.592	5175.180979	0.7929927608	1.03550284	43319.62944	16254.33454	10259.15161	2109.760379	569.8661885	0.2802440692	0.0236011225	0.0155565473
91	1	66308.71026	1958.846395	944980.9255	2623274.277	842.0366934	0.9663185323	1.073628828	44885.75226	16519.2233	10527.33288	2119.318383	590.5844117	0.6529487982	0.03311691619	0.01
91	1	69087.57518	656.4315269	1381780.762	1587302.162	3838.078556	0.8464768577	1.047305472	43763.92032	16332.01589	10339.94635	2100.877202	575.9274172	0.218810509	0.04842459403	0.02071643985
91	1	68617.10872	250.932225	1229242.953	1981454.186	10318.49426	0.5872602295	0.9902456955	41463.49927	15940.21204	9940.969749	2099.262529	545.2982116	0.08364407501	0.04307889689	0.02165621049
91	1	66166.78824	309.8140531	582795.1143	4862068.145	17113.67685	0.3154529262	0.930407368	39058.58746	15530.13161	9522.978286	2099.7666	513.2429824	0.103271351	0.02042409157	0.02136372239
91	1	65931.68656	314.6731368	717214.7481	3765114.549	12965.48544	0.4813805826	0.9668972337	40566.89538	15784.65418	9780.166774	2111.664548	533.1538002	0.1048910456	0.02513483612	0.01445124662
91	1	64927.12161	3012.613132	439549.0451	5560990.291	2071.083974	0.9171566411	1.062832448	44423.40623	16442.20324	10450.35471	2111.103154	584.553508	1.004204377	0.01540402403	0.01477429067
91	1	64685.10356	402.975023	472031.8086	5138792.972	15042.7945	0.3982882199	0.9485879749	39848.67216	15661.05718	9653.238372	2116.969334	523.4988905	0.1343250077	0.01654238453	0.01136942695
91	1	72895.25394	144.394828	2705088.889	225941.3669	6850.808912	0.7259676435	1.02071705	42757.69587	16156.44909	10157.64209	2119.325497	562.2264651	0.04813160935	0.09480001086	0.01
91	1	64654.22622	448.1034767	332592.9639	6531112.529	19931.78889	0.2027284446	0.905562022	38091.12807	15363.17544	9351.131693	2109.056082	500.2036797	0.1493678256	0.01165574142	0.01596690325
91	1	68094.66675	266.5193668	1068538.728	2496817.259	11211.35734	0.5515457066	0.9823874354	41143.09332	15885.87	9885.82549	2097.990268	541.0487219	0.08883978893	0.03744700718	0.02239542222
91	1	68167.90165	680.7229202	1437311.555	1323323.844	2294.844179	0.9082062328	1.060836629	44370.33492	16431.41835	10437.90372	2119.051361	583.7203874	0.2269076401	0.05037067416	0.01015760132
91	1	64428.35462	440.9328386	428169.624	5415871.087	15053.55432	0.3978578271	0.948488447	39849.77884	15660.91939	9652.82358	2118.462198	523.4899848	0.1469776129	0.0150052315	0.01050212176
91	1	67078.86972	196.92837	857054.19	3283201.397	18131.44635	0.2747421459	0.9214392434	38704.20122	15469.31599	9460.664751	2101.608006	508.4913456	0.06564279	0.03003551819	0.02029395457
91	1	64554.42396	585.1850311	285346.8965	7025397.722	17875.84547	0.2849661811	0.9236701305	38815.16907	15486.87564	9477.418449	2107.814809	509.8717343	0.195061677	0.01	0.01668799485
91	1	71002.39966	1299.640257	2195434.105	460160.3217	294.1535359	0.9882338586	1.078454093	45079.02834	16552.22202	10561.00322	2119.082385	593.1636221	0.4332134188	0.0769391268	0.01013427126
91	1	65824.16769	567.3846996	460236.8795	5829598.124	12164.33486	0.5134266055	0.9739960499	40805.27824	15828.30255	9827.177781	2097.896207	536.5485748	0.1891282332	0.01612903049	0.02245013615
91	1	69090.75824	175.0660776	1363100.328	1640227.014	13108.79007	0.4756483971	0.9656736262	40476.74042	15771.9011	9769.369067	2099.702314	532.1419477	0.05835535921	0.04776993702	0.02140090629
91	1	70609.52001	532.4210293	1846554.176	814192.0851	3332.903493	0.8666838603	1.051742706	43954.36993	16363.71628	10371.60737	2104.379551	578.4098035	0.1774736764	0.06471260766	0.0186814657
91	1	65188.01672	2065.528633	562548.0483	4599501.975	2154.131666	0.9138347334	1.062090861	44404.58077	16438.29121	10445.7774	2114.317916	584.2517221	0.6885095445	0.01971453186	0.01290707
91	1	71508.50955	315.7260546	2334512.155	378609.0747	3270.920985	0.8691631606	1.052240667	44025.54279	16372.5816	10377.89534	2119.32381	579.1214758	0.1052420182	0.08181312582	0.01
91	1	64360.87196	1248.806332	287613.6001	6873289.941	8109.479417	0.6756208233	1.009659934	42284.73578	16077.62776	10078.83517	2111.07059	556.0547116	0.4162687773	0.01007943677	0.01479594025
91	1	66626.47698	646.1416675	902600.1325	2908468.415	4886.605828	0.8045357669	1.038037926	43428.04141	16272.40344	10277.21848	2111.645797	571.2809851	0.2153805558	0.03163167862	0.01446112829
91	1	67898.8795	936.6803481	1158847.695	2095365.93	2889.038347	0.8844384661	1.055644195	44118.85104	16391.27225	10399.28237	2106.589973	580.5666075	0.3122267827	0.04061189064	0.01739698781
91	1	69967.72625	178.2561032	1130942.832	2664703.228	17417.9355	0.3032825799	0.9278184404	38857.92827	15502.09243	9499.588218	2071.561968	511.0159239	0.05941870107	0.03963396293	0.03774970089
91	1	65239.81906	1669.761568	659343.4176	3905274.578	1936.985918	0.9225205633	1.063986973	44497.96693	16453.11673	10459.96593	2119.322037	585.4168816	0.5565871894	0.02310673169	0.01
91	1	68920.05559	322.9279585	1642805.146	992354.7062	4842.348073	0.8063060771	1.038403064	43469.00889	16277.7081	10281.213	2119.324816	571.7052443	0.1076426528	0.05757221003	0.01
91	1	67725.98944	2608.585476	1293645.928	1630932.128	246.6643064	0.9901334277	1.078877339	45090.63327	16554.54647	10563.66289	2117.497	593.3433454	0.8695284919	0.04533590322	0.01105385677
91	1	71348.14112	1433.029641	2291657.244	401899.8248	140.8251639	0.9943669934	1.079803525	45134.09212	16561.55832	10570.47504	2119.311403	593.8937266	0.4776765472	0.08031127279	0.01
91	1	72222.17328	2030.365133	2486364.45	310582.4835	-7.553215039	1.000302129	1.081117613	45178.92057	16569.71289	10579.2159	2116.958797	594.528238	0.6767883777	0.08713479909	0.01136179983
91	1	67824.93384	172.5495113	1215258.79	1886489.775	14005.07376	0.4397970494	0.9577443958	40197.14999	15721.72691	9716.127159	2111.189027	528.2342011	0.05751650378	0.04258882099	0.01472755505
91	1	68387.11915	1958.846395	1400314.551	1440291.342	752.6159149	0.9698953634	1.074435573	44897.53696	16522.55234	10531.83487	2113.27734	590.8370979	0.6529487982	0.04907411183	0.0135071393
91	1	66654.93984	133.8252695	1031744.21	2329273.591	20804.55541	0.1678177836	0.8978448833	37814.71683	15313.88509	9299.077799	2118.979341	496.3630685	0.04460842315	0.03615754098	0.01020182118
91	1	65115.40361	1857.085311	365661.1406	6435287.637	4742.829661	0.8102868136	1.039329696	43452.50709	16278.33036	10284.73443	2103.614219	571.7342544	0.6190284371	0.01281461775	0.01912696109
91	1	66790.21999	1332.647972	1073653.739	2192794.426	1314.07202	0.9474371192	1.0694722	44718.57704	16490.7246	10498.29082	2119.32043	588.3566767	0.4442159906	0.03762626304	0.01
91	1	65251.25344	342.5336428	412513.5056	6006661.786	21369.22123	0.1452311508	0.8929197214	37566.22909	15274.74509	9261.898075	2104.253202	493.2851053	0.1141778809	0.01445656184	0.01875725297
91	1	66160.39948	861.9055233	875783.235	2918517.94	3303.836305	0.8678465478	1.051956533	44008.01117	16369.98293	10375.57489	2117.540318	578.9161102	0.2873018411	0.03069187876	0.01103610437
91	1	67636.03716	725.0391161	1236569.205	1786261.132	2826.092433	0.8869563027	1.056169907	44170.54279	16398.13253	10404.63309	2115.516105	581.1140268	0.2416797054	0.04333564584	0.01221170958
91	1	68822.62477	1553.655958	1387674.132	1532985.14	1606.307727	0.9357476909	1.066943088	44569.55942	16468.3432	10478.02256	2105.497519	586.5898609	0.5178853192	0.04863112756	0.01802864114
91	1	64080.32295	1596.911409	325918.1096	6265026.292	5052.611575	0.797895537	1.036556089	43389.85797	16264.52606	10268.04101	2117.902742	570.6730313	0.5323038031	0.01142182072	0.01082620999
91	1	67505.32359	884.6495086	995157.0702	2686018.044	3780.798578	0.8487680569	1.047802875	43791.39885	16336.22274	10343.83209	2103.060857	576.2589932	0.2948831695	0.03487534234	0.01944787819
91	1	64793.3249	2017.851752	467267.4672	5233821.574	2704.87527	0.8918049892	1.057239179	44211.55548	16405.25134	10411.9946	2114.933786	581.6697744	0.6726172507	0.01637541788	0.01254988837
91	1	69017.08526	902.0640614	1339692.224	1696782.767	3120.654506	0.8751738197	1.053627423	44013.382	16374.84886	10383.85374	2099.473155	579.2739037	0.3006880205	0.04694959856	0.02153129603
91	1	68906.24177	109.5635	1624706.831	1022791.282	16008.57993	0.3596568028	0.9400787404	39511.53292	15603.25895	9594.064669	2118.457486	518.98268	0.03652116667	0.05693795346	0.01050488996
91	1	66230.52841	223.7486851	718909.3763	3859495.125	18616.33581	0.2553465677	0.9171523231	38550.06915	15441.87265	9431.716413	2106.949867	506.3527838	0.07458289502	0.02519422447	0.01719051729
91	1	71349.0892	283.7215679	2099151.113	561857.9188	5064.018809	0.7974392477	1.036488313	43352.20206	16260.33845	10265.64921	2107.696926	570.3329344	0.09457385597	0.07356488328	0.01675526828
91	1	67243.8464	299.3215606	892754.4626	3133017.354	11674.75244	0.5330099022	0.9782969302	40989.22652	15858.95964	9857.830237	2101.101663	538.9490354	0.09977385353	0.0312866365	0.02058784564
91	1	66738.82422	574.9800349	1057919.417	2242943.698	4134.05003	0.8346379988	1.04464055	43719.46112	16320.4296	10324.77119	2119.203797	575.0446195	0.1916600116	0.03707485276	0.01007008805
91	1	64313.78216	1898.622868	411880.559	5512697.497	3038.988683	0.8784404527	1.054283006	44107.68354	16386.5843	10392.16501	2119.323591	580.2160628	0.6328742892	0.01443438019	0.01
91	1	65923.4844	485.2308323	285346.8965	7976202.703	23129.01467	0.07483941305	0.8774826629	36882.02305	15162.15407	9150.561817	2085.746201	484.4607741	0.1617436108	0.01	0.02950926935
91	1	64676.10297	791.1316437	508702.7748	4817122.345	6626.564223	0.7349374311	1.022691693	42837.11398	16169.98766	10171.43878	2119.32544	563.284771	0.2637105479	0.01782752086	0.01
91	1	67652.35109	133.8252695	1144289.181	2100558.545	19352.04678	0.2259181288	0.9106650587	38298.53756	15398.39429	9386.905451	2109.690268	502.9575182	0.04460842315	0.0401016866	0.01559844905
91	1	69836.87749	597.8351749	1816031.174	799248.1158	2285.605429	0.9085757828	1.060930976	44360.23927	16430.58477	10437.80011	2114.992564	583.650155	0.1992783916	0.06364292712	0.0125153358
91	1	64133.31121	807.9935732	344665.3274	6093822.774	9998.96498	0.6000414008	0.9929988244	41638.97746	15965.98929	9963.761546	2118.180634	547.3368518	0.2693311911	0.01207881815	0.01066544847
91	1	71838.17577	349.376416	2422608.153	334883.5459	2749.572102	0.8900171159	1.056831538	44210.18281	16404.05757	10409.97142	2119.323277	581.5819425	0.1164588053	0.08490045564	0.01
91	1	69805.69654	109.5635	1746997.16	898654.6781	15349.79959	0.3860080164	0.9459026011	39721.38573	15640.59042	9633.416868	2111.335299	521.8919696	0.03652116667	0.06122362574	0.01464262698
91	1	66455.90824	337.0339223	642171.4856	4503951.541	14460.1872	0.4215925119	0.9537768027	39994.7892	15689.96379	9686.056067	2098.687599	525.7356654	0.1123446408	0.02250494025	0.02199048755
91	1	73963.34534	1386.923783	2853468.965	192697.7195	579.7976107	0.9768080956	1.075964508	44951.39653	16532.22154	10542.09827	2111.041417	591.5901495	0.4623079276	0.1	0.01480270526
91	1	73743.77402	646.1416675	2834444.875	195169.2543	1280.77204	0.9487691184	1.069784241	44711.01918	16490.72088	10499.36677	2113.443618	588.3490444	0.2153805558	0.09933329958	0.01341311642
91	1	64688.14222	621.9113259	439355.2746	5440966.467	10435.98172	0.5825607311	0.9891609089	41473.55902	15938.49678	9936.338843	2114.948844	545.1837324	0.2073037753	0.01539723333	0.01254303532
91	1	66115.20758	2806.46789	893271.6164	2819209.32	421.6034452	0.9831358622	1.07733106	45034.65217	16544.60658	10553.20011	2119.315188	592.5686147	0.9354892965	0.03130476018	0.01
91	1	65063.79988	2655.592202	540467.6517	4724921.958	1618.534448	0.9352586221	1.066805053	44596.47521	16470.85725	10478.84113	2114.986988	586.7982375	0.8851974006	0.01894072297	0.01251758609
91	1	64733.07086	1404.312513	523926.181	4716042.021	3278.108076	0.868875677	1.052177379	44022.99742	16372.14769	10377.45315	2119.323816	579.0875569	0.4681041709	0.01836102609	0.01
91	1	64323.53781	773.8243623	406840.1068	5566290.606	8717.037889	0.6513184844	1.004284971	42095.23593	16043.61903	10042.74562	2118.86456	553.4059989	0.2579414541	0.01425773722	0.01026800479
91	1	64423.04461	479.8186479	335089.7393	6364904.627	18195.39787	0.2721840851	0.9208398433	38718.85641	15469.33777	9458.605499	2112.933196	508.5072	0.1599395493	0.01174324107	0.01371438389
91	1	66093.84588	488.9232915	416136.7098	6453900.39	15896.20913	0.3641516347	0.9411565125	39460.52257	15600.59157	9596.413178	2090.889179	518.7397221	0.1629744305	0.01458353726	0.02652117031
91	1	69840.71216	129.9117569	1097001.126	2793722.368	23535.51171	0.0585795316	0.8739485607	36691.33804	15132.74927	9123.203241	2071.562256	482.1444851	0.04330391895	0.03844447371	0.03774970089
91	1	69278.63347	139.6920388	1020829.812	3027689.043	23202.14985	0.07191400619	0.8768697663	36824.11063	15154.40675	9144.452886	2076.027975	483.843024	0.04656401294	0.0357750452	0.03515525285
91	1	66207.14847	160.4556085	917840.786	2724351.984	19433.86482	0.2226454071	0.9099137371	38301.30251	15396.7584	9383.467309	2119.326683	502.8416833	0.05348520283	0.03216578828	0.01
91	1	68586.12198	336.5635063	1497626.145	1238591.381	5378.845825	0.784846167	1.0336896	43267.88826	16244.16058	10247.64607	2115.950392	569.078628	0.1121878354	0.05248440278	0.01196051326
91	1	68313.36193	440.9328386	1480589.661	1243996.813	3792.0018	0.848319928	1.047652174	43840.97982	16341.11995	10345.83485	2119.318789	576.6621219	0.1469776129	0.05188735812	0.01000315534
91	1	71558.10032	512.0236761	2044167.387	630364.4744	3391.108809	0.8643556477	1.051240955	43922.65419	16359.04665	10367.46816	2101.008837	578.0405685	0.1706745587	0.07163797512	0.02063956919
91	1	64402.81133	651.7461806	435671.6342	5332990.328	9711.384698	0.6115446121	0.9955275189	41744.59928	15983.7444	9981.644647	2119.326017	548.7261938	0.2172487269	0.01526813992	0.01
91	1	64634.0328	332.2508627	486684.2031	4985772.133	17678.16763	0.2928732948	0.9253760583	38920.95601	15502.53418	9491.379251	2118.676571	511.10933	0.1107502876	0.01705587862	0.01037765434
91	1	71805.77088	283.7215679	2061117.723	626261.0254	5848.985513	0.7660405795	1.029607002	43042.39425	16209.63634	10215.75506	2098.041201	566.3575003	0.09457385597	0.07223200072	0.02236498257
91	1	68459.22962	197.7908663	1463945.954	1297985.181	9749.620875	0.610015165	0.9952015802	41719.98761	15980.2837	9978.735641	2115.965249	548.4514728	0.06593028876	0.05130407836	0.01195248854
91	1	65198.40418	701.7759258	539270.2288	4794235.233	7567.178822	0.6973128471	1.014429923	42482.32862	16110.94453	10112.47845	2112.750134	558.6611719	0.2339253086	0.01889875921	0.01382012139
91	1	64629.95081	2991.539996	496369.6315	4900598.318	1238.314805	0.9504674078	1.0701393	44745.40709	16495.29837	10502.9518	2119.320167	588.7142071	0.9971799985	0.01739530507	0.01
91	1	65604.49762	385.2262321	463123.3146	5683454.799	17179.91505	0.3128033981	0.9298181833	39041.20631	15526.76513	9519.208509	2101.611724	512.9821314	0.128408744	0.01623018579	0.02029176692
91	1	65960.77016	1091.709589	852001.6374	2986037.465	2433.170866	0.9026731654	1.05961769	44322.23893	16423.16001	10429.43806	2119.322869	583.0751742	0.3639031963	0.02985845117	0.01
91	1	69284.31265	560.8069578	1360666.492	1677013.677	4775.786484	0.8089685406	1.039062477	43417.18188	16273.87867	10281.51764	2096.432921	571.3772944	0.1869356526	0.0476846431	0.02329884056
91	1	68618.34415	561.4410053	1268559.508	1850646.885	4682.515509	0.8126993797	1.039867217	43467.27417	16281.28547	10288.11379	2101.612287	571.9627532	0.1871470018	0.04445674802	0.02028992923
91	1	73704.90354	497.2932153	2668584.813	259526.222	2571.00364	0.8971598544	1.058452803	44223.18136	16409.60896	10418.43203	2104.067697	581.9968318	0.1657644051	0.09352072321	0.01886167012
91	1	73141.75375	3245.701461	2672828.178	244511.5775	2.62479981	0.999895008	1.081039436	45163.53855	16567.87256	10577.99761	2113.365635	594.3799115	1.081900487	0.09366943221	0.01343905365
91	1	65831.55215	506.6456349	758995.3412	3468758.511	7223.896534	0.7110441386	1.017443024	42613.94499	16132.71492	10134.1037	2115.798179	560.3667647	0.1688818783	0.02659903964	0.01204928264
91	1	64351.1733	1311.853057	421872.5134	5436496.69	4610.053546	0.8155978582	1.040448593	43551.27792	16291.73268	10295.50496	2119.324704	572.8015408	0.4372843523	0.01478454886	0.01
91	1	68137.66751	578.922503	1293897.068	1693644.836	3811.469562	0.8475412175	1.047507734	43806.31912	16337.05458	10343.24122	2110.888841	576.3337997	0.1929741677	0.04534470442	0.0149004278
91	1	64691.24198	1664.839905	325717.2588	6632440.314	5530.232186	0.7787907125	1.032381846	43188.22694	16232.30971	10237.02257	2108.042732	568.1423681	0.5549466349	0.0114147819	0.01655451602
91	1	64432.41658	1418.280567	312628.5236	6624337.648	6510.789844	0.7395684063	1.023736465	42852.09647	16174.26915	10177.25373	2111.425849	563.6095827	0.472760189	0.01095608634	0.01458930723
91	1	66962.89165	298.2309565	1064082.763	2265598.868	8850.048987	0.6459980405	1.00312299	42038.57844	16034.59454	10034.08196	2115.965114	552.6969344	0.09941031882	0.03729084758	0.01195248854
91	1	66468.85242	510.4330196	806597.1592	3387379.577	7244.415932	0.7102233627	1.017286033	42582.29752	16128.93845	10131.61557	2108.396423	560.0623106	0.1701443399	0.02826724836	0.0163494019
91	1	65120.00168	740.1786272	390719.5301	6163356.784	10545.06794	0.5781972826	0.9882320029	41402.33123	15928.51826	9927.988708	2105.053563	544.3913493	0.2467262091	0.0136927906	0.01829184928
91	1	64263.13871	359.0502076	390587.5222	5693973.548	20480.29394	0.1807882426	0.9007006369	37929.15917	15333.42071	9319.008059	2118.858639	497.8900106	0.1196834025	0.01368816437	0.0102719391
91	1	65444.16727	546.6446192	356662.3062	6739159.964	16038.99322	0.3584402714	0.9398771478	39432.633	15594.3316	9588.768473	2097.774204	518.2589862	0.1822148731	0.01249925304	0.02252120313
91	1	68636.81465	1162.201711	1565592.506	1105628.601	876.4822872	0.9649407085	1.073325803	44873.2505	16517.11219	10525.1984	2119.226681	590.4192718	0.3874005704	0.0548662882	0.01005336558
91	1	66706.08672	1426.744902	1051170.985	2262558.217	1218.487751	0.95126049	1.070313892	44752.429	16496.49541	10504.17166	2119.320094	588.8077794	0.475581634	0.03683835352	0.01
91	1	65988.0553	770.2078198	634396.2081	4371506.353	6296.453048	0.7481418781	1.025642005	42909.33977	16185.26671	10189.50246	2105.758872	564.4621774	0.2567359399	0.02223245516	0.01788152178
91	1	66381.09138	226.0370917	912413.7319	2794911.623	13883.40109	0.4446639563	0.9587997881	40256.73103	15730.78911	9724.44207	2116.195131	528.9488461	0.07534569725	0.03197559683	0.01181916977
91	1	66527.08004	190.8966696	675106.9469	4281256.08	23737.85209	0.05048591626	0.8720772674	36711.79253	15130.12092	9115.385075	2099.527484	481.9739735	0.06363222322	0.02365916557	0.02150278735
91	1	68399.96113	3359.271375	1503821.416	1204344.458	-176.1456843	1.007045827	1.082594693	45246.34997	16580.69515	10589.97673	2119.302792	595.3896465	1.119757125	0.05270151647	0.01
91	1	69890.92999	197.06097	1565592.506	1241956.152	10334.13572	0.5866345711	0.990108743	41457.15481	15939.18392	9939.966941	2099.018167	545.2175387	0.06568699001	0.0548662882	0.02179817728
91	1	69487.36409	197.8529381	1565592.506	1196345.631	9828.784267	0.6068486293	0.9945379168	41657.55726	15971.92439	9972.136024	2105.523493	547.7849803	0.06595097937	0.0548662882	0.01801877567
91	1	65551.56919	886.8539648	487179.8229	5423785.898	7225.760439	0.7109695824	1.017464656	42574.14275	16128.52829	10132.02124	2103.914804	560.0246478	0.2956179883	0.01707324765	0.01895302939
91	1	67759.05297	391.7213748	1107774.012	2260603.786	7063.067884	0.7174772846	1.01889136	42637.86021	16138.98547	10142.33752	2105.766249	560.844396	0.1305737916	0.03882201018	0.01787739036
91	1	66276.44087	1221.517616	936357.6435	2654976.621	1835.804588	0.9265678165	1.064877951	44533.80114	16459.22546	10466.19113	2119.321828	585.8943992	0.4071725386	0.03281471272	0.01
91	1	66202.2934	532.4210293	901236.6909	2802947.045	5500.726741	0.7799709304	1.032608499	43232.79728	16237.64252	10240.55324	2118.401738	568.5721768	0.1774736764	0.03158389672	0.0105364237
91	1	71988.18839	454.8729701	2462695.705	316695.0215	1890.5124	0.924379504	1.064396207	44514.42591	16455.92253	10462.82522	2119.321943	585.6362098	0.1516243234	0.08630532643	0.01
91	1	66523.69082	272.2253526	888269.1909	2953623.143	12031.10346	0.5187558615	0.9751226903	40900.36859	15841.3325	9837.783194	2112.439869	537.5852952	0.09074178421	0.03112944987	0.01400076293
91	1	65987.7789	1898.622868	859219.1248	2956165.497	1058.503388	0.9576598645	1.071722675	44809.08879	16506.15432	10514.01473	2119.319453	589.5628135	0.6328742892	0.03011138846	0.01
91	1	66019.12563	2879.121234	806509.5879	3249539.154	780.4755624	0.9687809775	1.074182718	44895.41712	16521.67667	10530.51025	2115.631264	590.7715861	0.959707078	0.02826417942	0.01214077167
91	1	65032.80995	1313.114132	562709.4009	4532517.348	3439.711998	0.8624115201	1.050762314	43957.5549	16361.53655	10367.09774	2116.831586	578.2549731	0.4377047107	0.01972018647	0.01144790137
91	1	64335.35712	346.9845425	411832.5447	5524197.045	20077.17455	0.1969130179	0.9042500317	38072.31395	15357.79893	9343.829492	2118.976027	499.7957952	0.1156615142	0.01443269752	0.01020373257
91	1	71355.93022	355.9198613	2228358.263	449018.6618	3268.667806	0.8692532878	1.052273135	44013.35002	16371.36549	10377.38088	2115.379679	579.0214849	0.1186399538	0.07809295599	0.0122912618
91	1	65691.90631	979.4375828	689405.7372	3864895.74	4033.28709	0.8386685164	1.045544983	43737.51338	16324.67766	10330.08415	2113.850041	575.3699997	0.3264791943	0.02416026758	0.01318026896
91	1	66849.55641	224.8055604	884330.9051	3065152.623	15086.32827	0.3965468693	0.948236706	39800.25052	15654.99368	9648.900762	2106.949682	523.0123877	0.0749351868	0.03099143239	0.01719051729
91	1	67009.04475	160.5205349	1132129.81	2021252.045	15604.0092	0.3758396318	0.9436385089	39657.67756	15627.98249	9619.099865	2119.326515	520.9163976	0.05350684496	0.03967556066	0.01
91	1	70160.30838	467.8510805	1818994.501	819342.1337	3402.399214	0.8639040314	1.051112883	43948.13317	16361.43317	10368.25543	2109.958874	578.2383048	0.1559503602	0.06374677713	0.01544042163
91	1	63840.2774	2682.06438	285346.8965	6575303.126	3121.931304	0.8751227478	1.053552634	44078.30872	16381.57672	10387.06195	2119.323672	579.8246213	0.8940214601	0.01	0.01
91	1	67462.79177	656.8174309	1236800.759	1757090.938	2968.657724	0.881253691	1.054905526	44129.29689	16390.48752	10396.32649	2118.323135	580.5199259	0.2189391436	0.04334376066	0.01058114863
91	1	64661.10494	807.9221967	499816.8548	4885382.54	6622.741102	0.7350903559	1.022726301	42837.49873	16170.11759	10171.62527	2119.031182	563.2945602	0.2693073989	0.01751611323	0.01017095075
91	1	65807.14385	934.1421437	544895.7719	5023185.622	6230.662811	0.7507734876	1.026229286	42924.46247	16188.38759	10193.13911	2103.276182	564.7030332	0.3113807146	0.01909590672	0.01932383139
91	1	66945.69875	2800.297866	1115201.995	2069481.906	187.5580466	0.9924976781	1.079392007	45117.54129	16558.73686	10567.59979	2119.312188	593.6731743	0.933432622	0.0390823243	0.01
91	1	67148.70769	2806.46789	1106341.193	2141566.725	466.222343	0.9813511063	1.076950345	45006.31031	16540.60757	10549.82452	2115.505348	592.2512554	0.9354892965	0.03877179695	0.01221170958
91	1	67395.62469	391.7213748	1004311.339	2616822.819	7796.741002	0.6881303599	1.012432039	42376.76318	16094.5594	10097.13478	2105.383735	557.3711462	0.1305737916	0.03519615426	0.01809973425
91	1	70347.60736	121.4952607	1827167.367	821922.6037	13488.35386	0.4604658456	0.9623065212	40367.78782	15751.63663	9747.296933	2107.435749	530.5675445	0.04049842025	0.06403319573	0.01690806121
91	1	64123.57279	3359.271375	350060.0278	6031441.295	1812.22782	0.9275108872	1.065087685	44539.96713	16460.42158	10467.5319	2118.658659	585.9870706	1.119757125	0.01226787577	0.01038519042
91	1	64481.294	304.5553709	450112.3735	5238639.515	20963.38435	0.1614646259	0.8964464237	37758.31264	15304.27995	9289.298097	2118.93271	495.6121791	0.101518457	0.01577421654	0.01022891493
91	1	64361.07765	296.4039046	415935.6315	5497993.631	23401.14189	0.06395432445	0.8749805234	36894.553	15157.0601	9139.294133	2118.809022	484.1038953	0.09880130155	0.01457649046	0.01030081286
91	1	70780.91037	367.1093563	2056612.31	573976.2628	3536.288662	0.8585484535	1.049920023	43914.97656	16354.83412	10360.73482	2114.28897	577.727869	0.1223697854	0.07207410822	0.01292503881
91	1	70745.90025	1481.53696	2048542.677	580205.9831	570.8243175	0.9771670273	1.076032929	44965.47582	16533.89796	10543.19839	2114.35544	591.72533	0.4938456535	0.07179130743	0.01287996922
91	1	66107.54584	886.8539648	568806.3218	4954576.197	6527.466789	0.7389013284	1.023626589	42808.14741	16169.30262	10174.31517	2099.87616	563.2069185	0.2956179883	0.01993385345	0.02129915441
91	1	66151.35567	272.2253526	788770.8661	3392740.06	13582.92207	0.4566831171	0.9614577552	40350.77919	15747.64284	9742.307275	2112.440001	530.2616045	0.09074178421	0.02764252479	0.01400076293
91	1	65176.1961	773.1501633	624426.4518	4125488.584	5474.287881	0.7810284848	1.032841817	43241.64253	16239.1848	10242.15384	2118.244377	568.6925395	0.2577167211	0.02188306442	0.01062783719
91	1	65228.9176	1436.791081	460668.3269	5512451.995	4576.623982	0.8169350407	1.040780773	43524.22041	16289.70239	10295.60628	2107.515491	572.6280773	0.4789303602	0.01614415059	0.01686048875
91	1	69141.51614	532.4210293	1274796.196	1921658.628	5466.719718	0.7813312113	1.032987502	43163.00221	16231.17748	10238.53127	2093.555319	568.0357594	0.1774736764	0.04467531314	0.02497087873
91	1	70700.19669	1281.337695	1802290.411	886801.9494	1891.745686	0.9243301726	1.064446417	44451.15827	16449.30833	10459.59067	2100.241352	585.0953443	0.4271125651	0.06316138121	0.02108188083
91	1	71264.38122	350.3770413	2269274.264	414628.6416	2976.334926	0.8809466029	1.05483472	44129.87288	16390.36697	10396.0198	2119.323527	580.5117524	0.1167923471	0.07952685984	0.01
91	1	64763.55516	719.581362	340912.4126	6502832.511	12188.60249	0.5124559005	0.973750663	40829.28961	15830.2312	9827.323898	2107.795114	536.7117062	0.239860454	0.01194729702	0.01669921511
91	1	65404.76131	771.0013553	566379.7632	4661680.86	6640.305272	0.7343877891	1.022597159	42805.01818	16166.3239	10169.22447	2111.058742	562.9880463	0.2570004518	0.01984881455	0.01480260417
91	1	72504.57647	1344.078937	2452573.456	338129.1938	778.460607	0.9688615757	1.074217268	44878.83848	16519.99846	10529.7649	2110.376767	590.6338408	0.4480263123	0.08595059158	0.01519071809
91	1	65298.04022	3270.323176	674901.7342	3821544.721	582.7768761	0.976688925	1.075911807	44977.57127	16534.87588	10543.28389	2119.316648	591.8079688	1.090107725	0.02365197388	0.01
91	1	65579.71407	196.92837	670044.098	3955954.691	22126.1434	0.114954264	0.8862216654	37331.88862	15232.55735	9217.023987	2114.493258	490.000099	0.06564279	0.02348173771	0.01280811663
91	1	65744.8725	696.9927741	540433.8572	5033193.071	8231.078426	0.670756863	1.008611764	42218.41858	16067.86617	10070.18483	2104.011468	555.2828294	0.2323309247	0.01893953864	0.01889702719
91	1	64962.02312	1185.661808	585108.603	4330747.911	3522.971621	0.8590811352	1.050021171	43936.27697	16357.36427	10362.38787	2119.324021	577.9319418	0.3952206028	0.02050516793	0.01
91	1	64963.87887	1179.194653	573400.9188	4420635.798	3687.338306	0.8525064678	1.048576155	43875.64036	16347.1884	10352.15328	2118.587965	577.135577	0.3930648844	0.02009487139	0.01042767572
91	1	65145.93391	493.5967696	455588.8412	5518764.71	13236.5712	0.470537152	0.9645200939	40460.62535	15767.21943	9762.972238	2108.548883	531.7870374	0.1645322565	0.0159661397	0.01626135595
91	1	68549.1833	537.0398092	1292990.093	1762290.14	4604.060101	0.8158375959	1.040549788	43503.58625	16286.90962	10293.36942	2104.200915	572.4056257	0.1790132697	0.04531291943	0.01878606529
91	1	66734.71919	372.1748236	716677.5367	4059927.549	11868.48447	0.5252606212	0.976598703	40912.66217	15846.43551	9845.511044	2098.687354	537.9670107	0.1240582745	0.02511600951	0.02199048755
91	1	66531.87563	372.9834669	663542.5085	4370218.626	12730.81645	0.490767342	0.9690050118	40607.47285	15794.39513	9792.466606	2098.752017	533.8991112	0.1243278223	0.0232538891	0.02195297459
91	1	65937.86381	1210.486456	808222.242	3215552.23	2438.581412	0.9024567435	1.059577318	44312.84026	16422.05454	10428.72901	2117.05103	582.9859214	0.4034954854	0.02832419949	0.01131973328
91	1	69894.26911	315.7640049	1267612.158	2086481.817	9417.521101	0.623299156	0.9982379473	41722.39703	15988.34269	9993.37641	2080.989223	549.0377356	0.1052546683	0.04442354811	0.03227218826
91	1	70093.78371	315.7640049	1320928.02	1937131.192	9117.55134	0.6352979464	1.000879408	41828.63381	16006.4531	10011.8321	2080.989141	550.4534202	0.1052546683	0.04629200584	0.03227218826
91	1	67753.37115	656.8174309	1226400.373	1838034.487	3380.803786	0.8647678486	1.051293274	43965.83662	16363.78358	10370.0896	2113.011768	578.4258497	0.2189391436	0.04297927847	0.01366691174
91	1	63934.76452	548.9099586	285346.8965	6633157.449	18336.46782	0.2665412872	0.919582023	38684.93778	15462.49057	9450.732641	2117.80354	507.9780429	0.1829699862	0.01	0.0108848735
91	1	69334.37274	2606.05636	1750002.432	855744.2409	-97.49704592	1.003899882	1.081902812	45217.79654	16575.87402	10585.1027	2119.092864	595.0125147	0.8686854534	0.06132894571	0.01012335158
91	1	64622.70694	844.4294343	358882.7222	6220878.815	9637.646042	0.6144941583	0.9962030219	41743.78114	15985.39295	9984.827424	2111.149253	548.8448435	0.2814764781	0.01257706765	0.01475039845
91	1	68247.36919	372.7952709	1425653.493	1360427.845	4993.95401	0.8002418396	1.037075281	43407.88697	16267.78174	10271.51192	2117.069317	570.9264853	0.1242650903	0.04996211664	0.01131037366
91	1	70861.45369	150.1527758	1845382.773	835134.0381	11339.28813	0.546428475	0.9812536695	41105.23295	15878.92146	9878.328924	2100.251252	540.5083814	0.05005092525	0.06467155579	0.02108188083
91	1	65963.99296	490.9312802	742948.244	3611046.327	7866.581187	0.6853367525	1.011793635	42376.11225	16092.84959	10094.04859	2112.695391	557.2466276	0.1636437601	0.02603666811	0.01385196457
91	1	66905.72648	331.8575322	782995.6106	3675272.319	12074.80623	0.5170077507	0.9747779018	40843.68873	15834.40546	9833.023033	2099.93123	537.0281803	0.1106191774	0.0274401306	0.02126785269
91	1	64402.87574	321.5693901	374992.9526	5926881.742	24166.68808	0.03333247691	0.8682493751	36613.07404	15109.7632	9091.673221	2115.665535	480.4027832	0.1071897967	0.0131416517	0.01212709143
91	1	70970.3211	788.3513004	1924640.573	734932.1355	2347.051615	0.9061179354	1.060427416	44299.87551	16422.85712	10432.07899	2103.271271	583.0314428	0.2627837668	0.06744915037	0.01932383139
91	1	64861.06669	726.9338164	367120.8864	6269371.374	11208.37368	0.5516650528	0.982382289	41176.4757	15889.41475	9887.634157	2107.804098	541.338077	0.2423112721	0.01286577464	0.01669393457
91	1	66061.10943	890.6590222	286616.8114	8060797.782	13451.02822	0.4619588712	0.9627115017	40302.5069	15745.71947	9745.646995	2083.60377	530.0752212	0.2968863407	0.01004450425	0.03075362585
91	1	64179.75922	321.5693901	368306.1994	5873479.072	24385.45265	0.0245818941	0.8663127645	36546.1149	15097.65026	9078.742467	2118.858745	479.4599091	0.1071897967	0.01290731401	0.0102719391
91	1	65199.46723	979.4375828	623609.0177	4140283.792	4213.339523	0.8314664191	1.043946779	43686.81978	16315.16791	10319.66363	2117.819323	574.6315848	0.3264791943	0.02185441739	0.01087441877
91	1	65866.51461	372.5857133	788770.8661	3304315.073	9521.788616	0.6191284554	0.9972044027	41804.18735	15994.40432	9992.929572	2117.031148	549.5566088	0.1241952378	0.02764252479	0.01133322149
91	1	67502.99783	370.3608829	1033479.498	2512212.013	8005.072242	0.6797971103	1.010597433	42303.07534	16081.99142	10084.3219	2105.412444	556.3887464	0.1234536276	0.03621835424	0.0180830855
91	1	64974.84373	1428.773957	517495.7232	4877215.478	3565.728675	0.857370853	1.049658382	43907.01915	16353.31369	10359.04764	2115.038613	577.6099544	0.4762579856	0.01813567029	0.01248956285
91	1	66498.43698	1100.954036	993149.5758	2455181.471	1966.561207	0.9213375517	1.063727029	44486.98958	16451.27879	10458.12102	2119.169363	585.2730197	0.3669846787	0.03480498958	0.01008872053
91	1	64879.98439	1974.203162	563185.3309	4465049.765	1910.507708	0.9235796917	1.064220134	44507.34436	16454.71532	10461.595	2119.32197	585.5418431	0.6580677207	0.01973686547	0.01000000833
91	1	64572.83258	909.4610992	418619.3593	5580878.243	7318.94943	0.7072420228	1.016606786	42579.48425	16126.89323	10128.21548	2115.556244	559.911383	0.3031536997	0.01467054187	0.01218984997
91	1	65708.69512	1395.593894	784640.1644	3279806.928	1951.561999	0.92193752	1.06385862	44492.80469	16452.23671	10459.06913	2119.322066	585.3480909	0.4651979647	0.02749776409	0.01
91	1	66578.44605	510.4330196	1000887.398	2440382.767	5127.715042	0.7948913983	1.035893316	43364.73004	16260.14482	10263.49418	2118.349242	570.3311091	0.1701443399	0.03507616205	0.01056683438
91	1	67771.45001	368.6397694	1033479.498	2575523.545	8351.843765	0.6659262494	1.007557702	42166.00939	16059.57178	10062.27014	2101.085103	554.6308029	0.1228799231	0.03621835424	0.02059714477
91	1	66212.60439	807.9221967	311199.4544	7832523.131	13698.42188	0.4520631247	0.9605360845	40211.73093	15730.45445	9730.267221	2082.644613	528.8807608	0.2693073989	0.01090600452	0.03131087849
