#gen	Feasible	f1	f2	f3	f4	f5	c1	c2	c3	c4	c5	c6	c7	x1	x2	x3
52	1	66354.78824	334.9951691	484825.6967	5867094.945	19595.63888	0.2161744448	0.9085804403	38150.13187	15377.22027	9368.794688	2090.826519	501.2787797	0.1116650564	0.01699074714	0.02655769009
52	1	66473.16586	2114.905889	880964.3062	2977424.464	1298.887819	0.9480444872	1.069626759	44702.50283	16489.40852	10498.14659	2112.805772	588.2456613	0.7049686297	0.03087344972	0.01378359591
52	1	65806.10172	236.8055629	544921.2363	5022477.768	23437.9724	0.06248110381	0.8747058681	36830.41181	15149.51803	9134.459332	2103.296368	483.4949497	0.07893518764	0.01909679912	0.01931317945
52	1	70073.24345	955.0413471	1773237.514	880109.3963	1760.782223	0.9295687111	1.065572904	44525.0566	16460.07919	10469.03155	2108.598087	585.9477374	0.3183471157	0.06214322062	0.01622861357
52	1	71993.68515	1397.189143	2431117.016	334753.8142	253.7982164	0.9898480713	1.078815094	45087.5154	16554.05421	10563.19425	2117.317369	593.3046418	0.4657297142	0.08519864929	0.01115815443
52	1	69307.46991	896.6156772	1560859.509	1186287.055	2163.329495	0.9134668202	1.062029667	44380.95286	16435.61564	10444.18742	2108.13251	584.0348464	0.2988718924	0.05470042003	0.01649993174
52	1	68154.97251	1330.319779	1438353.631	1319344.109	789.6316132	0.9684147355	1.074090294	44904.31195	16522.38721	10530.55711	2119.318079	590.8317335	0.4434399263	0.05040719381	0.01
52	1	67229.74479	2147.86671	1174473.745	1916501.028	486.2200156	0.9805511994	1.076765275	45008.46274	16540.36142	10549.05842	2118.311765	592.2355179	0.7159555698	0.04115950653	0.01058291382
52	1	65293.61128	394.921757	672086.2107	3838735.711	10449.67751	0.5820128994	0.9890266081	41482.80251	15939.13688	9936.204747	2119.227663	545.2391153	0.1316405857	0.02355330368	0.0100571931
52	1	66133.71267	1299.459056	734082.4137	3725344.543	3063.855508	0.8774457797	1.054095734	44066.26412	16381.68852	10388.99555	2109.4219	579.8209882	0.4331530187	0.02572596453	0.0157520962
52	1	67516.25208	1686.536743	1260670.098	1693984.959	664.4052227	0.9734237911	1.075194359	44947.27112	16529.80288	10538.19177	2118.894813	591.4108865	0.5621789142	0.04418026317	0.01024530291
52	1	64853.40875	700.9050585	424172.7858	5672877.642	9811.61366	0.6075354536	0.9946704026	41682.89234	15974.9651	9974.160396	2111.368859	548.0299755	0.2336350195	0.01486516206	0.01462283046
52	1	73226.86701	3313.834446	2792103.656	200259.8943	-436.5643042	1.017462572	1.084888185	45338.26117	16596.38457	10605.98304	2119.185724	596.6159628	1.104611482	0.09784944889	0.01005612415
52	1	64677.41879	2200.476159	427557.1807	5548296.98	2749.554032	0.8900178387	1.056847436	44193.99614	16402.37321	10409.15846	2114.406769	581.4441333	0.7334920531	0.01498376839	0.01285607512
52	1	69555.97296	2825.195434	1667091.265	1009066.88	496.9760298	0.9801209588	1.076695476	44979.01871	16537.04386	10547.10793	2110.518684	591.9664599	0.9417318113	0.05842331863	0.01510426849
52	1	68011.88055	846.5123944	1289146.464	1687902.669	2441.204439	0.9023518225	1.059568379	44297.34481	16420.38003	10427.83534	2112.628249	582.8494993	0.2821707981	0.04517821922	0.013888916
52	1	66740.55374	3071.801903	1060381.534	2233713.511	148.2587789	0.9940696488	1.079738067	45131.45945	16561.10952	10570.01769	2119.311533	593.8586442	1.023933968	0.03716113781	0.01
52	1	66514.63814	1567.358808	965227.0989	2581285.431	1351.852025	0.945925919	1.069146236	44698.28564	16487.7243	10495.61895	2117.221832	588.1195226	0.522452936	0.03382644461	0.01121898964
52	1	66116.45061	516.3823723	586276.1172	4810206.453	10391.10813	0.5843556749	0.9896013936	41442.80521	15936.35083	9936.754674	2100.787408	544.9982879	0.1721274574	0.02054608354	0.02077031772
52	1	65227.84447	3744.712847	605287.9739	4285656.19	767.5132626	0.9692994695	1.074294885	44902.04063	16522.67084	10531.40996	2116.24867	590.8500712	1.248237616	0.02121235525	0.01178223418
52	1	71037.19158	638.2407623	2120478.055	525958.9785	1814.253044	0.9274298782	1.06508474	44523.93181	16458.70493	10466.63722	2114.007385	585.8470694	0.2127469208	0.07431228729	0.01308693768
52	1	66284.3762	1329.13739	729298.6943	3809323.149	3209.180089	0.8716327964	1.05282474	44005.84597	16371.98309	10379.60448	2106.704623	579.0589228	0.4430457968	0.02555831878	0.01733070847
52	1	66128.53843	1054.574763	789082.0807	3383737.585	3276.14013	0.8689543948	1.052215518	44002.28465	16370.03807	10376.4979	2112.823572	578.9145267	0.3515249211	0.02765343133	0.01377617258
52	1	66354.22602	3406.03057	747964.5135	3711548.838	1308.011312	0.9476795475	1.069565967	44679.16062	16486.76445	10496.57423	2106.696935	588.0313452	1.135343523	0.02621246359	0.01733070847
52	1	69552.82043	3507.691303	1808250.719	789084.451	-280.2202553	1.01120881	1.083511852	45282.48424	16586.90314	10596.34351	2119.07652	595.8746481	1.169230434	0.06337026058	0.01012780302
52	1	65388.93888	1019.332197	442164.64	5777909.126	6947.51692	0.7220993232	1.019915101	42672.37586	16145.29481	10149.12468	2103.820863	561.3351646	0.3397773992	0.01549568772	0.01900755367
52	1	69511.20167	88.03592721	1677337.637	987130.0903	19914.31872	0.2034272513	0.9057068168	38106.61926	15365.19859	9352.674284	2111.880682	500.3653583	0.02934530907	0.05878240336	0.01432589992
52	1	66377.83831	398.8273834	774115.9977	3554218.454	9689.610555	0.6124155778	0.9957558228	41714.69034	15981.14328	9981.093027	2107.904721	548.508593	0.1329424611	0.02712894401	0.01663535752
52	1	66152.29828	622.0914677	612366.3319	4612024.567	8302.463396	0.6679014642	1.0079903	42185.79662	16062.79234	10065.42384	2101.782981	554.8834253	0.2073638226	0.02146041676	0.02019169854
52	1	65264.49615	1442.28665	629896.2249	4120002.388	2665.366997	0.8933853201	1.057579988	44232.84347	16408.396	10414.79214	2117.148885	581.9183592	0.4807622168	0.02207475296	0.01126308015
52	1	66865.48482	1787.041862	877219.8882	3107899.897	2069.834193	0.9172066323	1.062858964	44407.89092	16440.61771	10449.62935	2106.257306	584.4235142	0.5956806208	0.03074222635	0.01758889308
52	1	69782.47774	3744.712847	1716849.327	945017.071	374.6907852	0.9850123686	1.07777437	45020.18704	16544.20398	10554.52396	2109.860625	592.5253523	1.248237616	0.06016709303	0.01548171527
52	1	69712.89364	1675.341274	1854080.552	739497.5689	195.2397708	0.9921904092	1.079324478	45114.70291	16558.26082	10567.12125	2119.276498	593.6359176	0.5584470915	0.06497636997	0.01002078201
52	1	67610.74032	375.0389329	1201654.177	1893697.047	6230.754027	0.7507698389	1.026194727	42959.15947	16191.99687	10194.87943	2113.819921	564.998345	0.1250129776	0.04211204647	0.01319840357
52	1	72984.14825	3147.090783	2543370.391	301842.5101	409.3883165	0.9836244673	1.077474444	45002.12564	16541.50827	10552.09897	2108.100337	592.3124393	1.049030261	0.08913257589	0.01649993174
52	1	64652.05623	2922.083224	486372.807	4996817.084	1396.920926	0.944123163	1.068745725	44686.07537	16485.39376	10493.03466	2118.361121	587.9387677	0.9740277415	0.01704496572	0.01055735699
52	1	72225.99486	95.23419135	2066495.668	645077.3354	16340.29744	0.3463881023	0.9372437242	39305.56536	15574.02165	9569.207214	2091.593643	516.6636401	0.03174473045	0.07242047113	0.02611191697
52	1	64917.56359	1376.783406	573227.779	4403020.28	3004.262344	0.8798295062	1.054588798	44119.98216	16388.68088	10394.30156	2119.323556	580.3799511	0.4589278019	0.0200888037	0.01
52	1	71561.02223	118.6322839	1981442.811	703247.6132	13478.91901	0.4608432396	0.9624224303	40337.35456	15748.69082	9746.179472	2097.182039	530.3244584	0.03954409465	0.0694397884	0.02286511956
52	1	72947.37584	1463.91332	2515580.489	315718.2381	923.2725839	0.9630690966	1.072952774	44816.56007	16510.11147	10520.30271	2107.037813	589.8568072	0.4879711066	0.08815867704	0.01712945634
52	1	67530.38661	959.430168	1270827.862	1666490.305	1677.450453	0.9329019819	1.066272498	44589.76057	16468.77315	10475.92771	2119.28412	586.6406922	0.319810056	0.04453624263	0.01002169351
52	1	71014.08685	180.122265	2048889.124	594454.9494	7959.881487	0.6816047405	1.010980473	42334.40909	16086.31529	10087.87291	2110.066256	556.7325577	0.060040755	0.07180344869	0.01537940007
52	1	66350.79233	1820.701407	858343.2174	3062015.514	1562.130147	0.9375147941	1.067306765	44611.27632	16473.72398	10482.05125	2113.415309	587.0203654	0.6069004689	0.03008069224	0.01343032327
52	1	72863.02696	1127.0332	2431117.016	362852.0765	1469.187113	0.9412325155	1.068157543	44610.91612	16475.87173	10486.09668	2103.3071	587.1756301	0.3756777332	0.08519864929	0.01929955543
52	1	66114.1355	3031.800043	725993.7886	3771294.747	1309.248512	0.9476300595	1.069546925	44687.10502	16487.56225	10496.91953	2109.243482	588.0968892	1.010600014	0.02544249815	0.01585222205
52	1	68996.54439	481.4857649	1579275.812	1116230.214	3510.504981	0.8595798008	1.050147166	43924.00788	16356.38036	10362.31613	2114.25853	577.8487001	0.160495255	0.05534582052	0.01294270844
52	1	71560.4071	1736.821803	2347787.618	371748.1767	-32.91687485	1.001316675	1.08133357	45195.50648	16572.03558	10581.15863	2119.271765	594.7126856	0.5789406009	0.08227836528	0.01002078201
52	1	64106.23011	1424.13428	355540.6212	5964599.645	5113.808404	0.7954476638	1.03601282	43372.69486	16261.30081	10264.5026	2119.272077	570.4226252	0.4747114267	0.01245994351	0.01003070815
52	1	68682.32089	727.4770091	1579275.812	1084180.405	1824.237932	0.9270304827	1.064979804	44537.89756	16459.92379	10466.90277	2119.321803	585.9489872	0.2424923364	0.05534582052	0.01
52	1	68379.54725	118.6322839	1168264.409	2155252.128	22127.4315	0.1149027401	0.8862585991	37281.76408	15227.30987	9214.447779	2099.414432	489.5710621	0.03954409465	0.04094189997	0.02156844015
52	1	70250.71856	67.5448008	1874721.76	749884.5607	23262.29337	0.06950826534	0.8762254164	36920.85957	15163.06277	9146.68719	2111.866585	484.5644466	0.0225149336	0.0656997424	0.01433414922
52	1	65164.0479	3336.34996	454119.0212	5542196.673	1998.985313	0.9200405875	1.063476745	44439.25553	16445.54806	10454.3037	2108.161945	584.8112978	1.112116653	0.01591462976	0.01648250371
52	1	66998.42426	110.2923337	1088855.953	2177175.61	24180.43381	0.03278264761	0.8681244208	36612.23146	15109.35231	9091.029889	2116.887662	480.3721916	0.03676411125	0.03815902559	0.011417074
52	1	66264.87534	859.2669202	774400.7385	3515446.48	4393.076064	0.8242769574	1.042389925	43596.55639	16301.54697	10307.26764	2109.74108	573.5567458	0.2864223067	0.02713892276	0.01556747865
52	1	72114.57142	446.7162031	2316387.063	413324.0286	2889.19708	0.8844321168	1.055636813	44124.95218	16391.90355	10399.58215	2108.459531	580.6182922	0.148905401	0.08117793084	0.01631097481
52	1	67201.11945	314.7203052	1166883.584	1936832.615	7406.955114	0.7037217955	1.015822963	42557.43893	16122.52949	10123.25954	2118.325844	559.5737318	0.1049067684	0.04089350886	0.01058083468
52	1	70015.70128	580.1848015	1409500.519	1648480.198	5149.581655	0.7940167338	1.035799243	43255.66791	16248.279	10257.05532	2087.58869	569.3651245	0.1933949338	0.04939603467	0.02843691613
52	1	69780.42569	394.0595096	1781454.553	844378.1677	3867.531584	0.8452987367	1.047004686	43796.11425	16334.6743	10340.27712	2113.818696	576.1513948	0.1313531699	0.06243118727	0.01319840357
52	1	64051.88403	1675.341274	341301.0743	6083498.511	4440.020875	0.822399165	1.041945974	43611.37857	16301.98598	10305.96033	2119.288843	573.6029938	0.5584470915	0.01196091769	0.01002078201
52	1	66346.27654	336.3114058	804457.3913	3361594.267	10881.8799	0.564724804	0.985249502	41300.14279	15909.96301	9908.125767	2110.243914	542.9473767	0.1121038019	0.02819226006	0.01527646495
52	1	66179.60449	355.5215884	479117.7475	5830189.151	18565.85491	0.2573658037	0.9176405274	38523.00593	15440.24267	9432.562936	2093.306065	506.2083193	0.1185071961	0.0167907117	0.02511712673
52	1	67778.70743	2880.731796	1306318.461	1603180.293	161.7680373	0.9935292785	1.079625188	45120.4188	16559.64273	10568.87201	2117.409741	593.7416124	0.960243932	0.04578001294	0.01110345195
52	1	65644.48792	309.7855402	585335.9302	4611801.332	16428.59244	0.3428563025	0.9364126078	39329.45308	15574.43203	9566.547791	2108.33915	516.7166453	0.1032618467	0.02051313462	0.01638332793
52	1	70063.71142	976.3313026	1784055.194	862935.4033	1654.215977	0.9338313609	1.066508719	44565.45345	16466.78943	10475.72156	2109.404045	586.4732824	0.3254437675	0.06252232691	0.01576023967
52	1	70235.52978	2034.683252	1994309.151	608155.4443	-31.78721258	1.001271489	1.081323513	45195.21879	16571.97907	10581.09478	2119.305984	594.7083114	0.6782277505	0.0698906901	0.01000095829
52	1	65673.52601	2793.174903	612050.0888	4414208.107	1681.364823	0.9327454071	1.066269426	44556.07188	16465.17464	10474.06296	2109.475065	586.3471431	0.9310583008	0.021449334	0.01571907073
52	1	70524.11866	2139.812836	2055577.451	561482.4849	-19.97852358	1.000799141	1.08122259	45187.8872	16570.93832	10580.20992	2118.348184	594.6257616	0.7132709455	0.07203784154	0.01055644673
52	1	66893.70479	456.1222752	556832.4546	5441385.379	13303.85723	0.4678457107	0.9639982369	40364.11102	15755.59175	9755.178417	2086.482506	530.8505315	0.1520407584	0.01951422852	0.02908117147
52	1	65636.67152	736.0995053	383198.6089	6550950.978	11435.18852	0.542592459	0.9804219358	41058.15979	15871.76708	9871.769599	2096.271397	539.944153	0.2453665018	0.01342921944	0.02339404236
52	1	65448.50781	2962.781994	643818.0394	4090594.677	1103.063599	0.955877456	1.071344057	44779.14191	16501.98963	10510.56101	2115.017606	589.2318865	0.9875939979	0.02256264383	0.0124984616
52	1	66605.09121	2170.929394	914268.7506	2844367.217	1209.463998	0.9516214401	1.07041458	44733.78562	16494.76708	10503.62893	2112.687571	588.6643913	0.7236431314	0.03204060608	0.01385192275
52	1	68055.34828	906.8488981	1237196.179	1855046.249	2641.802081	0.8943279168	1.057814241	44213.67125	16406.95451	10414.85857	2108.793688	581.7952392	0.302282966	0.04335761818	0.01611659302
52	1	71035.3142	1255.690506	2035741.126	609409.4357	1144.520521	0.9542191792	1.070998509	44744.38602	16497.39735	10507.00122	2108.920315	588.8652943	0.418563502	0.07134267628	0.016038967
52	1	65585.47693	1938.146727	751712.8293	3433752.524	1276.787791	0.9489284884	1.069800516	44731.78156	16492.9756	10500.58474	2119.320303	588.5326368	0.646048909	0.02634382355	0.01
52	1	65192.89814	342.2469595	640294.2775	4019361.858	12837.87057	0.4864851773	0.9679977065	40636.03483	15794.85098	9789.222008	2118.933604	533.9599639	0.1140823198	0.02243915337	0.01022816312
52	1	67000.70495	1330.319779	1129901.185	2027536.907	1214.03149	0.9514387404	1.070353133	44754.00722	16496.76445	10504.44583	2119.320078	588.8288104	0.4434399263	0.03959745836	0.01
52	1	70930.62227	1125.710604	2180084.576	469481.1723	447.1297698	0.9821148092	1.077106282	45025.61181	16543.06546	10551.6296	2119.315445	592.4481451	0.3752368681	0.07640120157	0.01
52	1	65873.81053	497.3669728	563392.855	4894247.519	10999.54263	0.5600182946	0.9842355652	41235.65972	15900.48486	9899.739735	2103.31843	542.1978189	0.1657889909	0.01974413817	0.01929993455
52	1	67672.0744	1773.694708	1034543.078	2547184.774	2045.352983	0.9181858807	1.063085784	44404.99313	16440.89169	10450.55401	2102.744075	584.4405424	0.5912315694	0.03625562746	0.01962921726
52	1	69666.09918	866.6264264	1661817.408	1028820.164	2081.114286	0.9167554286	1.062752644	44411.08781	16440.68525	10449.29689	2108.44129	584.4315217	0.2888754755	0.05823849598	0.01632042511
52	1	63872.28194	801.3808331	293899.4	6497429.841	11865.23894	0.5253904425	0.9765612053	40981.79399	15853.70738	9849.128378	2119.326253	538.5612414	0.2671269444	0.01029972303	0.01
52	1	64524.35223	1329.856523	285346.8965	7005837.763	7865.378542	0.6853848583	1.011818302	42362.05547	16091.41477	10093.3945	2108.298519	557.1289738	0.4432855076	0.01	0.0164063725
52	1	65659.64586	2599.848302	595388.1294	4538212.323	1919.134136	0.9232346346	1.064178189	44469.29026	16450.55165	10459.30477	2108.694518	585.2030925	0.8666161007	0.02086541458	0.01617300229
52	1	64932.38978	3040.334483	577189.7482	4378786.128	930.154329	0.9627938268	1.072852886	44854.54467	16513.90328	10521.91143	2119.318852	590.1685472	1.013444828	0.02022765116	0.01
52	1	67849.5327	772.8318757	1245345.407	1794359.539	2807.91139	0.8876835444	1.056339328	44167.38962	16398.2318	10405.26946	2112.603711	581.1181476	0.2576106252	0.04364320841	0.01390353635
52	1	65705.54451	3331.520106	781844.9144	3294835.2	385.5068311	0.9845797268	1.077649296	45047.04797	16546.74549	10555.40145	2119.196884	592.7356649	1.110506702	0.02739980438	0.01006845412
52	1	67274.31522	878.3121328	1039860.036	2432354.176	3198.21369	0.8720714524	1.05291242	44018.87416	16373.59696	10380.7389	2109.481023	579.1885478	0.2927707109	0.0364419606	0.01571786257
52	1	66537.96285	813.8942965	816905.7366	3348549.689	4528.603529	0.8188558589	1.041202388	43542.50367	16292.73443	10298.62491	2107.902986	572.8655758	0.2712980988	0.0286285131	0.01663535752
52	1	64973.04603	429.5164941	427557.1807	5702471.722	16128.15537	0.3548737852	0.9390540021	39440.15694	15593.01838	9585.248488	2109.645056	518.1711662	0.1431721647	0.01498376839	0.01562462926
52	1	64774.55607	1379.200062	323474.0537	6710009.131	6818.34982	0.7272660072	1.02104373	42727.16	16154.03393	10157.5261	2106.564894	562.021728	0.4597333541	0.01133616863	0.01741336716
52	1	64653.30049	2079.963903	473239.0066	5112912.147	2384.244833	0.9046302067	1.060054192	44333.73076	16425.50647	10432.15487	2117.550939	583.2563819	0.6933213011	0.01658469086	0.01102928439
52	1	65325.67242	2079.963903	652915.5159	3980758.356	1552.582184	0.9378967126	1.06737761	44628.27097	16475.71735	10483.32306	2117.549119	587.181351	0.6933213011	0.02288146547	0.01102928439
52	1	66335.58747	3803.830967	905959.7248	2814575.758	298.1872036	0.9880725119	1.078426757	45069.18065	16551.10219	10560.33179	2116.523539	593.0728913	1.267943656	0.03174941575	0.01161920591
52	1	63974.11126	1378.560407	285346.8965	6657399.27	6952.026141	0.7219189543	1.019832662	42714.7428	16149.59855	10151.05743	2117.168132	561.6882647	0.4595201357	0.01	0.0112533564
52	1	68146.39713	169.380114	1148790.836	2181854.674	15766.1582	0.369353672	0.942266144	39543.17187	15612.25181	9606.254094	2101.997774	519.6650809	0.056460038	0.04025944736	0.02006743793
52	1	68457.24889	207.2572676	1163353.928	2189462.092	13112.33539	0.4755065846	0.9656482887	40469.43356	15771.05721	9768.846728	2097.865202	532.0736855	0.06908575586	0.04076981184	0.0224682055
52	1	69309.02488	305.7395456	1675439.637	972003.8619	5350.856917	0.7859657233	1.033939032	43274.74756	16245.53259	10249.21461	2115.023431	569.1847196	0.1019131819	0.05871588783	0.01249902626
52	1	70611.2704	148.9146311	2094744.857	528746.941	8771.317768	0.6491472893	1.003805518	42077.53176	16040.50009	10039.48243	2119.32588	553.1627687	0.04963821037	0.07341046576	0.01
52	1	70657.0888	1033.179541	2085432.82	539671.5778	708.9254538	0.9716429818	1.074805136	44928.61164	16526.81397	10535.30725	2118.016611	591.1761471	0.3443931803	0.07308412482	0.01075543111
52	1	65710.41262	3507.691303	741783.4843	3534295.105	565.7478861	0.9773700846	1.076070125	44974.99564	16535.00818	10543.89892	2116.701854	591.8150452	1.169230434	0.02599584903	0.0115179994
52	1	69799.70785	934.2966794	1874215.368	719808.7365	949.6397567	0.9620144097	1.072682008	44846.91704	16512.65123	10520.67605	2119.098251	590.0703989	0.3114322265	0.06568199587	0.01012817274
52	1	66987.45586	555.0449819	1033474.708	2394978.35	4822.881177	0.8070847529	1.038592424	43457.4473	16276.96242	10281.48288	2113.721571	571.6399526	0.185014994	0.0362181864	0.01325519398
52	1	64041.75906	4054.487423	307502.619	6445937.621	1758.105209	0.9296757916	1.065568272	44555.02322	16463.2612	10470.65509	2117.409987	586.2074828	1.351495808	0.01077644869	0.0111104305
52	1	63888.74939	1256.545286	298299.9618	6457721.363	7171.296307	0.7131481477	1.017894916	42644.1926	16137.09995	10137.92404	2119.325574	560.7139491	0.4188484286	0.01045394099	0.01
52	1	73445.14508	1687.670961	2648598.298	262316.2581	780.9836958	0.9687606522	1.074205735	44866.95285	16518.70203	10529.05706	2107.033978	590.5283289	0.5625569869	0.09282029456	0.01712945634
52	1	64285.25465	830.1234106	303202.9123	6642622.972	11491.16426	0.5403534294	0.9798747316	41094.19667	15874.20189	9871.133968	2113.23041	540.1556733	0.2767078035	0.0106257652	0.01354145438
52	1	64094.74375	535.3782329	294021.9807	6631417.961	18389.45372	0.264421851	0.919122023	38659.40169	15458.58687	9447.132294	2115.748025	507.6703232	0.178459411	0.01030401888	0.01207906285
52	1	65016.66729	371.2855061	586273.7367	4343928.829	12959.13759	0.4816344966	0.9669311965	40591.71081	15787.38634	9781.691843	2118.515779	533.3759333	0.1237618354	0.02054600011	0.01047091144
52	1	64393.66668	492.9212979	341962.4761	6272136.441	17277.90879	0.3088836485	0.9289161843	39046.71821	15525.03484	9515.20125	2113.821295	512.8621326	0.1643070993	0.01198409656	0.01319840357
52	1	69966.33684	932.5593999	1758033.993	894789.4542	1760.841436	0.9295663425	1.065569802	44527.69117	16460.35201	10469.16141	2109.404544	585.9700716	0.3108531333	0.06161041227	0.01576023967
52	1	64779.66694	565.7353429	411563.5429	5759205.665	12551.3257	0.497946972	0.970543798	40714.01071	15809.70421	9805.670007	2111.797253	535.1121191	0.1885784476	0.01442327034	0.01437412889
52	1	67505.02328	3336.413923	1191973.308	1907081.766	297.6341067	0.9880946357	1.078436743	45064.11267	16550.58769	10560.10119	2114.922897	593.0306764	1.112137974	0.04177277983	0.01254762836
52	1	71946.38124	650.9127038	2369616.073	370932.655	1518.129488	0.9392748205	1.067691139	44630.03379	16476.71087	10484.91798	2114.379084	587.2550541	0.2169709013	0.08304334487	0.01287045687
52	1	71664.97605	3040.718071	2376324.362	357186.508	-353.3128217	1.014132513	1.084154783	45309.09518	16591.39146	10600.87697	2119.292202	596.2257735	1.01357269	0.08327843729	0.01
52	1	67817.9374	337.1612501	1229930.224	1837748.284	6920.761936	0.7231695225	1.020123918	42709.40426	16149.77796	10152.15595	2112.185814	561.6960634	0.1123870834	0.04310298234	0.01414787193
52	1	65634.64461	2032.74136	760706.7689	3395879.784	1176.695209	0.9529321916	1.070682707	44766.40658	16498.93287	10506.70155	2119.069832	588.9980027	0.6775804535	0.02665901673	0.01014526303
52	1	65086.00857	529.6892222	530989.8352	4813388.829	10189.12616	0.5924349535	0.9913374949	41558.06685	15953.09673	9951.379974	2114.062896	546.3238989	0.1765630741	0.01860857229	0.01305772152
52	1	65335.28597	538.3762143	471847.7568	5459838.809	11867.03158	0.5253187369	0.976586557	40938.83572	15849.19393	9846.890378	2106.477221	538.1923703	0.1794587381	0.01653593442	0.01746484653
52	1	64570.42363	932.5593999	386326.2157	5902125.117	7899.355843	0.6840257663	1.011501982	42367.63995	16091.19717	10092.18973	2113.647199	557.1186476	0.3108531333	0.01353882662	0.0132990054
52	1	68350.50938	3034.105011	1431573.896	1359422.968	175.3618894	0.9929855244	1.079510804	45110.13118	16558.25234	10567.76049	2115.745295	593.6308491	1.011368337	0.05016959754	0.01206880243
52	1	66330.63652	424.1198196	789151.6606	3447319.871	8822.719459	0.6470912216	1.003384114	42027.20076	16034.05286	10034.70484	2109.572446	552.646603	0.1413732732	0.02765586976	0.01566638618
52	1	68125.02931	347.0236085	1356252.704	1517725.998	5876.17946	0.7649528216	1.029313709	43088.14581	16213.75901	10216.86617	2114.855316	566.7007782	0.1156745362	0.04752996162	0.01259681366
52	1	67062.01955	1379.200062	934748.0211	2863573.884	2457.974786	0.9016810085	1.059440126	44271.4229	16417.28766	10425.79896	2106.560788	582.6001886	0.4597333541	0.03275830341	0.01741336716
52	1	66882.74058	944.202361	845019.4038	3292264.104	4059.908442	0.8376036623	1.045341967	43695.77537	16319.70746	10326.82197	2104.040512	574.9692232	0.3147341203	0.02961375835	0.01887896163
52	1	65742.98268	258.1271929	765410.7877	3402200.251	14414.27312	0.4234290752	0.9541205171	40073.39111	15699.22456	9692.014987	2117.613787	526.4832276	0.08604239763	0.02682386937	0.01099499825
52	1	65694.47348	649.2075854	701575.6513	3784815.807	6109.232213	0.7556307115	1.027262501	43004.58203	16199.58184	10202.47597	2114.543839	565.5921644	0.2164025285	0.02458676299	0.01277781521
52	1	65761.03797	645.1954039	606818.6637	4490861.806	7663.157064	0.6934737175	1.013600754	42431.88461	16103.43748	10105.74626	2107.755256	558.068106	0.2150651346	0.02126599838	0.01672195736
52	1	64186.98008	1567.358808	343212.0215	6139726.338	4915.458199	0.803381672	1.037765992	43436.20503	16272.57478	10276.36744	2117.226581	571.3013525	0.522452936	0.01202788696	0.01121898964
52	1	67997.80209	4065.035173	1396326.699	1398904.195	-240.8044489	1.009632178	1.083164067	45269.24412	16584.59831	10593.95461	2119.298144	595.6947537	1.355011724	0.04893435731	0.01000093289
52	1	65921.14161	1905.146464	733448.0486	3656677.273	1831.155608	0.9267537757	1.064939739	44513.99578	16457.27333	10465.39872	2112.808041	585.7336636	0.6350488212	0.02570373316	0.01378359591
52	1	64446.84884	2317.138278	287491.7766	6929766.232	4392.782928	0.8242886829	1.042392715	43596.44529	16301.5423	10307.27487	2109.675831	573.5562991	0.772379426	0.01007516746	0.01560538449
52	1	64214.26736	412.277569	294021.9807	6705312.515	24170.29402	0.03318823906	0.8682235258	36605.72296	15108.91328	9091.146009	2113.821525	480.3340411	0.1374258563	0.01030401888	0.01319840357
52	1	66672.76807	168.5566052	1042267.313	2290795.896	16167.62629	0.3532949484	0.9386754347	39458.06791	15593.95461	9584.423222	2119.326544	518.2564493	0.05618553506	0.03652632377	0.01
52	1	64925.81119	847.4502859	288160.5503	7236001.534	12659.81995	0.493607202	0.9696197988	40643.30726	15799.79419	9797.372113	2101.997532	534.3252096	0.2824834286	0.01009860467	0.02006743793
52	1	66766.74759	907.6008691	1040102.308	2319564.788	2504.281665	0.8998287334	1.058996774	44291.63427	16418.3026	10424.79047	2117.67729	582.6934158	0.302533623	0.03645045105	0.01095599253
52	1	69776.29677	915.926643	1707326.725	960255.2532	1848.326298	0.9260669481	1.064799417	44496.72293	16455.07178	10463.77965	2109.409541	585.5573232	0.305308881	0.05983337286	0.01575755054
52	1	65033.66469	470.7896308	405424.4577	5959762.039	15680.74404	0.3727702385	0.9430011997	39590.99505	15619.2377	9612.392659	2107.332788	520.2178324	0.1569298769	0.01420812571	0.01696796678
52	1	72736.75738	1016.087802	2662734.194	239673.4481	334.4871648	0.9866205134	1.078098185	45065.50512	16549.86615	10558.55995	2119.31422	592.9797534	0.338695934	0.09331568793	0.01
52	1	64420.28128	419.9857769	435468.5049	5343523.483	15521.22747	0.3791509012	0.9443684054	39686.02744	15632.87961	9624.144364	2119.032647	521.2988369	0.139995259	0.01526102124	0.01017072507
52	1	64513.38756	404.3928953	464670.8238	5122823.859	15068.08627	0.3972765492	0.9483578213	39847.36985	15660.32698	9652.067127	2119.293316	523.444715	0.1347976318	0.01628441835	0.01001926985
52	1	69548.54093	2154.258466	1690678.826	967823.9417	571.4450881	0.9771421965	1.076034781	44957.72622	16533.07675	10542.78166	2112.066527	591.6582797	0.7180861555	0.05924994619	0.01420803985
52	1	66034.91094	236.947739	871814.1184	2904750.913	13635.34014	0.4545863945	0.9609741271	40354.898	15746.83911	9740.222583	2119.326394	530.2073825	0.07898257966	0.03055278081	0.01
52	1	68030.87822	504.6336581	1299291.91	1661291.197	4230.317061	0.8307873176	1.043812912	43664.72291	16312.46879	10317.81049	2112.936125	574.4144938	0.1682112194	0.04553376701	0.01371128167
52	1	68279.73644	1641.417407	1310140.07	1668278.117	1317.503587	0.9472998565	1.069473183	44685.2618	16487.17631	10496.46595	2109.571721	588.0671302	0.5471391357	0.04591394147	0.01566166872
52	1	66690.39441	459.6800373	996267.7483	2485744.407	5950.048897	0.7619980441	1.028658715	43066.6317	16209.78293	10212.55497	2116.266269	566.3917323	0.1532266791	0.03491426613	0.01177712866
52	1	70101.94071	438.0948379	1958637.775	639133.0997	2701.785368	0.8919285853	1.057252336	44227.10688	16406.94265	10412.91151	2119.32322	581.8074683	0.1460316126	0.06864058446	0.01
52	1	70384.90321	420.4735605	1971526.337	641571.9152	3094.944736	0.8762022105	1.053802385	44075.40273	16381.90875	10388.09573	2115.539571	579.8458476	0.1401578535	0.06909226495	0.01219826822
52	1	69833.46264	278.2952525	1702015.994	974320.0092	6315.450785	0.7473819686	1.025466987	42910.56329	16184.94739	10188.73337	2108.173006	564.4402331	0.09276508415	0.05964725795	0.01647902482
52	1	64992.52068	975.3747082	285346.8965	7316626.663	11255.86114	0.5497655542	0.9819867028	41136.42977	15884.13007	9883.544757	2100.752309	540.9161635	0.3251249027	0.01	0.02079077814
52	1	66671.25012	1976.451845	933897.9403	2765772.322	1313.897486	0.9474441006	1.069494588	44697.18703	16488.50233	10497.22312	2112.805856	588.1748243	0.6588172816	0.03272851227	0.01378359591
52	1	73305.9373	1001.235931	2590417.674	286539.9463	1353.238574	0.945870457	1.06917065	44660.11535	16483.71876	10493.63941	2105.777544	587.7921161	0.3337453103	0.09078135092	0.01786471667
52	1	64707.16148	1182.759266	501470.9418	4892187.634	4317.63892	0.8272944432	1.043026524	43651.75294	16309.06574	10313.34068	2118.387623	574.15529	0.3942530887	0.01757408081	0.01054430351
52	1	64320.56416	2236.968774	329854.2051	6362412.776	3629.364969	0.8548254012	1.049100488	43881.93858	16349.20699	10355.00455	2114.266516	577.2879703	0.7456562581	0.01155976144	0.01293813233
52	1	64856.72777	2245.491435	400596.8738	5912247.325	3218.766378	0.8712493449	1.052730128	44012.94311	16372.4964	10379.54215	2109.890285	579.1030288	0.748497145	0.01403894273	0.01548013241
52	1	66435.75716	246.5047044	871814.1184	3014733.899	13540.65081	0.4583739676	0.9618286253	40367.14937	15750.34059	9744.978377	2112.864861	530.4730178	0.08216823481	0.03055278081	0.01375393179
52	1	67449.84792	439.5407549	1088012.302	2273566.016	6156.138039	0.7537544784	1.026865421	42971.54816	16195.04069	10198.76451	2109.558245	565.2309539	0.146513585	0.0381294598	0.01567423011
52	1	64316.72935	2313.874065	372463.7174	5905665.355	2860.647585	0.8855740966	1.055861199	44162.85611	16396.52002	10402.73588	2116.898005	580.9897037	0.7712913551	0.01305301449	0.01140896624
52	1	64392.3596	1512.295806	396837.0408	5700277.183	4347.77751	0.8260888996	1.042765092	43637.00387	16306.82198	10311.28153	2117.150387	573.9783499	0.504098602	0.01390717915	0.01126308015
52	1	65425.8423	551.5601992	620394.3412	4251814.761	8312.10095	0.667515962	1.007866392	42222.55099	16066.39131	10066.85022	2113.977634	555.1799944	0.1838533997	0.02174175885	0.0131070837
52	1	66960.02294	441.4636975	1084855.426	2184591.784	5594.20685	0.776231726	1.03178898	43195.94161	16231.60854	10234.61339	2117.263611	568.0990801	0.1471545658	0.03801882688	0.01119764374
52	1	63998.02038	3500.798288	327500.2154	6200310.475	1829.60075	0.92681597	1.06493258	44535.99828	16459.60001	10466.57282	2119.321815	585.9236778	1.166932763	0.01147726572	0.01
52	1	65730.82759	152.3622292	790511.3114	3253140.434	23933.30235	0.04266790592	0.8702927992	36707.78089	15125.10801	9106.638173	2119.324204	481.6068545	0.05078740973	0.02770351881	0.01000151617
52	1	66596.47624	878.3121328	858722.5774	3130496.252	3885.251813	0.8445899275	1.04686253	43775.55392	16332.11765	10338.46876	2109.481798	575.9461233	0.2927707109	0.03009398693	0.01571786257
52	1	66256.68428	1607.889923	818861.828	3251268.996	1980.023068	0.9207990773	1.06362967	44460.42818	16448.19764	10456.19714	2112.551912	585.0238995	0.5359633077	0.02869706445	0.01393262753
52	1	64801.01597	2981.279224	542083.0087	4598254.076	1075.690491	0.9569723804	1.07157133	44803.00183	16505.11667	10512.95729	2119.319528	589.4817003	0.9937597413	0.01899733326	0.01
52	1	66643.57684	184.1694714	1034466.605	2315825.052	14849.03327	0.4060386692	0.9502866423	39925.05854	15673.56348	9665.549895	2119.326472	524.4794495	0.06138982379	0.03625294746	0.01
52	1	65120.28042	841.9285976	408905.92	5971530.833	8821.386329	0.6471445468	1.003406824	42016.38607	16032.95856	10034.21945	2106.145835	552.55678	0.2806428659	0.01433013378	0.01765711649
52	1	68519.12581	347.4397982	1519739.047	1184460.172	4937.720598	0.8024911761	1.037566313	43432.06741	16271.62069	10275.1861	2118.364115	571.2281931	0.1158132661	0.05325935082	0.01055814497
52	1	66630.0822	1073.393399	925357.0171	2796487.559	2686.516469	0.8925393412	1.057407166	44211.55151	16405.68257	10412.79706	2112.958418	581.7010155	0.3577977998	0.03242919508	0.01369737483
52	1	66481.16327	3278.151631	916463.3699	2801156.029	548.0407688	0.9780783692	1.076232092	44975.05036	16535.4302	10544.67584	2114.81266	591.845676	1.09271721	0.03211751665	0.01261442491
52	1	67212.22695	983.3302178	1178793.149	1899064.296	1834.362802	0.9266254879	1.064892121	44532.7952	16459.15466	10466.20359	2118.861342	585.8882891	0.3277767393	0.04131088033	0.01026748511
52	1	67071.60212	806.9110178	983100.2114	2634851.146	3702.315055	0.8519073978	1.048473926	43839.82802	16343.10875	10349.69811	2109.32542	576.8050985	0.2689703393	0.03445280896	0.01580860261
52	1	66944.06093	3313.543726	1114764.325	2070744.037	40.32920573	0.9983868318	1.080688468	45169.6836	16567.62567	10576.65808	2119.309406	594.3680096	1.104514575	0.03906698614	0.01
52	1	65710.45047	1607.889923	785062.9973	3277928.205	1591.813838	0.9363274465	1.067026483	44620.20329	16473.95523	10481.20224	2119.318461	587.0458169	0.5359633077	0.0275125823	0.01000162066
52	1	66935.79979	778.6781135	1111903.615	2079483.737	2673.596853	0.8930561259	1.057500683	44236.96031	16408.631	10414.63929	2119.283786	581.9393968	0.2595593712	0.03896673237	0.01002288798
52	1	64998.95623	1577.925437	518805.729	4877001.691	3198.453785	0.8720618486	1.052893506	44036.07259	16375.38141	10381.59301	2114.728564	579.3345945	0.5259751457	0.01818157952	0.01266946765
52	1	70393.38429	2312.301004	2036519.621	573420.9573	-133.2921837	1.005331687	1.082217335	45231.17305	16578.10791	10587.34016	2119.304461	595.1874027	0.7707670015	0.07136995866	0.01
52	1	70567.17617	2085.543605	2036245.365	583013.4092	137.6777418	0.9944928903	1.079840263	45125.92453	16560.7822	10570.20205	2116.488709	593.829536	0.6951812017	0.07136034735	0.01163717521
52	1	68443.32413	406.4984777	1465968.433	1291519.533	4440.880634	0.8223647747	1.041947837	43601.36828	16300.92385	10305.4195	2116.342147	573.5162851	0.1354994926	0.05137495627	0.0117326555
52	1	66451.35739	1008.676161	983100.2114	2487607.794	2234.850906	0.9106059638	1.061364047	44392.47558	16435.1334	10441.63973	2119.32257	584.0111303	0.3362253871	0.03445280896	0.01
52	1	64331.37185	2290.905366	376376.5996	5873562.29	2859.010177	0.8856395929	1.055875617	44163.43601	16396.61887	10402.83662	2116.898003	580.9974313	0.763635122	0.01319014169	0.01140896624
52	1	64331.37185	641.5305199	376376.5996	5873562.29	11728.96685	0.5308413262	0.9777689486	41022.06747	15861.10322	9857.110945	2116.901027	539.1363409	0.2138435066	0.01319014169	0.01140896624
52	1	64594.08739	2034.683252	486785.9273	4966462.414	2238.408408	0.9104636637	1.06133272	44391.21566	16434.91862	10441.42086	2119.322575	583.9943409	0.6782277505	0.01705944355	0.01
52	1	66816.70766	1393.811737	869844.8443	3133834.699	2601.330725	0.895946771	1.058177643	44220.78155	16408.64613	10416.98547	2106.600431	581.9247326	0.4646039123	0.03048376748	0.01739055308
52	1	66330.63108	444.9703512	870653.4136	2991528.779	7260.484678	0.7095806129	1.017125031	42596.67339	16130.05696	10131.63575	2114.488598	560.1573566	0.1483234504	0.03051210384	0.0128101012
52	1	68361.10299	173.4597614	1307963.905	1687287.684	13149.31203	0.4740275188	0.9652897915	40490.17626	15772.34683	9768.272872	2108.138222	532.1873317	0.05781992048	0.04583767761	0.01649993174
52	1	68835.89961	173.4597614	1371387.105	1578992.346	12817.57526	0.4872969898	0.9682232394	40595.05527	15791.06281	9788.049184	2104.310416	533.6455705	0.05781992048	0.04806034767	0.0187237402
52	1	73394.42883	1011.395398	2662734.194	254742.313	1100.237662	0.9559904935	1.071389115	44759.38802	16499.99999	10509.69149	2108.712861	589.0684835	0.3371317995	0.09331568793	0.01615910436
52	1	64379.2442	1182.759266	324556.7429	6456359.614	7437.950733	0.7024819707	1.015567065	42528.92812	16118.83319	10120.47107	2113.002788	559.2781417	0.3942530887	0.01137411154	0.01367332177
52	1	64971.99861	929.7225596	294021.9807	7193315.336	11388.56295	0.5444574819	0.9808154287	41092.24568	15876.41115	9875.521689	2101.606437	540.3138448	0.3099075199	0.01030401888	0.02029456966
52	1	66444.61205	471.2356101	791431.9902	3470145.157	8032.978228	0.6786808709	1.010343824	42301.29551	16081.15005	10083.01236	2107.872569	556.3260511	0.1570785367	0.02773578406	0.0166538547
52	1	68157.21456	106.1301744	1277397.399	1746134.362	21876.63149	0.1249347405	0.8884345319	37404.07628	15245.93742	9231.561889	2109.581451	491.0398767	0.03537672479	0.04476647248	0.01566171816
52	1	71507.64868	998.9953555	2205096.869	474188.7065	1144.508609	0.9542196557	1.070990283	44752.9609	16498.29014	10507.43282	2111.524	588.9383352	0.3329984518	0.07727775898	0.01452730483
52	1	65884.61333	557.0803851	831650.4092	3071903.33	5655.820728	0.7737671709	1.031239823	43180.91082	16228.59542	10231.16395	2119.325143	567.8661216	0.1856934617	0.02914524109	0.01
52	1	64093.45751	670.2432488	326355.2376	6267891.041	12949.93765	0.4820024939	0.9670147603	40592.34406	15787.66855	9782.125905	2117.718856	533.3969982	0.2234144163	0.0114371399	0.01093389618
52	1	64016.22375	4274.810551	332364.6619	6158436.884	1328.714701	0.946851412	1.06934326	44713.39122	16489.84056	10497.38993	2119.320479	588.2875716	1.42493685	0.01164774056	0.01
52	1	64181.80632	4274.810551	306980.83	6536110.79	1803.213466	0.9278714614	1.065178388	44531.50802	16459.75305	10467.50076	2115.120683	585.9303921	1.42493685	0.01075816257	0.01244026164
52	1	66200.20328	444.3600989	914923.7256	2736452.379	6556.528828	0.7377388469	1.023308613	42861.70675	16174.19404	10175.73712	2119.261412	563.6135023	0.148120033	0.03206355972	0.01003718668
52	1	68754.1367	258.5334817	1598466.995	1055579.815	6433.280211	0.7426687915	1.024393705	42905.56711	16181.65701	10183.33062	2119.325387	564.1969603	0.08617782722	0.05601837676	0.01
52	1	67430.06353	404.0750489	1229930.224	1772834.811	5284.241635	0.7886303346	1.034514698	43309.58632	16250.72501	10253.87851	2118.437796	569.5948757	0.134691683	0.04310298234	0.01051542645
