#gen	Feasible	f1	f2	f3	f4	f5	c1	c2	c3	c4	c5	c6	c7	x1	x2	x3
97	1	70939.80584	2329.358741	2155573.316	490354.6586	-55.84440442	1.002233776	1.081540557	45198.3864	16572.8744	10582.30582	2117.676345	594.776268	0.7764529138	0.07554220291	0.01094500296
97	1	67073.92476	1404.901337	713449.8315	4213233.009	4089.949549	0.836402018	1.045112708	43648.84261	16314.11616	10323.14912	2093.021202	574.5183845	0.4683004457	0.02500289438	0.02528026872
97	1	71423.66861	345.8851773	2057629.547	608143.2944	4514.988507	0.8194004597	1.041334807	43534.43564	16292.21479	10298.81457	2103.989518	572.8200651	0.1152950591	0.07210975738	0.01890883159
97	1	65002.25733	1565.124694	533683.5941	4753824.172	3065.469331	0.8773812267	1.054061832	44085.95101	16383.69968	10389.91471	2115.572728	579.9858855	0.5217082315	0.01870297524	0.01217898678
97	1	69918.37488	270.2984417	1588645.613	1196164.371	7551.575445	0.6979369822	1.014608252	42445.74485	16107.50358	10111.32148	2099.965778	558.3762186	0.09009948058	0.0556741858	0.02124730158
97	1	66574.44004	1374.016846	733580.105	3884113.626	3408.568764	0.8636572494	1.051083115	43920.68006	16358.43067	10366.60555	2102.286975	577.9940139	0.4580056152	0.02570836108	0.019897119
97	1	65698.16532	2089.608284	545041.5135	4971427.044	2871.709277	0.8851316289	1.055801757	44119.87902	16391.78668	10400.09169	2105.038599	580.6048822	0.6965360945	0.01910101425	0.01829813807
97	1	68153.70168	643.7677952	1131770.436	2248959.796	4643.275364	0.8142689854	1.040215194	43478.66314	16283.39349	10290.40195	2100.850727	572.1265847	0.2145892651	0.03966296636	0.02073232618
97	1	66785.59447	969.3238863	1063260.532	2231852.422	2160.926979	0.9135629208	1.062016771	44416.83688	16439.40711	10446.09645	2118.770006	584.3445146	0.3231079621	0.03726203247	0.01032091253
97	1	70051.90862	288.0517803	1764207.594	892280.1306	5872.320282	0.7651071887	1.029368349	43068.25999	16211.77993	10216.03518	2108.403071	566.538012	0.09601726009	0.06182676648	0.01634526665
97	1	67008.1292	428.0647251	940637.6856	2820251.712	7450.570161	0.7019771936	1.015472634	42507.28559	16116.28383	10118.83132	2107.789073	559.0723439	0.1426882417	0.03296470707	0.01670227946
97	1	65785.78529	1012.770201	766479.6699	3409381.515	3234.868036	0.8706052786	1.052565626	44030.60961	16373.95664	10379.72632	2116.985482	579.2260406	0.337590067	0.02686132842	0.01135838642
97	1	65364.27584	206.8721466	611402.0955	4294281.421	23105.51431	0.07577942747	0.8775977716	36984.82352	15173.40657	9156.757318	2114.428686	485.37622	0.06895738219	0.02142662503	0.01284564655
97	1	66428.52646	2115.15228	923284.3137	2754631.541	990.734601	0.960370616	1.072329804	44822.41681	16509.13492	10517.64766	2116.077718	589.7917569	0.70505076	0.03235655705	0.0118824399
97	1	67546.61054	116.1017514	1135083.278	2113653.242	22416.6138	0.1033354479	0.8836755518	37216.98111	15213.7678	9198.547712	2110.839555	488.52676	0.03870058381	0.03977906513	0.01493080842
97	1	64868.24814	981.7370965	373111.9865	6208488.514	8165.176145	0.6733929542	1.009179156	42255.05837	16073.22928	10074.90811	2108.049245	555.7071078	0.3272456988	0.01307573312	0.01655123056
97	1	65500.07592	643.7677952	424530.7512	6019646.526	11436.85078	0.5425259688	0.9803922666	41073.03635	15873.27642	9872.444808	2100.966533	540.0680048	0.2145892651	0.01487770697	0.02066633468
97	1	72645.88966	792.5439208	2320024.743	431454.8223	2231.00453	0.9107598188	1.061459413	44330.56802	16428.7802	10438.69564	2100.110392	583.4905001	0.2641813069	0.08130541356	0.02115929657
97	1	66530.5454	1665.842713	978810.5588	2524712.704	1169.538491	0.9532184604	1.070749842	44764.70783	16498.92433	10506.92904	2117.784217	588.9957285	0.5552809042	0.03430247782	0.0108919282
97	1	66568.12435	308.6528715	850752.1342	3165881.089	11271.45112	0.5491419551	0.9818215416	41159.59203	15886.17436	9884.02758	2109.460424	541.0868469	0.1028842905	0.02981466225	0.01573167136
97	1	68745.38244	475.6543825	1399991.306	1489773	4551.059673	0.8179576131	1.041005958	43533.19983	16291.23806	10297.17539	2107.492887	572.7480927	0.1585514608	0.04906278371	0.01687360928
97	1	65174.13682	911.3377823	395753.5711	6140348.262	8547.797939	0.6580880824	1.005821296	42107.80676	16048.90657	10050.77688	2104.484238	553.8013545	0.3037792608	0.01386920888	0.01862240747
97	1	66223.02531	208.281592	845492.9709	3094377.89	16458.77106	0.3416491577	0.9361264767	39339.73844	15574.79304	9565.745432	2114.706473	516.7528213	0.06942719734	0.02963035454	0.0126841206
97	1	69515.01826	154.0721236	1414351.567	1560479.037	14562.98763	0.4174804949	0.9528803158	39949.38084	15682.82046	9679.278761	2095.95506	525.1738595	0.05135737452	0.04956603995	0.02357800577
97	1	70932.41105	1398.878946	2111163.869	529384.6006	542.6350619	0.9782945975	1.076278688	44977.99866	16535.86417	10545.0604	2115.126768	591.8799915	0.466292982	0.07398587106	0.01243208249
97	1	69705.64496	586.4427548	1783286.677	835875.2596	2380.060418	0.9047975833	1.06009878	44327.24911	16424.93021	10432.01196	2115.132976	583.2083149	0.1954809183	0.06249539418	0.01243387381
97	1	64923.82539	587.7610463	368798.0987	6287580.581	13850.36475	0.4459854099	0.9591204768	40237.79367	15729.59476	9724.934412	2106.893868	528.843861	0.1959203488	0.01292455265	0.01722289286
97	1	66791.34791	755.5746467	917237.4017	2879002.128	4205.584818	0.8317766073	1.044040512	43663.38487	16312.91102	10318.82454	2109.870548	574.4452319	0.2518582156	0.03214464264	0.01549218343
97	1	67389.77776	510.5933856	1208421.384	1833579.236	4166.358494	0.8333456602	1.044360579	43703.35923	16317.99401	10322.54916	2117.789154	574.8524628	0.1701977952	0.04234920367	0.0108919282
97	1	65032.31023	4171.750431	602311.7098	4230514.605	425.7216657	0.9829711334	1.077295101	45032.87982	16544.32528	10552.93096	2119.219878	592.5465064	1.390583477	0.02110805189	0.01005535601
97	1	64534.51353	314.9377791	404108.2435	5703286.652	22897.59381	0.08409624751	0.8794258795	37061.32979	15186.25825	9169.693922	2115.299833	486.3819207	0.1049792597	0.0141619989	0.01233953443
97	1	69445.75501	435.8539307	1783286.677	815975.2635	3062.252232	0.8775099107	1.054078153	44099.44456	16385.17979	10390.73372	2119.323614	580.1062722	0.1452846436	0.06249539418	0.01
97	1	64015.93632	1715.17744	332284.7662	6159128.944	4454.523321	0.8218190671	1.041818155	43606.35962	16301.12261	10305.07396	2119.324437	573.5355487	0.5717258134	0.01164494061	0.01000010824
97	1	67971.84357	561.1682561	1296208.389	1661111.737	3728.015037	0.8508793985	1.04823361	43845.13919	16343.05731	10348.8415	2113.70139	576.8065456	0.1870560854	0.0454257048	0.01326648336
97	1	72012.85957	1022.040579	2469288.532	313799.7842	413.7161616	0.9834513535	1.077400514	45037.44552	16545.08277	10553.68538	2119.315106	592.6058381	0.340680193	0.08653637249	0.01
97	1	72049.77291	1333.468249	2350703.247	387034.7274	739.9435718	0.9704022571	1.074552642	44896.38713	16522.73061	10532.33111	2111.563839	590.8488941	0.4444894162	0.08238054367	0.01450152282
97	1	72874.88333	1692.544349	2556242.358	292182.3167	543.2117852	0.9782715286	1.076287902	44963.09016	16534.29886	10544.2857	2110.65602	591.7520536	0.5641814497	0.08958367478	0.01502556501
97	1	73410.12278	262.0640457	2408119.622	397316.6952	5829.508509	0.7668196596	1.029794295	43033.05374	16209.12207	10216.13703	2093.11115	566.3111397	0.08735468189	0.08439270418	0.02522906222
97	1	64788.44792	621.7312025	387190.5826	6013592.474	12248.09672	0.5100761313	0.9732191185	40816.09275	15827.4588	9824.059326	2110.185451	536.4979757	0.2072437342	0.01356911841	0.01531051477
97	1	67590.08746	308.6528715	1124251.941	2162565.263	8513.771179	0.6594491528	1.006104919	42136.32723	16052.67514	10053.69836	2109.48431	554.1021906	0.1028842905	0.03939948024	0.0157175554
97	1	66510.5447	1965.784546	998916.71	2433397.644	749.9001978	0.9700039921	1.074440159	44918.38316	16524.78596	10533.00159	2119.317835	591.019243	0.6552615155	0.03500709916	0.01
97	1	64061.64446	2329.358741	316935.2431	6352707.548	3383.730022	0.8646507991	1.051252622	43980.1131	16365.20074	10370.67937	2117.660911	578.5424382	0.7764529138	0.0111070156	0.01096609069
97	1	68970.45349	884.8505022	1458474.237	1374007.1	2396.136474	0.904154541	1.059982006	44296.05341	16421.30524	10429.74082	2107.389571	582.9152773	0.2949501674	0.05111232171	0.01693186556
97	1	65348.52155	1636.233506	651830.5618	3996738.192	2182.372169	0.9127051133	1.061833223	44403.79684	16437.54563	10444.50329	2117.116773	584.1969377	0.5454111687	0.02284344319	0.01128128922
97	1	65385.00692	1988.970983	461356.8647	5586109.662	3501.601874	0.859935925	1.050255077	43896.79735	16353.75748	10361.33743	2105.039677	577.6321517	0.6629903277	0.01616828045	0.01829813807
97	1	72186.23827	698.5092017	2171395.104	535478.3907	2686.102302	0.8925559079	1.057456916	44164.26546	16400.77055	10410.43798	2098.555783	581.29905	0.2328364006	0.07609667848	0.02206338852
97	1	66851.24657	895.2903367	969639.1547	2642746.682	3182.456845	0.8727017262	1.053042898	44032.96563	16375.43414	10382.13622	2112.065112	579.3353882	0.2984301122	0.03398106538	0.01421671267
97	1	74286.09057	792.5439208	2539178.431	343060.6312	3039.882759	0.8784046896	1.054378954	44000.55241	16375.41257	10386.74016	2086.889831	579.3022494	0.2641813069	0.0889856684	0.0288395514
97	1	67854.87531	345.8851773	1103085.011	2299461.082	8135.632559	0.6745746976	1.009452468	42251.98302	16073.6038	10076.04517	2103.939036	555.7312479	0.1152950591	0.03865768383	0.01893909454
97	1	65653.92421	920.4046696	646279.8479	4151425.422	4771.404213	0.8091438315	1.039051673	43469.55093	16279.43253	10284.34197	2111.861264	571.8307159	0.3068015565	0.02264891807	0.01433591552
97	1	67642.92663	535.7703024	1268522.721	1690737.315	3754.774941	0.8498090024	1.04798634	43847.62538	16342.68692	10347.79652	2117.333596	576.7821305	0.1785901008	0.04445545884	0.01115641654
97	1	71021.23928	1288.432005	2176440.687	476453.4145	416.3947627	0.9833442095	1.077382307	45030.96138	16544.34489	10553.24229	2117.633222	592.5460584	0.429477335	0.07627350125	0.01097633013
97	1	68177.49374	270.2984417	1425234.713	1352628.186	7039.6402	0.718414392	1.019057943	42687.01724	16144.65279	10145.83305	2118.171134	561.3029097	0.09009948058	0.0499474405	0.0106706651
97	1	64675.61443	2076.740801	374618.6006	6082624.128	3638.405202	0.8544637919	1.049030561	43868.77933	16347.62476	10353.94775	2111.243305	577.1605104	0.6922469338	0.0131285325	0.01469441314
97	1	65980.32347	1166.258469	847907.9229	3012839.881	2283.525932	0.9086589627	1.060937226	44373.3853	16432.00196	10438.55191	2118.760451	583.7656444	0.3887528229	0.02971498668	0.01032658149
97	1	66672.92431	985.7082603	759897.8462	3744294.091	4428.712267	0.8228515093	1.042099981	43559.3878	16296.84042	10303.84104	2102.288236	573.1795237	0.3285694201	0.02663066799	0.019897119
97	1	71627.77197	1100.989866	2358530.194	367149.9614	414.5622906	0.9834175084	1.077394579	45035.58566	16544.8693	10553.55488	2118.841093	592.5885588	0.3669966221	0.08265483953	0.01027518092
97	1	72700.68638	401.4383324	2456958.709	341715.9502	3099.898956	0.8760040418	1.053784524	44047.1404	16378.85059	10386.45831	2107.491327	579.5967361	0.1338127775	0.08610427305	0.01687360928
97	1	64096.88174	3928.333283	353918.7247	5976273.983	1374.623455	0.9450150618	1.068938999	44697.13225	16487.06886	10494.56538	2119.320627	588.0709087	1.309444428	0.01240310405	0.01
97	1	64441.44896	1212.423177	418804.6648	5511532.242	5211.148945	0.7915540422	1.035160746	43332.9921	16254.87972	10258.25084	2117.684659	569.9187072	0.404141059	0.01467703592	0.01095294608
97	1	64418.96592	784.1907564	438787.0655	5312109.674	7885.373141	0.6845850744	1.011607162	42391.05765	16093.96335	10093.97833	2119.253246	557.3418844	0.2613969188	0.01537732041	0.01004210755
97	1	65582.25516	498.9843045	290364.9727	7660631.658	21759.39578	0.1296241686	0.8895246123	37386.20014	15246.83319	9235.788838	2091.549357	491.0873655	0.1663281015	0.0101758588	0.02613779289
97	1	67628.81733	1103.031439	1110838.894	2221592.897	2471.749957	0.9011300017	1.059314069	44271.43751	16416.9653	10425.19744	2108.046623	582.5768464	0.3676771462	0.03892941917	0.01655032241
97	1	64627.55293	3132.542317	309280.4672	6784684.366	3112.394862	0.8755042055	1.053672617	44044.63981	16378.29652	10385.78627	2108.075803	579.5541547	1.044180772	0.0108387535	0.0165340954
97	1	66798.23105	192.9064505	1075794.516	2186264.834	13569.18947	0.4572324211	0.9615566337	40378.32581	15750.8329	9744.292515	2119.326389	530.5195756	0.06430215017	0.03770128673	0.01
97	1	72610.76337	1608.789679	2508915.771	309586.6787	492.0079222	0.9803196831	1.0767343	44985.84481	16537.87116	10547.6683	2112.060131	592.0330518	0.5362632265	0.08792511155	0.01421064026
97	1	65107.60706	421.6666932	393993.4666	6121308.019	18136.22151	0.2745511398	0.9213848894	38715.17001	15470.3454	9461.007407	2105.451448	508.5766173	0.1405555644	0.01380752591	0.0180610381
97	1	66113.00204	889.270637	646279.8479	4331935.937	5477.450189	0.7809019924	1.032858097	43195.12336	16234.26851	10239.67694	2104.461198	568.2910117	0.2964235457	0.02264891807	0.01863518726
97	1	66668.47966	120.2861257	979508.6386	2554102.826	24749.57237	0.01001710516	0.8631168157	36406.45858	15074.55312	9055.802003	2115.610246	477.6503535	0.04009537524	0.03432694207	0.0121592207
97	1	65807.59301	650.4080514	736311.0139	3600403.259	5770.13398	0.7691946408	1.030247646	43125.57193	16220.1478	10223.38406	2114.815575	567.2001383	0.2168026838	0.02580406596	0.01261987855
97	1	65468.82386	3762.365291	719520.2364	3592516.978	338.280367	0.9864687853	1.07806498	45063.95913	16549.61605	10558.31639	2119.252706	592.9601264	1.254121764	0.0252156321	0.01003573344
97	1	68897.88351	457.4220905	1636880.147	1000579.266	3207.969228	0.8716812309	1.052795005	44047.83768	16376.38226	10381.76845	2119.323753	579.4185718	0.1524740302	0.05736456809	0.01
97	1	66319.46082	2045.28753	905177.69	2814197.421	1026.501855	0.9589399258	1.072012715	44811.94288	16507.2038	10515.55734	2116.744089	589.6416338	0.6817625102	0.03172200929	0.01149558608
97	1	68670.87779	1243.56848	1576130.402	1088974.421	753.0836764	0.9698766529	1.074412143	44917.23832	16524.59195	10532.80485	2119.312574	591.0040707	0.4145228265	0.05523558945	0.0100030662
97	1	72960.47509	381.844444	2375074.918	403647.7392	4018.842963	0.8392462815	1.045721749	43691.62496	16320.24098	10328.40873	2098.364649	575.0038365	0.1272814813	0.08323465044	0.02217615768
97	1	73363.80355	374.9392153	2508915.771	331973.5283	3788.259182	0.8484696327	1.047747181	43778.46615	16334.70123	10342.85575	2099.936482	576.1361535	0.1249797384	0.08792511155	0.02126287446
97	1	69416.56601	575.7046868	1521228.67	1283897.237	3732.127232	0.8507149107	1.048228501	43811.68307	16339.47836	10346.97978	2103.985874	576.51464	0.1919015623	0.05331155476	0.01891048388
97	1	69086.81811	1626.398826	1502797.077	1285822.729	1250.925755	0.9499629698	1.070063896	44704.26739	16490.71985	10500.33224	2108.181824	588.3423929	0.542132942	0.05266561842	0.01646832547
97	1	66493.71055	144.836715	949657.39	2647030.188	21056.09198	0.157756321	0.8956374461	37717.88361	15297.89219	9283.212381	2116.626686	495.109969	0.04827890499	0.03328080318	0.01156864387
97	1	64180.99935	1193.701178	376397.2927	5792035.136	5855.748697	0.7657700521	1.029479306	43110.10467	16216.52495	10218.86335	2119.325211	566.9225767	0.3979003925	0.01319086688	0.01
97	1	72630.65498	634.0009308	2240125.586	495106.984	3035.893563	0.8785642575	1.054386402	44030.44328	16378.61754	10388.41726	2095.538358	579.563585	0.2113336436	0.07850534256	0.02381669456
97	1	66523.48461	442.0294774	809557.5316	3387088.75	8382.381124	0.664704755	1.007267637	42176.96515	16059.99412	10061.4858	2107.694609	554.6720767	0.1473431591	0.0283709948	0.01675728687
97	1	69094.59875	314.709371	1688199.893	931947.852	4839.468759	0.8064212497	1.03842866	43469.78064	16277.85613	10281.37768	2119.249528	571.7167213	0.1049031237	0.05916307181	0.01004373796
97	1	65259.79317	775.3935183	583131.1803	4467318.318	6166.966829	0.7533213268	1.026754545	42983.68066	16196.0489	10198.901	2114.405973	565.3158227	0.2584645061	0.02043586902	0.01285792057
97	1	64802.43469	701.3637242	467641.0888	5234839.676	8628.537285	0.6548585086	1.005077258	42113.23211	16047.57295	10047.51965	2114.812473	553.7100122	0.2337879081	0.01638851148	0.01262210805
97	1	64348.36158	1318.92674	421121.1438	5442189.989	4590.764798	0.8163694081	1.040618445	43558.10919	16292.89722	10296.69171	2119.324694	572.8925726	0.4396422468	0.01475821707	0.01
97	1	72959.11493	644.3333862	2349126.438	422236.8817	2814.804151	0.887407834	1.056329162	44112.96166	16392.40462	10402.23187	2096.818363	580.6429165	0.2147777954	0.08232528432	0.02307278589
97	1	65474.68347	293.8490855	589245.4584	4508988.283	16990.24433	0.320390227	0.9314573203	39140.33229	15541.5421	9532.484371	2111.312204	514.1493643	0.09794969516	0.02065014429	0.0146560966
97	1	65781.40658	301.6136121	704158.1365	3798338.052	13673.87813	0.4530448747	0.9606540667	40321.39735	15742.44612	9736.853509	2113.299474	529.856452	0.1005378707	0.02467726634	0.01350144178
97	1	66077.87452	607.2604705	730893.3512	3726730.512	6596.848461	0.7361260616	1.022982796	42817.35661	16168.62988	10171.74472	2110.132106	563.1671463	0.2024201568	0.02561420363	0.01534093186
97	1	64829.39299	492.5313782	367920.3968	6242297.899	16437.38461	0.3425046158	0.9363351088	39326.41884	15573.9095	9566.010852	2108.363311	516.6758291	0.1641771261	0.01289379353	0.01636929097
97	1	65168.3344	457.3714654	583559.408	4426298.627	10625.70546	0.5749717818	0.9874871806	41409.52274	15927.37087	9924.824714	2115.906988	544.3152205	0.1524571551	0.02045087629	0.01198640031
97	1	70431.92815	434.9822735	1926155.869	697306.5871	3307.713693	0.8676914523	1.051939983	43988.5371	16367.86482	10374.42636	2112.044681	578.7436707	0.1449940912	0.067502254	0.01422866855
97	1	69081.60778	89.74818936	1414351.567	1499017.318	23845.67406	0.04617303757	0.8711168819	36684.85334	15124.78189	9109.316718	2102.94192	481.56089	0.02991606312	0.04956603995	0.01951910911
97	1	68833.32451	248.1615472	1482240.167	1301692.332	7916.786468	0.6833285413	1.011356845	42352.87282	16089.25031	10090.68527	2111.038134	556.9632022	0.08272051573	0.05194520022	0.0148147718
97	1	67372.47914	759.8336245	1108465.287	2178395.183	3289.664145	0.8684134342	1.052098946	43994.90554	16368.95205	10375.53566	2112.037386	578.8286502	0.2532778748	0.03884623597	0.01423289404
97	1	67872.61149	759.8336245	1242114.584	1808340.306	2909.637866	0.8836144853	1.055445364	44129.49499	16391.89579	10398.91684	2112.036891	580.6221555	0.2532778748	0.04352998401	0.01423289404
97	1	65535.52981	760.4234537	738365.5694	3498194.497	4533.125931	0.8186749628	1.041125999	43578.52247	16296.37711	10300.23795	2119.324665	573.1645949	0.2534744846	0.02587606799	0.01
97	1	69839.11816	193.6131703	1665174.715	1039367.367	9428.024452	0.6228790219	0.9980658314	41800.59912	15996.23538	9996.848619	2105.860251	549.6857837	0.06453772342	0.058356153	0.01782309381
97	1	64907.40512	1495.244491	546061.2278	4611800.571	2984.13566	0.8806345736	1.054770751	44122.25172	16389.39031	10395.29561	2117.848442	580.4335645	0.4984148304	0.0191367502	0.01085691926
97	1	70143.90987	962.0864567	1859328.031	762651.7799	1376.309389	0.9449476244	1.068945499	44674.57441	16484.68129	10493.35763	2112.65163	587.8759422	0.3206954856	0.0651602682	0.01387335824
97	1	66120.77141	518.6400471	785457.2445	3402695.642	7010.378606	0.7195848558	1.019333027	42679.46537	16144.55474	10146.73273	2112.732186	561.2884489	0.1728800157	0.02752639871	0.0138304669
97	1	68690.22883	84.30417598	1434617.549	1395511.537	24466.20859	0.02135165654	0.8656284942	36489.89361	15089.89978	9072.385367	2110.473311	478.8435777	0.02810139199	0.05027626255	0.01514361591
97	1	66241.4123	895.2903367	806674.4478	3316252.389	3874.718753	0.8450112499	1.046947009	43787.79535	16333.63945	10339.54468	2112.065823	576.0683104	0.2984301122	0.02826995694	0.01421671267
97	1	64349.39326	686.260908	383763.2686	5808250.659	10693.14887	0.5722740453	0.9868896118	41389.42179	15923.69296	9920.865512	2117.055997	544.0291555	0.228753636	0.01344900797	0.01131887083
97	1	64522.44502	294.5780172	467641.0888	5100697.773	20829.15525	0.1668337899	0.8976271509	37807.14886	15312.519	9297.621814	2119.326729	496.2567155	0.09819267239	0.01638851148	0.01
97	1	69656.28436	148.9072037	1616316.43	1112571.311	12560.82908	0.4975668368	0.9704791201	40691.09044	15807.09512	9804.102251	2105.860649	534.9007489	0.04963573457	0.05664391133	0.01782309381
97	1	66557.79588	2067.247986	1010738.402	2394321.096	662.1826921	0.9735126923	1.075212734	44949.28906	16530.06518	10538.39039	2119.268654	591.4318568	0.6890826621	0.03542139111	0.01002821619
97	1	71335.24316	319.490232	2240125.586	439075.5456	3599.533329	0.8560186669	1.049356274	43899.60778	16351.74748	10357.19709	2116.423349	577.4892542	0.106496744	0.07850534256	0.01168514056
97	1	65517.01038	414.6934581	676481.6669	3889214.394	10085.32759	0.5965868963	0.9922456649	41600.85163	15959.99045	9958.069025	2115.89162	546.8650638	0.1382311527	0.02370734272	0.01199529043
97	1	67429.53357	483.1577905	1131928.561	2102342.874	5161.477281	0.7935409087	1.03561463	43333.62005	16256.11294	10260.45409	2112.534472	570.0086723	0.1610525968	0.03966850786	0.01394493789
97	1	68730.59822	699.8224963	1536274.366	1173654.348	2243.843721	0.9102462512	1.061295654	44378.18317	16433.43434	10440.52804	2115.950031	583.8741016	0.2332741654	0.05383883214	0.01195910642
97	1	64750.51266	283.4286935	477694.5751	5119359.828	21426.5328	0.1429386882	0.892376619	37585.47058	15275.40035	9260.359693	2116.256818	493.3513264	0.09447623117	0.01674083654	0.01178353234
97	1	65996.99048	570.7572822	683653.647	4015768.532	7629.139451	0.694834422	1.013897643	42446.67062	16105.77629	10107.97687	2108.58661	558.2519688	0.1902524274	0.02395868521	0.01623896986
97	1	68313.35308	881.1912156	1479478.754	1246402.717	1521.949435	0.9391220226	1.067641914	44644.71739	16478.1494	10485.48915	2119.248749	587.3735869	0.2937304052	0.05184842632	0.01004200429
97	1	64165.1281	417.1623254	372156.0545	5826357.043	18396.03873	0.264158451	0.9190525799	38668.85721	15459.41622	9447.319746	2119.326644	507.7396252	0.1390541085	0.01304223242	0.01
97	1	65791.15016	524.9095067	806674.4478	3180663.718	6260.325941	0.7495869623	1.025916698	42966.82029	16192.09896	10193.97166	2119.325337	565.0132049	0.1749698356	0.02826995694	0.01
97	1	65228.78585	1689.03173	656117.8122	3923239.354	1920.490754	0.9231803698	1.064132279	44503.75375	16454.10688	10460.97803	2119.305279	585.4942602	0.5630105766	0.02299369015	0.01000971533
97	1	69607.1554	487.4101024	1826183.184	768706.0764	2578.043566	0.8968782574	1.058342021	44270.88453	16414.40861	10420.5224	2119.308938	582.3910622	0.1624700341	0.06399870497	0.01000820656
97	1	65484.56758	417.1623254	593312.0433	4481300.916	11822.65552	0.5270937791	0.976961568	40970.75981	15853.5601	9850.435438	2111.397816	538.5398208	0.1390541085	0.02079265801	0.01460614781
97	1	64478.01703	801.0788808	446214.5764	5272687.147	7598.398165	0.6960640734	1.014135807	42491.03259	16111.11647	10111.55109	2118.749339	558.6821084	0.2670262936	0.015637618	0.01033482456
97	1	65357.92947	364.2020788	676481.6669	3832273.412	11371.41734	0.5451433064	0.9809124632	41153.81899	15883.22311	9879.366759	2118.456112	540.8673893	0.1214006929	0.02370734272	0.010505495
97	1	65294.87947	2181.175118	674057.0929	3826043.874	1258.308003	0.9496676799	1.069963245	44738.32633	16494.0913	10501.72171	2119.320238	588.6198507	0.7270583725	0.02362237337	0.01
97	1	68621.03817	1288.432005	1552904.035	1128657.786	765.0280401	0.9693988784	1.074308878	44911.03949	16523.66592	10531.97101	2118.714719	590.930936	0.429477335	0.05442161993	0.0103502868
97	1	68553.09591	720.8811755	1544743.296	1137609.957	1906.340282	0.9237463887	1.064256831	44508.82034	16454.96693	10461.85141	2119.321975	585.5615113	0.2402937252	0.05413562633	0.01
97	1	67435.75596	297.9081678	1223236.758	1794549.771	7497.33061	0.7001067756	1.015028365	42524.17034	16116.94186	10117.63576	2117.942921	559.1364702	0.09930272259	0.0428684094	0.01080330913
97	1	66903.94072	291.5912107	1027680.536	2400586.259	9492.470893	0.6203011643	0.9974699679	41806.95658	15995.38186	9994.35058	2114.719624	549.6301345	0.09719707023	0.03601512926	0.01267613034
97	1	69603.26257	158.8900655	1740685.38	891684.94	10357.09052	0.5857163792	0.9898579476	41499.08943	15943.00897	9941.071503	2114.217308	545.5355344	0.05296335517	0.06100242902	0.01296802612
97	1	69139.14796	2166.286766	1626516.561	1041831.395	403.1530469	0.9838738781	1.077507983	45026.31698	16544.17282	10553.58774	2114.795994	592.5290661	0.7220955887	0.05700137554	0.01262263831
97	1	69279.44349	2175.129107	1666479.977	984571.8471	368.8560415	0.9852457583	1.077809516	45038.95483	16546.2946	10555.72257	2114.944648	592.6951118	0.7250430355	0.05840189599	0.01253598792
97	1	69511.86348	298.9786516	1551658.071	1228493.684	6726.251336	0.7309499466	1.021862018	42752.27543	16158.81345	10162.81533	2104.287273	562.3924953	0.09965955053	0.05437795505	0.01873654601
97	1	67260.05858	144.836715	1026943.251	2484354.44	19980.30055	0.2007879781	0.9051352265	38073.54973	15360.20522	9348.12702	2108.935397	499.9713474	0.04827890499	0.03598929106	0.01603701846
97	1	70233.28968	1625.823802	1873074.135	750823.2155	734.0745781	0.9706370169	1.074602819	44900.01268	16523.24596	10532.76997	2112.033928	590.8897661	0.5419412674	0.06564200131	0.01422866855
97	1	65015.38538	476.033409	417622.7456	5824720.089	14984.91626	0.4006033497	0.9491251898	39840.82253	15661.60097	9655.374229	2108.363226	523.5306437	0.158677803	0.01463561548	0.01636929097
97	1	64079.81774	1645.334571	308766.5672	6454511.946	5266.195586	0.7893521766	1.034678606	43310.83433	16251.2792	10254.73024	2116.876337	569.6362455	0.5484448569	0.01082074384	0.0114225556
97	1	68520.06914	144.6468287	1533500.909	1156535.748	12656.3084	0.4937476639	0.9695957079	40701.15	15805.89729	9800.433546	2119.180539	534.8237597	0.04821560957	0.05374163614	0.01008469391
97	1	64419.024	2136.109106	369430.6707	5993488.89	3310.025355	0.8675989858	1.051909953	43997.67108	16368.76117	10374.78448	2115.066448	578.8175144	0.7120363686	0.01294672117	0.01247325068
97	1	63999.01255	2139.635719	325351.706	6224105.482	3518.676617	0.8592529353	1.050059458	43937.31851	16357.57366	10362.62802	2119.178414	577.9481279	0.7132119064	0.01140197108	0.01008458635
97	1	64628.15241	3613.831084	294473.9371	6962137.421	2902.076889	0.8839169244	1.055527516	44116.15185	16390.68475	10398.57662	2107.172521	580.5214106	1.204610361	0.01031985772	0.01705860528
97	1	68354.46825	809.4358787	1467581.16	1277334.107	1843.408842	0.9262636463	1.064815641	44526.3228	16458.26829	10465.48271	2117.868869	585.8177623	0.2698119596	0.05143147439	0.01084400045
97	1	68032.8499	809.4358787	1381635.778	1439794.853	1999.182355	0.9200327058	1.063443937	44471.15433	16448.86361	10455.89872	2117.869208	585.0826009	0.2698119596	0.04841951305	0.01084400045
97	1	66128.46965	386.840988	889639.1665	2840574.882	7909.822884	0.6836070846	1.011393018	42381.21138	16092.36365	10092.41438	2118.892828	557.216386	0.128946996	0.03117746075	0.01025149896
97	1	69288.24634	533.8473855	1489496.955	1340732.309	4065.410857	0.8373835657	1.045293193	43694.15636	16319.40958	10326.50001	2104.140623	574.9460627	0.1779491285	0.05219951482	0.01882080791
97	1	70142.68112	1636.233506	1848861.003	776580.3526	740.5714355	0.9703771426	1.07454561	44897.71177	16522.85372	10532.37025	2112.034026	590.8591047	0.5454111687	0.06479345056	0.01422866855
97	1	66099.16031	546.4921529	635610.0939	4407450.747	8895.573415	0.6441770634	1.002760286	41983.18166	16027.75823	10029.30666	2104.041812	552.1476426	0.182164051	0.02227499586	0.01887948142
97	1	66159.80247	555.2245098	643893.0982	4368879.176	8686.737289	0.6525305084	1.004600776	42055.56859	16040.20268	10042.07621	2103.563878	553.1198243	0.1850748366	0.02256527427	0.0191571179
97	1	66895.65959	471.8307753	1097094.698	2125836.65	5002.199399	0.799912024	1.036996367	43411.45531	16267.95929	10271.33082	2119.039229	570.9428257	0.1572769251	0.03844775295	0.01016595377
97	1	64484.85555	962.0864567	347071.0603	6269412.308	8622.108543	0.6551156583	1.005140764	42108.41469	16047.22268	10047.55853	2112.658717	553.6799404	0.3206954856	0.01216312722	0.01387335824
97	1	64991.22127	1516.003881	587586.6667	4323803.796	2597.51035	0.896099586	1.058171585	44262.97879	16413.12805	10419.27386	2119.001878	582.2905773	0.5053346269	0.02059201183	0.01018659732
97	1	65009.72546	1458.929769	589861.8076	4314115.831	2726.322168	0.8909471133	1.057037815	44216.82857	16405.29594	10411.32202	2118.840985	581.6781425	0.486309923	0.02067174428	0.01028015686
97	1	64981.85721	267.7500916	590408.8253	4298889.899	18052.709	0.2778916399	0.9220758574	38790.45027	15480.14444	9468.443169	2119.32663	509.3599438	0.08925003055	0.02069091455	0.01
97	1	66944.94148	420.638168	1091233.433	2157463.172	5818.575959	0.7672569616	1.02981123	43118.54749	16218.27771	10220.91301	2117.891547	567.0577979	0.1402127227	0.03824234455	0.01083288792
97	1	64791.02793	3116.417233	537880.2007	4627716.21	1016.269048	0.9593492381	1.072094877	44823.74169	16508.67246	10516.59788	2119.226718	589.7595402	1.038805744	0.01885004559	0.01005374945
97	1	69667.42038	2046.467964	1758242.278	870016.685	426.5009646	0.9829399614	1.077304211	45016.17177	16542.56791	10552.05693	2114.225989	592.4028991	0.6821559882	0.0616177116	0.01295358253
97	1	71671.24391	857.4805962	2253842.069	442286.0475	1311.583258	0.9475366697	1.069518094	44694.78907	16488.30715	10497.20375	2111.828614	588.1583465	0.2858268654	0.07898603757	0.01435109835
97	1	64397.31346	1943.618349	363629.0097	6042124.256	3749.453995	0.8500218402	1.048040452	43842.0438	16342.23106	10347.74855	2115.06685	576.7436642	0.6478727832	0.0127434016	0.01247325068
97	1	64788.06585	1943.618349	418987.9342	5689713.561	3405.676643	0.8637729343	1.051077146	43954.04722	16361.97168	10368.40945	2112.106884	578.2830835	0.6478727832	0.0146834586	0.01419259653
97	1	64996.04417	1723.251857	548598.979	4629369.848	2578.992559	0.8968402976	1.058342426	44261.53429	16413.41308	10420.01085	2116.572067	582.3098222	0.5744172857	0.01922568585	0.01159808984
97	1	64691.40679	268.962901	512792.3809	4789757.27	20803.26808	0.1678692768	0.897855107	37816.31702	15314.08191	9299.214527	2119.326728	496.3788881	0.08965430033	0.01797084136	0.01
97	1	63840.2774	410.3373862	285346.8965	6575303.126	24640.92291	0.01436308366	0.8640616573	36457.17981	15082.38695	9063.102124	2119.32683	478.267366	0.1367791287	0.01	0.01
97	1	67039.47081	293.8490855	1135193.519	2016185.259	8174.673608	0.6730130557	1.009060399	42287.83145	16076.41715	10076.14046	2119.020126	555.9700123	0.09794969516	0.03978292855	0.01017757275
97	1	67247.40571	657.8707348	1112761.443	2137244.063	3658.070096	0.8536771962	1.048847569	43871.92614	16347.48994	10353.24619	2114.313211	577.1538076	0.2192902449	0.03899679501	0.01291102019
97	1	66482.33	1401.766557	811853.7936	3360735.048	2625.928471	0.8949628612	1.057954984	44218.30192	16407.80971	10415.78538	2108.49272	581.8617136	0.4672555191	0.02845146745	0.01629140055
97	1	64750.73666	3617.502884	364538.3677	6233515.992	2201.054555	0.9119578178	1.061693343	44371.83732	16433.77988	10442.07979	2109.421672	583.8929556	1.205834295	0.01277527011	0.01575119648
97	1	68447.22817	765.9151277	1516379.019	1183489.917	1796.620054	0.9281351979	1.065223015	44547.66407	16461.58967	10468.60123	2119.317311	586.0792034	0.2553050426	0.05314159846	0.01000257466
97	1	66758.28191	492.5313782	883373.2521	3044392.193	6858.693837	0.7256522465	1.020682717	42718.79143	16152.21434	10155.34152	2108.362075	561.8817366	0.1641771261	0.03095787138	0.01636929097
97	1	64673.4425	639.6375937	482228.7708	5042966.484	8990.613358	0.6403754657	1.001879431	41994.74743	16026.72751	10025.73289	2117.771827	552.0842283	0.2132125312	0.01689973771	0.0109028678
97	1	64706.13391	656.4664561	516727.8772	4763570.191	8004.49905	0.679820038	1.010557936	42349.10696	16086.79608	10086.66109	2119.325748	556.7817117	0.218822152	0.01810876107	0.01
97	1	64706.13391	341.3908414	516727.8772	4763570.191	16098.02404	0.3560790386	0.9392883351	39482.71812	15598.15679	9588.705513	2119.326541	518.5849319	0.1137969471	0.01810876107	0.01
97	1	64104.62943	3174.351664	307462.2912	6484075.314	2492.938576	0.900282457	1.059100762	44291.42967	16418.548	10425.27611	2116.395426	582.7109969	1.058117221	0.0107750354	0.01170062593
97	1	67195.44146	644.0029521	1107119.165	2147956.389	3731.048321	0.8507580672	1.048203348	43847.71834	16343.25444	10348.83854	2114.810597	576.8233414	0.2146676507	0.03879906104	0.01262210805
97	1	65433.67003	494.610363	532574.2175	4957380.811	11300.77948	0.5479688209	0.9815661841	41146.22074	15884.09306	9882.073113	2108.554382	540.9230197	0.164870121	0.01866409707	0.01625805229
97	1	65385.08311	492.6155889	567190.6936	4646622.611	10448.47775	0.5820608902	0.9890621518	41457.52837	15936.53444	9934.986605	2111.425631	545.0259336	0.1642051963	0.01987723366	0.01458989835
97	1	64339.69303	1166.681765	418804.6648	5459780.034	5323.149334	0.7870740267	1.034169246	43298.72914	16248.68016	10251.63162	2119.32502	569.4361391	0.3888939218	0.01467703592	0.01
97	1	66244.45212	235.3538842	588758.7451	4846650.041	22170.3783	0.113184868	0.8858821483	37264.77604	15224.53192	9211.716081	2098.874627	489.3532364	0.07845129472	0.02063308739	0.02188205019
97	1	66930.25203	491.7430707	1087766.329	2167563.833	4897.165612	0.8041133755	1.037924856	43444.96365	16273.91651	10277.60752	2117.918825	571.4070999	0.1639143569	0.03812083966	0.01081682582
97	1	66018.69349	627.8618147	757632.0274	3537850.931	5963.983572	0.7614406571	1.028547431	43049.94611	16207.71858	10211.10691	2112.698848	566.2259055	0.2092872716	0.02655126223	0.01384964191
97	1	66264.74785	2061.501597	895978.9557	2845133.964	1006.763665	0.9597294534	1.072185477	44820.01067	16508.50761	10516.8259	2117.07118	589.743961	0.6871671989	0.03139963906	0.01130556838
97	1	65486.47168	985.5846584	544471.4521	4879642.388	5560.897201	0.777564112	1.032110611	43178.60785	16230.58753	10235.1983	2108.419569	568.0082163	0.3285282195	0.01908103641	0.01633560134
97	1	65690.77182	985.1424125	599066.139	4522293.535	5057.967755	0.7976812898	1.036539284	43356.72448	16260.95144	10266.14112	2108.419308	570.3817539	0.3283808042	0.02099431066	0.01633560134
97	1	69156.85715	298.9786516	1568195.556	1154999.392	6176.461836	0.7529415265	1.026681815	42969.12353	16194.31048	10197.75405	2111.007388	565.1756842	0.09965955053	0.05495751225	0.01483234847
97	1	66055.94208	769.7803101	818662.1033	3192426.712	4209.757948	0.8316096821	1.043984849	43681.3682	16314.68469	10319.54615	2115.779098	574.5912624	0.2565934367	0.02869006509	0.01205967268
97	1	70634.66777	345.8851773	2070650.734	552582.4607	3519.805527	0.8592077789	1.050054911	43931.36857	16356.92782	10362.27954	2117.493357	577.8955372	0.1152950591	0.07256608567	0.01106349686
97	1	70634.4634	2394.195885	2073977.308	549382.8332	-49.21114719	1.001968446	1.081482146	45196.03718	16572.47392	10581.89771	2117.676616	594.7449628	0.7980652951	0.07268266569	0.01094500296
97	1	66343.30797	457.4220905	886459.9819	2913795.845	6864.527625	0.725418895	1.020609333	42739.37244	16154.21935	10156.12113	2115.237642	562.047059	0.1524740302	0.03106604602	0.01237487826
97	1	65220.27055	468.4991866	654119.5107	3933797.377	8941.960729	0.6423215708	1.002302878	42017.09715	16030.19768	10028.9836	2119.325907	552.3574321	0.1561663955	0.02292365954	0.01
97	1	64232.27998	3618.844769	390100.9054	5682515.608	1342.183245	0.9463126702	1.06922466	44708.62122	16489.02741	10496.56127	2119.320523	588.2240079	1.20628159	0.01367111085	0.01
97	1	66355.21919	427.6212084	636471.1473	4506579.306	11553.8177	0.5378472919	0.9793654861	41028.31764	15865.87181	9865.082804	2099.966544	539.4879386	0.1425404028	0.02230517154	0.02124730158
97	1	66355.21919	905.0573563	636471.1473	4506579.306	5788.138771	0.7684744491	1.030136644	43070.28054	16213.96949	10219.81724	2099.965064	566.6986247	0.3016857854	0.02230517154	0.02124730158
97	1	68551.40661	839.0687436	1466649.594	1302981.329	1988.31164	0.9204675344	1.063550006	44464.36239	16448.41226	10456.03254	2114.637894	585.0432819	0.2796895812	0.0513988276	0.0127209784
97	1	73654.93827	1349.47769	2779361.758	213038.9034	585.2967281	0.9765881309	1.07591448	44951.09968	16532.06135	10541.84292	2111.543563	591.5782536	0.4498258967	0.09740290825	0.01451155942
97	1	73387.41535	384.6174349	2779361.758	207819.8842	2265.522321	0.9093791071	1.061105017	44370.23849	16432.09772	10439.18084	2115.868996	583.7695172	0.1282058116	0.09740290825	0.01200620272
97	1	64749.27614	1000.746124	433207.4839	5530740.61	6508.04159	0.7396783364	1.023753731	42860.20397	16175.17763	10177.78147	2113.591762	563.6833051	0.3335820413	0.01518178362	0.01333100519
97	1	68513.2286	565.5067598	1531098.924	1160643.188	2683.588081	0.8926564767	1.057413154	44232.95736	16407.97944	10414.00122	2119.142777	581.8882887	0.1885022533	0.05365745845	0.0101048098
97	1	66811.85246	1446.852609	1050249.457	2288520.422	1318.953265	0.9472418694	1.069434854	44711.04939	16489.82632	10497.69897	2117.559505	588.2842584	0.4822842029	0.03680605851	0.011022793
97	1	66633.67209	1449.551554	1031819.778	2324379.582	1223.894299	0.951044228	1.070266283	44750.51423	16496.169	10503.83902	2119.320114	588.7822636	0.4831838513	0.03616018925	0.01
97	1	67062.28332	1657.875089	1142879.377	1993613.808	820.0402837	0.9671983887	1.073823195	44892.85156	16520.4794	10528.65148	2119.108416	590.6823385	0.5526250295	0.04005227992	0.01012186087
97	1	63849.30956	2017.81319	285346.8965	6580811.623	4411.930632	0.8235227747	1.042193681	43620.96521	16303.64425	10307.6704	2119.179	573.732483	0.6726043965	0.01	0.01008458635
97	1	69311.86385	94.2408724	1601369.267	1105999.244	19578.93816	0.2168424737	0.9086644798	38220.88674	15384.97744	9373.081888	2110.51138	501.9097532	0.03141362413	0.05612008704	0.01512141408
97	1	66822.90758	641.8986016	845686.8473	3270251.278	5739.368687	0.7704252525	1.030549834	43104.29018	16218.65604	10223.65925	2105.046501	567.0713205	0.2139662005	0.02963714895	0.01829523396
