#gen	Feasible	f1	f2	f3	f4	f5	c1	c2	c3	c4	c5	c6	c7	x1	x2	x3
89	1	66077.21121	395.4049592	552252.9213	5085034.973	14289.89013	0.4284043948	0.9552742186	40057.34256	15700.4786	9696.646298	2099.368008	526.5584552	0.1318016531	0.01935373849	0.02159518507
89	1	63849.52997	2467.227434	287819.4403	6552694.403	3424.092086	0.8630363166	1.05089188	43971.29598	16363.33403	10368.47146	2119.323941	578.3985963	0.8224091448	0.01008665045	0.01
89	1	64592.98576	344.2509395	418429.8531	5593159.702	20181.06683	0.1927573266	0.9033472034	38023.15124	15350.23916	9336.815709	2115.221104	499.2001585	0.1147503132	0.01466390062	0.01238522615
89	1	68497.28047	1697.367116	1466377.177	1297073.713	704.7833307	0.9718086668	1.074849701	44921.75436	16526.19762	10535.14361	2115.487825	591.1248092	0.5657890387	0.05138928074	0.01222363302
89	1	66775.25308	266.9754336	799492.6951	3528334.138	14341.08767	0.426356493	0.9548116622	40051.272	15698.64301	9694.102722	2103.029771	526.4195435	0.08899181119	0.02801827197	0.01946782574
89	1	66660.63802	722.9481957	751559.9494	3794686.631	5954.099059	0.7618360376	1.028668774	43018.15512	16204.64203	10209.94085	2101.984333	565.9720234	0.2409827319	0.02633846587	0.02007425977
89	1	68598.02508	103.3347363	1556749.622	1118741.314	17727.0097	0.290919612	0.9249438858	38905.79937	15499.80824	9488.481877	2119.326616	510.8970571	0.0344449121	0.05455638877	0.01
89	1	65922.25432	447.0591622	507759.4681	5415977.235	13785.02889	0.4485988443	0.9597204989	40235.53044	15730.89535	9727.677164	2099.181894	528.9358904	0.1490197207	0.01779446261	0.021703287
89	1	69126.53905	927.8979371	1529315.713	1232370.254	2061.296626	0.9175481349	1.062924897	44420.42791	16442.12335	10450.63289	2109.146179	584.5448188	0.3092993124	0.05359496572	0.0159109655
89	1	65450.82894	194.4139721	621111.1131	4256364.208	24279.51468	0.02881941295	0.8672624033	36566.37502	15102.2498	9084.39268	2113.619174	479.8129065	0.06480465736	0.02176687817	0.01331596473
89	1	67321.7501	3744.14638	1091243.93	2234126.045	501.697778	0.9799320889	1.076649804	44981.55865	16537.19721	10547.02918	2111.800498	591.9800454	1.248048793	0.03824271241	0.01436133925
89	1	69806.37651	276.0333461	1530516.238	1309808.154	7787.343806	0.6885062478	1.01253758	42356.64229	16092.68607	10096.5341	2098.264723	557.2158123	0.09201111538	0.05363703817	0.02223558248
89	1	66800.2748	277.1772332	556298.3379	5399470.064	20778.07238	0.1688771049	0.8981774079	37721.9106	15304.84804	9295.570044	2087.95683	495.6178787	0.09239241107	0.01949551037	0.02822491614
89	1	69411.41644	527.1836654	1774110.455	826472.7094	2415.582145	0.9033767142	1.059772572	44328.46812	16424.22191	10430.52021	2119.322844	583.1581828	0.1757278885	0.06217381287	0.01
89	1	69429.64644	585.8665081	1680524.326	974277.0903	2682.514048	0.8926994381	1.057441049	44214.36895	16406.06993	10413.11369	2113.383472	581.7318261	0.195288836	0.05889408109	0.01345045604
89	1	71636.37922	1899.944214	2156133.799	522557.7805	881.0851894	0.9647565924	1.073326025	44829.6906	16512.47005	10522.80728	2106.486154	590.04049	0.633314738	0.07556184508	0.01744878239
89	1	68339.58248	4154.369378	1241393.669	1890721.391	877.7841101	0.9648886356	1.073361611	44824.15491	16511.97148	10522.67332	2104.44548	589.9989736	1.384789793	0.04350471949	0.01863134994
89	1	64819.54296	407.4886124	311846.4652	6875766.092	23662.44862	0.05350205539	0.8727232834	36756.98406	15136.59752	9120.953665	2105.139881	482.4872611	0.1358295375	0.01092867906	0.01824215975
89	1	65043.85286	2538.503362	606586.0544	4203663.875	1168.561935	0.9532575226	1.070753602	44770.03321	16499.50158	10507.23946	2119.29639	589.0427411	0.8461677873	0.02125784657	0.01001365831
89	1	68890.9956	936.3107556	1388485.715	1540556.438	2590.268291	0.8963892684	1.058281944	44217.61263	16408.57639	10417.30981	2104.448532	581.9165924	0.3121035852	0.04865956952	0.01864049326
89	1	68985.86117	960.2921423	1581429.711	1110953.762	1535.572686	0.9385770926	1.067536969	44624.44171	16475.7187	10483.87422	2114.556972	587.1777187	0.3200973808	0.05542130403	0.01276717642
89	1	65089.29075	1624.710851	352936.0652	6563454.015	5574.779854	0.7770088058	1.032004856	43156.72315	16227.98326	10233.49114	2103.268065	567.7982044	0.5415702836	0.01236866668	0.01932836483
89	1	65421.74755	2471.204511	497889.6082	5259957.489	2561.925567	0.8975229773	1.058524477	44234.89954	16411.04208	10419.41804	2106.649624	582.1120845	0.8237348369	0.01744857275	0.0173619224
89	1	71354.60224	1304.533921	2070713.825	590660.0628	1299.949499	0.9480020201	1.069639563	44679.33529	16486.97217	10496.93548	2105.882415	588.0465662	0.4348446403	0.0725682967	0.01780348455
89	1	73000.141	1118.564185	2661544.271	246107.1663	543.9792214	0.9782408311	1.076267272	44977.09053	16535.73804	10544.95598	2114.995473	591.8699684	0.3728547283	0.093273987	0.01250829302
89	1	65303.97178	1135.746817	608593.7154	4291257.318	3832.528268	0.8466988693	1.047308403	43813.15492	16337.27096	10342.66417	2115.228608	576.3561366	0.3785822723	0.02132820517	0.01237931786
89	1	65356.9299	1174.372424	690638.6966	3738679.523	2902.688672	0.8838924531	1.055483231	44155.95531	16394.81329	10400.55089	2119.323449	580.8593204	0.3914574747	0.02420347672	0.01
89	1	65956.96746	1050.554814	569886.8152	4876710.502	5420.303118	0.7831878753	1.033368021	43208.4685	16237.00116	10242.84635	2102.368146	568.5020065	0.350184938	0.01997171941	0.01985111939
89	1	68873.54404	1738.581419	1465597.573	1344943.515	1115.624742	0.9553750103	1.071251502	44756.11819	16499.29788	10508.85437	2109.375281	589.0144263	0.5795271396	0.05136195945	0.01577466909
89	1	65501.19977	352.8443423	456255.3458	5696957.968	18894.41921	0.2442232315	0.9147166743	38438.12063	15423.68232	9413.930463	2102.862645	504.9257442	0.1176147808	0.01598949739	0.0195650691
89	1	68670.20091	837.4978225	1329744.124	1671769.449	2972.116637	0.8811153345	1.054919431	44082.42972	16385.52804	10393.81913	2104.465178	580.1149294	0.2791659408	0.04660096675	0.01863134994
89	1	67340.95477	392.5801971	1053545.982	2389835.678	7151.288678	0.7139484529	1.018103404	42618.04092	16134.84837	10137.48408	2109.234811	560.5253345	0.1308600657	0.03692158544	0.01586231829
89	1	65681.58248	1524.982953	605965.253	4464525.493	3196.07386	0.8721570456	1.05293286	44017.98835	16373.55508	10380.78792	2108.981976	579.1846498	0.508327651	0.02123609054	0.01600776318
89	1	65677.35455	987.7089006	532526.6354	5071076.982	5945.518931	0.7621792428	1.028735884	43029.88225	16206.06438	10210.90554	2104.622128	566.0865041	0.3292363002	0.01866242955	0.01854182953
89	1	65375.67675	276.4578005	633744.8942	4134907.952	16481.67941	0.3407328237	0.9359219149	39334.5435	15573.71371	9564.4827	2115.592425	516.6695578	0.09215260016	0.02220962982	0.01216941144
89	1	64987.02798	2126.743694	589376.0262	4308687.292	1618.69009	0.9352523964	1.066790274	44610.21427	16472.28362	10479.52502	2119.175643	586.9149692	0.7089145647	0.02065472004	0.01008461888
89	1	69018.69351	196.4427856	1603498.253	1072362.236	8962.958892	0.6414816443	1.002130655	41996.61305	16027.57189	10027.03575	2115.364802	552.1472256	0.06548092855	0.05619469749	0.01230125834
89	1	71866.10757	1042.702252	2329006.924	395138.9459	897.3669176	0.9641053233	1.073161122	44846.07544	16513.79265	10522.91914	2113.219138	590.1522809	0.3475674175	0.08162019466	0.01354184279
89	1	69548.20895	150.1978672	1810665.223	785440.4137	10173.23605	0.5930705582	0.9914605689	41581.03081	15955.86054	9953.22916	2119.326075	546.5465213	0.05006595573	0.06345487703	0.01
89	1	64630.94875	3745.454028	466963.8046	5158343.979	1064.256961	0.9574297216	1.071677741	44801.15534	16505.1933	10513.36434	2117.528985	589.4854537	1.248484676	0.01636477601	0.01103987476
89	1	73720.29514	234.1777826	2853468.965	188404.0134	3998.773154	0.8400490739	1.045845302	43753.44324	16327.1472	10332.39396	2114.97532	575.5644486	0.07805926087	0.1	0.0125265359
89	1	66166.47509	970.4584511	884607.9436	2875666.126	2796.937093	0.8881225163	1.056418772	44188.96454	16400.73544	10406.83389	2117.974198	581.3205671	0.3234861504	0.03100114123	0.01078374014
89	1	64072.31007	1537.853861	300841.6567	6539577.711	5866.082884	0.7653566846	1.029397289	43097.20328	16214.93914	10217.76294	2116.519535	566.7951083	0.5126179537	0.01054301485	0.01162997511
89	1	64347.36976	285.9403127	418429.8531	5467231.742	24108.36571	0.03566537168	0.8687516943	36645.30726	15114.48944	9095.843566	2119.180462	480.7766242	0.09531343756	0.01466390062	0.01008502807
89	1	69433.13643	3391.064291	1713890.463	919621.9513	32.59213426	0.9986963146	1.08076935	45159.30509	16566.72734	10576.47459	2115.3164	594.2928104	1.130354764	0.06006339946	0.01231382151
89	1	66213.11407	671.7219346	726050.4523	3805686.703	6171.461829	0.7531415268	1.026736561	42959.86777	16193.46465	10197.50734	2107.659749	565.1053832	0.2239073115	0.02544448393	0.01677717227
89	1	69191.06082	629.812212	1715225.294	897126.031	1988.702172	0.9204519131	1.063531572	44479.65119	16449.99441	10456.78408	2119.322138	585.1728106	0.209937404	0.06011017871	0.01
89	1	70037.69184	1081.546786	1928900.711	669076.2936	715.3113208	0.9713875472	1.074747168	44928.13591	16526.61432	10535.00414	2118.559116	591.1612174	0.3605155952	0.06759844716	0.01044044553
89	1	68721.45081	912.2569121	1374186.361	1554735.211	2540.835553	0.8983665779	1.058711248	44241.28072	16412.20212	10420.6609	2106.319196	582.202352	0.3040856374	0.04815844778	0.01755382505
89	1	67689.34014	276.0333461	1247650.69	1760829.408	8159.46505	0.673621398	1.009206143	42281.05637	16076.06955	10076.46479	2115.328025	555.9382265	0.09201111538	0.04372399719	0.01232254149
89	1	74438.34734	336.7173452	2828379.575	210359.3254	3609.632796	0.8556146882	1.04931388	43848.14913	16346.15396	10354.16857	2101.885766	577.033846	0.1122391151	0.09912074073	0.02013036636
89	1	67072.525	428.8723641	1089264.058	2190628.52	5861.724724	0.765531011	1.029438238	43096.10042	16214.92682	10217.89804	2115.716113	566.793141	0.1429574547	0.03817332768	0.01209672662
89	1	65851.19784	160.9182675	822720.8613	3110354.091	21704.39398	0.1318242407	0.8899200127	37497.17582	15259.67724	9243.772594	2119.326755	492.1260924	0.05363942249	0.02883230452	0.01
89	1	68059.61054	4170.758268	1372659.629	1466091.626	-71.36315411	1.002854526	1.081679769	45201.25073	16573.5374	10583.12831	2116.87394	594.8270964	1.390252756	0.04810494336	0.01140918397
89	1	64189.62282	1505.019205	374911.1041	5811677.087	4523.448177	0.8190620729	1.041211951	43581.19675	16296.883	10300.79551	2119.095995	573.2038545	0.5016730684	0.01313878331	0.01013284253
89	1	72634.21495	2516.813659	2375637.704	391237.4048	856.5023438	0.9657399062	1.073551601	44829.02923	16512.97919	10523.84882	2103.633082	590.0767359	0.8389378864	0.08325437331	0.01910100295
89	1	67521.72052	1730.61421	1269131.06	1670075.359	589.3860714	0.9764245571	1.075853608	44975.23057	16534.47686	10542.87725	2119.316701	591.7767772	0.5768714035	0.0444767781	0.01
89	1	67424.6886	206.7126137	1100462.256	2219660.278	12929.75325	0.4828098701	0.9672149193	40576.42591	15786.48629	9782.208135	2110.716027	533.2958299	0.06890420457	0.03856576921	0.01500230328
89	1	65485.31902	344.2431829	612430.7796	4334978.695	13831.97618	0.4467209527	0.9592643282	40262.90117	15732.64041	9727.000593	2112.539156	529.0889932	0.1147477276	0.02146267533	0.01394316769
89	1	73335.10724	900.7029392	2680510.728	245628.8435	1082.212972	0.9567114811	1.071541341	44772.4535	16501.7837	10511.13637	2110.742771	589.2104503	0.3002343131	0.09393866768	0.01498057697
89	1	66293.18943	4110.151754	711836.0664	3930054.846	1242.858514	0.9502856594	1.070143514	44698.29734	16490.28813	10500.38481	2105.499652	588.305297	1.370050585	0.02494633988	0.01802522342
89	1	64371.46908	2499.592225	427058.6453	5397806.974	2022.742636	0.9190902946	1.063231866	44467.5483	16447.93433	10454.68736	2119.307876	585.0117574	0.8331974085	0.01496629718	0.01000832205
89	1	67651.42893	1310.841604	1079546.527	2350831.72	2307.672979	0.9076930808	1.060766101	44322.12849	16426.09917	10434.91937	2105.7936	583.2880243	0.4369472015	0.03783277617	0.01785872342
89	1	64070.91268	1345.762733	346979.0697	6034328.131	5605.557519	0.7757776993	1.031682429	43198.71195	16231.63002	10234.2564	2119.325125	568.103335	0.4485875776	0.0121599034	0.01
89	1	69763.42909	861.1681305	1757273.022	879277.1961	1680.725838	0.9327709665	1.066264955	44566.68731	16466.29456	10474.62456	2112.630053	586.4386289	0.2870560435	0.06158374399	0.0138866734
89	1	66967.8244	4170.758268	1057903.46	2291137.381	182.7809626	0.9926887615	1.07944628	45106.67341	16557.718	10567.2623	2115.492906	593.5887653	1.390252756	0.03707429352	0.01221523786
89	1	64055.48679	1662.051383	332663.4025	6177683.783	4659.334292	0.8136266283	1.040016608	43531.79935	16288.54658	10292.37114	2118.709821	572.5517166	0.5540171276	0.01165820994	0.0103572297
89	1	67109.63299	735.0149646	910849.267	2998368.783	4752.364013	0.8099054395	1.039243368	43451.56929	16278.00858	10284.27044	2104.354683	571.7100264	0.2450049882	0.03192077006	0.0186968012
89	1	70821.03486	1623.149715	2077550.595	555503.9824	434.1702728	0.9826331891	1.077234546	45015.6473	16542.333	10551.69525	2114.892461	592.3853679	0.541049905	0.07280789175	0.01256702186
89	1	67043.24746	232.0437891	919237.9862	2936790.418	14142.0207	0.434319172	0.9565553021	40131.33634	15711.65687	9706.831116	2105.933037	527.4404612	0.0773479297	0.03221475325	0.0177811164
89	1	65750.56681	909.2238442	532963.1866	5101738.689	6511.469878	0.7395412049	1.023755952	42825.64544	16171.50001	10175.89424	2103.468509	563.3831768	0.3030746147	0.01867772852	0.01921216461
89	1	65386.62055	1591.25331	698572.8646	3697584.826	1911.07441	0.9235570236	1.064215143	44507.14371	16454.68111	10461.56014	2119.321985	585.539169	0.5304177701	0.02448153014	0.01
89	1	73284.81356	1029.299212	2570137.87	296250.7128	1394.112039	0.9442355185	1.068813555	44642.73179	16480.94839	10490.97847	2104.894486	587.5744543	0.3430997375	0.09007064391	0.01837759951
89	1	68004.16025	3170.820509	1362553.084	1484450.046	77.17533232	0.9969129867	1.080370866	45149.58071	16564.66696	10574.03651	2117.164977	594.1340518	1.05694017	0.04775075883	0.01124407559
89	1	64939.42439	1404.725274	543570.282	4645603.08	3284.492335	0.8686203066	1.052128017	44013.68286	16371.02808	10376.70576	2117.182303	578.9973615	0.468241758	0.01904945484	0.01124407559
89	1	66484.65702	145.9074735	899228.3143	2887366.663	22309.13659	0.1076345365	0.8846127136	37264.56822	15221.24786	9205.639021	2113.730691	489.1150865	0.04863582449	0.03151351304	0.01325114755
89	1	64877.54307	1719.979057	562396.0959	4470173.738	2310.866922	0.9075653231	1.060694695	44365.52664	16430.54117	10436.96147	2119.314419	583.6521465	0.5733263522	0.01970920668	0.01000480416
89	1	70426.47383	1312.373968	1950528.772	668015.2119	807.5333127	0.9676986675	1.073950971	44879.12904	16519.34516	10528.50842	2113.594428	590.5867886	0.4374579893	0.06835640396	0.0133234388
89	1	70020.09142	362.3188635	1810665.223	820566.1695	4315.172601	0.827393096	1.043069596	43630.65701	16306.92796	10312.38796	2111.717634	573.979846	0.1207729545	0.06345487703	0.01441918742
89	1	66284.60776	4213.695838	754998.2356	3642812.739	964.4423559	0.9614223058	1.0725864	44805.93248	16508.03733	10517.96847	2108.240354	589.6961722	1.404565279	0.02645896082	0.01643223502
89	1	64986.15544	303.9941669	418429.8531	5800804.258	23370.59606	0.06517615753	0.8752812802	36872.67703	15155.50132	9139.529857	2108.883436	483.9696434	0.101331389	0.01466390062	0.01606726694
89	1	64570.52943	2015.489341	285346.8965	7035895.861	5252.035767	0.7899185693	1.034833142	43285.14057	16248.93779	10254.05762	2107.553206	569.4415685	0.6718297804	0.01	0.01683882284
89	1	68481.91917	1761.142146	1445437.482	1343289.344	751.0525327	0.9699578987	1.074445517	44902.02276	16523.056	10532.12873	2114.47205	590.8779606	0.5870473821	0.0506554478	0.01281360715
89	1	66681.93176	347.7153246	814981.0151	3404929.384	10726.61536	0.5709353855	0.9866320139	41339.39979	15917.69958	9916.887596	2105.468016	543.5461745	0.1159051082	0.02856106112	0.01805108082
89	1	68248.36259	927.8979371	1118649.405	2321177.463	3592.574106	0.8562970358	1.049474831	43843.14441	16346.03412	10354.66279	2098.531839	577.0202877	0.3092993124	0.039203139	0.02207865453
89	1	66337.03766	1941.68928	939640.4535	2654727.338	921.3278968	0.9631468841	1.072933102	44855.10541	16514.16917	10522.32551	2118.539739	590.1883584	0.6472297601	0.03292975901	0.01045244369
89	1	68550.03065	287.2995471	1149613.256	2261812.823	9948.237345	0.6020705062	0.9935180041	41582.36845	15961.28985	9963.133511	2095.5403	546.9412062	0.09576651569	0.04028826914	0.02381865093
89	1	68593.4612	352.8443423	1429542.611	1395314.288	5677.795393	0.7728881843	1.031070651	43148.09527	16224.66316	10228.55348	2111.725172	567.5492414	0.1176147808	0.05009841105	0.01441523689
89	1	71147.89051	2491.341762	2230898.119	438498.7699	-198.411594	1.007936464	1.082792161	45252.79577	16581.88957	10591.27426	2118.8632	595.4824675	0.8304472541	0.07818196542	0.01025395689
89	1	71929.06783	1704.789908	2446897.046	323742.1667	-51.87993764	1.002075198	1.081500439	45202.34023	16573.19272	10582.33126	2119.30708	594.8031837	0.5682633026	0.08575166142	0.01
89	1	66452.18758	396.7676312	974593.6492	2524895.825	6965.665063	0.7213733975	1.01970734	42715.28432	16149.33424	10150.48835	2118.799004	561.6696416	0.1322558771	0.03415469596	0.01030588775
89	1	66003.68895	504.0574271	722915.5001	3752921.693	8006.931197	0.6797227521	1.010563664	42320.31801	16083.74241	10085.10746	2110.847099	556.532412	0.1680191424	0.02533461933	0.01492576702
89	1	67057.99957	287.2995471	897051.3782	3056557.951	11851.4772	0.5259409119	0.9767303141	40937.35962	15849.406	9847.496219	2104.356689	538.2062979	0.09576651569	0.03143722218	0.0186968012
89	1	66372.15522	298.0114543	787439.7932	3470938.641	12666.71407	0.4933314372	0.969537311	40663.27362	15801.71029	9798.074458	2108.800404	534.4834915	0.09933715144	0.02759587726	0.01611520206
89	1	66032.20361	1250.126369	685258.5225	4017665.527	3511.782375	0.859528705	1.05015559	43903.31587	16354.1966	10361.22004	2108.113524	577.6703182	0.4167087895	0.02401492818	0.01651249845
89	1	67057.84045	850.224657	1054298.653	2324875.3	2946.871217	0.8821251513	1.05511172	44122.25216	16390.26651	10396.92486	2113.84156	580.4970497	0.283408219	0.03694796285	0.01318457036
89	1	64058.46532	4063.16455	337033.355	6132582.176	1435.909924	0.942563603	1.068400604	44674.11189	16483.23185	10490.7286	2118.921434	587.7704717	1.354388183	0.0118113552	0.01023197843
89	1	65846.67965	1088.30874	733861.866	3628905.936	3338.988816	0.8664404474	1.051658206	43984.02009	16366.65933	10372.83191	2114.036218	578.6519271	0.3627695801	0.02571823542	0.01307175615
89	1	67229.04594	252.1078172	1021194.876	2502123.188	11524.16556	0.5390333777	0.9795973925	41068.8644	15870.78927	9868.417608	2109.088028	539.8837338	0.08403593908	0.0357878389	0.01594803668
89	1	70853.22066	331.4022061	2056393.995	578056.7562	4045.852414	0.8381659034	1.045436704	43730.62752	16323.66552	10329.18862	2113.110544	575.2899567	0.110467402	0.07206645738	0.01360987677
89	1	71956.12245	2537.396665	2347319.579	385954.4219	196.7146949	0.9921314122	1.079332003	45093.07635	16555.97515	10565.96954	2112.855597	593.4492409	0.8457988882	0.08226196283	0.0137430655
89	1	66521.82589	695.4338163	847515.8893	3170121.537	4950.462691	0.8019814924	1.037480855	43400.03766	16267.9873	10273.01879	2110.009931	570.9337325	0.2318112721	0.02970124784	0.01541149987
89	1	66288.01826	864.189495	870180.2255	2982187.537	3490.580289	0.8603767884	1.050319779	43933.9848	16357.88726	10363.68881	2115.145181	577.9676025	0.288063165	0.03049552093	0.01242761427
89	1	64580.54071	1434.976964	415104.188	5619131.744	4523.55973	0.8190576108	1.041223381	43568.38692	16295.54707	10300.14665	2115.218904	573.0945806	0.4783256547	0.01454735247	0.01238522615
89	1	65178.00497	1445.247306	483024.5172	5277168.825	4187.88523	0.8324845908	1.044196966	43669.04081	16313.91586	10319.88271	2109.68457	574.5235478	0.481749102	0.01692762469	0.015600217
89	1	70818.7831	132.7037755	1920068.071	730467.4085	11905.81382	0.5237674471	0.9762483569	40921.69844	15846.49837	9844.333254	2105.444336	537.9803683	0.04423459183	0.06728890674	0.01806491907
89	1	63913.45047	2536.329922	285346.8965	6620062.582	3429.900167	0.8628039933	1.050844512	43965.35375	16362.57898	10367.91879	2118.144352	578.3381001	0.8454433074	0.01	0.01068526703
89	1	66317.31427	286.5554423	677118.6853	4184126.199	15735.46265	0.370581494	0.9425331372	39557.44257	15614.45887	9608.313551	2103.029865	519.8388961	0.09551848078	0.02372966707	0.01946782574
89	1	66485.58924	301.3029123	678485.465	4239821.205	15144.40315	0.3942238742	0.9477462831	39758.1079	15649.24184	9644.243067	2100.399731	522.5545834	0.1004343041	0.02377756595	0.0209958249
89	1	65222.3315	694.4699816	461524.5948	5500885.148	9352.077739	0.6259168904	0.9987287896	41833.47379	16001.44277	10001.82176	2107.674971	550.0951108	0.2314899939	0.01617415856	0.01676880183
89	1	65916.8499	1112.176027	804499.8026	3230147.593	2714.472955	0.8914210818	1.057147519	44215.50712	16405.43699	10411.77365	2117.16563	581.6870752	0.3707253425	0.02819374637	0.01125339079
89	1	66311.38894	1112.176027	945696.7412	2620659.754	2063.289067	0.9174684373	1.062874778	44453.23563	16445.49129	10452.19511	2119.322276	584.8208034	0.3707253425	0.03314200199	0.01
89	1	66762.65916	266.846715	965097.263	2641926.422	11223.87514	0.5510449944	0.9822284408	41188.83207	15890.33639	9887.577609	2113.222108	541.4168921	0.08894890501	0.0338218945	0.01354626089
89	1	66337.03716	1090.754477	932962.2143	2685755.21	2242.977579	0.9102808969	1.061296268	44385.70533	16434.23765	10440.94407	2118.140835	583.9396331	0.3635848257	0.03269571969	0.0106864784
89	1	66847.46888	247.0614133	1088952.238	2146557.257	10291.95301	0.5883218796	0.9904151764	41538.98621	15948.69311	9945.925077	2119.326089	545.9862455	0.08235380442	0.03816239992	0.01
89	1	66853.27113	232.9445943	1055898.965	2274853.167	11478.88589	0.5408445645	0.9799700187	41111.74852	15876.31746	9872.553165	2117.238843	540.3260554	0.07764819809	0.03700404589	0.01121269216
89	1	66607.76147	380.8644347	944400.7743	2699749.126	7853.710299	0.685851588	1.011901291	42386.51611	16094.23509	10095.13434	2114.470058	557.3571492	0.1269548116	0.03309658475	0.01282095114
89	1	65383.67768	1020.536892	685258.5225	3783213.573	3542.9139	0.858283444	1.049847983	43926.72502	16355.90118	10361.03578	2118.568288	577.8166283	0.3401789639	0.02401492818	0.01043904196
89	1	69859.06849	167.6430238	1893735.552	699610.8147	8605.103738	0.6557958505	1.005269158	42136.39784	16050.53511	10049.70878	2119.325854	553.9472032	0.05588100793	0.06636608195	0.01
89	1	72486.67947	1134.348604	2394493.638	373465.9762	1201.91641	0.9519233436	1.070498713	44718.27822	16493.33045	10503.17932	2107.164615	588.5451935	0.3781162013	0.08391518071	0.01705852326
89	1	68674.10015	1644.28088	1310570.18	1729109.522	1768.892937	0.9292442825	1.065518628	44504.54455	16457.7535	10467.64575	2103.240647	585.7592472	0.5480936267	0.04592901469	0.01933981846
89	1	65151.91098	1250.126369	567639.1647	4543701.814	3722.245466	0.8511101814	1.048279588	43852.14897	16343.92258	10349.44614	2115.209236	576.8760671	0.4167087895	0.01989295036	0.01239052063
89	1	66154.28476	2523.231822	837441.1276	3118099.862	929.6235575	0.9628150577	1.072870359	44841.56455	16512.56473	10521.28209	2115.319409	590.0589173	0.8410772739	0.02934817718	0.01232254149
89	1	68804.93355	1043.361959	1452368.13	1367535.137	1889.153818	0.9244338473	1.064439008	44483.18084	16452.70233	10461.31385	2109.688265	585.3724523	0.3477873197	0.05089833279	0.01559575736
89	1	65127.3493	3308.276804	629288.3652	4072251.429	663.8863088	0.9734445476	1.075197577	44948.84569	16529.97897	10538.29361	2119.317259	591.425179	1.102758935	0.02205345048	0.01
89	1	68192.76689	476.19882	1266006.981	1786967.017	4958.931261	0.8016427496	1.037411697	43391.46885	16266.89631	10272.21776	2108.318995	570.8463371	0.15873294	0.04436729458	0.0163938443
89	1	67536.49526	476.19882	1148701.036	2062224.576	5211.501055	0.7915399578	1.035176414	43313.557	16252.84855	10257.2584	2111.822033	569.7526051	0.15873294	0.04025630033	0.01435884342
89	1	65523.14307	1268.003585	690638.6966	3796739.657	2824.100171	0.8870359932	1.05618384	44174.9627	16398.63942	10404.94239	2116.643839	581.1550591	0.4226678617	0.02420347672	0.01155658921
89	1	64636.2954	2467.227434	287362.0384	7054150.088	4342.696508	0.8262921397	1.042843566	43604.09903	16303.51655	10309.84946	2106.613988	573.7067998	0.8224091448	0.01007062077	0.01738410147
89	1	65647.41796	629.0535003	669807.5069	3982503.74	6721.243849	0.731150246	1.021876983	42784.01938	16162.23525	10164.63012	2113.386216	562.6713459	0.2096845001	0.02347344636	0.01345045604
89	1	65253.01343	582.9874836	525200.2749	4937991.994	9546.338058	0.6181464777	0.9970074667	41775.6978	15990.86179	9990.424008	2111.021482	549.2721811	0.1943291612	0.01840567679	0.01482462041
89	1	72579.03307	1088.058219	2602102.736	262474.0279	365.6814504	0.985372742	1.077827065	45050.78491	16547.60057	10556.45609	2118.198675	592.8012606	0.3626860731	0.09119085465	0.01064774235
89	1	66129.74433	419.0196916	552252.9213	5109862.244	13582.90266	0.4566838935	0.9615024885	40304.93868	15742.872	9740.003602	2098.52113	529.8712762	0.1396732305	0.01935373849	0.02208715866
89	1	65571.14148	412.8671771	504143.5436	5275597.987	14581.6409	0.4167343641	0.9526883063	39971.3282	15684.66628	9679.566578	2104.623677	525.3289788	0.1376223924	0.01766774231	0.01854182953
89	1	64833.24176	3164.635778	385204.6412	6059521.482	2391.499537	0.9043400185	1.060016598	44304.11518	16422.25337	10430.34883	2109.33883	582.9918276	1.054878593	0.01349952097	0.01579960729
89	1	65039.1678	880.3997541	546364.4207	4666022.564	5676.159269	0.7729536292	1.031072191	43161.91336	16226.13988	10229.31968	2115.7444	567.6696985	0.2934665847	0.01914737561	0.01208025355
89	1	65348.14602	1189.991989	458551.0082	5594297.325	5680.850366	0.7727659854	1.031063787	43126.39815	16222.333	10227.32914	2105.466419	567.3592723	0.3966639964	0.01606994903	0.01805126648
89	1	64616.48354	3976.469901	491024.7865	4940214.08	766.0766675	0.9693569333	1.074298051	44912.30721	16523.77321	10531.98889	2119.212566	590.939945	1.325489967	0.01720799464	0.01006118923
89	1	66353.49749	3797.309848	956949.3193	2579900.404	53.62356788	0.9978550573	1.080571401	45164.97529	16566.82304	10575.84014	2119.309699	594.3052679	1.265769949	0.0335363493	0.01
89	1	66403.68622	936.6792033	956949.3193	2591933.124	2611.758016	0.8955296794	1.058047685	44256.32595	16412.1006	10418.31649	2118.51401	582.2096526	0.3122264011	0.0335363493	0.01047001839
89	1	66295.44312	1708.61283	861327.2564	3030566.438	1603.044698	0.9358782121	1.066943049	44600.31788	16471.6214	10479.71153	2114.487964	586.8573476	0.5695376101	0.03018526807	0.01280740113
89	1	64265.20749	1001.215925	285346.8965	6839519.687	10138.80486	0.5944478055	0.9917856916	41570.66248	15955.59088	9954.213273	2112.476293	546.5168831	0.3337386415	0.01	0.01397947758
89	1	67523.3107	1250.126369	1081403.315	2315579.751	2249.76734	0.9100093064	1.061269033	44349.80785	16430.34163	10438.84256	2107.971131	583.6223764	0.4167087895	0.03789784745	0.01659382268
89	1	68159.35114	1250.126369	1166387.178	2118607.183	2457.258014	0.9017096794	1.059458334	44259.43747	16416.05701	10425.22776	2102.844246	582.499346	0.4167087895	0.04087611226	0.0195720875
89	1	64997.6204	1083.190298	398887.6915	6007824.157	6966.986848	0.7213205261	1.019731816	42677.65927	16145.38696	10148.53906	2107.518325	561.3469884	0.3610634327	0.01397904433	0.01685949274
89	1	64579.53936	629.812212	482761.2029	4994623.166	9019.353051	0.639225878	1.001621407	41989.66078	16025.52235	10024.22065	2119.31765	551.9919529	0.209937404	0.01691839683	0.01000480416
89	1	67590.57407	535.932684	1123444.53	2165703.26	4885.862408	0.8045655037	1.038051577	43420.99488	16271.68748	10276.89673	2109.426519	571.2222458	0.178644228	0.03937118446	0.01575040832
89	1	66979.00176	533.426146	1039126.553	2369683.122	4969.466643	0.8012213343	1.0373001	43407.10472	16268.27606	10272.5432	2114.19887	570.9615391	0.1778087153	0.03641625564	0.01297795192
89	1	66619.27212	1537.223695	947863.3858	2686397.687	1623.294025	0.935068239	1.066764738	44593.14641	16470.39887	10478.46569	2114.488035	586.7617824	0.5124078982	0.03321793219	0.01280740113
89	1	65132.09533	501.4338869	615284.2243	4174535.41	8942.936361	0.6422825456	1.002297237	42013.71707	16029.82292	10028.77101	2118.40464	552.3269866	0.167144629	0.02156267448	0.01053522261
89	1	68700.56062	870.4994004	1316287.163	1716199.611	2990.479615	0.8803808154	1.054761896	44071.64049	16383.9733	10392.47389	2103.163887	579.9917702	0.2901664668	0.04612936671	0.01938726916
89	1	71088.75033	599.3438209	2119334.085	529532.169	2022.748983	0.9190900407	1.063251658	44447.12634	16445.80857	10453.66042	2113.107676	584.8378405	0.1997812736	0.07427219678	0.01360987677
89	1	66046.95334	848.9344813	829661.6873	3129298.43	3654.881144	0.8538047542	1.04886837	43880.54525	16348.46204	10353.81892	2116.587145	577.2326373	0.2829781604	0.0290755462	0.01159001186
89	1	63840.2774	658.6492433	285346.8965	6575303.126	15062.84783	0.3974860866	0.9484038435	39849.33434	15660.65462	9652.394915	2119.326484	523.4703678	0.2195497478	0.01	0.01
89	1	73342.31263	409.5349692	2638582.562	264394.9871	2792.784333	0.8882886267	1.056486938	44157.92701	16397.60255	10405.45511	2108.103943	581.063337	0.1365116564	0.09246929246	0.01651743078
89	1	64813.03147	1165.876158	462355.279	5288400.975	5112.462786	0.7955014886	1.036040518	43356.86606	16259.68491	10263.76568	2114.321779	570.2901251	0.3886253859	0.01620326994	0.01290658861
89	1	66483.38049	3894.513527	984377.5178	2489465.442	42.46002888	0.9983015988	1.08067111	45167.48242	16567.34647	10576.45426	2118.869574	594.3456353	1.298171176	0.03449757225	0.01025513359
89	1	65907.29163	819.1133068	674437.4575	4046889.202	5326.382486	0.7869447006	1.034172308	43265.14256	16245.10829	10249.80178	2109.475796	569.14462	0.2730377689	0.02363570327	0.01572192048
89	1	70451.05888	900.7029392	1909433.56	719168.3447	1581.411361	0.9367435456	1.067145596	44595.58294	16471.6372	10480.41932	2110.723286	586.8538798	0.3002343131	0.06691621964	0.01499386256
89	1	64355.45215	584.3151305	285346.8965	6896985.43	17672.24067	0.2931103731	0.9254527559	38897.84216	15500.26773	9490.476389	2111.022162	510.9225975	0.1947717102	0.01	0.01482462041
89	1	64821.10085	994.9403307	352860.2887	6403111.03	8550.435867	0.6579825653	1.005788131	42117.09491	16049.8113	10051.12849	2107.5877	553.8759553	0.3316467769	0.01236601109	0.01681941734
89	1	64095.18932	1178.148489	353466.4626	5980040.34	6378.334265	0.7448666294	1.024877546	42925.02667	16184.97432	10186.71117	2119.325371	564.4562735	0.3927161629	0.01238725449	0.01
89	1	66611.44207	1244.448596	919252.3737	2821469.91	2296.87235	0.908125106	1.060838493	44349.32396	16429.18375	10436.75877	2112.889914	583.5380105	0.4148161985	0.03221525746	0.01373674729
89	1	64871.95178	225.3014666	561039.033	4478419.343	22768.80339	0.08924786423	0.8805470838	37120.20642	15195.41448	9178.284613	2119.326784	487.1026926	0.07510048887	0.01966164833	0.01
89	1	65029.85829	234.1777826	551442.5967	4620985.198	22494.96109	0.1002015564	0.8829684748	37206.89885	15210.87632	9194.615451	2116.202504	488.3074355	0.07805926087	0.01932534061	0.01181510487
89	1	64022.37056	669.1117269	334007.2628	6144361.192	12545.50906	0.4981796377	0.9705709131	40740.87069	15812.63669	9807.274636	2119.326311	535.350758	0.2230372423	0.01170530561	0.01
89	1	69874.31876	1446.854795	1739948.974	915549.8511	1099.883503	0.9560046599	1.071388779	44763.06735	16500.39128	10509.89194	2109.792646	589.1004188	0.4822849315	0.06097662163	0.01553227937
89	1	69910.78233	1718.627293	1736125.274	924782.5946	973.9387686	0.9610424493	1.072500438	44804.97587	16507.71448	10517.50519	2108.971943	589.6718486	0.5728757645	0.0608426198	0.01600776318
89	1	68701.30932	303.6605011	1412920.391	1450692.655	6910.310282	0.7235875887	1.020226203	42702.56079	16149.31139	10152.26886	2108.984388	561.6555916	0.101220167	0.04951588428	0.01600776318
89	1	68875.27762	991.9301183	1421549.908	1452309.61	2250.446543	0.9099821383	1.061267135	44345.36757	16429.86349	10438.58964	2106.695851	583.5834075	0.3306433728	0.04981830624	0.0173345573
89	1	64544.11693	733.6988286	404577.0916	5703711.997	9554.449757	0.6178220097	0.9969227474	41786.4979	15991.7952	9990.612308	2115.172486	549.3503322	0.2445662762	0.01417842972	0.01241303958
89	1	66833.98139	331.1698315	1025606.621	2393688.263	8251.820588	0.6699271765	1.008391621	42249.64569	16070.62875	10070.84784	2115.722046	555.5134131	0.1103899438	0.03594244877	0.01209364057
89	1	66917.87408	2459.376441	1028915.033	2398531.767	751.8338731	0.9699266451	1.07443836	44902.03097	16523.03849	10532.09498	2114.558624	590.8766994	0.819792147	0.03605839227	0.01276335348
89	1	64897.27168	1086.022717	532526.6354	4717263.533	4531.309137	0.8187476345	1.04114881	43572.15623	16295.7572	10299.99733	2117.19652	573.1134773	0.3620075722	0.01866242955	0.01123634005
89	1	64712.53935	982.6890908	412824.4267	5710930.627	7024.873122	0.7190050751	1.01920468	42675.06441	16143.75588	10145.87778	2112.954541	561.22628	0.3275630303	0.01446745809	0.01370129007
89	1	65953.13315	442.5454292	814742.4617	3183781.643	7637.751379	0.6944899448	1.013794228	42471.99598	16108.20979	10108.87352	2117.201214	558.4529597	0.1475151431	0.028552701	0.01123422941
89	1	64934.82057	2141.44731	500416.6536	5005719.357	2346.030338	0.9061587865	1.06039998	44337.71699	16426.81986	10434.02603	2114.651915	583.3554271	0.7138157701	0.01753713321	0.01271328237
89	1	71948.07894	576.8467638	2308847.06	412367.6229	2088.01647	0.9164793412	1.062684677	44416.03898	16441.03831	10449.24403	2110.687055	584.4619259	0.1922822546	0.08091369096	0.01501600979
89	1	67566.79134	2213.04598	1264652.565	1690188.321	369.3993165	0.9852240273	1.077793948	45049.85773	16547.41665	10556.24693	2118.317092	592.7870315	0.7376819935	0.04431982897	0.01057903808
89	1	67884.81311	2213.04598	1349636.843	1501483.095	302.4711058	0.9879011558	1.078383302	45073.56091	16551.45739	10560.3647	2118.316175	593.1028942	0.7376819935	0.04729810836	0.01057903808
89	1	68729.18102	850.224657	1427759.796	1417372.556	2395.500648	0.9041799741	1.059981084	44302.98659	16422.04182	10430.11717	2109.42642	582.9754008	0.283408219	0.05003593217	0.01574873422
89	1	68561.79153	1310.063042	1419318.357	1416194.787	1387.746897	0.9444901241	1.068848109	44667.10149	16483.63456	10492.48189	2111.612331	587.7928212	0.4366876808	0.04974010143	0.01447695951
89	1	72881.65278	361.2960379	2460091.294	345608.7098	3626.47356	0.8549410576	1.049156371	43851.66335	16346.12378	10353.60895	2104.763653	577.0350828	0.1204320126	0.08621405467	0.01845858112
89	1	65296.30284	1518.846523	674437.4575	3824017.13	2138.98015	0.914440794	1.062208261	44426.429	16440.92151	10447.5382	2119.32241	584.463585	0.5062821742	0.02363570327	0.01
89	1	72593.71229	1250.126369	2457632.127	337947.3578	925.4818509	0.962980726	1.072926259	44823.04199	16510.73419	10520.53199	2109.246169	589.9082414	0.4167087895	0.08612787303	0.0158481951
89	1	70750.31206	893.3300381	1910875.684	737547.9107	1934.239175	0.922630433	1.064053846	44455.02321	16448.71152	10457.92713	2105.98649	585.0558674	0.2977766794	0.06696675897	0.01774583434
89	1	68160.80769	2413.430738	1439912.954	1316481.339	91.00862077	0.9963596552	1.080242197	45151.73506	16564.56595	10573.54002	2119.310472	594.128832	0.8044769128	0.05046184037	0.01
89	1	68576.32702	2413.430738	1495432.126	1242200.234	299.519183	0.9880192327	1.078416827	45066.85796	16550.82911	10560.15679	2115.96081	593.0508429	0.8044769128	0.05240751325	0.01194567288
89	1	70891.27962	1910.351269	2162049.23	482683.8429	-12.21607578	1.000488643	1.081152622	45186.79838	16570.64249	10579.8158	2118.853547	594.603266	0.6367837564	0.07576915173	0.01026360527
89	1	69564.07411	381.1165194	1394025.471	1624025.83	6655.725736	0.7337709705	1.022516187	42743.15966	16159.52281	10165.44049	2093.936668	562.4350119	0.1270388398	0.04885371063	0.0247497439
89	1	69277.04545	381.1165194	1317323.417	1807161.302	6981.739034	0.7207304386	1.019645394	42627.69936	16139.84005	10145.38246	2093.93681	560.8964168	0.1270388398	0.04616568231	0.0247497439
89	1	69641.59434	829.0337856	1711464.598	941534.0705	1868.922978	0.9252430809	1.064610296	44497.40288	16454.65829	10462.91333	2111.831203	585.5280262	0.2763445952	0.05997838488	0.01435104798
89	1	69788.20426	990.8268482	1715225.294	948194.5613	1676.015612	0.9329593755	1.066315831	44558.68534	16465.57243	10474.42821	2109.69339	586.3785109	0.3302756161	0.06011017871	0.01559225855
89	1	71994.95492	1080.816747	2211920.536	490248.4054	1572.504582	0.9370998167	1.067245287	44576.86402	16469.89826	10479.86768	2104.079505	586.7096492	0.360272249	0.07751689482	0.01885180028
89	1	71570.65607	1406.746637	2131476.494	542151.5242	1177.722907	0.9528910837	1.070715276	44723.22431	16494.4141	10504.48573	2106.063566	588.6285272	0.4689155457	0.07469772828	0.01769740078
89	1	64871.81782	753.4203107	497889.6082	4998495.371	7438.262958	0.7024694817	1.015556262	42537.10381	16119.67682	10120.86844	2115.518454	559.347231	0.2511401036	0.01744857275	0.01221182105
89	1	64745.36485	582.9874836	389542.4326	5965159.182	12929.75231	0.4828099075	0.9672139484	40577.43365	15786.5912	9782.258838	2111.021868	533.3044131	0.1943291612	0.01365153914	0.01482462041
89	1	64893.99127	376.6855889	521134.5354	4810239.345	14586.95802	0.416521679	0.9526032568	40008.77561	15688.43897	9681.216689	2116.56407	525.6388096	0.125561863	0.01826319269	0.01160485579
89	1	64893.99127	673.8843285	521134.5354	4810239.345	7903.796409	0.6838481437	1.011453543	42375.67259	16091.92884	10092.39941	2116.563315	557.179486	0.2246281095	0.01826319269	0.01160485579
89	1	64318.31732	3950.146275	413092.4805	5503398.501	1058.008735	0.9576796506	1.071727031	44809.26397	16506.18419	10514.04516	2119.319451	589.565148	1.316715425	0.01447685206	0.01
