#gen	Feasible	f1	f2	f3	f4	f5	c1	c2	c3	c4	c5	c6	c7	x1	x2	x3
50	1	64986.54511	1872.541754	556090.9337	4565390.978	2245.699743	0.9101720103	1.061275384	44381.56568	16433.74277	10440.61695	2117.176648	583.899744	0.6241805846	0.01948824187	0.01124657494
50	1	65942.79228	368.6310084	492397.9965	5573293.929	17159.16576	0.3136333698	0.9300127017	39036.40921	15526.75367	9519.87452	2097.924422	512.9766283	0.1228770028	0.01725611887	0.0224339691
50	1	73456.95315	2407.389032	2853468.965	183859.7543	-324.5070258	1.012980281	1.083901459	45298.5513	16589.61673	10599.08749	2119.190087	596.0869137	0.8024630108	0.1	0.01006033366
50	1	66813.14034	954.4823206	991625.8113	2534583.471	2759.452733	0.8896218907	1.056761556	44189.16799	16401.63794	10408.48296	2114.005261	581.3861557	0.3181607735	0.03475158915	0.01308932337
50	1	65101.42051	345.2063391	376774.3923	6303866.638	23169.11485	0.07323540611	0.8770694679	36929.63634	15166.16707	9151.202253	2104.512666	484.7979197	0.1150687797	0.01320408236	0.01860654456
50	1	68792.12371	1151.19019	1495594.819	1266944.894	1451.951472	0.9419219411	1.068279895	44647.28874	16480.0628	10488.67878	2112.501256	587.5147279	0.3837300632	0.05241321485	0.0139609109
50	1	65055.94689	1753.076738	497184.2871	5090802.46	3137.130114	0.8745147954	1.053440624	44050.46879	16378.32166	10384.99786	2112.505397	579.5616546	0.5843589126	0.01742385473	0.0139609109
50	1	67435.54412	719.6476006	1147014.258	2049018.123	3267.658271	0.8692936691	1.052288534	44007.01003	16370.72933	10377.10629	2113.346222	578.9692156	0.2398825335	0.04019718707	0.0134725475
50	1	66369.82234	459.2279734	584770.7989	4937456.215	11942.02676	0.5223189295	0.9759577504	40879.78222	15841.28411	9840.642761	2096.612513	537.5617347	0.1530759911	0.02049332956	0.02319590229
50	1	70280.72504	504.0471436	2004232.126	600255.191	2189.068297	0.9124372681	1.061767619	44408.25636	16437.85236	10444.43472	2119.190869	584.2235062	0.1680157145	0.07023844137	0.01007646147
50	1	73367.82789	4294.057725	2831373.814	189493.6312	-520.3280814	1.020813123	1.085625479	45368.24502	16601.47485	10611.15262	2119.268175	597.0139894	1.431352575	0.09922567405	0.01
50	1	66393.35707	625.5224249	747619.9489	3727272.703	6548.092798	0.7380762881	1.023425178	42821.19622	16170.17585	10174.06938	2106.055504	563.2829002	0.208507475	0.0262003883	0.01770924671
50	1	67071.09807	1596.053546	900762.8033	3040573.07	2377.287974	0.904908481	1.060157666	44292.76407	16421.40603	10430.39952	2104.363677	582.9193756	0.5320178486	0.0315672893	0.01868940175
50	1	72046.05213	683.3431524	2478158.51	309946.2539	991.6340176	0.9603346393	1.072311511	44832.77113	16510.1915	10518.12888	2119.319151	589.8783984	0.2277810508	0.0868472214	0.01
50	1	65687.1847	756.8326233	763020.7773	3398749.969	4454.946127	0.8218021549	1.041817496	43603.05697	16300.76891	10304.88944	2118.36721	573.5067043	0.2522775411	0.02674011131	0.01055620732
50	1	65425.18259	2632.125883	558410.3384	4735731.076	1910.132925	0.923594683	1.064252493	44477.58006	16451.62613	10460.11506	2110.243797	585.2890194	0.8773752944	0.01956952556	0.01527313881
50	1	68624.07273	2463.923644	1561603.114	1112015.556	17.24778508	0.9993100886	1.080892124	45177.43939	16568.97561	10578.05712	2119.181549	594.4733753	0.8213078812	0.0547264797	0.0100738458
50	1	69907.32439	74.06755505	1904793.875	689355.3188	20327.93205	0.1868827181	0.9020411546	37984.2962	15342.7419	9328.441312	2119.215902	498.6190923	0.02468918502	0.06675362158	0.01006437771
50	1	74502.26452	296.2189314	2588046.085	321475.1923	5480.496525	0.780780139	1.032889225	43134.42046	16227.87864	10236.49206	2086.359033	567.7688981	0.09873964381	0.09069823842	0.02915145421
50	1	68027.87226	2363.809138	1400710.661	1392149.686	149.3582259	0.994025671	1.079729095	45130.33922	16560.96707	10569.9133	2119.089393	593.8472318	0.7879363793	0.04908799353	0.0101289043
50	1	66393.60071	403.8431665	967666.0179	2541671.643	6847.213993	0.7261114403	1.020748706	42758.96904	16156.66613	10157.86326	2119.325496	562.2434311	0.1346143888	0.03391191668	0.01
50	1	66264.46047	1370.354142	902463.2264	2813139.053	1773.238637	0.9290704545	1.065434819	44549.86086	16462.36806	10469.73392	2117.469928	586.1377417	0.4567847141	0.03162688074	0.01107563536
50	1	68071.68772	1020.300893	1416097.616	1360889.15	1293.864469	0.9482454213	1.069650143	44725.73371	16491.94461	10499.53409	2119.320362	588.4520447	0.3401002975	0.04962723036	0.01
50	1	66130.01131	1125.637948	825101.0921	3178612.634	2750.067805	0.8899972878	1.056841102	44195.6761	16402.53599	10409.22046	2114.972086	581.457564	0.3752126493	0.02891571986	0.01252767753
50	1	66156.2448	1761.889234	806481.2218	3291276.114	1751.613657	0.9299354537	1.065638195	44544.19431	16462.2867	10470.39451	2113.423632	586.1263263	0.5872964112	0.02826318533	0.01342588918
50	1	75516.33821	296.2189314	2853468.965	222539.8996	5143.650432	0.7942539827	1.035856484	43252.61139	16248.10032	10257.16098	2086.022908	569.3492002	0.09873964381	0.1	0.02934651016
50	1	71091.35956	186.7128703	2121522.219	527647.529	7184.149987	0.7126340005	1.017801335	42619.4697	16134.22446	10136.11919	2113.201866	560.4815209	0.06223762345	0.07434888009	0.01355762895
50	1	67233.83337	1551.391162	1049266.979	2383901.429	1681.056511	0.9327577395	1.066268229	44560.20649	16465.61224	10474.28429	2110.697537	586.3828772	0.5171303873	0.03677162753	0.01500908243
50	1	65548.54111	847.9634715	741486.1129	3483451.442	3967.718107	0.8412912757	1.046104911	43778.6955	16330.50573	10335.02121	2119.302836	575.8323913	0.2826544905	0.02598542763	0.01001249136
50	1	72795.18483	2769.788795	2621509.854	258895.4257	-109.3164255	1.004372657	1.082017188	45211.38847	16575.48493	10585.2973	2115.86348	594.9780806	0.9232629318	0.09187097832	0.01199188361
50	1	68314.81229	4294.057725	1480120.153	1245180.922	-292.8592931	1.011714372	1.083622627	45287.49687	16587.72204	10597.1481	2119.239308	595.9388651	1.431352575	0.05187090419	0.01003319192
50	1	67074.36367	296.8760325	837012.1122	3398296.143	12559.16339	0.4976334644	0.9705110423	40673.92834	15805.34797	9803.312292	2100.471282	534.7574401	0.09895867748	0.02933314231	0.02095413115
50	1	69903.64848	1177.181978	1904793.875	689120.4219	565.3530342	0.9773858786	1.076065402	44983.57224	16535.91016	10544.34735	2119.264921	591.8887532	0.3923939928	0.06675362158	0.01002995279
50	1	67120.92614	2533.111923	1150312.216	1978725.443	306.5954635	0.9877361815	1.078346055	45073.05541	16551.3078	10560.15897	2118.606512	593.0915635	0.8443706411	0.04031276421	0.01041056758
50	1	64030.11529	2936.66039	336076.8683	6126672.228	2249.094538	0.9100362185	1.061238621	44387.43108	16434.27345	10440.76339	2119.322592	583.9439085	0.9788867967	0.01177783506	0.01
50	1	67859.81429	765.3783289	1279165.075	1693429.23	2621.015081	0.8951593968	1.05797909	44239.75436	16410.1581	10417.07866	2114.477953	582.0527651	0.2551261096	0.04482842082	0.0128146112
50	1	65013.34083	1230.434541	321360.9691	6885485.629	7958.982819	0.6816406872	1.011012326	42310.09683	16083.80588	10086.68996	2102.588555	556.5270541	0.410144847	0.01126211545	0.01972364376
50	1	71186.90535	1292.944354	2234190.188	437574.0979	327.030519	0.9869187792	1.078166624	45065.28865	16550.01894	10558.87508	2118.445881	592.9906127	0.4309814515	0.07829733617	0.01050396082
50	1	65425.96806	475.6247226	376372.5895	6500976.027	17292.55529	0.3082977885	0.928833841	38993.55627	15519.15713	9511.888305	2099.256603	512.3844736	0.1585415742	0.01319000116	0.02166001917
50	1	64380.423	729.7386348	428371.8625	5389959.786	8756.842582	0.6497262967	1.003933238	42082.39659	16041.34678	10040.35987	2119.246435	553.2288549	0.2432462116	0.01501231896	0.01004615383
50	1	65262.25833	216.6995063	591242.1417	4405720.823	22773.75875	0.08904965013	0.8805177583	37103.72863	15193.58289	9177.23958	2114.857081	486.9539319	0.07223316877	0.02072011818	0.0125967577
50	1	73975.06787	892.3349123	2679158.895	261257.6024	1840.411082	0.9263835567	1.064898123	44469.68292	16452.44343	10462.76634	2100.345413	585.3405441	0.2974449708	0.09389129258	0.02102119434
50	1	69109.14338	1190.562652	1673498.555	957384.8845	813.8926223	0.9674442951	1.073880489	44891.77838	16520.51225	10528.86631	2118.121147	590.6836726	0.3968542174	0.05864786249	0.01069515799
50	1	66834.95842	407.5023359	885030.6872	3057282.097	8351.346862	0.6659461255	1.007542416	42186.41406	16061.70728	10063.31766	2107.22642	554.8054083	0.135834112	0.0310159563	0.0170292829
50	1	64826.60164	516.7896883	306414.6874	6945602.526	19070.21124	0.2371915503	0.9131628157	38381.90886	15413.69838	9403.418796	2104.698292	504.1475963	0.1722632294	0.01073832206	0.01849862135
50	1	67700.98789	427.4998903	1316927.312	1562558.293	4519.332931	0.8192266828	1.041247478	43583.38572	16297.2076	10301.08548	2119.318084	573.2295055	0.1424999634	0.04615180078	0.01000381929
50	1	74190.47109	2511.13782	2739386.673	240010.3748	1017.018187	0.9593192725	1.072148204	44761.82405	16502.21017	10513.45237	2100.48437	589.2309956	0.8370459401	0.09600197888	0.02092776287
50	1	66088.04062	461.9462422	857774.5174	2991282.48	6864.528004	0.7254188799	1.020601696	42747.22653	16155.03683	10156.51596	2117.622147	562.113941	0.1539820807	0.03006076211	0.01098957904
50	1	65845.92896	432.222387	818124.0847	3133800.268	7661.256801	0.693549728	1.01358106	42470.03545	16107.45308	10107.74728	2119.133325	558.3962221	0.144074129	0.02867121019	0.01011175117
50	1	64422.63108	2844.329907	440968.0235	5293787.849	1606.713093	0.9357314763	1.066895275	44614.93579	16473.05665	10480.28603	2119.32129	586.9755792	0.9481099692	0.01545375222	0.01
50	1	65939.11288	773.2500951	536648.502	5158520.415	7743.502556	0.6902598978	1.012915993	42380.03194	16096.15135	10099.62673	2100.65186	557.4896756	0.2577500317	0.01880688063	0.02084874973
50	1	69902.00382	210.5130024	1626790.54	1117652.572	9126.390157	0.6349443937	1.000732608	41896.45964	16013.30492	10014.85545	2102.531062	551.0159434	0.0701710008	0.05701097716	0.01975719494
50	1	73406.23383	2485.752243	2771364.809	211099.8158	-29.04262776	1.001161705	1.081312911	45180.2895	16570.36063	10580.22425	2115.05491	594.5765034	0.8285840811	0.09712265468	0.01246269164
50	1	67638.60739	296.6821451	668207.5214	4803309.389	16976.38624	0.3209445506	0.9316757788	39046.03221	15532.05272	9528.349545	2081.193553	513.3699464	0.09889404837	0.02341737477	0.03215405087
50	1	64267.85067	1910.538349	399606.3866	5607766.41	3131.377592	0.8747448963	1.053469452	44074.96324	16381.00641	10386.48077	2119.323681	579.7800403	0.6368461163	0.01400423104	0.01
50	1	71323.8868	1026.92459	2256688.896	426153.0881	641.9206159	0.9743231754	1.075396503	44950.96482	16530.71599	10539.3605	2117.597733	591.4806442	0.3423081968	0.0790858048	0.01099832581
50	1	67018.19847	2871.404429	944038.7333	2806229.927	1157.057677	0.9537176929	1.070891628	44736.32623	16496.26368	10506.0479	2107.820674	588.7753025	0.9571348096	0.033083897	0.01667738842
50	1	74014.99699	4238.545769	2815067.243	207002.3335	303.3907182	0.9878643713	1.078408561	45038.91557	16547.82971	10558.58279	2107.853511	592.8063002	1.41284859	0.09865420923	0.01663221456
50	1	66651.89322	199.0734619	777334.4763	3625324.202	19580.80206	0.2167679176	0.9086699318	38197.73109	15382.52346	9371.836302	2103.681951	501.7093928	0.06635782065	0.02724173579	0.01908909465
50	1	64853.43538	1720.531685	556090.9337	4509395.303	2344.143218	0.9062342713	1.060401645	44353.76881	16428.53497	10434.9155	2119.322739	583.4953334	0.5735105616	0.01948824187	0.01
50	1	64751.96911	1411.095297	528976.3192	4682980.855	3220.259837	0.8711896065	1.052686777	44043.48486	16375.64022	10381.01227	2119.323764	579.3605672	0.4703650989	0.0185380085	0.01
50	1	66160.55977	232.0437789	865490.2323	2971302.736	14219.80948	0.4312076209	0.955835139	40139.97528	15710.72711	9703.864437	2116.919542	527.381511	0.07734792629	0.03033115983	0.0113983244
50	1	66888.1765	229.4199585	879715.1878	3100952.317	14926.94172	0.4029223313	0.9496431095	39853.73087	15664.30761	9658.557853	2106.048698	523.7393284	0.0764733195	0.03082967429	0.01771395318
50	1	65701.41569	1264.44265	766823.6935	3380792.295	2371.685967	0.9051325613	1.060162176	44340.86079	16426.54387	10433.0624	2118.365299	583.3384932	0.4214808834	0.02687338474	0.01055620732
50	1	64161.35223	1431.759036	335008.7262	6213210.482	5593.286188	0.7762685525	1.031797466	43195.87745	16231.62351	10234.65042	2117.145141	568.1001021	0.4772530121	0.01174040196	0.01126646931
50	1	64839.88475	1431.759036	516331.521	4826336.126	3415.341076	0.863386357	1.050975918	43967.21473	16363.11499	10368.64888	2117.143876	578.3787496	0.4772530121	0.01809487075	0.01126646931
50	1	68658.03317	654.1853113	1437244.176	1385007.791	2985.495978	0.8805801609	1.054780226	44099.69708	16387.01074	10394.10225	2111.146744	580.2391799	0.2180617704	0.05036831288	0.01475005272
50	1	66389.2386	296.8760325	653927.6076	4385564.888	15910.85655	0.3635657379	0.9409968521	39486.89847	15602.99251	9597.098767	2100.471547	518.9393774	0.09895867748	0.02291693429	0.02095413115
50	1	66543.57893	511.8005637	684027.4308	4221770.487	9133.250448	0.6346699821	1.000680946	41885.02945	16011.95391	10013.98088	2099.798549	550.9069213	0.1706001879	0.02397178449	0.02134468084
50	1	66095.82261	1649.901584	744759.0215	3643953.626	2276.243898	0.9089502441	1.061027231	44349.33652	16429.67006	10437.66129	2110.675366	583.5732588	0.5499671947	0.02610012692	0.01502309276
50	1	68752.68325	781.0646193	1251470.507	1930395.609	3778.420467	0.8488631813	1.04783869	43776.93844	16334.77354	10343.2091	2098.414661	576.1399048	0.2603548731	0.04385786293	0.02214690224
50	1	68816.63448	199.0734619	1355813.649	1619469.076	11378.87989	0.5448448043	0.9808940522	41102.50969	15877.70714	9876.461038	2103.68139	540.4177449	0.06635782065	0.0475145749	0.01908909465
50	1	64744.42807	1230.434541	524965.8249	4712478.048	3848.954373	0.8460418251	1.047151032	43820.43103	16337.64209	10342.3118	2119.203892	576.3901148	0.410144847	0.01839746047	0.01006992611
50	1	66824.94714	316.1743512	854388.3631	3221720.047	11236.1863	0.5505525479	0.982144627	41159.1674	15886.9593	9885.548036	2105.539843	541.1433059	0.1053914504	0.02994209412	0.01800938933
50	1	67957.03693	400.1667557	1336020.256	1547811.775	5013.080374	0.799476785	1.036909186	43398.71927	16266.37783	10270.21482	2116.342524	570.8158339	0.1333889186	0.0468209142	0.01173260955
50	1	70322.16645	856.1241935	1950691.483	661398.883	1305.346505	0.9477861398	1.069561935	44708.39509	16489.86996	10498.16043	2115.289974	588.2848351	0.2853747312	0.06836210615	0.0123408962
50	1	70088.18788	629.4324146	1952780.831	644857.0468	1664.617094	0.9334153163	1.066385808	44593.99509	16469.51563	10476.70168	2119.189802	586.698614	0.2098108049	0.0684353275	0.01007646147
50	1	71522.56028	610.412952	2165831.882	508420.2902	2231.404407	0.9107438237	1.061427697	44359.43425	16431.77533	10440.12934	2108.919392	583.7356334	0.203470984	0.07590171503	0.01604299619
50	1	67247.93519	388.3050134	907174.1759	3056545.995	8929.644051	0.6428142379	1.002467109	41964.07738	16024.96871	10026.85665	2101.90516	551.9269167	0.1294350045	0.03179197626	0.02012079747
50	1	64594.23875	2053.301932	419806.0536	5580430.74	2976.090139	0.8809563944	1.054849819	44116.64299	16388.99569	10395.3654	2115.280424	580.3995084	0.6844339772	0.01471212965	0.01234873137
50	1	66590.22929	871.9939793	1020210.652	2362275.024	2578.842989	0.8968462804	1.058334937	44270.64794	16414.36519	10420.47556	2119.323066	582.3876856	0.2906646598	0.03575334672	0.01
50	1	70846.70102	165.2456626	2156756.119	485140.6115	7585.668999	0.69657324	1.014246226	42497.25979	16112.06391	10112.42067	2119.271232	558.7568217	0.05508188753	0.07558365434	0.0100316233
50	1	64509.38598	326.4483623	463736.0822	5129259.285	18886.8552	0.2445257919	0.9147306502	38494.94798	15429.77503	9417.118026	2119.301613	505.4225512	0.1088161208	0.01625166027	0.01001455311
50	1	64396.48225	1047.042524	377068.0934	5902020.484	7016.005061	0.7193597976	1.019273364	42687.88212	16145.29851	10146.90987	2115.892436	561.3505381	0.3490141746	0.01321437513	0.01199449283
50	1	65246.92734	1555.904891	628819.6373	4121009.355	2415.795672	0.9033681731	1.059776953	44321.95016	16423.53847	10430.1832	2117.366806	583.1023144	0.5186349637	0.02203702388	0.01113627695
50	1	64651.7641	3425.286763	445291.1389	5366927.721	1431.630421	0.9427347832	1.068448	44665.63552	16482.4502	10490.48957	2115.887208	587.7055802	1.141762254	0.01560525607	0.01199433078
50	1	64410.24904	2407.389032	433595.3698	5355983.616	2102.41424	0.9159034304	1.062531036	44438.57166	16443.0451	10449.74733	2119.077178	584.6292791	0.8024630108	0.01519537711	0.01014241707
50	1	66656.62425	576.243485	885324.4009	3005612.108	5726.556853	0.7709377259	1.030646415	43125.53248	16221.16826	10225.2873	2110.118089	567.2740378	0.1920811617	0.03102624952	0.0153488871
50	1	64303.01199	1369.537318	409002.4704	5534843.9	4545.671218	0.8181731513	1.041015528	43574.07945	16295.6197	10299.4661	2119.324671	573.1053884	0.4565124393	0.01433351739	0.01
50	1	64853.34845	1242.332832	447299.4282	5449102.157	5058.949323	0.7976420271	1.036516733	43370.68608	16262.38155	10266.80009	2112.763609	570.4989737	0.4141109441	0.0156756367	0.01381179111
50	1	65880.87835	1375.090307	711640.811	3783941.721	2789.974546	0.8884010182	1.056498748	44172.22699	16399.15702	10406.29686	2112.143661	581.1898971	0.4583634355	0.02493949714	0.01417076578
50	1	65210.69771	651.0543967	622055.2404	4155817.277	6707.893724	0.7316842511	1.021981224	42802.44775	16164.46724	10166.14024	2117.545568	562.8510178	0.2170181322	0.02179996517	0.0110340446
50	1	68033.54138	154.9950961	1233468.83	1863345.205	15541.0767	0.3783569321	0.9442259788	39645.7037	15628.21584	9621.249361	2108.924901	520.9216404	0.05166503202	0.04322699302	0.01604299619
50	1	68203.03113	2600.160208	1451196.234	1295950.561	23.35706948	0.9990657172	1.08083792	45175.69442	16568.65035	10577.70229	2119.309019	594.4481084	0.8667200695	0.05085726364	0.01
50	1	67484.04878	856.1241935	1192267.375	1902403.157	2438.431082	0.9024627567	1.05958427	44307.10382	16421.461	10428.4472	2115.293137	582.937328	0.2853747312	0.04178308542	0.0123408962
50	1	67765.66983	1674.506816	1204805.656	1910589.011	1270.05312	0.9491978752	1.069884833	44708.43266	16490.70368	10499.70537	2111.504985	588.3452786	0.5581689386	0.04222249026	0.01453887728
50	1	70969.15204	1471.470425	2046189.499	594770.8331	847.0577407	0.9661176904	1.073612461	44855.32396	16515.93813	10525.58364	2110.614873	590.3167416	0.4904901416	0.07170884016	0.01505319337
50	1	69447.13042	446.8790744	1566498.251	1190014.398	4424.281569	0.8230287373	1.042126394	43573.92285	16298.45747	10304.76547	2106.22478	573.3108468	0.1489596915	0.05489803011	0.01761024475
50	1	69173.43624	399.6493684	1551642.242	1190578.691	4719.710805	0.8112115678	1.039513661	43480.8746	16281.82654	10287.17131	2109.740879	572.015206	0.1332164561	0.0543774003	0.01556772386
50	1	65652.7573	1406.540954	711640.811	3704751.965	2458.16172	0.9016735312	1.059408837	44301.85374	16420.45065	10427.32063	2115.820778	582.8590083	0.4688469848	0.02493949714	0.01203440828
50	1	64832.36822	784.5417834	438028.8737	5526951.217	8377.876595	0.6648849362	1.007291779	42194.5325	16061.92852	10062.5659	2112.543621	554.8293475	0.2615139278	0.01535074953	0.01394019803
50	1	64515.54299	1094.084687	312710.9104	6674631.47	8592.278034	0.6563088786	1.005411663	42110.52283	16048.14347	10048.96873	2110.091345	553.74871	0.3646948956	0.0109589736	0.01536490029
50	1	64055.3935	431.9515882	285346.8965	6707758.781	23618.44798	0.05526208068	0.8730764232	36807.87579	15142.9291	9125.435865	2115.859208	482.9955937	0.1439838627	0.01	0.01201456601
50	1	66627.4549	2668.289249	971173.6426	2581576.474	638.2303774	0.9744707849	1.075434888	44946.212	16530.30806	10539.28291	2115.75672	591.4464573	0.8894297497	0.03403484161	0.01206712355
50	1	70589.50997	234.6927324	1777246.525	916842.3591	7715.830946	0.6913667622	1.013160071	42389.41131	16097.77821	10101.30808	2100.52411	557.6166866	0.07823091081	0.06228371667	0.02092296232
50	1	70457.07666	1181.398978	1778170.297	904199.3167	1842.870275	0.926285189	1.064868913	44476.58425	16453.10393	10463.00577	2102.706408	585.395124	0.3937996593	0.0623160903	0.01965034847
50	1	70824.44035	363.5834688	1962461.623	678880.3337	4223.193891	0.8310722444	1.043891733	43650.68484	16311.17512	10317.41619	2107.908159	574.3070853	0.1211944896	0.06877459144	0.01663221456
50	1	69243.5631	605.0460043	1460084.38	1405299.892	3767.297774	0.849308089	1.047921678	43796.26398	16337.04655	10344.66694	2103.086255	576.3234221	0.2016820014	0.05116874927	0.01943311415
50	1	65719.40423	1742.86729	771630.733	3358228.774	1515.641988	0.9393743205	1.06770029	44644.03585	16478.22676	10485.73066	2118.363471	587.3785281	0.5809557633	0.02704184775	0.01055620732
50	1	67035.90831	1455.139117	1052924.965	2325704.942	1550.417773	0.9379832891	1.06740768	44617.70928	16474.66893	10482.88673	2114.109138	587.0950986	0.4850463723	0.03689982187	0.01302731651
50	1	66622.20934	1442.986157	1007585.552	2421912.823	1372.627332	0.9450949067	1.068960665	44693.63262	16486.75153	10494.47672	2118.043244	588.0445076	0.4809953856	0.03531089928	0.01074194112
50	1	68961.13727	629.2868096	1447476.427	1399344.162	3393.705958	0.8642517617	1.051199296	43941.06538	16360.90192	10368.28019	2106.878188	578.1929273	0.2097622699	0.05072690275	0.01723003795
50	1	69911.04112	126.6184233	1778170.297	859563.6359	13007.60083	0.4796959668	0.9665268468	40551.49528	15782.06106	9777.551255	2111.517435	532.9509132	0.04220614111	0.0623160903	0.01453671626
50	1	69798.51961	1410.978908	1772044.511	859758.357	881.4026745	0.964743893	1.073302558	44850.84605	16514.66454	10523.85694	2112.950639	590.2201014	0.4703263027	0.06210141173	0.01369762899
50	1	66453.05562	858.5908662	833086.6454	3230059.908	4045.078081	0.8381968768	1.045452688	43721.47157	16322.73073	10328.76218	2110.247473	575.213307	0.2861969554	0.02919557408	0.01527313881
50	1	66210.00873	3114.58548	820144.026	3230015.418	825.6979428	0.9669720823	1.073791718	44871.97506	16518.17346	10527.3546	2113.375619	590.4949237	1.03819516	0.02874199916	0.0134505755
50	1	65249.18759	3238.874769	642300.8977	4026310.532	749.5323683	0.9700187053	1.074447173	44914.62973	16524.40394	10532.82898	2118.138216	590.9879067	1.079624923	0.0225094755	0.01068499266
50	1	65240.37095	3296.890875	639944.8462	4039546.902	729.5413561	0.9708183458	1.074623209	44921.70972	16525.61088	10534.05893	2118.138072	591.0822528	1.098963625	0.02242690753	0.01068499266
50	1	65081.96689	1369.537318	617160.9212	4141632.58	2754.467246	0.8898213102	1.056788432	44208.44916	16403.76203	10409.67024	2119.323283	581.5588402	0.4565124393	0.02162844344	0.01
50	1	69692.12499	576.0765836	1472582.622	1433460.946	4371.318923	0.8251472431	1.042623552	43561.01104	16298.35879	10306.43192	2096.609689	573.2911184	0.1920255279	0.05160675096	0.02319590229
50	1	65283.48323	335.7455745	658555.7038	3926494.223	12742.75489	0.4902898043	0.9688364201	40668.53951	15800.47054	9795.014629	2118.574957	534.3987954	0.1119151915	0.02307912621	0.01043652117
50	1	64631.97607	2354.028576	496910.8377	4896905.038	1778.074116	0.9288770354	1.065386311	44554.24686	16462.71089	10469.74301	2119.321702	586.1668538	0.7846761921	0.01741427168	0.01
50	1	65709.78665	418.448074	445825.3318	5914572.913	16648.34994	0.3340660025	0.9345077901	39220.43696	15557.91826	9551.459311	2098.871021	515.4139376	0.1394826913	0.0156239769	0.02188400935
50	1	65082.5766	424.2575899	371738.7731	6348242.624	19159.64744	0.2336141023	0.9123758572	38349.6224	15408.23506	9397.885457	2104.512531	503.7202982	0.1414191966	0.01302760877	0.01860654456
50	1	65065.96203	4258.57856	611936.8549	4173253.69	380.6045323	0.9847758187	1.07769227	45048.98409	16547.06227	10555.71311	2119.257574	592.7605034	1.419526187	0.02144536571	0.01003319192
50	1	66260.03563	654.1853113	797576.663	3374988.831	5518.006709	0.7792797316	1.032479335	43203.0148	16234.13634	10238.3005	2111.217805	568.2891228	0.2180617704	0.0279511245	0.01470995293
50	1	68664.6233	407.5023359	1373968.117	1547152.749	5416.14878	0.7833540488	1.033389053	43225.93874	16238.91722	10243.90625	2107.225449	568.6578539	0.135834112	0.04815079937	0.0170292829
50	1	66289.21315	1736.834656	796438.3595	3390840.423	2005.847622	0.9197660951	1.063408275	44445.0996	16445.995	10454.29747	2110.674613	584.8493736	0.5789448853	0.02791123258	0.01502309276
50	1	66620.2611	585.8041799	658606.2972	4444185.104	8545.074261	0.6581970296	1.005869148	42084.21429	16046.51499	10049.70991	2097.028842	553.6050894	0.19526806	0.02308089926	0.02295369587
50	1	70441.97328	379.1735518	2046541.261	566052.8437	3081.280414	0.8767487835	1.053911168	44092.1169	16383.96971	10389.53341	2119.144906	580.0114572	0.1263911839	0.07172116768	0.01010382765
50	1	66156.45032	198.7697722	889108.1582	2850586.019	16133.05198	0.3546779207	0.9389828201	39467.29557	15595.72797	9586.398734	2118.410575	518.3939275	0.06625659072	0.03115885153	0.01053214768
50	1	65703.50719	297.241983	475676.7872	5611937.04	21605.31102	0.1357875591	0.8908519141	37471.15293	15259.29826	9246.796333	2100.773153	492.0732825	0.099080661	0.01667012303	0.02077905596
50	1	65548.28199	1020.189471	642838.0124	4135656.25	4199.13349	0.8320346604	1.044086162	43677.15073	16314.49551	10319.79864	2113.356264	574.5734471	0.340063157	0.02252829872	0.01346719358
50	1	65644.19814	1007.628114	654381.4095	4089625.476	4235.641604	0.8305743359	1.043767401	43661.42185	16312.00001	10317.41175	2112.506431	574.3773126	0.335876038	0.0229328378	0.0139609109
50	1	64590.30711	543.3743931	398135.3782	5792755.888	13364.83812	0.4654064753	0.9633730274	40433.28485	15761.35793	9755.989837	2114.039734	531.3357077	0.1811247977	0.01395267946	0.01307136169
50	1	67237.39811	122.0195458	1097816.385	2191516.015	21854.63043	0.1258147829	0.8886154791	37425.02562	15248.63521	9233.576969	2113.575933	491.2557534	0.04067318194	0.03847304452	0.01334104932
50	1	65135.68146	1824.959305	628969.6786	4077658.957	1837.606264	0.9264957494	1.064862577	44532.65733	16459.06405	10466.05486	2119.168274	585.8815897	0.6083197685	0.02204228209	0.01008919919
50	1	65573.94876	269.5039712	593475.6317	4517305.114	18505.16633	0.2597933466	0.9181215936	38599.37997	15449.61893	9439.055806	2109.967319	506.9620787	0.08983465705	0.02079839098	0.01543747109
50	1	66587.8721	1002.147277	796265.2342	3487094.285	3929.386839	0.8428245264	1.046485506	43747.97004	16328.20891	10335.15243	2105.852749	575.6360431	0.3340490923	0.0279051654	0.01782610615
50	1	65567.39969	263.0077544	702381.0436	3735248.583	15530.6438	0.3787742479	0.944293141	39674.8184	15631.49153	9623.169167	2116.642123	521.1873437	0.08766925147	0.02461498801	0.01155954192
50	1	68138.05342	165.5399822	1426622.783	1344440.072	11862.33428	0.5255066287	0.9765881754	40981.39018	15853.73365	9849.235071	2118.891355	538.562751	0.05517999405	0.0499960855	0.01025266077
50	1	68138.92564	1636.635352	1427003.057	1343659.442	539.2819088	0.9784287236	1.076296176	44991.57211	16537.35579	10545.88938	2118.890007	592.0012904	0.5455451174	0.05000941221	0.01024750243
50	1	68263.57774	324.0805941	1354352.613	1542438.536	6501.593136	0.7399362745	1.023813986	42858.91637	16175.19523	10177.99867	2112.507504	563.6833256	0.1080268647	0.0474633728	0.0139609109
50	1	65757.15516	602.4740154	684376.6853	3922521.37	6939.651804	0.7224139279	1.019956585	42703.73652	16148.7439	10151.04513	2112.496174	561.6156193	0.2008246718	0.02398402414	0.01396756902
50	1	65727.1079	819.4574038	681255.147	3932912.71	5032.351921	0.7987059232	1.036750854	43380.19773	16263.99692	10268.44113	2112.791517	570.6252813	0.2731524679	0.02387462963	0.01379557039
50	1	64898.13892	1392.329902	529558.1031	4742073.49	3436.07367	0.8625570532	1.050793804	43959.40705	16361.81487	10367.34993	2117.002699	578.2769434	0.4641099674	0.01855839715	0.01134849414
50	1	65193.02681	905.003731	582926.3611	4441332.874	5150.399067	0.7939840373	1.035702786	43347.21093	16257.78801	10261.62169	2115.4695	570.1432795	0.3016679103	0.02042869112	0.01223983037
50	1	64564.36403	1083.209786	446419.7063	5313170.573	5527.00381	0.7789198476	1.032380415	43220.09005	16235.70208	10238.76556	2117.369216	568.4192026	0.3610699287	0.01564480679	0.01113627695
50	1	64075.65481	1536.055252	348076.1076	6025469.172	4799.493745	0.8080202502	1.038780462	43484.15229	16280.29187	10283.84792	2119.314529	571.9072041	0.5120184173	0.01219834916	0.0100059643
50	1	67702.137	122.0195458	1217135.749	1859052.612	19698.69799	0.2120520805	0.9076010337	38187.59892	15378.69693	9366.172436	2113.281986	501.4222705	0.04067318194	0.04265459914	0.01351178237
50	1	65995.78726	3159.203735	823152.2829	3149964.938	544.2707316	0.9782291707	1.076258261	44983.61703	16536.4105	10545.27134	2117.010029	591.9250491	1.053067912	0.02884742372	0.01133896312
50	1	65260.30365	2600.160208	664817.4717	3875607.838	955.8645372	0.9617654185	1.072626488	44845.43919	16512.35105	10520.3296	2119.318979	590.0472098	0.8667200695	0.02329857026	0.01
50	1	66563.95988	1122.749367	1013190.733	2385489.12	1850.021051	0.925999158	1.064752764	44528.76626	16458.36716	10465.31646	2119.321859	585.8273057	0.3742497889	0.0355073332	0.01
50	1	66641.39063	1190.562652	1014910.536	2395496.795	1779.004573	0.9288398171	1.065381782	44550.14773	16462.26235	10469.49625	2118.1771	586.130362	0.3968542174	0.03556760379	0.01066486975
50	1	71408.51003	504.0471436	2175356.247	494804.2135	2521.166489	0.8991533404	1.058868398	44264.76076	16415.10849	10422.70125	2111.333464	582.4358066	0.1680157145	0.07623549701	0.01464113164
50	1	66103.21481	390.4486638	838328.8056	3098581.318	8546.979243	0.6581208303	1.00579098	42146.70304	16052.97433	10052.7681	2116.204883	554.133976	0.1301495546	0.02937928591	0.01181316187
50	1	63862.58479	625.5224249	291308.0534	6520926.991	15560.02452	0.3775990193	0.9440258273	39673.2551	15630.63803	9621.80603	2119.326512	521.12398	0.208507475	0.01020890912	0.01
50	1	64276.63737	2277.252454	401954.4374	5589453.756	2484.834246	0.9006066302	1.059162755	44303.94191	16420.04088	10426.25946	2119.322941	582.8313528	0.7590841514	0.01408651863	0.01
50	1	65267.30967	1642.751613	666689.6752	3865513.203	1951.148969	0.9219540412	1.063862257	44492.95097	16452.26165	10459.09455	2119.322065	585.3500401	0.5475838709	0.02336418175	0.01
50	1	73534.6516	659.3126849	2592559.028	291592.4093	2201.870976	0.911925161	1.061709191	44347.84665	16431.26362	10440.83803	2102.224232	583.6872688	0.219770895	0.0908563948	0.01993158617
50	1	71104.80082	1274.019256	2171313.587	484461.6807	549.7648386	0.9780094065	1.076213185	44978.27169	16535.72495	10544.76241	2115.97715	591.8701707	0.4246730855	0.07609382174	0.01193856494
50	1	68798.75861	2668.289249	1550213.091	1152793.873	214.6138293	0.9914154468	1.079165382	45096.00218	16555.85885	10565.33407	2115.677206	593.4436643	0.8894297497	0.05432731561	0.01210894611
50	1	66132.65755	269.5039712	584615.9994	4831375.423	19471.55788	0.2211376849	0.9096423313	38225.69841	15388.00294	9378.018526	2100.426724	502.1336542	0.08983465705	0.0204879046	0.02098027493
50	1	64533.81403	870.4381226	470148.3579	5083849.726	6506.326348	0.7397469461	1.023750581	42879.59174	16177.23593	10178.83114	2119.293385	563.8513264	0.2901460409	0.01647637888	0.01001860358
50	1	64536.00311	1306.997522	471264.1891	5075018.755	4064.587219	0.8374165112	1.045251836	43744.45933	16324.66471	10329.06488	2119.3244	575.3758279	0.4356658406	0.01651548325	0.01
50	1	64783.45632	1148.392102	537390.5785	4628410.162	4055.243437	0.8377902625	1.045334115	43747.76851	16325.22884	10329.63976	2119.324394	575.4199252	0.3827973672	0.01883288675	0.01
50	1	72631.51655	296.2189314	2589933.764	269398.5633	3305.829384	0.8677668246	1.051941901	44004.30258	16369.55006	10375.30131	2116.628663	578.8811339	0.09873964381	0.09076439223	0.01156571346
50	1	65957.93688	211.0251802	847514.2468	3008653.285	15884.04301	0.3646382795	0.9411733201	39557.76009	15610.99855	9601.833473	2119.101513	519.5884875	0.07034172674	0.02970119028	0.01013072715
50	1	65710.94912	670.6857306	475676.7872	5615810.434	9899.162544	0.6040334983	0.9939337783	41616.58712	15966.00532	9966.999359	2100.652327	547.3162011	0.2235619102	0.01667012303	0.02084874973
50	1	66034.7684	504.0471436	869594.2238	2915953.933	6031.186134	0.7587525547	1.027934869	43047.53854	16205.88795	10208.04773	2119.193655	566.0909213	0.1680157145	0.03047498447	0.01007646147
50	1	64282.51994	2153.949202	403272.2724	5579694.036	2660.743712	0.8935702515	1.057613788	44241.59162	16409.41525	10415.43406	2119.307838	582.0007313	0.7179830673	0.01413270224	0.01000890675
50	1	66618.38191	329.5663086	751226.0581	3782045.803	12447.07535	0.502116986	0.971491097	40720.79116	15812.86105	9810.568778	2102.646786	535.3474536	0.1098554362	0.02632676463	0.0196902318
50	1	66439.97097	528.7309786	720702.9472	3922910.198	8164.035514	0.6734385794	1.009203185	42241.07342	16071.80048	10074.25492	2103.680849	555.5899601	0.1762436595	0.02525708028	0.01908909465
50	1	66032.42973	1059.876616	870965.9828	2908371.626	2458.299495	0.9016680202	1.059396449	44313.30264	16421.63906	10427.89017	2119.311738	582.9562683	0.3532922053	0.03052305785	0.01000648642
50	1	64033.88749	540.8090337	285346.8965	6694397.498	18735.60053	0.2505759788	0.9160724736	38538.31852	15437.84548	9425.911339	2116.205725	506.0495475	0.1802696779	0.01	0.01181316187
50	1	68860.12694	2354.028576	1626790.54	1014741.944	11.79397467	0.999528241	1.080939742	45179.78959	16569.34846	10578.41371	2119.308745	594.5026795	0.7846761921	0.05701097716	0.01
50	1	68860.12694	211.7171272	1626790.54	1014741.944	7871.973485	0.6851210606	1.011724924	42396.04198	16094.79719	10094.81475	2119.325722	557.4071561	0.07057237575	0.05701097716	0.01
50	1	67541.19251	864.0511262	1009802.352	2627158.251	3789.276701	0.848428932	1.047727241	43789.40167	16335.81553	10343.36102	2103.366129	576.2275432	0.2880170421	0.03538858719	0.01927054645
50	1	67584.82462	870.4381226	1052769.123	2447792.025	3490.635193	0.8603745923	1.050350959	43901.38858	16354.4932	10362.04772	2105.254409	577.6899311	0.2901460409	0.03689436036	0.01817338872
50	1	65042.36792	682.4620882	606578.9733	4203136.965	6420.93583	0.7431625668	1.024502407	42909.93897	16182.40229	10184.09011	2119.325383	564.2552187	0.2274873627	0.02125759841	0.01
50	1	65417.29273	1688.173888	706769.3267	3655605.88	1728.184081	0.9308726368	1.065825631	44571.91583	16465.72295	10472.8125	2119.321588	586.4023061	0.5627246295	0.02476877567	0.01
50	1	65089.49175	1583.961727	491700.2607	5155621.518	3606.183744	0.8557526502	1.049313043	43881.47879	16349.70416	10355.99493	2111.634312	577.323545	0.5279872424	0.01723166667	0.01446724715
50	1	65115.47053	338.9866406	545799.9684	4703765.958	15660.64534	0.3735741865	0.9431552957	39621.66143	15622.90215	9614.813067	2114.481821	520.5132151	0.1129955469	0.01912759434	0.0128146112
50	1	66054.91615	720.0918297	791688.5618	3345512.37	4822.960966	0.8070815614	1.038590289	43458.89225	16277.11094	10281.55203	2114.168839	571.6521214	0.2400306099	0.02774477562	0.01299535433
50	1	65702.82912	720.0918297	744644.8297	3514270.891	4949.007535	0.8020396986	1.037471269	43423.59916	16270.47391	10274.26691	2117.006761	571.1368528	0.2400306099	0.02609612506	0.01134670377
50	1	68414.45258	559.0280642	1364135.392	1537766.248	3757.170676	0.849713173	1.047986596	43824.80911	16340.25576	10346.54474	2110.663995	576.5837541	0.1863426881	0.04780621094	0.01503101819
50	1	66958.9325	340.924261	1041179.619	2356843.536	7951.096989	0.6819561204	1.011043161	42352.60921	16088.41618	10089.17194	2114.647195	556.9025081	0.1136414203	0.03648820547	0.01271805317
50	1	68434.62573	211.1080411	1226262.569	1958341.959	11967.46839	0.5213012643	0.9757163906	40888.59851	15841.60357	9839.973653	2102.024546	537.5934702	0.07036934705	0.04297444913	0.02005170194
50	1	69165.64548	401.5506536	1708433.606	905654.1111	3571.214669	0.8571514133	1.049596354	43919.1913	16354.45164	10359.41971	2119.324058	577.7042624	0.1338502179	0.05987216356	0.01
50	1	68074.89212	350.3743155	1141291.443	2195905.828	7867.185152	0.6853125939	1.011820327	42342.96512	16089.38528	10092.35579	2102.697032	556.9633296	0.1167914385	0.03999663067	0.01966060896
50	1	66393.92634	383.3868439	806453.7828	3364769.42	9554.386482	0.6178245407	0.9969411579	41768.15219	15989.88718	9989.692788	2109.596054	549.1942145	0.1277956146	0.02826222372	0.01565274251
50	1	69369.13752	402.5988944	1702391.059	932657.3778	3836.782909	0.8465286836	1.047269494	43813.13272	16337.16862	10342.47704	2115.679349	576.3486995	0.1341996315	0.05966040212	0.01211746792
50	1	67885.60153	2786.790927	1341407.062	1523249.928	138.8060213	0.9944477591	1.079826126	45129.84717	16561.16396	10570.34992	2117.803372	593.8610178	0.928930309	0.04700969515	0.01087483488
50	1	67087.60562	527.7981688	815978.332	3529302.975	7601.396968	0.6959441213	1.014172666	42424.87993	16104.16048	10108.09431	2098.988146	558.1136674	0.1759327229	0.02859601215	0.02181527246
50	1	66866.22287	369.3842844	893260.1246	3022565.101	9119.221778	0.6352311289	1.000780722	41914.43991	16015.34493	10016.07277	2107.219011	551.1812686	0.1231280948	0.03130435745	0.01703367383
50	1	73137.80425	1500.609559	2588046.085	283274.4622	788.0636686	0.9684774533	1.074139223	44868.73282	16518.72083	10528.83701	2108.338444	590.5314254	0.5002031864	0.09069823842	0.01637326033
50	1	64043.38163	649.3693444	310064.0748	6418238.097	14137.19706	0.4345121178	0.9565606063	40171.28822	15715.92866	9709.050495	2117.543436	527.7888943	0.2164564481	0.01086621507	0.01103585957
50	1	64252.79849	649.3693444	366026.0918	5936894.835	11878.34754	0.5248660983	0.9764514826	40971.27846	15852.30467	9848.026617	2117.543259	538.4493639	0.2164564481	0.01282740749	0.01103585957
50	1	70707.04364	363.5834688	2046541.261	580136.3042	3552.230092	0.8579107963	1.04977778	43911.25179	16354.07162	10359.85059	2114.872225	577.6689934	0.1211944896	0.07172116768	0.01258621614
50	1	67511.96143	2971.963371	1230765.996	1783751.403	203.020953	0.9918791619	1.07926275	45104.96021	16557.06381	10566.29126	2117.15265	593.5396966	0.9906544572	0.04313227201	0.01125311203
