#gen	Feasible	f1	f2	f3	f4	f5	c1	c2	c3	c4	c5	c6	c7	x1	x2	x3
86	1	72427.64881	1388.944776	2568867.967	274223.8722	117.4747697	0.9953010092	1.080011318	45140.1238	16562.73513	10571.79917	2118.630568	593.9848685	0.4629815918	0.09002614006	0.01039474072
86	1	70829.33278	125.8152105	2153017.202	487521.3889	10216.67454	0.5913330183	0.9910780601	41565.6467	15953.23798	9950.556599	2119.32608	546.3415165	0.0419384035	0.07545262377	0.01
86	1	66908.4285	1340.257082	1002379.384	2509673.702	1894.459471	0.9242216212	1.064381316	44492.58969	16453.55691	10461.55489	2113.115991	585.4435364	0.4467523608	0.0351284488	0.01360483893
86	1	67081.86574	955.6730268	1149440.245	1974566.158	1952.332697	0.9219066921	1.063852248	44492.10468	16452.14573	10459.00025	2119.192396	585.3408169	0.3185576756	0.04028220593	0.01007532454
86	1	65242.57165	2937.121249	660078.9876	3901274.973	769.3747175	0.9692250113	1.074268672	44911.4861	16523.61021	10531.80342	2119.317956	590.9273344	0.9790404162	0.02313250979	0.01
86	1	65180.29324	255.5404225	554681.6445	4659552.452	20605.91684	0.1757633264	0.8996100746	37868.57547	15324.16127	9310.470034	2113.972871	497.160098	0.08518014085	0.01943885325	0.01311041816
86	1	65411.70849	1021.56043	626355.5425	4202430.638	4225.627625	0.830974895	1.043848996	43671.74425	16313.30986	10318.3685	2114.563606	574.4822736	0.3405201434	0.02195066953	0.0127658096
86	1	66673.7771	307.3593484	715593.1936	4044677.046	14175.01262	0.4329994952	0.9562850446	40098.80651	15707.49532	9703.753326	2099.604537	527.1072458	0.1024531161	0.02507800864	0.02145776471
86	1	68134.17376	190.9360578	1218935.217	1928980.589	12942.06699	0.4823173203	0.9671202229	40557.93348	15784.27199	9780.740107	2106.42585	533.1173781	0.0636453526	0.04271766163	0.01749475162
86	1	65838.15648	358.1395956	544469.2891	5041389.244	15679.60375	0.37281585	0.9430259064	39576.31046	15617.73606	9611.70428	2102.752074	520.0947261	0.1193798652	0.01908096061	0.01962921132
86	1	67034.40946	1517.600001	898601.7842	3041663.648	2456.407183	0.9017437127	1.059459486	44266.26202	16416.78734	10425.60805	2104.825088	582.5589108	0.5058666671	0.03149155625	0.01842154542
86	1	66555.15239	149.1332971	992573.4475	2470600.967	19410.15386	0.2235938454	0.9101260572	38306.07104	15397.81222	9384.743696	2118.224983	502.922683	0.04971109902	0.03478479912	0.01064005182
86	1	64199.92768	1508.065913	360874.9363	5961054.177	4790.105935	0.8083957626	1.038867071	43483.42163	16280.43655	10284.22163	2118.083297	571.9169746	0.5026886378	0.01264688492	0.01072124611
86	1	65719.44937	2435.561809	415857.6492	6236745.841	3780.562553	0.8487774979	1.047824665	43771.20285	16334.12619	10342.82711	2096.903536	576.0874134	0.8118539364	0.01457375757	0.0230247202
86	1	67047.17761	238.7384459	828030.0006	3443135.069	15643.33683	0.374266527	0.943352897	39581.30159	15619.10826	9613.540813	2100.367942	520.199011	0.07957948197	0.02901836364	0.02101431198
86	1	72604.7186	812.5251985	2427926.599	356237.562	1606.464114	0.9357414355	1.066936	44575.37976	16468.94533	10478.30833	2107.282221	586.6391584	0.2708417328	0.08508684092	0.01699230152
86	1	71630.43081	125.4588978	2153017.202	525109.5474	11174.39699	0.5530241206	0.9826859342	41183.92566	15890.98902	9889.494171	2106.412681	541.4593988	0.04181963259	0.07545262377	0.01750229682
86	1	69309.38687	897.7760558	1516016.352	1282783.806	2419.676181	0.9032129528	1.0597811	44281.15368	16419.20094	10427.9626	2105.396783	582.7482956	0.2992586853	0.05312888875	0.01808941546
86	1	65553.24528	678.9056915	664178.1159	3986743.276	6173.709969	0.7530516012	1.026694659	42981.81477	16195.69614	10198.51238	2114.564526	565.2884462	0.2263018972	0.023276164	0.0127658096
86	1	63881.33336	2767.278442	285346.8965	6600379.376	3049.723751	0.87801105	1.054190595	44101.70168	16385.70929	10391.39494	2118.661747	580.1468358	0.9224261472	0.01	0.01038448977
86	1	69947.12998	69.26034098	1760712.134	889044.9302	24306.20307	0.02775187722	0.8670393533	36544.61677	15099.35761	9082.132	2109.883093	479.5821563	0.02308678033	0.06170426788	0.01548651149
86	1	65343.45354	1735.726303	626194.9732	4177087.791	2235.226789	0.9105909285	1.061372487	44380.25338	16433.85242	10441.00886	2115.651987	583.90641	0.5785754344	0.02194504236	0.01213222798
86	1	69188.59462	1719.719557	1714566.257	897950.0303	243.8748934	0.9902450043	1.078896094	45097.59621	16555.33679	10564.13489	2119.313037	593.4073912	0.5732398523	0.06008708271	0.01
86	1	65944.3112	739.1559883	713952.2677	3790983.322	5450.397438	0.7819841025	1.033074542	43227.10741	16238.23362	10242.46763	2111.262774	568.6094619	0.2463853294	0.02502050229	0.01468381043
86	1	68256.64904	1416.504084	1285367.323	1738036.065	1648.551449	0.9340579421	1.066561649	44564.32211	16466.80486	10475.91234	2108.451154	586.473298	0.4721680282	0.04504577896	0.01631361731
86	1	66064.03901	3529.138849	840227.067	3077166.739	408.5911586	0.9836563537	1.077453247	45031.43779	16544.57796	10553.60742	2116.938038	592.5634091	1.176379616	0.0294458106	0.01137975507
86	1	68236.62918	947.2714862	1391656.741	1441893.841	1788.087502	0.9284764999	1.065311369	44537.0864	16460.68931	10468.44251	2115.187869	586.0036633	0.3157571621	0.04877069833	0.01240121167
86	1	66763.06668	191.64249	1066397.618	2215071.756	13790.87259	0.4483650965	0.9596045464	40299.8149	15737.44898	9730.653421	2119.326404	529.4733589	0.06388083002	0.03737197186	0.01
86	1	65743.44715	521.1080573	441127.1536	5981760.064	13702.63629	0.4518945484	0.9604496685	40260.96506	15735.47989	9732.558093	2098.044814	529.2928415	0.1737026858	0.01545932894	0.02236388843
86	1	66348.94013	1788.68558	906558.248	2815129.022	1282.332429	0.9487067029	1.069761188	44720.04742	16491.62389	10499.75242	2116.353291	588.4232675	0.5962285268	0.03177039103	0.01172327857
86	1	71309.39269	1960.597876	2281302.584	407739.0291	-99.91401401	1.003996561	1.081923415	45219.3519	16576.09273	10585.28657	2119.305612	595.0298769	0.6535326253	0.07994839305	0.01
86	1	67844.57832	2049.579357	1355407.659	1480947.207	305.81524	0.9877673904	1.078350663	45075.65952	16551.59719	10560.324	2119.313868	593.1150684	0.6831931189	0.04750034696	0.01
86	1	67499.36043	828.6963027	941445.0009	2947523.341	4440.315694	0.8223873722	1.042005394	43547.46973	16295.32711	10302.73458	2099.917467	573.0582668	0.2762321009	0.03299299948	0.02127437596
86	1	65166.37092	455.8161688	308914.573	7136769.461	21792.91606	0.1282833578	0.8892043953	37400.09648	15247.49147	9235.021913	2099.372219	491.1485987	0.1519387229	0.01082593071	0.02159295792
86	1	66669.71194	125.8152105	1041450.631	2293403.552	21937.69324	0.1224922704	0.8878656365	37414.55096	15245.59201	9229.418815	2119.326762	491.0250542	0.0419384035	0.03649770311	0.01
86	1	71021.07746	415.9241479	2036025.793	608304.2048	3475.901361	0.8609639456	1.05046815	43919.52069	16356.72689	10363.60344	2109.175305	577.8694374	0.1386413826	0.07135265244	0.01589566355
86	1	68617.82459	981.3033842	1508717.187	1218494.088	1475.056215	0.9409977514	1.068064911	44650.96808	16479.90253	10487.8536	2116.103631	587.5067	0.3271011281	0.05287308905	0.01186872243
86	1	69117.90891	811.7027223	1516016.352	1260211.974	2429.982244	0.9028007102	1.059680465	44287.67056	16419.63694	10427.83963	2108.483972	582.7862343	0.2705675741	0.05312888875	0.01629622102
86	1	64183.24542	666.8321063	285346.8965	6787743.121	15265.29019	0.3893883924	0.9466388858	39759.42721	15646.53691	9639.024124	2113.797956	522.3598823	0.2222773688	0.01	0.01321190139
86	1	71507.43338	979.5495684	2321716.774	387094.2613	597.1520886	0.9761139165	1.075787637	44969.99493	16533.74932	10542.27451	2118.56183	591.7189627	0.3265165228	0.08136471091	0.01043833661
86	1	65048.19346	3316.92229	479249.1591	5248401.32	1664.168838	0.9334332465	1.066414225	44568.97828	16466.9223	10475.46361	2111.545005	586.4863434	1.105640763	0.01679531703	0.01451683758
86	1	64347.523	3157.776787	420897.053	5443889.131	1473.163991	0.9410734404	1.068071275	44662.23331	16481.11956	10488.50266	2119.320926	587.6058541	1.052592262	0.01475036379	0.01
86	1	67300.29306	958.909156	1047145.09	2407507.99	2902.215833	0.8839113667	1.055518838	44123.77241	16391.47466	10398.95365	2109.501274	580.5860678	0.3196363853	0.0366972658	0.01570584031
86	1	65916.06479	1422.970564	660078.9876	4152644.816	3181.01647	0.8727593412	1.053067102	44021.62291	16374.2874	10381.62896	2108.466365	579.2412513	0.4743235214	0.02313250979	0.0163072748
86	1	65841.03519	2926.052796	606263.2601	4528667.987	1836.983479	0.9265206608	1.064908849	44490.91424	16454.73387	10463.98355	2106.425494	585.5271814	0.9753509318	0.02124653422	0.01749059689
86	1	66585.80753	346.7279567	694585.1585	4161183.137	12991.1453	0.4803541881	0.9667094079	40518.57964	15779.02194	9776.615948	2099.755232	532.698648	0.1155759856	0.02434178073	0.02137015614
86	1	65528.66648	490.6408528	615975.9881	4325669.732	9599.641619	0.6160143353	0.9965347835	41760.22027	15987.99756	9987.315443	2112.053819	549.0495753	0.1635469509	0.02158691739	0.01422487537
86	1	69269.46694	386.966802	1655570.44	1002512.239	4227.184798	0.8309126081	1.043835609	43670.85783	16313.18099	10318.25586	2114.461921	574.4720726	0.128988934	0.05801957058	0.0128248828
86	1	66428.78523	274.8627846	830463.5175	3237542.962	12901.56444	0.4839374222	0.9674638896	40585.64113	15788.10821	9783.903843	2110.482843	533.4223242	0.0916209282	0.02910364639	0.01513777389
86	1	68192.87625	3241.127138	1434225.499	1333533.012	-63.35969995	1.002534388	1.081604281	45203.57308	16573.59095	10582.89514	2118.444746	594.8332385	1.080375713	0.05026252313	0.01049963989
86	1	65893.77903	252.6938638	829372.9706	3086722.495	13449.45262	0.4620218952	0.96261192	40419.79242	15757.96415	9751.612131	2119.041252	531.0766669	0.08423128795	0.02906542811	0.01016564993
86	1	65325.27556	652.7566407	679811.055	3798619.269	5948.876729	0.7620449308	1.028659701	43076.65196	16210.85344	10213.10997	2119.182353	566.479058	0.2175855469	0.02382402133	0.01008301199
86	1	65704.80202	2492.055183	411465.924	6276058.047	3746.686321	0.8501325472	1.048123063	43783.10551	16336.16156	10344.90658	2096.874669	576.2464817	0.8306850611	0.01441984928	0.02304145585
86	1	67496.93312	1446.04613	1262507.175	1685557.038	864.4206457	0.9654231742	1.07343172	44877.8248	16517.87189	10525.9557	2119.318507	590.4787723	0.4820153766	0.04424464363	0.01
86	1	67099.31132	487.6423203	998370.8707	2572363.062	6028.524947	0.7588590021	1.027988372	43017.54447	16202.8286	10206.6562	2109.801403	565.840036	0.1625474401	0.03498797019	0.01553293845
86	1	64882.82468	593.894716	319220.3769	6828053.469	15985.1291	0.3605948361	0.9403297229	39474.07539	15599.91156	9593.206868	2104.564305	518.7036544	0.1979649053	0.01118709826	0.01857637492
86	1	70211.89603	799.2261691	1982247.76	619694.1261	1137.666551	0.954493338	1.071026699	44779.90541	16501.25552	10509.08653	2118.971437	589.1794407	0.266408723	0.06946799789	0.01020232007
86	1	64128.10226	2878.509905	351290.4201	6021070.572	2224.298296	0.9110280682	1.061459089	44394.03294	16435.54361	10442.17939	2118.660667	584.0423689	0.9595033018	0.01231099495	0.01038448977
86	1	65776.55683	1040.408426	544469.2891	5012679.278	5604.324827	0.7758270069	1.031743169	43147.82459	16226.3624	10231.75206	2103.743228	567.6720964	0.3468028088	0.01908096061	0.01905232954
86	1	68290.24679	1039.445678	1314072.809	1658516.561	2107.201127	0.9157119549	1.062519083	44405.80723	16439.52227	10447.89089	2109.643349	584.3421142	0.3464818926	0.04605176452	0.01562227527
86	1	66731.06743	287.8092057	730902.7677	3959330.077	14791.19048	0.4083523809	0.9508591331	39880.58203	15670.29414	9665.842873	2099.604583	524.1992409	0.09593640189	0.02561453363	0.02145776471
86	1	65300.76868	1424.817864	362661.5263	6581098.695	6346.447645	0.7461420942	1.025218774	42874.13422	16180.4269	10185.54678	2100.446052	564.0772117	0.474939288	0.01270949608	0.02096802988
86	1	72216.22465	218.6264615	2472962.703	317734.7339	4956.411498	0.8017435401	1.037408436	43418.54439	16269.7737	10273.68908	2116.268229	571.0811952	0.07287548718	0.08666513403	0.01177575591
86	1	65575.40252	219.0865381	704197.7427	3726223.706	18710.41125	0.2515835501	0.9162929488	38548.6135	15439.50927	9427.530188	2116.622855	506.1801268	0.07302884604	0.02467865434	0.01157082222
86	1	65590.4252	376.6280708	637852.3669	4188020.693	12116.24735	0.5153501062	0.9743731315	40870.01107	15836.17087	9832.534491	2112.378213	537.1817354	0.1255426903	0.02235357646	0.01403658774
86	1	67665.32974	313.1980822	1032740.887	2553587.432	9621.050152	0.6151579939	0.9963760474	41721.99734	15983.51579	9984.45788	2102.751448	548.6876122	0.1043993607	0.03619246957	0.01962921132
86	1	66630.17216	991.2406832	740017.9721	3860744.833	4549.234553	0.8180306179	1.041040324	43515.02381	16289.38913	10296.34143	2101.778273	572.5964214	0.3304135611	0.02593397655	0.02019343581
86	1	63898.1621	1642.199116	300815.301	6435133.29	5256.760522	0.7897295791	1.03475385	43322.24129	16252.68832	10255.7162	2119.324994	569.7494561	0.5473997053	0.01054209121	0.01
86	1	66925.61037	691.8886448	947812.7975	2764033.186	4472.419297	0.8211032281	1.041691857	43567.8295	16296.69145	10302.35452	2109.550828	573.1769535	0.2306295483	0.03321615932	0.01567803693
86	1	68675.95289	1161.025459	1577574.105	1086753.555	859.1184688	0.9656352612	1.07347841	44879.70261	16518.19201	10526.28192	2119.318478	590.5037956	0.3870084863	0.05528618411	0.01
86	1	65418.64816	770.9575994	348860.8951	6815119.975	11845.90664	0.5261637342	0.9768006322	40917.45418	15847.46512	9846.739069	2097.714608	538.04628	0.2569858665	0.01222585209	0.02255561719
86	1	68521.32951	134.9155922	1248626.646	1898802.814	18138.39886	0.2744640458	0.9213768419	38702.95237	15469.02254	9460.297999	2101.976393	508.468867	0.04497186406	0.04375819962	0.02007993382
86	1	66210.77056	1858.128725	917777.6198	2725566.566	983.8219598	0.9606471216	1.072380501	44835.33296	16510.64182	10518.59921	2119.256896	589.9135223	0.6193762418	0.03216357462	0.01003613452
86	1	65817.92288	1081.361264	739616.3222	3583186.116	3275.588465	0.8689764614	1.052213899	44009.14412	16370.76501	10376.86687	2114.84688	578.9738793	0.3604537548	0.0259199007	0.01260078324
86	1	69963.11449	2067.282949	1849190.822	763320.4694	326.2875884	0.9869484965	1.078184361	45054.03376	16548.86494	10558.34175	2114.944583	592.8960357	0.6890943164	0.0648050091	0.01253546547
86	1	67974.52998	404.2461751	1388085.68	1416049.34	4545.223499	0.81819106	1.041019866	43573.83095	16295.60436	10299.47318	2119.201087	573.1040349	0.134748725	0.04864555027	0.01007179621
86	1	65497.28935	173.3413209	693784.3616	3766975.039	24119.33133	0.03522674672	0.8686613014	36635.07817	15113.16692	9094.849898	2117.254024	480.6708366	0.05778044031	0.02431371675	0.01120422861
86	1	63926.06814	2910.274615	306257.8598	6390994.195	2581.271519	0.8967491392	1.058313941	44269.38754	16414.1769	10420.30602	2119.201527	582.3728154	0.9700915382	0.01073282603	0.01007060577
86	1	64179.86805	686.203198	319220.3769	6397235.517	13061.34784	0.4775460865	0.9660395469	40546.88144	15780.31715	9774.969448	2115.895562	532.8200632	0.2287343993	0.01118709826	0.01199317399
86	1	66523.49923	829.284189	941445.0009	2692552.421	3308.9515	0.86764194	1.051917547	43999.9668	16369.02537	10374.94684	2115.647985	578.8388933	0.276428063	0.03299299948	0.01213541907
86	1	68289.50882	996.8430803	1423153.47	1371707.303	1553.255275	0.937869789	1.06737589	44623.70468	16475.22624	10483.06407	2116.234915	587.1413195	0.3322810268	0.0498745032	0.01179262553
86	1	64731.18262	970.3261146	461393.5693	5257211.655	6147.925438	0.7540829825	1.026918449	42994.30322	16197.60224	10200.26753	2115.583586	565.4387183	0.3234420382	0.01616956676	0.01217377592
86	1	66789.45069	165.4887619	982116.8583	2571214.658	17933.08827	0.282676469	0.9231468467	38814.66789	15485.4776	9474.890556	2113.817352	509.769951	0.05516292064	0.03441834729	0.01320071129
86	1	67177.35148	2242.791147	1088450.651	2215155.633	837.2796434	0.9665088143	1.073687839	44869.82164	16517.67702	10526.73999	2113.967667	590.4568561	0.747597049	0.03814482178	0.01310693436
86	1	66108.58192	165.4887619	830643.2536	3141859.227	21138.8406	0.1544463761	0.8949118907	37685.37911	15292.56342	9277.960465	2115.655686	494.6922067	0.05516292064	0.02910994526	0.01213276558
86	1	64638.38336	751.2337761	314683.7474	6727948.459	12614.55331	0.4954178676	0.9699984497	40679.87033	15804.66414	9801.189324	2108.230724	534.7136811	0.2504112587	0.01102811179	0.01644616422
86	1	64690.895	764.3369281	383986.7223	5992762.596	9927.457138	0.6029017145	0.9936496872	41642.50961	15968.0382	9967.06549	2111.564448	547.4887467	0.254778976	0.01345683892	0.01450920953
86	1	65387.55034	435.9970668	426244.0801	5939439.159	16421.63426	0.3431346295	0.9364913444	39313.94921	15572.98192	9566.072588	2102.884181	516.5964735	0.1453323556	0.01493775069	0.01955248701
86	1	65171.37711	298.7231711	415857.6492	5927750.248	24155.80896	0.03376764162	0.8683769433	36584.24163	15107.01797	9090.699384	2105.742587	480.1757897	0.09957439037	0.01457375757	0.01789201411
86	1	66997.3721	516.492342	833080.2368	3397287.825	7429.314198	0.7028274321	1.015680025	42494.01363	16115.40219	10119.09343	2101.474294	558.9955351	0.172164114	0.02919534949	0.02037089667
86	1	67130.59196	1403.878158	974864.6652	2687538.18	2229.812052	0.9108075179	1.061445062	44356.55861	16431.51346	10440.0544	2107.874942	583.7138581	0.4679593859	0.03416419373	0.01664965867
86	1	68348.65096	2995.605084	1330582.35	1620301.165	671.7619494	0.973129522	1.075159035	44914.35918	16526.20429	10536.21556	2109.685016	591.1180877	0.998535028	0.04663034245	0.01559065341
86	1	66935.9042	595.8725829	1110537.455	2084452.937	3739.200862	0.8504319655	1.048117504	43859.29084	16344.26729	10349.06388	2119.200688	576.9080004	0.1986241943	0.03891885521	0.01007174296
86	1	64910.60745	309.1698015	481318.8147	5163250.081	19615.04265	0.2153982939	0.9083357205	38219.2444	15383.95762	9371.420809	2113.894704	501.8342622	0.1030566005	0.01686784825	0.01315581108
86	1	67972.95474	211.9532556	1218935.217	1900362.131	11488.19951	0.5404720197	0.979914304	41081.39289	15872.93892	9870.619909	2109.024516	540.0516915	0.0706510852	0.04271766163	0.01598493264
86	1	70037.09782	268.7158561	1941309.95	654748.4402	4937.444183	0.8025022327	1.037565671	43435.32981	16271.96676	10275.3622	2119.324859	571.2564454	0.08957195203	0.06803332975	0.01
86	1	67503.07482	3273.314147	1124243.353	2145221.52	648.871482	0.9740451407	1.075356813	44926.36492	16527.99209	10537.8199	2110.870168	591.2593191	1.091104716	0.03939917929	0.01490298145
86	1	67240.77144	832.9241388	1113334.596	2133800.819	2792.236916	0.8883105234	1.056471431	44179.03427	16399.81236	10406.54016	2114.453776	581.2440114	0.2776413796	0.03901688118	0.01282880392
86	1	67795.36171	1004.39104	1285381.007	1665231.788	1785.326939	0.9285869224	1.065333429	44540.37753	16461.09678	10468.72866	2115.89034	586.0363921	0.3347970134	0.04504625853	0.01199317399
86	1	64501.67272	393.0324347	426599.5988	5467727.857	17130.51587	0.3147793651	0.9302033187	39110.00081	15535.08704	9524.826756	2117.185734	513.6521142	0.1310108116	0.01495020987	0.01124376867
86	1	71754.91638	1084.444937	2387851.126	353025.5213	437.90822	0.9824836712	1.0771899	45026.39247	16543.36352	10552.07202	2118.560295	592.4705022	0.3614816457	0.08368239343	0.01043833661
86	1	66186.04386	2404.787546	911458.5421	2749389.627	595.3877646	0.9761844894	1.075800901	44972.95749	16534.09916	10542.50058	2119.271934	591.7471964	0.8015958486	0.03194212214	0.01002602106
86	1	64526.64735	1051.199034	377113.4596	5973206.558	7135.659546	0.7145736182	1.018226425	42638.60316	16137.35605	10139.20111	2113.796952	560.72706	0.3503996782	0.013215965	0.01321190139
86	1	64778.83385	1040.320362	360878.5043	6289701.717	7917.183269	0.6833126693	1.011360668	42345.20398	16088.44278	10090.28239	2108.752581	556.8972212	0.346773454	0.01264700996	0.01614258728
86	1	66401.60339	652.7086579	735045.9643	3812632.549	6451.388252	0.7419444699	1.024279588	42852.5087	16175.70868	10179.87153	2105.164034	563.7142861	0.2175695526	0.02575973222	0.01822712972
86	1	64240.91699	642.2747526	299184.7591	6661786.823	15119.12002	0.3952351991	0.9479263284	39810.88192	15655.32926	9648.001551	2113.703025	523.0470588	0.2140915842	0.01048494877	0.01326704789
86	1	64257.81117	445.4727645	285346.8965	6834831.166	23120.01513	0.07519939464	0.8774759475	36973.65218	15171.90286	9155.561719	2112.596291	485.2563861	0.1484909215	0.01	0.01391021098
86	1	63939.22858	1461.045001	311789.4085	6337505.074	5765.166673	0.7693933331	1.03027695	43142.18505	16221.99376	10224.43642	2119.325181	567.3500717	0.4870150005	0.0109266795	0.01
86	1	64202.36925	1994.052018	325354.4064	6342537.859	4065.809258	0.8373676297	1.045252036	43732.74991	16323.41721	10328.42279	2115.900773	575.2740329	0.664684006	0.01140206571	0.01198893068
86	1	64537.81435	333.7003033	438938.449	5369552.26	19686.02386	0.2125590455	0.9076996227	38205.47917	15380.85598	9367.625445	2117.347548	501.5961232	0.1112334344	0.01538262565	0.01114981989
86	1	64579.95689	1184.843438	422167.3988	5550195.387	5445.407091	0.7821837164	1.033104425	43243.34147	16240.04067	10243.50194	2115.654845	568.7562066	0.3949478127	0.01479488314	0.01213222798
86	1	65894.76544	1448.092227	804754.0858	3222114.592	1915.792146	0.9233683142	1.064179318	44499.58968	16453.78393	10460.97412	2117.535644	585.4668047	0.482697409	0.02820265774	0.01103765806
86	1	67335.07249	382.9414604	1196902.907	1861234.545	5821.932257	0.7671227097	1.029781402	43117.6401	16218.10435	10220.72065	2117.976942	567.0443533	0.1276471535	0.04194553792	0.01078327819
86	1	70473.06758	1973.074812	2040969.817	573217.1104	46.60100028	0.99813596	1.080636493	45164.1157	16566.89868	10576.10396	2118.291762	594.3099111	0.6576916041	0.07152591609	0.01059027796
86	1	65853.81448	661.1727786	678421.5337	3999055.397	6494.412237	0.7402235105	1.023883395	42855.10624	16174.96749	10178.12108	2110.57866	563.6631128	0.2203909262	0.02377532547	0.01508148386
86	1	67601.27117	1360.489847	1290389.209	1621343.735	929.4672891	0.9628213084	1.072858936	44854.78799	16513.94476	10521.9537	2119.318848	590.1717896	0.4534966158	0.04522177127	0.01
86	1	67301.50457	1368.867676	1204847.463	1829978.775	1062.1905	0.95751238	1.071691257	44806.70291	16505.8193	10513.73358	2118.991472	589.5362151	0.4562892254	0.04222395539	0.01019049649
86	1	64584.39953	821.9406623	316990.5711	6667542.685	11375.95416	0.5449618337	0.9809020194	41121.85519	15879.7895	9877.561502	2109.239957	540.5874684	0.2739802208	0.01110895457	0.01585976197
86	1	69952.32212	1597.616002	1800993.472	829265.3068	778.1160322	0.9688753587	1.074214421	44885.01146	16520.64908	10530.09029	2112.215813	590.6869947	0.5325386672	0.06311592991	0.01412347388
86	1	70223.44344	995.1277548	1814158.589	831116.23	1648.607393	0.9340557043	1.066560537	44564.93991	16466.86784	10475.94095	2108.644802	586.4784637	0.3317092516	0.06357730226	0.01620115744
86	1	64236.09026	986.7996766	338829.7994	6214954.27	8358.209769	0.6656716092	1.007453345	42213.44777	16064.35971	10064.37667	2116.171592	555.0239264	0.3289332255	0.01187431171	0.01183248257
86	1	63975.62429	429.0224892	321515.3548	6252219.527	20800.8927	0.1679642921	0.897876024	37817.15828	15314.22532	9299.360673	2119.326728	496.3900985	0.1430074964	0.01126752591	0.01
86	1	65100.23533	652.7086579	387270.0185	6189108.522	12019.47234	0.5192211064	0.9752484044	40880.52284	15839.54032	9837.294018	2105.164286	537.4361099	0.2175695526	0.01357190224	0.01822762542
86	1	65185.61372	514.4728234	565936.7223	4571443.369	9793.471858	0.6082611257	0.9948199213	41699.84615	15977.15627	9975.80588	2114.565304	548.2052534	0.1714909411	0.01983328816	0.0127658096
86	1	67544.37937	815.8982954	1234457.952	1777664.288	2364.773651	0.905409054	1.060227844	44338.36989	16426.44713	10433.23938	2116.865702	583.329057	0.2719660985	0.04326165686	0.01142732173
86	1	67579.93273	1021.56043	1205791.049	1874752.475	1991.444314	0.9203422274	1.063522662	44463.00383	16448.1972	10455.82728	2114.562265	585.0263763	0.3405201434	0.04225702342	0.01276491301
86	1	64707.10687	1623.580699	490919.3018	4982811.199	3080.029265	0.8767988294	1.053926647	44087.96898	16383.56739	10389.37959	2117.751017	579.9782665	0.5411935663	0.01720429792	0.01091357496
86	1	64180.4974	543.0643807	376263.1589	5793117.501	13793.15038	0.4482739848	0.9595844887	40299.0082	15737.31146	9730.513279	2119.326405	529.462609	0.1810214602	0.01318616616	0.01
86	1	65553.43788	566.3257533	700133.7956	3745031.784	6923.610199	0.7230555921	1.020084287	42723.36537	16151.16413	10152.73328	2116.730593	561.8100991	0.1887752511	0.02453623306	0.01150754427
86	1	64295.52265	628.6012982	313776.9132	6527736.601	14720.27277	0.4111890891	0.9514384798	39952.13697	15679.4093	9672.5407	2113.703	524.9293883	0.2095337661	0.01099633173	0.01326704789
86	1	64749.18911	700.8986074	316990.5711	6770193.208	13538.2585	0.4584696599	0.9618698008	40347.30742	15748.3316	9744.085463	2106.583797	530.3081262	0.2336328691	0.01110895457	0.01740301918
86	1	68836.46272	290.8308404	1495860.146	1271576.635	6612.127373	0.7355149051	1.022842886	42817.46822	16168.28227	10171.08233	2111.8088	563.1420685	0.09694361348	0.05242251324	0.01436684818
86	1	70490.23195	490.6408528	1938551.692	686126.6031	2898.601436	0.8840559426	1.05554314	44132.79483	16392.49874	10399.56525	2111.85203	580.6690567	0.1635469509	0.06793666642	0.0143402722
86	1	66898.28539	276.5586558	1022029.561	2423035.959	10107.84712	0.595686115	0.9920519148	41588.19346	15958.14346	9956.448096	2114.469992	546.7189084	0.09218621859	0.03581709047	0.01282120694
86	1	67235.61774	521.1604873	1058581.712	2345963.802	5207.413701	0.7917034519	1.035214283	43313.07396	16252.89437	10257.41281	2111.235896	569.7554546	0.1737201624	0.03709806292	0.01469935772
86	1	64998.66849	979.8881523	317856.3236	6918184.476	9984.91487	0.6006034052	0.9931723837	41592.67893	15961.50066	9962.048279	2102.61407	546.966525	0.3266293841	0.01113929492	0.01970905754
86	1	65843.51068	1700.133716	775843.7115	3372281.502	1684.232009	0.9326307196	1.066221318	44578.57574	16467.44953	10475.06893	2116.617181	586.5338936	0.5667112386	0.02718949184	0.01157082222
86	1	65723.28538	1508.065913	767958.5538	3380971.403	1892.642152	0.9242943139	1.064381428	44509.5824	16455.36832	10462.48861	2118.080306	585.5913361	0.5026886378	0.02691315599	0.01072124611
86	1	64238.43957	831.9076338	285346.8965	6822566.742	12226.94554	0.5109221785	0.9733966541	40832.55147	15829.6692	9825.811495	2112.908017	536.6741642	0.2773025446	0.01	0.01372879559
86	1	64881.83539	827.6896921	558386.4756	4503261.539	5694.367245	0.7722253102	1.030901414	43166.20741	16226.15873	10228.73949	2119.005822	567.6752472	0.275896564	0.01956868928	0.01018551918
86	1	65087.48183	1781.595383	569461.4479	4502342.628	2379.904869	0.9048038053	1.060096234	44331.33306	16425.35894	10432.22408	2116.356247	583.2433573	0.5938651277	0.01995681239	0.01172327857
86	1	71503.54494	2045.533804	2269734.168	423586.1003	150.3403315	0.9939863867	1.079731991	45118.11481	16559.67161	10569.25581	2115.477295	593.74146	0.6818446012	0.07954297719	0.01222365501
86	1	64126.0983	440.3089647	361726.204	5911627.375	17912.19781	0.2835120878	0.9233131646	38840.21347	15488.62768	9477.088146	2119.326624	510.0230758	0.1467696549	0.01267671765	0.01
86	1	67214.20541	1004.222253	1027426.896	2471734.404	2808.603717	0.8876558513	1.056342529	44157.57899	16397.19438	10404.74598	2109.699406	581.0334244	0.3347407509	0.03600624041	0.01559065341
86	1	67548.37176	181.7348643	1272935.704	1663160.407	12108.27764	0.5156688943	0.9744217066	40895.06069	15838.96553	9834.142241	2119.126167	537.4086257	0.06057828811	0.04461011209	0.01011625533
86	1	65912.96968	973.3307909	747413.5978	3566188.425	3721.479068	0.8511408373	1.048290894	43847.73088	16343.48074	10349.25754	2113.785458	576.8397497	0.324443597	0.02619315672	0.0132176421
86	1	64572.99539	2265.984049	478780.8358	5026284.485	1987.177226	0.920512911	1.063545458	44479.72061	16450.03749	10456.85424	2119.17923	585.1759996	0.7553280163	0.01677890461	0.01008301199
86	1	65498.64666	402.9246463	728509.3639	3546556.307	9369.218072	0.6252312771	0.9985405545	41865.78043	16004.4024	10002.69651	2119.32597	550.3410233	0.1343082154	0.02553065664	0.01
86	1	65519.41825	333.7003033	731252.1722	3536474.889	11437.7632	0.5424894722	0.9803259944	41132.63013	15879.45777	9875.400851	2119.156832	540.5739298	0.1112334344	0.02562677853	0.01009840442
86	1	67216.02387	1682.779601	1024988.711	2482661.321	1662.759148	0.9334896341	1.06643312	44562.80831	16466.31325	10475.21507	2109.519642	586.4362037	0.5609265338	0.03592079409	0.01569312964
86	1	68588.39636	1816.857412	1542930.208	1144945.593	344.8379229	0.9862064831	1.078009211	45059.60473	16549.00865	10557.81078	2118.635346	592.9118748	0.6056191375	0.05407208653	0.0103941291
86	1	67975.18291	163.7691094	1333938.487	1556044.162	13095.97425	0.4761610301	0.9657345378	40534.7184	15778.23704	9772.844088	2115.925982	532.6574997	0.05458970313	0.04674795848	0.01197550268
86	1	65310.33139	873.3756646	533125.0808	4896319.822	6251.63026	0.7499347896	1.026021285	42941.07704	16189.62393	10193.05766	2110.574799	564.808798	0.2911252215	0.01868340211	0.0150836788
86	1	67880.58962	188.8521177	1364921.379	1461505.216	10775.84363	0.568966255	0.9861541751	41367.59059	15919.47638	9916.152526	2119.319539	543.702375	0.0629507059	0.04783375588	0.01000383749
86	1	66029.21567	2910.274615	778708.1757	3413788.865	944.0060802	0.9622397568	1.072748598	44831.4417	16511.17294	10520.14437	2113.791861	589.9482135	0.9700915382	0.02728987717	0.01320956732
86	1	65366.00299	1094.41337	531791.2197	4933093.547	5044.240603	0.7982303759	1.036656394	43365.46307	16262.18374	10267.1806	2109.596366	570.4795533	0.3648044566	0.01863665686	0.01565178951
86	1	66712.14315	440.3089647	988711.462	2523726.106	6345.501978	0.7461799209	1.025179034	42923.92254	16185.63134	10188.09112	2115.45999	564.5028023	0.1467696549	0.0346494556	0.01224561646
86	1	68810.38289	1366.049244	1612564.626	1035387.027	589.4480097	0.9764220796	1.075853242	44975.02327	16534.45383	10542.86412	2119.260394	591.7749064	0.4553497481	0.05651242911	0.01003269423
86	1	65079.35033	786.3522357	461393.5693	5429682.655	8105.138733	0.6757944507	1.009701676	42282.65336	16077.51307	10078.92026	2109.971665	556.0443729	0.2621174119	0.01616956676	0.01543437255
86	1	68843.64322	1349.829526	1618766.15	1027438.087	612.0667161	0.9755173314	1.075654586	44966.47886	16533.03268	10541.44567	2119.098423	591.6636134	0.4499431753	0.0567297619	0.01012684501
86	1	65159.96194	3448.158589	545410.8444	4726407.918	1217.49786	0.9513000856	1.070340491	44734.38193	16494.64026	10503.30766	2113.732903	588.6557833	1.149386196	0.01911395747	0.01324491093
86	1	67723.52705	262.4503027	1120622.367	2203357.262	10225.62416	0.5909750337	0.9910383479	41522.25395	15948.51103	9947.983848	2107.114629	545.9567534	0.08748343422	0.0392722816	0.01709441809
86	1	66694.76583	2833.110288	958139.7629	2657324.206	720.4162274	0.9711833509	1.074717171	44910.94144	16524.70461	10533.91654	2113.884867	591.006099	0.9443700959	0.03357806847	0.01315426472
86	1	70563.67986	478.1886952	1964843.45	659923.8583	2908.260074	0.883669597	1.055456802	44130.69833	16392.05344	10399.03757	2112.254096	580.6347498	0.1593962317	0.06885806273	0.01410671685
86	1	67494.87071	1467.220339	1225570.807	1797098.996	1046.782243	0.9581287103	1.071832916	44806.01037	16506.10949	10514.37242	2117.123823	589.5565663	0.4890734462	0.04295020629	0.01127512282
86	1	68425.7592	622.0274065	1419631.658	1397683.68	2997.929366	0.8800828254	1.054662155	44104.12717	16387.17951	10393.78137	2113.828777	580.2557242	0.2073424688	0.04975108106	0.0131920348
86	1	71450.79126	1084.444937	2259684.689	428954.8971	706.0329851	0.9717586806	1.074837916	44922.11593	16526.20588	10535.10715	2115.732143	591.1257594	0.3614816457	0.07919079258	0.01208180047
86	1	67659.77457	246.3425499	1217830.683	1849527.601	9532.390321	0.6187043871	0.9971207318	41790.46828	15992.72711	9991.776364	2114.006034	549.4217217	0.0821141833	0.04267895317	0.01309070345
86	1	66847.41416	1422.432818	974864.6652	2617896.536	1873.941527	0.9250423389	1.064564157	44497.62893	16454.56383	10462.70528	2112.439575	585.5214018	0.4741442726	0.03416419373	0.01399769369
86	1	66811.02537	1450.930288	974864.6652	2609079.32	1789.720971	0.9284111611	1.065303905	44529.38846	16459.84967	10467.9841	2113.026013	585.9353277	0.4836434293	0.03416419373	0.01365691201
86	1	65749.41107	995.3333837	732476.8657	3605004.302	3588.10703	0.8564757188	1.04945978	43900.68227	16352.12796	10357.75067	2115.520945	577.5178694	0.3317777946	0.02566969799	0.01220937168
86	1	68129.21634	1087.772333	1316052.382	1628320.976	1812.502799	0.927499888	1.065105431	44519.12061	16458.24531	10466.47187	2112.358191	585.8090806	0.3625907778	0.04612113881	0.01404484806
86	1	64679.42348	803.7553437	505840.4841	4842663.756	6567.869832	0.7372852067	1.023209266	42857.15605	16173.45373	10175.01251	2119.099236	563.5554303	0.2679184479	0.0177272117	0.01013140579
86	1	67533.66685	709.5594181	1209961.665	1853230.512	2969.790987	0.8812083605	1.054904388	44119.79951	16389.47234	10395.79949	2115.561451	580.4371191	0.236519806	0.04240318293	0.01218547278
86	1	64193.74597	3604.561702	376263.1589	5800237.697	1443.658468	0.9422536613	1.068331778	44671.97947	16482.82771	10490.28263	2119.107231	587.7391128	1.201520567	0.01318616616	0.01012407311
86	1	64063.89583	3330.965607	343760.3103	6064272.362	1838.720867	0.9264511653	1.06485253	44532.50134	16459.02161	10465.99828	2119.24077	585.8783626	1.110321869	0.01204710178	0.01004708865
86	1	64058.86769	888.5656077	343760.3103	6061445.993	8973.767205	0.6410493118	1.002022798	42005.83262	16028.27739	10027.0267	2119.325912	552.2073238	0.2961885359	0.01204710178	0.01
86	1	66324.4225	1379.89896	914845.5773	2768526.216	1740.028009	0.9303988797	1.065727967	44560.8992	16464.29782	10471.74084	2117.250161	586.2883158	0.4599663199	0.03206082101	0.01120324059
86	1	69499.98014	1629.478577	1797777.142	799669.2663	250.4644118	0.9899814235	1.078838069	45095.26248	16554.93895	10563.72947	2119.31313	593.3762924	0.5431595257	0.06300321343	0.01
86	1	69754.64175	1629.478577	1865829.818	727342.9062	213.427234	0.9914629106	1.079164209	45108.3795	16557.17504	10566.00819	2119.31259	593.5510866	0.5431595257	0.06538812376	0.01
86	1	64882.74143	2825.643064	432749.6377	5604066.168	2235.461201	0.910581552	1.061384005	44366.19612	16432.38376	10440.29191	2111.408888	583.7863041	0.9418810213	0.01516573837	0.01459695515
86	1	68748.01112	515.8241954	1437105.555	1396947.011	3939.202769	0.8424318892	1.046386788	43757.12885	16328.93141	10335.18371	2109.68894	575.6973144	0.1719413985	0.05036345489	0.01559755571
86	1	67180.71658	2066.182619	1164481.918	1941267.693	529.8981354	0.9788040746	1.076380055	44993.61169	16537.78871	10546.40218	2118.499926	592.0346443	0.6887275395	0.04080934233	0.01047392804
86	1	67170.76391	2094.909706	1161823.809	1948468.221	515.7273322	0.9793709067	1.07650484	44998.6307	16538.64429	10547.27405	2118.499882	592.1015249	0.6983032353	0.04071618874	0.01047387461
86	1	64994.22543	319.0073332	592308.2394	4289621.809	14984.56548	0.4006173808	0.9490934503	39876.77937	15665.35178	9657.19721	2119.241684	523.8374369	0.1063357777	0.02075747964	0.01004926347
86	1	65346.68442	792.416872	687900.818	3752965.99	4692.197573	0.8123120971	1.039725253	43522.18593	16286.7733	10290.45104	2119.324745	572.4138683	0.2641389573	0.02410752759	0.01
86	1	68134.53317	570.0914021	1376077.762	1467556.757	3272.83687	0.8690865252	1.052234768	44013.57564	16371.29096	10377.20995	2115.896469	579.016304	0.1900304674	0.04822473202	0.01199104708
86	1	64362.93771	3244.329495	425016.2931	5412740.074	1392.340433	0.9443063827	1.068782988	44690.85764	16485.99921	10493.47534	2119.320683	587.9872948	1.081443165	0.01489472282	0.01
86	1	64783.77103	861.4366716	458401.8234	5310479.047	7110.432947	0.7155826821	1.018446135	42650.0365	16139.1392	10140.87882	2114.55567	560.8673968	0.2871455572	0.01606472084	0.01277111319
86	1	65577.73718	416.925177	585965.8065	4578327.889	12119.80992	0.5152076033	0.9743511262	40859.11346	15834.95283	9831.830881	2109.452835	537.0828663	0.138975059	0.02053520868	0.015736132
86	1	66961.31394	521.6895541	929615.325	2862411.624	6190.150623	0.7523939751	1.026571292	42953.96925	16192.4113	10196.39372	2107.878429	565.0233164	0.173896518	0.03257842775	0.01665013311
86	1	64879.45911	2697.457445	413243.9158	5795767.036	2551.978402	0.8979208639	1.05860043	44250.39753	16412.88906	10420.63206	2110.285707	582.2610052	0.8991524816	0.01448215912	0.01524979543
86	1	65244.97383	416.925177	541503.9879	4796301.662	12927.15612	0.4829137551	0.9672332462	40582.01945	15787.12955	9782.602885	2112.134937	533.3478868	0.138975059	0.01897704144	0.01417796476
86	1	65121.77644	799.6361856	622277.1847	4120105.246	5237.133248	0.7905146701	1.034927749	43328.09527	16253.7591	10256.86861	2118.991882	569.8327423	0.2665453952	0.02180774322	0.01019351731
86	1	65716.11885	998.0919727	640104.2007	4220542.152	4525.308096	0.8189876762	1.041223138	43552.1785	16293.81892	10299.25537	2110.48597	572.9535771	0.3326973242	0.02243249212	0.01513479532
86	1	64886.436	2757.013487	433736.9304	5596363.972	2290.343302	0.9083862679	1.060900727	44346.75917	16429.0703	10436.91528	2111.40902	583.5272921	0.9190044956	0.01520033811	0.01459695515
86	1	64294.15956	1623.580699	380568.2761	5810797.132	4162.23298	0.8335106808	1.044397026	43704.69759	16318.23031	10322.79681	2117.75189	574.8708878	0.5411935663	0.01333703926	0.01091357496
86	1	64555.54151	1094.41337	384834.784	5909302.307	6694.739773	0.7322104091	1.022109056	42794.75855	16163.97618	10166.32878	2113.796831	562.8079476	0.3648044566	0.0134865593	0.01321190139
86	1	66457.83257	1679.037295	941731.7662	2674874.422	1302.849987	0.9478860005	1.069579342	44713.98791	16490.51079	10498.55075	2116.719906	588.3367145	0.5596790982	0.03300304919	0.01151039998
86	1	65017.36817	891.8917669	471229.4477	5306963.313	6869.79092	0.7252083632	1.020574748	42725.4074	16152.64205	10155.18895	2111.563831	561.9191715	0.2972972556	0.01651426574	0.01450920953
