#gen	Feasible	f1	f2	c1	c2	c3	c4	c5	x1	x2	x3	x4
7	1	0.1473096909	14.73804481	0.4343085965	22.5	0.08219818857	0.7539862644	16823.65354	63.34345112	83.77775972	3000	2.959865869
7	1	0.4517951359	7.486420571	1.23914033	17.5	0.08913817632	0.7631321961	33991.44078	61.73355361	82.97269394	3000	4.831011138
7	1	0.1449135151	14.69762632	0.04116552272	22.5	0.0769432679	0.7492306501	16872.3936	63.7630171	83.80418263	3000	2.228338473
7	1	0.3878031666	12.28412748	25.57410139	22.5	0.2792808036	0.887882119	20364.18831	64.0424215	109.6165229	3000	2.47046687
7	1	2.626455076	2.306083284	11.7698682	2.5	0.2395793693	0.8412703396	112370.844	77.84665469	109.6165229	3000	10.50310604
7	1	1.373983279	4.006847763	10.42634579	10	0.1955639461	0.8336857495	64291.39618	61.5856078	92.01195359	3000	7.430961056
7	1	0.4066172182	10.02237066	8.974008865	20	0.1697328862	0.8252516603	25162.89559	57.11432812	86.08833698	3000	3.719164868
7	1	0.6966401182	5.921083427	4.332875675	15	0.1311938523	0.7928233206	43215.575	60.86821629	85.20109196	3000	5.641852036
7	1	0.1947109514	13.93428854	5.603671379	22.5	0.1595652104	0.8031409575	17845.98758	64.7982246	90.40189598	3000	2.234025141
7	1	1.402140221	2.867311849	0.8379366396	0	0.06611551449	0.7584530932	90199.96183	58.24211613	79.08005277	3000	11.88056777
7	1	0.243552313	12.24309156	8.121434926	22.5	0.2077813918	0.8208787172	20435.4608	74.31413576	102.4355707	3000	2.513774136
7	0	1.013394132	3.26770585	-2.23617601	7.5	0.07662433013	0.7177413537	79037.42765	74.27872518	92.04254917	3000	8.077460653
7	1	0.992038776	3.737785433	0.3297093116	10	0.1168540922	0.7530717732	68984.16127	72.82407301	93.15378232	3000	7.877456605
7	1	0.2483167649	11.90701401	7.86764984	22.5	0.2114694888	0.8193567906	21037.65791	76.9904028	104.8580526	3000	2
7	1	0.436219051	7.897241737	1.656841165	17.5	0.07803822518	0.7674363982	32176.35865	57.68287603	79.3397172	3000	4.882687272
7	1	0.1676390165	14.65743671	3.167909022	22.5	0.1207375252	0.7826310965	16921.1242	62.25103025	85.41893927	3000	2.534581405
7	1	3.539263328	2.575351023	28.73981507	2.5	0.2809533113	0.8945239777	100527.7268	57.96052822	106.7003433	3000	10.59495307
7	1	0.451989644	7.334585635	0.8054661724	17.5	0.0892719518	0.7583327847	34713.73648	63.49033562	84.29580179	3000	4.990800562
7	0	0.5649935706	4.18914669	-6.693067156	12.5	-0.0142992864	0.6238940342	61454.46485	79.99671186	93.3036447	3000	6.564927222
7	1	0.2755242525	11.41788619	9.660590352	22.5	0.2300865125	0.8302205962	21977.43946	79.95783719	109.6184275	3000	2.834443143
7	1	0.4143723624	8.036633432	0.9295806543	17.5	0.06106364082	0.7594214713	31602.66448	56.87673111	77.80631176	3000	4.520291938
7	0	1.099560071	2.841687419	-3.511522644	5	0.05938896566	0.6961125571	91021.44014	76.81516735	93.3036447	3000	9.661106213
7	1	0.4178837986	8.074291906	1.212187	17.5	0.06391168945	0.7625556578	31451.07215	56.40130487	77.61349187	3000	4.942196928
7	0	4.248759248	2.034028461	25.05902848	-2.5	0.2787956382	0.8866940195	127521.0153	64.94097152	110	3000	12.15549203
7	1	0.1462817197	16.19043299	2.355891161	22.5	0.07996488745	0.7744815771	15233.7254	55.59061213	77.94650329	3000	2
7	1	0.7935103571	7.038720344	15.45174762	17.5	0.2230068976	0.8565582763	36210.72286	58.40619306	93.85794067	3000	4.228541811
7	1	0.3525136745	12.81792875	23.20535942	22.5	0.2671958281	0.8817947612	19478.64346	61.65269321	104.8580526	3000	2
7	1	0.412474693	12.94336688	31.59271415	22.5	0.2865014329	0.899957168	19281.14779	55.78348435	107.3761985	3000	2.437296515
7	1	1.647277577	3.466902113	10.92263633	7.5	0.2010614538	0.8363333365	74444.4982	62.19309786	93.1157342	3000	8.614710891
7	0	0.5716733501	5.938768118	-0.03239446597	15	0.07243331099	0.7482866707	43084.20595	63.0520142	83.01961973	3000	5.04424987
7	0	0.1444213863	14.70406318	-0.01877801825	22.5	0.07584242309	0.748486282	16864.61355	63.7630171	83.74423908	3000	2.226290208
7	0	0.3960827551	7.324250645	-1.822489419	17.5	0.04541283845	0.7238324333	34763.98976	65.02591786	83.20342844	3000	4.605794178
7	0	0.8492958485	4.221396706	-0.3243516304	10	0.06926516801	0.7446131188	60978.09822	63.57173608	83.24738445	3000	7.737069444
7	1	0.4535587915	7.176124485	0.4160221919	17.5	0.09034695722	0.7538508999	35500.14893	65.35602207	85.77204426	3000	4.605794178
7	0	0.4327942096	4.606216703	-8.794979183	12.5	-0.1408492719	0.5534670732	55808.57817	73.2240713	84.42909212	3000	6.654598616
7	0	0.0935875749	15.1380152	-6.712991931	22.5	-0.1002297225	0.6229982067	16355.36648	65.22935471	78.51636278	3000	2.243937508
7	1	0.6723478261	5.949431564	3.585479279	15	0.1214817402	0.7863607469	43005.37099	60.92882797	84.51430724	3000	5.881803525
7	0	0.2061104597	10.06955234	-5.392906789	20	-0.05427375869	0.6568696862	25040.77582	64.68777727	79.29487048	3000	3.76099788
7	1	0.3309656755	8.682010754	0.2534957949	20	0.1170988408	0.752163077	29186.57872	73.24653256	93.50002835	3000	3.76691703
7	1	0.1949966082	13.93781608	5.648670734	22.5	0.1599174311	0.803479093	17841.24314	64.75322524	90.40189598	3000	2.334796208
7	1	0.2423020931	11.77806234	6.879137465	22.5	0.2067895905	0.8128458196	21277.84153	78.54516631	105.4243038	3000	2.141575845
7	1	0.1626945772	14.72163854	2.575193646	22.5	0.1122504792	0.7770018199	16843.40535	62.25103025	84.8262239	3000	2.239949761
7	1	0.2815068425	11.85915832	11.53280811	22.5	0.2336975179	0.8400118841	21126.18372	75.32978979	106.8625979	3000	2.536121588
7	1	0.1853620659	15.16518268	6.5953167	22.5	0.1474386876	0.8099963082	16324.45456	57.82199302	84.41730972	3000	2.569634676
7	0	1.099552649	3.228644706	-1.226586835	5	0.05938666658	0.7325320589	80004.53542	65.31950753	84.0929207	3000	9.45507803
7	1	1.278973631	3.169749611	1.232593835	2.5	0.0705658588	0.7628536176	81507.77097	57.67886724	78.91146107	3000	10.52243355
7	1	0.1352979944	16.26929288	0.7526023132	22.5	0.05398388321	0.7573554671	15155.52263	56.1498992	76.90250151	3000	2.788858199
7	1	0.5137673494	7.701024711	4.927618194	17.5	0.1266352951	0.7975085045	33019.12243	57.63947865	82.56709685	3000	4.883415813
7	1	0.1397588868	15.88642104	0.9271511063	22.5	0.06502819462	0.759439097	15542.46991	57.68287603	78.61002714	3000	2.285631346
7	1	0.1949966082	13.93781608	5.648670734	22.5	0.1599174311	0.803479093	17841.24314	64.75322524	90.40189598	3000	2.334796208
7	1	1.377654984	2.855763469	0.3835773056	0	0.06018134305	0.7531659008	90568.35961	58.77404449	79.1576218	3000	11.9133532
7	0	0.5360256304	6.321405821	-0.05488883361	15	0.05064889461	0.7477963887	40421.82103	58.58621609	78.53132726	3000	5.04424987
7	1	1.580186349	4.990048701	27.26907841	15	0.2814942639	0.8916229216	51446.5833	61.64505077	108.9141292	3000	5.217178647
7	1	0.24336668	11.86929091	7.214351894	22.5	0.207634773	0.8150967031	21107.38038	77.64370074	104.8580526	3000	2
7	1	1.222367886	3.272892384	1.499537411	7.5	0.1319080368	0.7663665952	78910.75126	72.13003242	93.62956983	3000	8.029073281
7	1	0.1396935824	15.88523241	0.915599945	22.5	0.06487160106	0.7593086303	15543.70024	57.69442719	78.61002714	3000	2.164371126
7	1	1.187860703	3.260542456	0.8054968232	7.5	0.1241200037	0.75866894	79213.04974	72.82407301	93.62956983	3000	8.029073281
7	0	0.5309097949	5.849999199	-1.755066338	15	0.04728255479	0.7248471695	43751.63005	65.10974178	83.35467544	3000	5.210483853
7	0	0.4290582192	7.101124414	-0.9054193255	17.5	0.07266479561	0.7370468013	35884.59703	66.88181396	85.97639464	3000	4.604221698
7	1	2.102376727	3.007935281	14.20492933	7.5	0.2441254595	0.8521948498	85940.96418	72.49541396	106.7003433	3000	8.110893728
7	1	0.3062934346	9.932767376	1.49443444	20	0.09431087096	0.765921605	25398.00841	61.95632887	83.45076331	3000	3.755904283
7	1	0.2930301426	11.5388487	11.92755908	22.5	0.2402373005	0.8420368551	21737.61376	77.68896381	109.6165229	3000	2.53191345
7	1	0.2482814538	11.58347988	7.083931782	22.5	0.2114426756	0.8142848993	21650.39097	80	107.0839318	3000	2.466841858
7	1	0.2393068113	12.29698835	7.748683569	22.5	0.204371274	0.81849996	20341.94906	74.12645408	101.8751376	3000	2.090365507
7	0	0.7986238712	4.307593248	-0.6110474907	12.5	0.1069002799	0.7412369143	59739.89448	74.36600273	93.75495524	3000	6.084666206
7	1	0.1602012197	14.78235912	2.318336675	22.5	0.1077719714	0.7744613485	16770.52186	62.08582065	84.40415732	3000	2.569634676
7	1	0.992038776	3.737785433	0.3297093116	10	0.1168540922	0.7530717732	68984.16127	72.82407301	93.15378232	3000	7.594925392
7	1	1.412648368	2.867007876	0.9942894061	0	0.06859915268	0.7602244483	90209.62065	58.16333239	79.1576218	3000	11.94925239
7	1	0.2599419745	12.2177578	9.985528399	22.5	0.2199010117	0.831824541	20479.7003	73.4655445	103.4510729	3000	2.3371222
7	1	1.021291126	3.724972233	0.8622384286	10	0.1249641042	0.7593193618	69224.54957	72.82407301	93.68631143	3000	7.926165114
7	1	0.6677214209	5.19003947	0.3557564588	15	0.1195519858	0.7534048335	49429.48237	73.50218422	93.85794067	3000	5.039589019
7	1	0.3079981519	9.967967193	1.694794292	20	0.09600280821	0.7680392135	25305.14243	61.5856078	83.28040209	3000	3.755904283
7	1	0.1926969757	14.34525318	6.110624945	22.5	0.1570523022	0.8067820677	17308.95015	62.25103025	88.3616552	3000	2.210261739
7	0	0.6420671318	3.434181124	-8.194832041	7.5	-0.1103936802	0.5760984935	75162.38301	73.38116034	85.1863283	3000	8.028501468
7	1	0.731925764	4.93348583	0.3926296824	12.5	0.08019101848	0.7534764708	52046.74172	63.0520142	83.44464388	3000	6.373017221
7	1	0.7879086464	4.926363745	1.942769169	12.5	0.1029142475	0.770661507	52123.28726	62.30910326	84.25187243	3000	6.604243395
7	1	0.1638139447	14.81164551	2.876638674	22.5	0.1142167187	0.779871452	16735.58275	61.63058242	84.5072211	3000	2.569634676
7	1	1.439985389	2.9031889	1.875811487	2.5	0.1074014897	0.7700308015	89074.16601	63.69413687	85.56994836	3000	10.14354514
7	1	0.1626313513	14.30896139	1.914818883	22.5	0.1121386114	0.7704812532	17355.13346	64.76776966	86.68258855	3000	2
7	1	1.15560764	3.271147428	0.3019925824	7.5	0.1164201801	0.7527376041	78953.3254	72.82407301	93.12606559	3000	8.029073281
7	1	0.6136159459	5.733925208	0.6934850004	15	0.09482353295	0.7571143435	44655.52968	65.29768379	85.99116879	3000	5.562728654
7	1	0.3463455494	12.63323824	21.74878384	22.5	0.2648306967	0.8779307576	19776.56725	63.77809215	105.526876	3000	2
7	1	1.22485505	3.248513587	1.379703919	7.5	0.1324524185	0.765091241	79509.69908	72.82407301	94.20377692	3000	8.029073281
7	1	0.4930094695	9.218565844	12.33661733	20	0.210083621	0.8433066159	27435.42705	61.61825788	93.95487521	3000	3.365216009
7	0	0.4444746424	6.118481072	-4.037558167	15	-0.02130895361	0.6857611193	41792.29518	63.0520142	79.01445603	3000	5.081867656
7	1	0.6101811858	5.950582365	1.375203982	15	0.09310566951	0.7646402219	42996.88	62.13437711	83.50958109	3000	5.786137013
7	1	1.000844034	3.733913618	0.4903257568	10	0.1193451624	0.7549904112	69056.6264	72.82407301	93.31439876	3000	7.993813182
7	1	0.7677289699	4.960837838	1.526498691	12.5	0.09510537924	0.7662689896	51754.81528	62.02117503	83.54767372	3000	6.604243395
7	1	0.4893017845	7.34107669	2.569789425	17.5	0.1129667941	0.776958722	34682.24645	62.45490644	85.02469586	3000	4.590447996
7	1	1.374687295	3.195236835	3.041929165	2.5	0.09350296529	0.7811250405	80850.43464	56.12104422	79.16297339	3000	10.05831154
7	0	0.7009437857	3.607036728	-6.17757733	10	-0.0007335901511	0.6378570806	71517.33857	79.33135965	93.15378232	3000	7.602634519
7	1	0.2516254776	11.67827565	7.685446382	22.5	0.2139485434	0.8182404611	21467.34324	78.89939406	106.5848404	3000	2.324309885
7	1	0.2936653564	10.4574772	1.717893724	20	0.08116575138	0.7681059311	24078.49099	58.12990876	79.84780249	3000	3.436281641
7	1	0.2911845398	10.56359749	1.757321358	20	0.07844936651	0.7684796738	23827.56088	57.4034308	79.16075216	3000	3.66423153
7	1	1.03730212	3.665556755	0.4489525608	7.5	0.0840775701	0.7541765092	70361.20736	63.72073982	84.16969238	3000	8.199523212
7	0	0.6081140616	3.954661495	-6.849970594	10	-0.06190630585	0.6192679902	65151.671	72.07177428	85.22180368	3000	7.730926994
7	1	0.9555207537	4.168267866	1.885180159	10	0.1060328427	0.7701110969	61766.79792	63.31018205	85.19536221	3000	7.749542528
7	1	0.9188945152	4.255786242	1.488979037	10	0.0943155987	0.7658639501	60478.08273	61.97863853	83.46761757	3000	7.737069444
7	1	1.332370151	2.964748459	0.6597423842	2.5	0.08376837371	0.7566169636	87205.95691	62.78932486	83.44906724	3000	10.06192359
7	1	1.455160394	3.841613889	11.66556452	12.5	0.239140459	0.8407590655	67095.38099	77.95095836	109.6165229	3000	6.61396464
