#gen	Feasible	f1	f2	c1	c2	c3	c4	c5	x1	x2	x3	x4
36	1	0.3905040299	7.959166237	1.905519964	20	0.1602314801	0.7708730429	31919.01549	80	101.90552	3000	3.454300373
36	1	0.4202020105	7.890694746	3.382282247	20	0.1771772364	0.7852189732	32203.80244	79.99741972	103.379702	3000	3.494099453
36	1	0.2184301057	11.77921583	4.200562665	22.5	0.1856738362	0.7924122741	21275.66974	80	104.2005627	3000	2.929951023
36	1	1.853881284	2.183422037	0.9130518849	0	0.1474741936	0.7600900569	118734.2235	79.99969282	100.9127447	3000	11.79721298
36	1	0.6044853823	5.947548003	2.528755535	17.5	0.167660453	0.7771574874	43019.27562	79.99999437	102.5287499	3000	4.247366306
36	1	0.9646731968	4.651682782	6.404032514	15	0.2058812589	0.8095590994	55254.30206	79.99969492	106.4037274	3000	5.930721814
36	1	0.2525097933	11.55658881	7.486099106	22.5	0.2146001151	0.8169698402	21702.86354	79.99999249	107.4860916	3000	2
36	1	0.7463449781	5.790144084	7.131586013	17.5	0.2118217929	0.8146072188	44213.21242	80	107.131586	3000	4.256431003
36	1	0.1967102373	11.93228569	2.058555922	22.5	0.1620088956	0.7724483751	20991.1956	79.9670378	102.0255937	3000	2
36	1	0.1771209639	12.06851698	0.07354247884	22.5	0.1356874896	0.7501342823	20744.08439	79.99999116	100.0735336	3000	2.929951023
36	1	2.184542391	2.14164605	4.202925954	0	0.1856975135	0.7924323425	121067.8667	80	104.202926	3000	11.61419353
36	1	0.3907939965	7.973885577	1.963287495	20	0.1604093868	0.7714656951	31858.43345	79.79925239	101.7625399	3000	3.906833608
36	1	0.5305805974	6.035207798	0.04694807532	17.5	0.1352977841	0.7498052379	42381.35977	80	100.0469481	3000	4.299883767
36	1	0.6858681616	5.85559729	5.193962811	17.5	0.1952290721	0.8005151303	43708.94202	79.9999999	105.1939627	3000	4.793253031
36	1	0.184596674	12.01446237	0.8329264716	22.5	0.1463914944	0.7591745762	20841.4639	80	100.8329265	3000	2.75373658
36	1	0.1853049632	12.00938211	0.9045796128	22.5	0.1473608596	0.7599935951	20850.66107	79.99999417	100.9045738	3000	2.051236357
36	1	0.1981565108	11.91837608	2.195941329	22.5	0.1637459075	0.7738455619	21016.74421	80	102.1959413	3000	2.900896436
36	1	0.3586436414	8.035014053	0.297701837	20	0.1389314561	0.7528733926	31609.21508	80	100.2977018	3000	3.5776601
36	1	0.3777793167	7.989181512	1.266435636	20	0.1521553745	0.7640451991	31795.71477	80	101.2664356	3000	3.313894888
36	1	0.2673345203	11.46385739	8.884372326	22.5	0.2248812515	0.8257211322	21885.69866	80	108.8843723	3000	2.023217497
36	1	0.4507820816	7.864264888	5.018621057	20	0.1922930457	0.7991163895	32315.05617	79.41856089	104.4371819	3000	3.264999407
36	1	0.6063236579	5.945419185	2.589720411	17.5	0.1683648691	0.7777535609	43035.00136	80	102.5897204	3000	4.307166317
36	1	1.853995253	2.183400656	0.914140642	0	0.1474897169	0.7601024555	118735.395	80	100.9141406	3000	11.82339516
36	1	2.00955201	2.16342842	2.475015827	0	0.1670362031	0.7766293666	119839.8394	79.99994844	102.4749643	3000	11.35670987
36	1	0.417822355	7.895933957	3.264192332	20	0.1759081769	0.7841390403	32181.83698	80	103.2641923	3000	3.221701409
36	1	0.1814451985	12.06083489	0.5545619565	22.5	0.1419866328	0.7559337692	20757.87048	79.79915174	100.3537137	3000	2.703246915
36	1	0.4430662004	7.83891573	4.503988809	20	0.1886758837	0.7949571325	32422.46563	80	104.5039888	3000	3.051683526
36	0	0.1664358361	12.14715741	-1.021972455	22.5	0.1187187103	0.7358144586	20603.96107	79.99999417	98.97802172	3000	2.544445324
36	1	1.853352942	2.183484365	0.9076456067	0	0.1474022051	0.760028515	118730.8086	80	100.9076456	3000	11.62644778
36	1	0.1775273353	12.06556351	0.1149783991	22.5	0.1362925178	0.7506452174	20749.38255	79.99994888	100.1149273	3000	2.03402788
36	1	0.3864371572	7.968719731	1.701702534	20	0.1577081513	0.7687392913	31879.66961	80	101.7017025	3000	3.639896513
36	1	0.369358806	8.009245704	0.8412981281	20	0.1465051009	0.7592705583	31713.8078	80	100.8412981	3000	3.691632013
36	1	0.3725991178	8.001505557	1.00510786	20	0.1487096217	0.761133223	31745.35632	80	101.0051079	3000	3.491644754
36	1	0.3941948092	7.950528065	2.090136706	20	0.1624763922	0.7727717064	31954.67303	80	102.0901367	3000	3.039750211
36	0	2.224628642	1.847508086	0.9127447038	-5	0.1474709131	0.7600865678	140486.12	80	100.9127447	3000	13.86696693
36	1	0.1963087093	11.93132432	2.011274819	22.5	0.1615221108	0.7719645704	20992.95949	80	102.0112748	3000	2.699911823
36	1	0.1895854166	11.97885467	1.336578327	22.5	0.1530649378	0.7648146186	20906.09142	79.99971943	101.3362978	3000	2.009553277
36	1	0.1841890209	12.01738983	0.7916643918	22.5	0.1458301999	0.758700369	20836.16764	80	100.7916644	3000	2.537585021
36	1	0.1786404397	12.05749784	0.22841032	22.5	0.1379356728	0.7520331786	20763.86455	79.99972867	100.228139	3000	2.767985951
36	0	0.3171812762	8.137308194	-1.834101461	20	0.1048042231	0.7240814011	31200.54158	79.99999997	98.16589851	3000	3.420547636
36	1	0.2138399518	11.82028736	3.770698079	22.5	0.1810732456	0.7886931071	21198.61673	79.91003356	103.6807316	3000	2.020780814
36	1	1.970469333	2.168390159	2.085091889	0	0.1624155533	0.7727202468	119563.5609	80	102.0850919	3000	11.11411913
36	1	0.2375197685	11.65283771	6.053487512	22.5	0.2028994095	0.807025872	21516.17076	80	106.0534875	3000	2.997060753
36	1	0.1969045699	11.92714395	2.070860728	22.5	0.162243778	0.7725749546	21000.63279	80	102.0708607	3000	2.622845619
36	1	0.561373974	5.998179731	1.088429465	17.5	0.1498176503	0.7620695334	42648.54501	80	101.0884295	3000	4.007428826
36	1	0.6604996717	6.014981553	4.927601637	17.5	0.1873642245	0.7983422581	42526.8996	77.66109589	102.5886975	3000	4.805143805
36	1	0.5999076703	5.952859117	2.376778719	17.5	0.165887541	0.7756573806	42980.09104	79.99999417	102.3767729	3000	4.828680205
36	1	0.7223250688	5.818973918	6.380742289	17.5	0.2055641899	0.8093913052	43989.70112	79.94150369	106.322246	3000	4.952158619
36	1	0.3613839762	8.059526642	0.5176292515	20	0.14091111	0.7554932483	31510.34016	79.60516402	100.1227933	3000	3.454300373
36	1	0.7286800393	4.835446031	0.6857795469	15	0.1430132069	0.7574634946	53120.24929	79.5196966	100.2054761	3000	5.25717761
36	1	0.6622990533	5.881756346	4.429094302	17.5	0.1879419287	0.7943348808	43510.54417	80	104.4290943	3000	4.776590063
36	1	0.6679536354	5.875462578	4.613177843	17.5	0.1897371128	0.7958575027	43558.11654	79.99970144	104.6128793	3000	4.952158619
36	1	0.1874130616	11.99430047	1.11753857	22.5	0.1502026474	0.7623948951	20878.01037	79.99999414	101.1175327	3000	2
36	1	0.2375197685	11.65283771	6.053487512	22.5	0.2028994095	0.807025872	21516.17076	80	106.0534875	3000	2.997060753
36	1	0.4029471558	7.930163443	2.526609579	20	0.1676356021	0.7771364469	32039.04367	80	102.5266096	3000	3.221701409
36	1	0.2050112427	11.87074517	2.878118539	22.5	0.1716452717	0.7805301401	21104.68432	79.99990469	102.8780232	3000	2.82177969
36	1	1.415544119	3.805475994	10.48730353	12.5	0.2346385465	0.8347479333	67741.08468	79.51269647	110	3000	6.657528971
36	1	0.964663669	4.651676012	6.403728693	15	0.2058793417	0.8095569413	55254.38378	79.99999874	106.4037274	3000	5.930721814
36	1	0.3615069988	8.028102372	0.4432533845	20	0.1409992792	0.754619712	31637.20343	79.99999451	100.4432479	3000	3.452891392
36	1	2.235076193	2.135485924	4.696609234	0	0.1905427709	0.7965401072	121419.7011	80	104.6966092	3000	11.58557719
36	1	0.1776198561	12.06488591	0.1244006279	22.5	0.1364298809	0.7507611071	20750.59844	79.99998561	100.1243862	3000	2.062344243
36	1	0.221272092	11.76012218	4.478500081	22.5	0.1884266099	0.7947457913	21311.674	80	104.4785001	3000	2
36	1	0.3659954578	8.017305336	0.670986529	20	0.1441755867	0.7573025777	31681.02181	80	100.6709865	3000	3.694263415
36	1	0.1798725248	12.04852949	0.3537136979	22.5	0.1397307528	0.7535483836	20779.99009	80	100.3537137	3000	2.030889297
36	1	0.1874130616	11.99430047	1.11753857	22.5	0.1502026474	0.7623948951	20878.01037	79.99999414	101.1175327	3000	2.544445324
36	1	1.661256613	2.402910573	0.8316507785	2.5	0.1463741747	0.7591599434	107806.5008	80	100.8316508	3000	10.50182379
36	1	0.1895833276	11.9788386	1.336311876	22.5	0.1530622169	0.7648117117	20906.12066	79.99998588	101.3362978	3000	2.009553277
36	1	0.1964454852	11.9306602	2.025512488	22.5	0.1616881519	0.7721106561	20994.17817	79.99741972	102.0229322	3000	2.821838014
36	1	0.4201024369	7.890730376	3.376788296	20	0.1771244225	0.7851690354	32203.65296	79.99998293	103.3767712	3000	3.810216871
36	1	0.4273364114	7.880971428	3.75379374	20	0.1808972726	0.7885441856	32244.64497	79.91003356	103.6638273	3000	3.227116441
36	1	0.3966342487	7.944835158	2.211977047	20	0.1639372456	0.7740074199	31978.21519	80	102.211977	3000	3.98329098
36	1	0.5217161058	7.716995442	8.456757352	20	0.2205334813	0.8231167149	32948.92501	79.31062977	107.7673871	3000	3.855763557
36	1	0.3684263634	8.011477523	0.7941104199	20	0.145863536	0.7587285328	31704.72232	79.99999983	100.7941102	3000	3.585471255
36	1	0.1969169669	12.1058703	2.409849813	22.5	0.1622587461	0.7759466756	20677.3004	78.45907651	100.8689263	3000	2.586268074
36	1	0.2007708495	11.9001343	2.456647477	22.5	0.1668222915	0.776448274	21050.34051	79.9999925	102.45664	3000	2.012909296
36	1	0.379333224	7.985503787	1.34471455	20	0.1531706497	0.7649035447	31810.77279	79.9999067	101.3446212	3000	3.906833608
36	1	0.4022670932	7.931739776	2.492761974	20	0.1672427727	0.7768040456	32032.49746	80	102.492762	3000	3.798465556
36	1	2.167067059	2.143790689	4.031670019	0	0.183969368	0.7909678314	120945.8506	79.99994729	104.0316173	3000	11.18141544
36	1	0.4022670932	7.931739776	2.492761974	20	0.1672427727	0.7768040456	32032.49746	80	102.492762	3000	3.506714937
36	1	0.3997930595	7.937482914	2.369531674	20	0.1658024045	0.7755853372	32008.66926	80	102.3695317	3000	3.058431395
36	0	0.3283406752	8.109362793	-1.25581003	20	0.1148371179	0.7325405999	31311.16217	80	98.74418997	3000	3.33284465
36	1	0.4699897015	7.886069399	6.173325064	20	0.2007816491	0.8078588672	32223.21852	78.52976887	104.7030939	3000	3.030939345
36	1	1.843780061	2.184733163	0.810795311	0	0.1460907208	0.7589204668	118662.4273	80	100.8107953	3000	11.61419353
36	1	0.655497988	5.889374787	4.207341325	17.5	0.1857417377	0.7924698261	43453.0951	80	104.2073413	3000	4.921313001
36	1	0.3656779412	8.018067559	0.6548933928	20	0.1439534555	0.7571149361	31677.92455	79.99999997	100.6548934	3000	3.420547636
36	1	0.1915279725	11.96503608	1.531936515	22.5	0.1555694554	0.766931102	20931.27558	80	101.5319365	3000	2.621813439
36	1	0.2146579373	11.80499424	3.831087294	22.5	0.1819074979	0.7892256224	21227.24502	79.99747266	103.8285599	3000	2.823249559
36	1	0.2213692273	11.75947134	4.487986544	22.5	0.1885194469	0.7948245004	21312.90332	80	104.4879865	3000	2.505467448
36	1	1.853857201	2.183418647	0.9127447038	0	0.1474709131	0.7600865678	118734.4093	80	100.9127447	3000	11.79721298
36	1	0.4521782324	7.818656689	4.947908964	20	0.1929343641	0.7985684534	32508.80798	80	104.947909	3000	3.772853573
36	0	1.603355036	2.216873387	-1.652894635	0	0.1080167175	0.7267895747	116929.0116	80	98.34710537	3000	11.18056756
36	1	0.1820109065	12.04312532	0.5884028103	22.5	0.142788564	0.7563345642	20789.71866	79.91455178	100.5029546	3000	2.982396797
36	1	0.1837447537	12.02058285	0.7466770335	22.5	0.1452156556	0.758181194	20830.39388	80	100.746677	3000	2.054933008
36	1	0.6770267365	5.865366464	4.907693035	17.5	0.1925549283	0.7982466131	43634.64274	80	104.907693	3000	4.106999785
36	1	0.1826780324	12.07051188	0.7123629912	22.5	0.1437278801	0.7577752405	20740.50726	79.64135071	100.3537137	3000	2.687453401
36	1	1.663699709	2.402520941	0.8591180674	2.5	0.1467466169	0.7594746089	107824.1304	80	100.8591181	3000	10.36585678
36	1	0.5546399863	6.006214562	0.8615939372	17.5	0.1467801397	0.7595029317	42590.28782	80	100.8615939	3000	4.310012544
36	1	0.9649974092	4.651473205	6.411805193	15	0.2059464775	0.8096145046	55256.83215	79.99969492	106.4115001	3000	5.958453389
36	1	0.3754002807	7.9948338	1.146503197	20	0.150584701	0.7627177508	31772.59915	80	101.1465032	3000	3.71176291
36	1	0.561373974	5.998179731	1.088429465	17.5	0.1498176503	0.7620695334	42648.54501	80	101.0884295	3000	4.339565063
