#gen	Feasible	f1	f2	c1	c2	c3	c4	c5	x1	x2	x3	x4
43	1	0.1982523909	11.91770545	2.205514336	22.5	0.1638601662	0.7739422162	21017.97751	80	102.2055143	3000	2.47039219
43	1	0.3718207525	8.003362641	0.9657828743	20	0.1481835734	0.7606887242	31737.78136	80	100.9657829	3000	3.205071404
43	1	0.557715811	7.595597448	9.958981732	20	0.2321177715	0.8318896755	33489.9215	80	109.9589817	3000	3.792322936
43	1	0.4632743442	7.840265318	5.640479153	20	0.197893895	0.8039349097	32416.72965	79.36386506	105.0043442	3000	3.945639993
43	1	0.5797184794	5.987761249	1.745615749	17.5	0.1577343748	0.7691976715	42724.31786	79.80439277	101.5500085	3000	4.615793056
43	1	0.5763949748	5.980381104	1.592589543	17.5	0.1563374665	0.7675803947	42778.15285	80	101.5925895	3000	4.00280555
43	1	0.2101587554	11.90637886	3.530882111	22.5	0.1772384665	0.7865464602	21038.82818	79.36914055	102.9000227	3000	2.817835812
43	1	1.657375387	2.403529988	0.7879995053	2.5	0.1457802361	0.7586581588	107778.4859	79.99999973	100.7879992	3000	10.36585678
43	1	0.2383146926	11.88321386	6.673286277	22.5	0.2035568596	0.8113982079	21081.59547	77.83257209	104.5058584	3000	2
43	1	0.421292428	7.888017026	3.435498389	20	0.1777539613	0.7857021616	32215.04008	80	103.4354984	3000	3.221701409
43	1	0.4784568287	7.761157859	6.217759994	20	0.204307165	0.8082214596	32756.31839	80	106.21776	3000	3.692765607
43	1	1.626780567	2.408430731	0.4432417982	2.5	0.1409991315	0.7546195742	107557.3439	80	100.4432418	3000	10.5596557
43	1	0.4364398384	7.926370885	4.408901756	20	0.1854674001	0.7941406926	32054.80413	79.0218522	103.430754	3000	3.221701409
43	1	0.4269346155	7.87519888	3.713430998	20	0.1806910711	0.7881900369	32268.94011	79.99999787	103.7134289	3000	3.216974116
43	1	0.5681069547	5.990180633	1.31472332	17.5	0.1527827134	0.7645754326	42706.69836	80	101.3147233	3000	4.237330025
43	1	0.1842147228	12.01720519	0.7942663962	22.5	0.145865662	0.7587303285	20836.50161	80	100.7942664	3000	2.106542325
43	1	0.3634566877	8.023406373	0.5422384419	20	0.1423886355	0.7557931567	31656.24704	80	100.5422384	3000	3.906833608
43	1	1.720143279	2.393577536	1.491652379	2.5	0.1550566951	0.7664978259	108230.3691	79.99991045	101.4915628	3000	10.01471656
43	1	0.5540585338	6.006909965	0.8419836791	17.5	0.1465144	0.7592784148	42585.25307	80	100.8419837	3000	4.310012544
43	1	1.590419125	2.414297329	0.0319577627	2.5	0.1350776453	0.7496193813	107293.799	80	100.0319578	3000	10.10644181
43	1	0.3969935932	7.943997666	2.229912612	20	0.1641509212	0.7741881768	31981.68136	80	102.2299126	3000	3.221701409
43	1	0.213467291	11.8127982	3.713428867	22.5	0.1806910539	0.7881900181	21212.62697	80	103.7134289	3000	2.524437564
43	1	0.4227023718	7.884807536	3.505021659	20	0.1784952735	0.7863300238	32228.51947	80	103.5050217	3000	3.221701409
43	1	0.5503043893	6.014831281	0.7272912968	17.5	0.144785136	0.7579554105	42527.98456	79.94162436	100.6689157	3000	4.309974883
43	1	1.811413816	2.188972514	0.482649698	0	0.1415538835	0.7550881083	118430.8725	80	100.4826497	3000	11.7682091
43	1	0.199350142	11.91003587	2.315053848	22.5	0.1651605052	0.7750422663	21032.09181	80	102.3150538	3000	2.286062776
43	1	1.809508565	2.189222893	0.4632998763	0	0.1412817627	0.7548582777	118417.2248	80	100.4632999	3000	11.06727769
43	1	0.4525710279	7.817787148	4.967002972	20	0.1931140805	0.7987208949	32512.52391	80	104.967003	3000	3.053561344
43	1	0.3538827408	8.08492967	0.15250751	20	0.1354192153	0.7510949806	31408.50615	79.51677514	99.66928265	3000	3.520557637
43	1	0.426279683	7.876683209	3.681206992	20	0.1803541267	0.7879045899	32262.68956	80	103.681207	3000	3.02126068
43	1	0.7679451327	4.784716422	1.577987019	15	0.1561529613	0.7674244087	53692.99506	79.99999918	101.5779862	3000	5.178647948
43	1	0.559238148	6.000724394	1.016538958	17.5	0.1488621612	0.7612621182	42630.07784	80	101.016539	3000	4.237274002
43	1	1.841286108	2.185058886	0.7855483673	0	0.1457468102	0.7586299196	118644.6043	79.99999979	100.7855482	3000	11.85772985
43	1	0.3703856548	8.006790254	0.8932379148	20	0.1472078844	0.7598643311	31723.80951	80	100.8932379	3000	3.498252296
43	1	0.4529537241	7.816940263	4.985602709	20	0.1932888764	0.7988691655	32516.14381	80	104.9856027	3000	3.053561344
43	1	1.657866121	2.403451636	0.7935196746	2.5	0.145855486	0.7587217315	107782.0288	80	100.7935197	3000	10.22557564
43	1	0.1912693997	11.96686818	1.50594631	22.5	0.1552390152	0.766651752	20927.93326	80	101.5059463	3000	2.384924794
43	1	0.5431655883	6.019991135	0.4739154045	17.5	0.1414308585	0.7549844172	42490.76157	79.99991026	100.4738257	3000	4.34477343
43	1	0.1797946743	12.04909351	0.3457974532	22.5	0.139618057	0.7534532122	20778.97526	80	100.3457975	3000	2.526559242
43	1	2.249178905	2.133776913	4.833968873	0	0.1918561012	0.7976538974	121517.671	80	104.8339689	3000	11.15071547
43	1	0.4339903073	7.859262892	4.059946779	20	0.1842565337	0.7912110852	32336.19576	80	104.0599468	3000	3.221701409
43	1	0.199350142	11.91003587	2.315053848	22.5	0.1651605052	0.7750422663	21032.09181	80	102.3150538	3000	2.454052976
43	1	0.529104132	7.654053846	8.623302083	20	0.2230394216	0.8241523305	33227.27494	80	108.6233021	3000	3.011716063
43	1	0.5556718962	6.004981061	0.8963870842	17.5	0.1472503813	0.759900237	42599.22129	80	100.8963871	3000	4.32788251
43	1	0.3844624059	7.978251774	1.616061947	20	0.1564636443	0.7678291634	31840.50599	79.9366612	101.5527232	3000	3.520164191
43	1	0.1956928262	11.93565011	1.949650063	22.5	0.1607715749	0.7713298051	20985.02491	80	101.9496501	3000	2.549862853
43	1	0.5461862789	6.016350622	0.5761051121	17.5	0.1428608786	0.7561920394	42517.01746	79.99999996	100.5761051	3000	4.66770647
43	1	0.1912693997	11.96686818	1.50594631	22.5	0.1552390152	0.766651752	20927.93326	80	101.5059463	3000	2.009857954
43	1	0.1919490719	11.96205433	1.574248691	22.5	0.156105689	0.7673844414	20936.7174	80	101.5742487	3000	2.549862853
43	1	0.3595893485	8.032729004	0.3457974532	20	0.139618057	0.7534532122	31618.46289	80	100.3457975	3000	3.577651576
43	1	2.071411389	2.340215056	5.342691434	2.5	0.1965939639	0.80167342	110718.8016	79.99990806	105.3425995	3000	10.01471656
43	1	0.7041026804	5.835616609	5.781934048	17.5	0.2005321329	0.8050159637	43861.67944	79.99993371	105.7818678	3000	4.215405483
43	1	0.5095453606	7.694852057	7.700707774	20	0.216246834	0.8183705963	33046.33166	80	107.7007078	3000	3.626389669
43	0	2.165696288	1.852949197	0.4149239521	-5	0.1405991585	0.7542817737	140070.9454	80	100.414924	3000	13.05979378
43	1	0.3693723559	8.009213287	0.8419836791	20	0.1465144	0.7592784148	31713.9398	80	100.8419837	3000	3.782650247
43	1	0.1808097097	12.04174642	0.4489625421	22.5	0.1410797977	0.7546877024	20792.20234	80	100.4489625	3000	2.061520751
43	1	0.3832115421	7.976323346	1.539755065	20	0.1556687027	0.7670150057	31848.42163	80	101.5397551	3000	3.611071911
43	1	0.4707596939	7.777859197	5.847392291	20	0.2011074982	0.8055043312	32684.04843	79.99999789	105.8473902	3000	3.959042636
43	1	0.199350142	11.91003587	2.315053848	22.5	0.1651605052	0.7750422663	21032.09181	80	102.3150538	3000	2.128766826
43	1	0.2011142827	12.15179555	2.981523454	22.5	0.1672204778	0.781451828	20595.75336	77.80647578	100.7879992	3000	2
43	1	1.635277938	2.407068534	0.539131759	2.5	0.142344974	0.755756498	107618.7215	79.99990806	100.5390398	3000	10.01471656
43	1	0.4385825382	7.848946445	4.284859985	20	0.1865155014	0.7931256813	32379.88053	80	104.28486	3000	3.013663738
43	1	0.5546399863	6.006214562	0.8615939372	17.5	0.1467801397	0.7595029317	42590.28782	80	100.8615939	3000	4.304722064
43	1	0.1788568811	12.0558946	0.2503890997	22.5	0.1382528067	0.752300317	20766.74549	79.99999792	100.250387	3000	2.228053976
43	1	1.627287387	2.408349285	0.4489625403	2.5	0.1410797976	0.7546877024	107561.0117	80	100.4489625	3000	10.97533692
43	1	0.5746977143	5.982383694	1.535748682	17.5	0.1556178555	0.7669720193	42763.53169	80	101.5357487	3000	4.615793056
43	1	0.3741678661	7.997766932	1.084318518	20	0.1497631899	0.7620235114	31760.61667	80	101.0843185	3000	3.203804286
43	1	0.5888080537	6.05651028	2.348843155	17.5	0.1614742886	0.7753400772	42229.12683	78.43865003	100.7874932	3000	4.310012544
43	1	0.1784186394	12.0864429	0.2524087142	22.5	0.1376098889	0.7523194984	20711.98312	79.76919461	100.0216033	3000	2.716207304
43	1	1.529016398	2.659530627	1.491654762	5	0.1550567191	0.7664978516	97317.33102	79.99990806	101.4915628	3000	9.372667139
43	1	2.063997852	2.156574225	3.01572963	0	0.1731815148	0.7818304148	120223.5843	79.99999918	103.0157288	3000	11.28549214
43	1	0.6420301254	5.904555262	3.766814895	17.5	0.1812472432	0.7886612144	43339.06432	80	103.7668149	3000	4.233827463
43	1	1.880851383	2.179909903	1.185335946	0	0.1510952378	0.7631492131	118926.9707	80	101.1853359	3000	11.66188961
43	1	0.5749899769	5.98203894	1.545539637	17.5	0.1557420729	0.7670770426	42766.04808	79.99999586	101.5455355	3000	4.615793056
43	0	1.567148988	2.441285133	-0.03923174515	2.5	0.1311438906	0.7487105482	106097.7433	79.03487262	98.99564087	3000	10.41596484
43	1	1.845350409	2.184528151	0.8266891355	0	0.1463067913	0.7591030141	118673.6479	80	100.8266891	3000	11.79721298
43	1	1.472396783	2.670753687	0.7775483089	5	0.1456376588	0.7585377055	96904.60146	80	100.7775483	3000	9.318037011
43	1	0.359830185	8.032147422	0.3580419385	20	0.1397923322	0.7536003877	31620.81745	80	100.3580419	3000	3.520557637
43	1	0.4355721147	7.855704446	4.137473636	20	0.1850400196	0.7918750823	32351.25096	80	104.1374736	3000	3.89323875
43	1	1.720143447	2.393577565	1.491654762	2.5	0.1550567191	0.7664978516	108230.3678	79.99990806	101.4915628	3000	10.01471656
43	1	0.4258026753	7.877764974	3.6577313	20	0.1801080672	0.7876961462	32258.1357	80	103.6577313	3000	3.13630412
43	1	0.1984913614	11.91603449	2.2293701	22.5	0.1641444631	0.7741827136	21021.05101	80	102.2293701	3000	2.273099454
43	1	0.7413810649	4.80363701	0.9086540067	15	0.1474157955	0.7600399978	53477.96392	80	100.908654	3000	5.395751605
43	1	0.6128271383	5.937913897	2.805137945	17.5	0.1708230411	0.7798341681	43090.53346	79.99990592	102.8050439	3000	4.615793056
43	1	1.684598576	2.399196229	1.093775375	2.5	0.1498884389	0.7621293538	107974.796	80	101.0937754	3000	10.60271678
43	1	0.4486365493	7.826511036	4.77558863	20	0.1912997205	0.7971820309	32475.28035	80	104.7755886	3000	3.222943973
43	1	0.3691738112	8.00968833	0.831937929	20	0.1463780734	0.7591632373	31712.00551	80	100.8319379	3000	3.221701409
43	1	0.5461862801	6.016350623	0.5761051592	17.5	0.1428608792	0.75619204	42517.01745	79.99999992	100.5761051	3000	4.489635142
43	1	0.4154845572	7.901282039	3.148622574	20	0.1746472844	0.7830713906	32159.44513	80	103.1486226	3000	3.075910457
43	1	1.921490263	2.174661695	1.594333994	0	0.1563594907	0.767599015	119216.1544	80	101.594334	3000	11.80262851
43	1	0.5391925198	6.024784211	0.3393272484	17.5	0.1395255781	0.7533753678	42456.24162	79.9998951	100.3392223	3000	4.505097046
43	1	0.6340600357	5.913598284	3.505234534	17.5	0.1784975365	0.7863319406	43271.41433	80	103.5052345	3000	4.310012544
43	1	0.3689470806	8.010230923	0.8204648313	20	0.1462222141	0.7590315586	31709.79646	80	100.8204648	3000	3.449591603
43	1	0.2123841446	12.16700058	4.316229581	22.5	0.1795725914	0.793307401	20568.89024	76.96693405	101.2831636	3000	2.69710304
43	1	0.4708014493	7.777768135	5.849404444	20	0.201125138	0.805519304	32684.44164	80	105.8494044	3000	3.225268925
43	1	0.213467291	11.8127982	3.713428867	22.5	0.1806910539	0.7881900181	21212.62697	80	103.7134289	3000	2.415374522
43	1	1.807722765	2.189457686	0.445160092	0	0.1410261821	0.7546424233	118404.4295	79.9999987	100.4451588	3000	11.7682091
43	1	0.1882114836	11.98963223	1.199928818	22.5	0.1512623261	0.7633107317	20886.48978	79.99115781	101.1910866	3000	2.835867768
43	0	0.3385778651	8.083997679	-0.7282710184	20	0.1234592604	0.7398136308	31412.23095	80	99.27172898	3000	3.816937823
43	1	0.1859469662	12.00478197	0.9694807638	22.5	0.1482331249	0.7607305934	20858.99575	80	100.9694808	3000	2.102691474
