#gen	Feasible	f1	f2	c1	c2	c3	c4	c5	x1	x2	x3	x4
48	1	0.1838845683	12.01967609	0.7610101009	22.5	0.145409378	0.7583468295	20832.03321	79.99916034	100.7601704	3000	2.102361525
48	1	0.9766991662	4.709155555	7.077687328	15	0.2082714177	0.8141995867	54568.96826	78.47712046	105.5548078	3000	5.284092257
48	1	0.9612641037	3.986635005	1.604758519	12.5	0.1564910286	0.7677102238	64621.92505	80	101.6047585	3000	6.442662947
48	1	0.3891745663	7.962285223	1.838936775	20	0.1594124042	0.7701803799	31906.15963	80	101.8389368	3000	3.953318013
48	1	0.7783491325	4.777371134	1.838936775	15	0.1594124042	0.7701803799	53776.93271	80	101.8389368	3000	5.357380026
48	1	0.3727958284	8.001036449	1.01504376	20	0.1488422184	0.7612452666	31747.27035	80	101.0150438	3000	3.103150586
48	1	1.054956127	3.943222893	3.469528731	12.5	0.1781173765	0.7860099546	65343.27539	80	103.4695287	3000	6.391646317
48	1	0.9855741642	3.975223314	2.091878672	12.5	0.1624973933	0.7727894699	64810.01913	80	102.0918787	3000	6.319167138
48	1	0.7957467825	4.765169039	2.27381172	15	0.1646724428	0.7746293659	53916.94309	80	102.2738117	3000	5.021215391
48	1	0.1904329153	12.09001918	1.635604087	22.5	0.1541638925	0.768014126	20705.5902	78.99679269	100.6323968	3000	2.719780892
48	1	0.1885153907	11.98643782	1.228715648	22.5	0.1516633181	0.763629324	20892.29592	80	101.2287156	3000	2.795281876
48	1	0.3951371339	7.948327411	2.137219321	20	0.1630428395	0.7732508387	31963.76951	80	102.1372193	3000	3.848315326
48	1	0.358956542	8.03425778	0.313617506	20	0.1391590282	0.7530655696	31612.2752	80	100.3136175	3000	3.145906945
48	0	0.1688388068	12.54339694	-0.1071219818	22.5	0.1227220002	0.7478011474	19924.66186	76.6596803	96.55255832	3000	2.80152767
48	1	0.7628280447	4.792912552	1.470255016	15	0.1545172234	0.7662646645	53599.6382	79.90142564	101.3716807	3000	5.139377074
48	1	0.1834421765	12.02275908	0.7160259773	22.5	0.1447954036	0.7578261717	20826.46047	80	100.716026	3000	2.113689287
48	1	0.7775269206	4.777950296	1.818338645	15	0.1591579898	0.7699652396	53770.30501	80	101.8183386	3000	5.102920077
48	1	0.1947631995	11.94218913	1.856561758	22.5	0.1596297106	0.7703641439	20973.04162	80	101.8565618	3000	2.64546166
48	1	0.1942279147	11.94595958	1.802922327	22.5	0.1589672592	0.7698039548	20966.13794	80	101.8029223	3000	2.603163303
48	1	0.7173483863	5.824834746	6.223626689	17.5	0.2042152703	0.8082620537	43944.53403	79.93254419	106.1561709	3000	4.034367048
48	1	0.7077790042	4.827919813	0.05557140209	15	0.1354242703	0.7499120276	53204.46116	80	100.0555714	3000	5.04376161
48	1	0.2088729017	11.84416334	3.260410028	22.5	0.1758671123	0.7841042673	21154.06937	80	103.26041	3000	2.661643579
48	1	0.6152071067	5.935168073	2.883831048	17.5	0.171709627	0.7805844312	43110.88508	79.99999274	102.8838238	3000	4.853629177
48	1	0.7783491325	4.777371134	1.838936775	15	0.1594124042	0.7701803799	53776.93271	80	101.8389368	3000	5.962599641
48	1	0.4369276113	7.852659225	4.203862756	20	0.1857068978	0.7924402965	32364.14563	80	104.2038628	3000	3.482218404
48	0	0.5049432718	6.221734213	-0.3301767332	17.5	0.1218581419	0.7449838051	41083.79279	77.48128326	97.15110652	3000	4.528438322
48	1	0.3931095408	7.953064974	2.035885083	20	0.1618206542	0.7722170735	31944.19288	80	102.0358851	3000	3.895925605
48	1	1.152689842	3.899517688	5.379582929	12.5	0.1969302543	0.8019586238	66085.72	80	105.3795829	3000	6.192453281
48	1	0.2159051716	11.79626317	3.95300858	22.5	0.183167368	0.7902881129	21243.62262	80	103.9530086	3000	2.84911
48	1	0.4638886227	7.792865584	5.515673599	20	0.1981615227	0.8030035606	32619.37707	80	105.5156736	3000	3.895925605
48	1	0.5562318267	6.004312085	0.9152613694	17.5	0.1475048116	0.7601152093	42604.06779	80	100.9152614	3000	4.025325609
48	1	0.4442892809	7.836186627	4.563684379	20	0.1892576363	0.7954503799	32434.07082	80	104.5636844	3000	3.710549195
48	1	0.1834421765	12.02275908	0.7160259773	22.5	0.1447954036	0.7578261717	20826.46047	80	100.716026	3000	2.113689287
48	1	0.3957735626	7.946842239	2.169005772	20	0.1634238815	0.7735731569	31969.91136	80	102.1690058	3000	3.773173904
48	1	1.152689842	3.899517688	5.379582929	12.5	0.1969302543	0.8019586238	66085.72	80	105.3795829	3000	6.192453281
48	1	0.1887513459	11.98475711	1.25249767	22.5	0.15197376	0.763891701	20895.352	80	101.2524977	3000	2.20989638
48	1	0.5820640899	5.973707758	1.782216811	17.5	0.1587106604	0.7695869745	42826.94658	80	101.7822168	3000	4.667970625
48	1	0.1942653014	11.94569611	1.806669658	22.5	0.1590136463	0.7698431802	20966.62021	80	101.8066697	3000	2.179992103
48	1	0.7480592053	4.798857728	1.077339689	15	0.1496706876	0.7619453423	53532.12006	80	101.0773397	3000	5.099865921
48	1	0.5058800562	7.702575307	7.526933321	20	0.2149154684	0.8172380547	33012.29421	80	107.5269333	3000	3.745884806
48	1	0.4424484215	7.840295362	4.473823572	20	0.1883808175	0.7947069678	32416.60198	80	104.4738236	3000	3.279350217
48	1	0.2152584083	11.80064263	3.889502552	22.5	0.1825158748	0.7897360766	21235.40468	80	103.8895026	3000	2.84911
48	1	0.1939089193	11.94820835	1.770943221	22.5	0.1585707414	0.7694686606	20962.02252	80	101.7709432	3000	2.712720516
48	1	0.1889725973	11.98318183	1.274792612	22.5	0.1522641521	0.7641371374	20898.21717	80	101.2747926	3000	2.925440958
48	1	0.7580821091	4.791713597	1.329985895	15	0.1529803906	0.7647425259	53613.27478	79.99999581	101.3299817	3000	5.072842525
48	1	1.042244185	3.94902396	3.218495902	12.5	0.1754111401	0.7837181644	65245.96484	80	103.2184959	3000	6.456627103
48	1	0.6156136126	5.934700298	2.897269241	17.5	0.1718603731	0.7807120341	43114.35403	79.99999318	102.8972624	3000	4.853629177
48	1	0.9592522023	4.006690149	1.669658017	12.5	0.1559803016	0.7683881727	64293.96067	79.50612396	101.175782	3000	6.066359154
48	1	0.7769196157	4.778378225	1.803121712	15	0.1589697277	0.7698060422	53765.409	80	101.8031217	3000	5.962599641
48	1	0.2112309633	11.82812573	3.493359397	22.5	0.1783692036	0.7862249412	21183.97221	79.99916034	103.4925197	3000	2.673162581
48	1	0.5896953082	5.964762483	2.036918363	17.5	0.161833174	0.7722276626	42892.5233	80	102.0369184	3000	4.235850492
48	1	0.1936724111	11.94997447	1.747408665	22.5	0.1582759137	0.7692212536	20958.79147	79.99914969	101.7465584	3000	2.771435925
48	1	0.5896943677	5.964763583	2.03688701	17.5	0.1618327941	0.7722273413	42892.51522	80	102.036887	3000	4.759287374
48	1	0.5058800562	7.702575307	7.526933321	20	0.2149154684	0.8172380547	33012.29421	80	107.5269333	3000	3.735559314
48	1	0.1827799897	12.02752619	0.6489139151	22.5	0.1438708324	0.7570451423	20817.8492	80	100.6489139	3000	2.232023074
48	1	0.3951371339	7.948327411	2.137219321	20	0.1630428395	0.7732508387	31963.76951	80	102.1372193	3000	3.649901543
48	1	0.7644032871	4.787225249	1.488998276	15	0.1550231015	0.7664692248	53664.38468	80	101.4889983	3000	5.894006461
48	1	1.040941421	3.949620024	3.192734701	12.5	0.1751300618	0.7834801638	65235.9823	80	103.1927347	3000	6.088160449
48	1	0.3885357819	7.963785242	1.806929212	20	0.1590168586	0.7698458966	31899.98042	80	101.8069292	3000	3.120009676
48	1	0.2078922242	11.85089301	3.163455028	22.5	0.1748098237	0.7832090125	21141.54571	80	103.163455	3000	2.661643579
48	1	0.6982217154	5.842034421	5.592649308	17.5	0.1988520598	0.8035896622	43812.50616	80	105.5926493	3000	4.209198745
48	1	0.3931295784	7.953018111	2.03688701	20	0.1618327941	0.7722273413	31944.38642	80	102.036887	3000	3.880109166
48	1	0.185600531	12.10507641	1.108149743	22.5	0.147763186	0.7622701058	20678.71551	79.16875696	100.2769067	3000	2.651771672
48	1	0.5662528435	5.992379975	1.252457549	17.5	0.1519732369	0.7638912588	42690.6937	80	101.2524575	3000	4.717581314
48	1	0.2224312077	11.75236323	4.591645947	22.5	0.1895291443	0.7956805923	21326.33822	80	104.5916459	3000	2.102601301
48	1	1.602894165	2.645107119	2.415895872	5	0.1663462123	0.7760454411	97852.90046	80	102.4158959	3000	9.251916902
48	1	0.3749263476	7.995961344	1.122594196	20	0.1502694226	0.762451312	31767.99185	80	101.1225942	3000	3.145203843
48	1	0.375783532	7.993922372	1.165833344	20	0.1508390728	0.7629327223	31776.32432	80	101.1658333	3000	3.133999453
48	1	0.3900119983	7.960320108	1.880882743	20	0.1599289928	0.7706172352	31914.25828	80	101.8808827	3000	3.397530378
48	1	0.2486355607	11.58131069	7.117887679	22.5	0.2117112191	0.8145146598	21654.61466	79.99913814	107.1170258	3000	2.437963452
48	1	0.3829061058	8.042258908	1.70379121	20	0.1554738046	0.7687408414	31579.92921	79.16014706	100.8639383	3000	3.248567063
48	1	0.8197150961	4.748521893	2.869918835	15	0.1715533758	0.7804521688	54109.11776	79.99999294	102.8699118	3000	5.962599641
48	1	0.5885879661	5.96605783	1.999998869	17.5	0.1613850979	0.7718486891	42883.01509	80	101.9999989	3000	4.013829397
48	1	0.1999314617	11.90598083	2.37301359	22.5	0.1658433233	0.7756199571	21039.56162	80	102.3730136	3000	2.651771672
48	1	0.9196542264	4.681067863	5.319102732	15	0.1963787464	0.8014906255	54901.7973	80	105.3191027	3000	5.270433027
48	1	0.5836869916	5.971801784	1.836436539	17.5	0.1593815489	0.7701542875	42840.90257	80	101.8364365	3000	4.558099983
48	1	0.3891620302	7.962314652	1.838308725	20	0.1594046541	0.7701738261	31906.03837	80	101.8383087	3000	3.845417538
48	1	0.4338061903	7.859677419	4.050919162	20	0.1841649673	0.791133487	32334.44285	80	104.0509192	3000	3.751039907
48	1	0.7580819776	4.791713496	1.329981702	15	0.1529803477	0.7647424801	53613.27593	80	101.3299817	3000	5.072842525
48	1	0.2200693685	11.76819044	4.360967804	22.5	0.1872703187	0.7937655269	21296.44569	80	104.3609678	3000	2.650469947
48	1	0.6120231565	5.938835409	2.77851348	17.5	0.1705219837	0.7795791555	43083.70758	80	102.7785135	3000	4.738215654
48	1	0.6503261155	5.895189493	4.038392818	17.5	0.1840377981	0.791025718	43409.34753	80	104.0383928	3000	4.857457626
48	1	0.2117983163	11.8343252	3.569788367	22.5	0.1789628952	0.7869092765	21172.40341	79.90906908	103.4788575	3000	2.573087508
48	1	0.5702680811	5.987625235	1.387268808	17.5	0.1537195847	0.7653675197	42725.30882	79.99991643	101.3871852	3000	4.705845405
48	1	0.5660973693	5.992564516	1.247234592	17.5	0.1519051183	0.7638336864	42689.35132	80	101.2472346	3000	4.553043086
48	1	0.5718939209	5.985696614	1.441780525	17.5	0.1544197364	0.7659591726	42739.36511	80	101.4417805	3000	4.023103546
48	1	0.6093819468	5.9418835	2.691067927	17.5	0.1695273701	0.7787373603	43061.14464	79.99999974	102.6910677	3000	4.838606231
48	1	0.5655160576	5.993254671	1.227703773	17.5	0.1516500938	0.7636181474	42684.33178	80	101.2277038	3000	4.531266365
48	1	0.5603623843	5.999384525	1.054386391	17.5	0.1493660106	0.7616878786	42639.79961	80	101.0543864	3000	4.549492356
48	1	0.2185202164	11.7786089	4.209386591	22.5	0.1857622174	0.7924871844	21276.81241	80	104.2093866	3000	2.49387911
48	1	0.3817776641	7.979710881	1.4676818	20	0.1547510448	0.7662392401	31834.51932	80	101.4676818	3000	3.397530378
48	1	0.4600186085	7.801358743	5.328379051	20	0.1964635093	0.8015625516	32582.8853	80	105.3283791	3000	3.917973413
48	1	1.152689842	3.899517688	5.379582929	12.5	0.1969302543	0.8019586238	66085.72	80	105.3795829	3000	6.923141904
48	1	0.6636726323	5.880221522	4.473823572	17.5	0.1883808175	0.7947069678	43522.13598	80	104.4738236	3000	4.517421421
48	1	0.3900119983	7.960320108	1.880882743	20	0.1599289928	0.7706172352	31914.25828	80	101.8808827	3000	3.397530378
48	1	1.030973691	3.993811775	3.230892351	12.5	0.1729559589	0.7838057594	64504.18394	78.954813	102.1857054	3000	6.36691966
48	1	0.1885053525	11.98650934	1.227703773	22.5	0.1516500938	0.7636181474	20892.16589	80	101.2277038	3000	2.772840658
48	1	0.3850399921	7.993910791	1.692160871	20	0.1568289654	0.7686315453	31776.37166	79.71611701	101.4082779	3000	3.103150586
48	1	0.416107429	7.899855983	3.179427086	20	0.1749846152	0.7833570107	32165.41291	80	103.1794271	3000	3.383373733
48	1	0.9471052721	3.993330305	1.319967453	12.5	0.1528506703	0.764632872	64512.06963	80	101.3199675	3000	6.020598077
