#gen	Feasible	f1	f2	c1	c2	c3	c4	c5	x1	x2	x3	x4
16	1	0.3719575956	8.030507087	1.046006305	20	0.1482762166	0.761585381	31627.46024	79.64815841	100.6941647	3000	3.78072329
16	1	0.6419728722	5.95550633	3.974494847	17.5	0.1812277341	0.7904505918	42960.58641	79.09209385	103.0665887	3000	4.38084314
16	1	0.2355888066	14.03775935	11.35972382	22.5	0.2012839094	0.8384979269	17707.81293	60.97793737	92.33766119	3000	2.763941529
16	1	0.1331766661	16.48438613	0.7009291592	22.5	0.04847230367	0.7567069912	14946.02532	55.29613329	75.99706245	3000	2
16	1	0.2160923316	11.81015764	4.002902436	22.5	0.1833551692	0.7907162558	21217.57099	79.86343045	103.8663329	3000	2.457773886
16	1	0.2245030005	12.74870497	6.992215471	22.5	0.1914714435	0.8133868147	19589.2968	71.37454492	98.36676039	3000	2.112249946
16	1	1.427554004	2.782205173	0.9954437186	5	0.1376475482	0.7609293185	92986.67757	76.22869952	97.22414324	3000	9.906491186
16	0	0.294065008	6.371331488	-8.300576612	17.5	-0.07760140121	0.5723896038	40098.0238	79.64348592	91.34290931	3000	4.363512652
16	0	0.8785527511	3.246997084	-4.713079961	7.5	0.02699222563	0.6723434504	79547.25426	76.13333337	91.4202534	3000	8.517104837
16	0	1.354301542	1.966519791	-6.480474321	-5	-0.01481414752	0.6297588027	131929.5811	78.42199461	91.94152029	3000	13.93056248
16	1	0.1612797874	13.37474793	0.277949085	22.5	0.1097262628	0.7523918139	18630.23724	71.01874557	91.29669465	3000	2.71955977
16	1	1.254256122	3.300335085	2.256640813	7.5	0.138724013	0.7741997963	78247.11484	71.0207204	93.27736121	3000	8.363160764
16	0	0.2093775595	8.532955875	-7.445978286	20	-0.04718533094	0.601397838	29712.13533	78.81547019	91.3694919	3000	3.611353238
16	1	0.2374074917	11.65356836	6.042684098	22.5	0.202806195	0.8069467136	21514.76533	80	106.0426841	3000	2.881464748
16	1	0.1608289618	13.37920331	0.2275471308	22.5	0.1089125857	0.7517804208	18623.73351	71.01874557	91.2462927	3000	2.697388683
16	1	0.3518052885	8.288693999	0.5471851929	20	0.1338568341	0.7557802328	30614.25303	77.08265228	97.62983747	3000	3.682748849
16	1	0.5284565584	8.309311775	11.13088254	20	0.2228225731	0.8378208811	30536.05717	71.04331219	102.1741947	3000	3.726767626
16	1	0.161484842	13.37327211	0.3017160613	22.5	0.1100948544	0.7526789382	18632.39251	71.01491658	91.31663264	3000	2
16	1	0.1648866131	13.3392725	0.6801901516	22.5	0.1160758794	0.7571640368	18682.17737	71.01875356	91.69894371	3000	2.689516807
16	0	0.09616771873	12.70935368	-8.552711879	22.5	-0.08680874668	0.5630036927	19652.73671	80	91.44728812	3000	2.359784139
16	1	0.2550778577	11.54035255	7.729617865	22.5	0.2164666779	0.8185576303	21734.66379	80	107.7296179	3000	2.815150869
16	0	0.6376779089	5.462302872	-0.3105694599	12.5	0.03292372238	0.7444345464	46920.85617	56.25082187	75.94025241	3000	6.676092332
16	1	0.1623227269	13.38613013	0.4282220437	22.5	0.1115913001	0.754191909	18613.6307	70.86755886	91.2957809	3000	2.71955977
16	1	0.6908391469	5.353426151	0.9188374935	12.5	0.06117086131	0.7593030756	47893.42549	56.93800764	77.85684513	3000	6.617075113
16	1	0.3529978194	8.077151278	0.08201791589	20	0.1347559443	0.7502307074	31439.61963	79.64167582	99.72369373	3000	3.78072329
16	1	1.205503944	3.406787943	2.518732776	10	0.1669922847	0.7770538303	75773.98275	79.78380181	102.3025346	3000	7.844592749
16	0	0.125569918	16.56858493	-0.3971642241	22.5	0.02717753292	0.7432801102	14865.49845	55.56288494	75.16572072	3000	2.814653952
16	1	1.848780655	2.18408054	0.8613986849	0	0.1467774963	0.7595006984	118698.1536	80	100.8613987	3000	11.50264947
16	1	1.170851775	3.35639343	1.120627546	7.5	0.1201123033	0.7621551159	76925.20299	70.25077997	91.37140751	3000	8.517104837
16	0	1.581946203	2.415670998	-0.0641225621	2.5	0.1336587181	0.7484214811	107232.2747	80	99.93587744	3000	10.03674009
16	1	0.2374554627	12.63653843	8.317914975	22.5	0.2028460323	0.8219998948	19771.1673	71.40577876	99.72369373	3000	2.441769519
16	0	0.4710539244	6.664594549	-0.3318925733	17.5	0.1018475962	0.7448018947	38293.98218	71.62900717	91.29711459	3000	4.033242688
16	1	0.1599040686	13.38835873	0.1240575544	22.5	0.1072289215	0.7505154291	18610.38252	71.01874557	91.14280312	3000	2.212056835
16	1	1.453293497	2.680063644	0.5783499679	5	0.1422941107	0.7562135393	96564.84961	79.79048094	100.3688309	3000	9.906491186
16	1	1.638448164	2.456294484	0.8163766422	0	0.1142705662	0.7587014467	105443.9265	69.90770481	90.72408145	3000	11.30725707
16	1	0.8645265063	4.7238367	4.006140783	15	0.1833945574	0.7907442791	54396.57704	79.86612178	103.8722626	3000	5.439067428
16	1	0.654383346	5.48695409	0.3075362913	12.5	0.04229463579	0.7520776204	46706.01159	55.6088235	75.91635979	3000	6.676092332
16	1	1.132006444	3.341411767	0.3191466263	7.5	0.1105078262	0.7528903541	77274.14261	71.05226089	91.37140751	3000	8.517104837
16	1	1.738076725	2.255832197	0.2570630299	0	0.1306489067	0.7523193253	114894.0738	77.4235325	97.68059553	3000	11.78929088
16	1	0.2304126338	12.15488645	6.382904887	22.5	0.196819793	0.80929005	20590.28714	75.92494069	102.3078456	3000	2
16	1	0.2069785138	11.92254424	3.203019924	22.5	0.1738157176	0.7835605908	21009.08205	79.42222998	102.6252499	3000	2.192701065
16	1	1.216262922	3.139905024	0.5041186629	7.5	0.1305623641	0.7552489204	82291.05132	76.21730078	96.72141944	3000	8.565781104
16	1	0.1347771215	16.51710723	0.9970624477	22.5	0.05264663548	0.7600723052	14914.63366	55	75.99706245	3000	2.260314966
16	1	0.1856604013	12.00683429	0.9405160593	22.5	0.1478445253	0.7604022448	20855.27651	80	100.9405161	3000	2.399073318
16	1	0.1615321044	13.37898074	0.3165735174	22.5	0.1101796774	0.7528567992	18624.0583	70.9718693	91.28844282	3000	2.080260049
16	1	0.178684542	12.0946561	0.2968709477	22.5	0.1380003546	0.7528560182	20697.30694	79.68371931	99.98059026	3000	2.881464748
16	1	1.091623486	3.569464712	1.363855146	10	0.1426844297	0.7650162723	72279.60005	76.21730078	97.58115592	3000	7.94445756
16	1	1.766172954	3.151822674	10.05337826	7.5	0.2144536153	0.8320911489	81976.4899	70.64075633	100.6941346	3000	8.532130663
16	1	0.5378447352	6.60032285	2.268284316	17.5	0.1388728555	0.774316554	38675.63985	71.01874557	93.28702988	3000	4.033242688
16	1	0.1686237751	13.44039626	1.318337791	22.5	0.1223684111	0.7643325159	18534.84366	70.05306972	91.37140751	3000	2.71489109
16	1	0.2294381998	11.71059816	5.283643305	22.5	0.1959568778	0.8012140244	21405.60698	79.95583493	105.2394782	3000	2.442643076
16	1	1.349370968	5.429952359	23.9502705	15	0.2612233767	0.8833665431	47205.76276	56.34686001	100.2971305	3000	5.089713601
16	1	0.1340647424	16.50455992	0.8677301386	22.5	0.05080090564	0.7586140323	14926.65647	55.12226232	75.98999246	3000	2.772322267
16	0	0.3316844886	8.418924631	-0.3285547293	20	0.1177119327	0.7449722146	30126.76547	76.19088983	95.8623351	3000	3.895615004
16	1	0.529496729	6.057863459	0.08201791589	17.5	0.1347559443	0.7502307074	42219.49284	79.64167582	99.72369373	3000	4.299864228
16	0	-0.01867360152	2.862727366	-20.27774164	2.5	22.96327357	18.98435949	90345.85286	76.36756917	76.08982752	3000	10.24282106
16	0	1.610467016	2.25624724	-1.238681226	0	0.1093061444	0.7327428489	114872.7732	78.21092785	96.97224662	3000	11.5900986
16	1	0.2305278395	12.7440563	7.719168961	22.5	0.1969213318	0.8181976532	19596.77072	71.00316507	98.72233403	3000	2.32844649
16	0	0.7444741762	3.712892102	-4.879638503	10	0.02269783327	0.6687531278	69452.70425	76.17541941	91.2957809	3000	7.85465429
16	1	1.66304588	2.416967264	0.9785095467	2.5	0.14664705	0.7608182424	107174.2813	79.39032136	100.3688309	3000	10.21444497
16	1	0.5382821421	6.025877817	0.3084407201	17.5	0.1390850469	0.7530030946	42448.37312	80	100.3084407	3000	4.333125688
16	1	0.5358685773	6.58361229	0.7927771279	15	0.05054650632	0.7577699657	38776.09095	55.34815669	76.14093382	3000	5.3513286
16	0	0.07101997444	4.852384212	-18.06618029	12.5	-2.895923928	-1.58311418	52931.6812	73.98254008	75.91635979	3000	6.534515622
16	1	0.2735695933	13.50451913	15.1118749	22.5	0.2288724779	0.855428197	18442.56211	61.94783358	97.05970848	3000	2.105622934
16	1	0.4108711402	7.98485304	3.136207578	20	0.1721169387	0.7829315433	31813.43865	79.03798715	102.1741947	3000	3.726767626
16	0	0.7805248022	3.22775013	-6.507919768	7.5	-0.01985469962	0.6289931056	80026.95825	77.58426605	91.07634628	3000	8.527618385
16	1	0.9222135996	4.005189229	0.8173454387	12.5	0.1461798078	0.7589957316	64318.39171	80	100.8173454	3000	6.865041324
16	1	1.16306285	3.329172977	0.8045726778	7.5	0.1182379211	0.7586045663	77561.52837	71.09070661	91.89527929	3000	8.571776531
16	1	0.6339498813	6.010733613	3.896083326	17.5	0.1784590486	0.7897483563	42557.5905	78.28817336	102.1842567	3000	4.354270336
16	1	1.058374529	3.586298007	0.8063507245	10	0.1346008317	0.7587718433	71936.11108	76.10679006	96.91314079	3000	7.903142659
16	1	0.1909471638	11.96915264	1.473547751	22.5	0.1548259649	0.7663025738	20923.76714	80	101.4735478	3000	2.683458513
16	1	0.231246298	14.17387296	11.08077903	22.5	0.1975522763	0.8370451759	17529.1196	60.37971852	91.46049755	3000	2.757732948
16	0	0.7623135958	3.694315353	-4.593614153	10	0.03152733825	0.6748781763	69806.47062	76.44708778	91.85347362	3000	7.903142659
16	1	0.4004199978	13.06662182	30.52230757	22.5	0.283084544	0.8979174604	19090.7829	55.61239575	106.1347033	3000	2
16	1	2.028552727	2.556169252	7.172022587	2.5	0.1922964614	0.8145925654	101288.8515	71.05790488	98.22992747	3000	10.81607482
16	1	1.611839173	2.421279702	0.3637909566	2.5	0.1385982506	0.7536591792	106981.7948	79.55984561	99.92363657	3000	10.90330552
16	1	0.2216169178	11.83396973	4.674810132	22.5	0.1887558085	0.7963440128	21173.06644	79.31059984	103.98541	3000	2.478490743
16	1	0.564511417	6.015450898	1.269584636	17.5	0.1512081144	0.7640712375	42523.5113	79.63997765	100.9095623	3000	4.144195389
16	1	0.1625221504	13.27812273	0.285074064	22.5	0.1119451932	0.7524965209	18772.35921	71.61162783	91.8967019	3000	2
16	1	0.1792985292	12.11417099	0.4006539457	22.5	0.1388975424	0.754099099	20662.51551	79.48193681	99.88259076	3000	2.617028005
16	1	0.2602579599	10.92121916	0.08963290644	20	0.04023934842	0.7494501542	23017.84253	56.05130091	76.14093382	3000	3.571139538
16	1	1.573075999	3.193447161	7.074400788	7.5	0.1916775752	0.8139373698	80896.24928	71.1595476	98.23394839	3000	8.529641277
16	1	0.5609159339	8.277020384	12.95481475	20	0.2330755687	0.8466098468	30658.69961	70.36319576	103.3180105	3000	3.928228166
16	1	3.355101056	2.492190905	24.17273518	0	0.2604653456	0.8838602346	103912.1953	55.4178325	99.59056769	3000	11.60580832
16	1	1.109367881	3.590511439	1.845554159	10	0.1468002053	0.7701302359	71850.63858	75.44170955	97.28726371	3000	7.903142659
16	1	0.3002775395	13.21420458	17.77907271	22.5	0.2440932788	0.8653933016	18867.51597	62.21506217	99.99413488	3000	2.607967344
16	1	1.109990084	3.59784499	1.903557716	10	0.1469421361	0.770727374	71702.34966	75.23231339	97.13587111	3000	7.144474376
16	1	0.2393364982	11.66738035	6.289110388	22.5	0.2043955395	0.8087293832	21488.23045	79.75357371	106.0426841	3000	2.881464748
16	0	0.3132328827	8.8836488	-0.3882587437	20	0.1010831927	0.7440762712	28503.68377	71.68240376	91.29414501	3000	3.925292536
16	1	0.4934142417	6.65102051	0.5687292377	17.5	0.1153591283	0.7558696139	38373.97301	71.30938453	91.87811376	3000	4.316736779
16	0	0.2040029107	8.524263056	-7.781911583	20	-0.05896684972	0.5904790954	29743.35278	79.0786825	91.29677092	3000	3.350351541
16	0	1.988161493	2.009602915	0.4686433266	-2.5	0.1409827347	0.7549187587	129081.8974	79.86963014	100.3382735	3000	12.29520272
16	1	0.2453900982	11.62807078	6.87003394	22.5	0.209220963	0.8128172406	21563.91554	79.75357371	106.6236076	3000	2.815150869
16	1	0.5388145473	6.034541098	0.3584294857	17.5	0.1393428582	0.7536013956	42386.14152	79.84258891	100.2010184	3000	4.144195389
16	1	0.1786396478	12.05747149	0.228274939	22.5	0.1379345111	0.7520315376	20763.91188	80	100.2282749	3000	2.222425804
16	0	0.8219958187	3.214514138	-5.846555125	7.5	0.001327647996	0.6462604275	80360.18079	77.58426605	91.73771093	3000	8.930111773
16	1	1.041018742	3.589045275	0.4778749681	10	0.1301761165	0.7549378342	71880.35801	76.21730078	96.69517574	3000	7.903142659
16	1	1.488380705	2.688527575	1.147534927	5	0.1483692904	0.7627099689	96258.01408	79.19767794	100.3452129	3000	9.586967213
16	1	0.1627252231	13.38861748	0.4833102471	22.5	0.1123046709	0.7548454618	18610.00545	70.82246199	91.30577223	3000	2.724691465
16	1	1.440169669	2.677211675	0.3688309062	5	0.1399457154	0.7537299212	96668.67654	80	100.3688309	3000	9.855750074
