#gen	Feasible	f1	f2	c1	c2	c3	c4	c5	x1	x2	x3	x4
42	1	0.7264572776	4.814373085	0.5306653787	15	0.1422268972	0.7556565464	53356.7008	80	100.5306654	3000	5.22485988
42	1	0.2471816934	11.59050714	6.979083731	22.5	0.2106037467	0.813571715	21636.71878	80	106.9790837	3000	2.222897111
42	1	0.9499129757	4.661243167	6.049492097	15	0.2028649452	0.8069966046	55139.12747	80	106.0494921	3000	5.189452242
42	1	0.3784206693	7.987659942	1.298743332	20	0.152575425	0.7644002277	31801.94298	80	101.2987433	3000	3.650227007
42	1	0.6449694875	5.9012314	3.863119219	17.5	0.1822441796	0.7895058688	43363.98192	80	103.8631192	3000	4.50709648
42	1	0.3767653395	7.991589018	1.215336192	20	0.1514883578	0.763481455	31785.86503	80	101.2153362	3000	3.658568542
42	1	0.3799362568	7.98406801	1.3750491	20	0.1535624159	0.7652344782	31816.65518	80	101.3750491	3000	3.662985783
42	1	0.6213225276	5.928143396	3.085808243	17.5	0.1739565948	0.782486606	43163.0367	80	103.0858082	3000	4.370761952
42	1	0.3974008918	7.943048755	2.250237851	20	0.1643926443	0.7743926639	31985.60955	80	102.2502379	3000	3.58562009
42	1	0.2189703099	11.77557885	4.253449988	22.5	0.1862025831	0.7928604403	21282.51886	80	104.25345	3000	2.583065054
42	1	0.1890572836	11.98257905	1.283324935	22.5	0.1523751228	0.7642309301	20899.31373	80	101.2833249	3000	2.099266863
42	1	0.1987103661	11.91450381	2.251227838	22.5	0.1644044066	0.7744026143	21023.86726	80	102.2512278	3000	2.758157018
42	1	0.1946447121	11.94302341	1.844690891	22.5	0.1594833883	0.7702404069	20971.51369	80	101.8446909	3000	2.172771807
42	1	0.1795062598	12.05118376	0.3164645402	22.5	0.1391996988	0.7530999149	20775.21508	80	100.3164645	3000	2.921856472
42	1	0.5666534532	5.991904552	1.265914286	17.5	0.1521485856	0.7640394612	42694.15236	80	101.2659143	3000	4.789295443
42	1	0.3995925758	7.956125669	2.411787504	20	0.1656849028	0.775998855	31931.55783	79.76130961	102.1730971	3000	3.251014805
42	1	0.3892894241	7.962015605	1.844690891	20	0.1594833883	0.7702404069	31907.27054	80	101.8446909	3000	3.176204526
42	1	0.1880104783	11.99003687	1.177806543	22.5	0.1509963963	0.7630656795	20885.75453	80	101.1778065	3000	2.756813935
42	1	0.211643382	11.82521775	3.533823914	22.5	0.1788010843	0.786589046	21189.40296	80	103.5338239	3000	2.707304427
42	1	0.6455522949	5.900573069	3.882203531	17.5	0.1824407705	0.78967244	43368.92049	80	103.8822035	3000	4.0698296
42	1	0.1946758293	11.94280429	1.847808555	22.5	0.1595218328	0.7702729172	20971.91497	80	101.8478086	3000	2.663301022
42	1	0.2180507313	11.78177216	4.163404917	22.5	0.1853009419	0.7920962231	21270.8582	80	104.1634049	3000	2.732524041
42	1	0.2031369791	11.8837	2.692028092	22.5	0.169538334	0.7787466387	21080.69624	80	102.6920281	3000	2.749068348
42	1	0.2288145628	11.84869383	5.519106278	22.5	0.1954007557	0.8029953816	21145.63673	78.73434371	104.25345	3000	2.583065054
42	1	0.2142834518	11.80725426	3.79369764	22.5	0.1815263557	0.7888976844	21223.00965	80	103.7936976	3000	2.956471521
42	1	0.3764001735	7.992456612	1.196927309	20	0.1512472633	0.763277695	31782.31693	80	101.1969273	3000	3.138955334
42	1	0.3645412263	8.071605361	0.7300605496	20	0.1431550494	0.7579736156	31461.83985	79.35512328	100.0851838	3000	3.480943902
42	1	0.3974207322	7.943002541	2.251227838	20	0.1644044066	0.7744026143	31985.80089	80	102.2512278	3000	3.466346403
42	1	0.2040098154	11.87765631	2.778721633	22.5	0.170524342	0.7795811515	21091.88065	80	102.7787216	3000	2.366409782
42	1	0.5318212571	6.03370166	0.08911869432	17.5	0.1359152949	0.7503265968	42392.1637	80	100.0891187	3000	4.434931144
42	1	0.6111750186	5.939813651	2.750441301	17.5	0.1702035332	0.7793096258	43076.4638	80	102.7504413	3000	4.035330596
42	0	0.1740569716	12.09089818	-0.239371022	22.5	0.131034694	0.7462064622	20704.01949	80	99.76062898	3000	2.03298695
42	1	0.214999171	11.80239947	3.864037006	22.5	0.1822536412	0.7895138855	21232.10971	80	103.864037	3000	2.217801148
42	1	0.1888290019	11.98420414	1.260323428	22.5	0.1520757609	0.7639779105	20896.35769	80	101.2603234	3000	2.000238104
42	1	0.6888471837	5.852317402	5.290242962	17.5	0.1961146344	0.801266516	43733.94277	80	105.290243	3000	4.606360566
42	0	0.1251919632	12.46705463	-5.369465687	22.5	0.02605198106	0.6577919401	20052.18219	80	94.63053431	3000	2
42	1	0.1845733227	12.01463	0.8305633454	22.5	0.1463594092	0.7591474687	20841.16056	80	100.8305633	3000	2.03298695
42	1	0.18926104	11.98112916	1.303850884	22.5	0.1526417131	0.7644562557	20901.95177	80	101.3038509	3000	2.628908645
42	1	0.2055015783	11.8673499	2.926720345	22.5	0.1721901359	0.7809911637	21110.97989	80	102.9267203	3000	2.544460222
42	1	0.6138154745	5.936769855	2.837811492	17.5	0.1711920508	0.7801463099	43099.01064	80	102.8378115	3000	4.305883024
42	1	0.1955142762	11.9901848	2.03161569	22.5	0.1605531037	0.7721619813	20885.48574	79.53786117	101.5694769	3000	2.012135264
42	1	0.1836047995	12.11881553	0.9032215439	22.5	0.1450214441	0.7599584944	20654.25168	79.17660075	100.0798223	3000	2.550421127
42	1	0.3746083029	7.996718299	1.106546292	20	0.1500573999	0.7622721367	31764.89955	80	101.1065463	3000	3.310579163
42	1	0.5032887607	7.708050478	7.403908675	20	0.213962519	0.8164275512	32988.20568	80	107.4039087	3000	3.613463809
42	1	0.1948123592	11.94184305	1.861486505	22.5	0.1596903666	0.7704154379	20973.67551	80	101.8614865	3000	2.945486248
42	1	0.64673397	5.992782938	4.309266156	17.5	0.1828382822	0.7932870975	42687.7626	78.33659747	102.6458636	3000	4.270370134
42	1	0.181066371	12.03989093	0.4750320333	22.5	0.1414468167	0.7549976803	20795.54537	80	100.475032	3000	2.713062702
42	1	0.2292161723	11.70727283	5.251513374	22.5	0.1957592339	0.8009649551	21411.94264	80	105.2515134	3000	2
42	1	0.2434552775	11.61442012	6.623051221	22.5	0.2077047781	0.8111078884	21590.31783	80	106.6230512	3000	2.005802529
42	1	0.2068318408	11.85818349	3.058517236	22.5	0.1736553209	0.7822315383	21127.99445	80	103.0585172	3000	2.748167733
42	1	0.5482994859	6.013811699	0.6475457981	17.5	0.1438519213	0.7570291677	42535.34735	80	100.6475458	3000	4.210010726
42	1	0.5544334857	6.013652512	0.8800472829	17.5	0.1466858271	0.7597109259	42536.49712	79.87721354	100.7572608	3000	4.375964971
42	1	0.7264572776	4.814373085	0.5306653787	15	0.1422268972	0.7556565464	53356.7008	80	100.5306654	3000	5.22485988
42	1	0.2000435226	11.90519965	2.384182707	22.5	0.1659744938	0.7757309361	21041.00122	80	102.3841827	3000	2.021285678
42	1	0.552936844	6.008252213	0.8041424209	17.5	0.1460001781	0.7588439725	42575.53843	80	100.8041424	3000	4.270370134
42	1	0.3815610488	8.029287049	1.591243994	20	0.1546118149	0.767550688	31632.40274	79.36778153	100.9590255	3000	3.612174771
42	1	0.1801347573	12.04663029	0.3803742638	22.5	0.1401096417	0.7538683598	20783.40804	80	100.3803743	3000	2.099266863
42	1	0.6647019895	5.87907217	4.507331041	17.5	0.1887085309	0.7949848121	43530.82045	80	104.507331	3000	4.750069453
42	1	1.799118249	2.190589964	0.3577096966	0	0.1397876062	0.7535963966	118342.763	80	100.3577097	3000	11.70458005
42	1	0.6238835965	5.925209643	3.170277205	17.5	0.1748845127	0.7832722523	43184.85366	80	103.1702772	3000	4.272656818
42	1	0.2016705023	11.89387649	2.546206837	22.5	0.167862498	0.7773284448	21061.8894	80	102.5462068	3000	2.583065054
42	1	0.1858946806	12.00515635	0.9641965798	22.5	0.1481623117	0.7606707589	20858.31721	80	100.9641966	3000	2.932403674
42	1	0.2361026121	11.66207064	5.917046103	22.5	0.2017163546	0.806021281	21498.42375	80	105.9170461	3000	2.749068348
42	1	0.1804426138	12.04440189	0.4116642718	22.5	0.1405530454	0.7542428291	20787.4198	80	100.4116643	3000	2.516365401
42	1	0.4033784296	7.929164306	2.548068847	20	0.1678840355	0.7773466699	32043.19425	80	102.5480688	3000	3.339625079
42	1	0.6473191379	5.898578708	3.940038245	17.5	0.1830345935	0.7901756049	43383.88819	80	103.9400382	3000	4.03009861
42	1	0.3868116155	7.967838547	1.720486144	20	0.1579427052	0.7689376155	31883.2948	80	101.7204861	3000	3.654032961
42	1	0.1972487678	11.92473132	2.105264594	22.5	0.1626586612	0.7729258773	21005.06377	80	102.1052646	3000	2.029411737
42	1	0.6168481973	5.933280053	2.938069926	17.5	0.1723169809	0.78109854	43124.88972	80	102.9380699	3000	4.469282676
42	1	0.3692985842	8.009389784	0.8382511758	20	0.1464637633	0.7592356336	31713.22111	80	100.8382512	3000	3.480943902
42	1	0.5032887607	7.708050478	7.403908675	20	0.213962519	0.8164275512	32988.20568	80	107.4039087	3000	3.613463809
42	1	0.3997221825	7.937647643	2.365999141	20	0.1657608775	0.775550203	32007.98632	80	102.3659991	3000	3.432419488
42	1	0.6128526307	5.937879195	2.805960504	17.5	0.170832574	0.7798420396	43090.79055	80	102.8059605	3000	4.281036346
42	1	0.4976684903	7.719968528	7.136594595	20	0.2118615603	0.8146410294	32935.88923	80	107.1365946	3000	3.221873355
42	1	0.4308522265	7.866337691	3.905973314	20	0.1826851818	0.7898795339	32306.30391	80	103.9059733	3000	3.26890067
42	1	0.1873535318	12.01441428	1.146823781	22.5	0.1501232767	0.762717309	20841.55094	79.83121591	100.9780397	3000	2.002217943
42	1	0.3767979642	7.99151152	1.21698072	20	0.151509875	0.7634996403	31786.182	80	101.2169807	3000	3.688312862
42	1	0.2183091624	11.78003059	4.18871834	22.5	0.1855550995	0.7923116361	21274.13597	80	104.1887183	3000	2.009030726
42	1	0.1780965299	12.0614175	0.1729657145	22.5	0.1371353241	0.7513567132	20756.82433	80	100.1729657	3000	2.713062702
42	1	0.6301725848	5.918025243	3.377407262	17.5	0.1771311173	0.7851746704	43238.37205	80	103.3774073	3000	4.305883024
42	1	0.1890427185	11.98268272	1.28185752	22.5	0.1523560442	0.7642148047	20899.12514	80	101.2818575	3000	2.932403674
42	1	0.186093964	12.00372965	0.9843354211	22.5	0.1484319985	0.7608986357	20860.90329	80	100.9843354	3000	2.03298695
42	1	0.2148547618	11.8033785	3.849848609	22.5	0.1821072885	0.789389883	21230.27397	80	103.8498486	3000	2.079555392
42	1	0.1884481247	11.9869171	1.221934852	22.5	0.151574675	0.7635544064	20891.42459	80	101.2219349	3000	2.893271509
42	1	0.1797259791	12.04959126	0.3388116507	22.5	0.1395185333	0.7533691651	20778.07972	80	100.3388117	3000	2
42	0	0.1731804201	12.09732602	-0.3290699948	22.5	0.129673328	0.7450574222	20692.54033	80	99.67093001	3000	2.748167733
42	1	0.211247566	12.03278636	3.911209563	22.5	0.1783866223	0.7898774672	20808.35518	78.19405503	102.1052646	3000	2.065688989
42	0	0.3481002149	8.060632316	-0.2400731283	20	0.1310240866	0.7461975089	31505.89445	80	99.75992687	3000	3.616142199
42	0	1.984868751	2.007400315	0.4116642718	-2.5	0.1405530454	0.7542428291	129224.5188	80	100.4116643	3000	12.06967278
42	1	0.4457365856	7.83296114	4.634279783	20	0.1899419157	0.7960305949	32447.79725	80	104.6342798	3000	3.616142199
42	1	0.5524221008	6.008868495	0.7867723204	17.5	0.1457635028	0.7586440214	42571.07949	80	100.7867723	3000	4.187019536
42	1	0.1988388913	11.91360581	2.264053101	22.5	0.1645566905	0.7745314419	21025.5198	80	102.2640531	3000	2.74113428
42	1	0.6494760926	5.896146934	4.010599035	17.5	0.1837551505	0.7907861947	43402.1524	80	104.010599	3000	4.031094008
42	1	0.6168481973	5.933280053	2.938069926	17.5	0.1723169809	0.78109854	43124.88972	80	102.9380699	3000	4.469282676
42	1	0.6454581018	5.900679452	3.879119369	17.5	0.1824090216	0.789645539	43368.12236	80	103.8791194	3000	4.258084279
42	1	0.4992074755	7.716699174	7.209858835	20	0.2124415642	0.8151341751	32950.22457	80	107.2098588	3000	3.631409756
42	1	0.3634786721	8.023353477	0.5433540411	20	0.1424042167	0.7558063173	31656.46168	80	100.543354	3000	3.158518513
42	1	0.181066371	12.03989093	0.4750320333	22.5	0.1414468167	0.7549976803	20795.54537	80	100.475032	3000	2.695173055
42	1	0.2398858775	11.63747432	6.280902106	22.5	0.2048435068	0.8086770231	21545.76381	80	106.2809021	3000	2.655401938
42	1	0.4737314549	7.7713973	5.990539378	20	0.2023551692	0.8065637122	32711.97349	80	105.9905394	3000	3.222771599
