#gen	Feasible	f1	f2	c1	c2	c3	c4	c5	x1	x2	x3	x4
26	1	3.403678956	2.633041073	27.93884747	2.5	0.2762111277	0.8927254186	98305.44068	56.52993407	104.4687815	3000	10.6656368
26	1	2.374551053	2.130170687	6.191155568	0	0.2028457356	0.8080129473	121724.9153	79.41699856	105.6081541	3000	11.23107132
26	1	0.2008232676	11.89976859	2.46186624	22.5	0.1668831546	0.7764997562	21051.01509	80	102.4618662	3000	2.691008714
26	1	1.434990636	2.681012854	0.3242644355	5	0.1390071519	0.7531915318	96530.34226	79.89501127	100.2192757	3000	9.205379422
26	1	0.179553099	12.05084422	0.3212288517	22.5	0.1392677325	0.7531573677	20775.82579	80	100.3212289	3000	2.007820206
26	1	0.1742701758	12.25855471	0.0640253716	22.5	0.1313637493	0.7499837668	20408.54789	78.59761506	98.66164043	3000	2.650178597
26	1	0.1947865206	11.94912428	1.872147176	22.5	0.1596584893	0.7705248996	20960.34674	79.93829468	101.8104419	3000	2.590615283
26	1	0.3973950543	7.943062353	2.249946572	20	0.1643891834	0.7743897361	31985.55325	80	102.2499466	3000	3.507245847
26	0	1.535602337	2.274083882	-1.97370365	0	0.09513404934	0.7219117669	113964.7163	77.9121486	95.93844495	3000	11.31764362
26	1	2.481773869	2.107357888	7.089217423	0	0.2113636089	0.8143190487	123052.3678	79.93990493	107.0291224	3000	11.34093854
26	1	1.761160789	2.223399946	0.2281613286	0	0.1341793723	0.752000241	116583.1368	78.72755038	98.95571171	3000	11.1422471
26	1	0.431709494	7.451439245	0.1847189998	17.5	0.07467507242	0.7509479956	34155.2412	62.65572481	82.8404438	3000	4.827395854
26	0	3.357251621	1.752905852	10.06009507	-5	0.2326656733	0.8324455552	148116.56	79.93990493	110	3000	13.36229803
26	1	1.854788087	2.381982256	3.077037894	2.5	0.1728378877	0.7823943176	108761.6062	79.58818233	102.6652202	3000	10.91874595
26	1	2.418304486	2.113965706	6.471917023	0	0.2064127702	0.8100414096	122664.9184	79.98198397	106.453901	3000	11.87657539
26	1	2.553216363	2.124449036	8.113812435	0	0.2166419137	0.8209666571	122055.1736	78.61365653	106.727469	3000	11.3653196
26	0	0.2635523542	2.986885077	-15.85802822	5	-1.021054629	-0.2062091172	86552.9797	79.08932486	83.23129664	3000	9.878360174
26	1	2.789902233	2.07147008	9.97259387	0	0.2321973936	0.831964823	125199.8179	79.99510593	109.9676998	3000	11.37360024
26	1	2.23519539	2.135471461	4.697770969	0	0.1905539407	0.7965495793	121420.5296	80	104.697771	3000	11.86526501
26	1	0.2043086727	12.03606359	3.123325964	22.5	0.1708600129	0.7828002752	20802.44433	78.59761506	101.720941	3000	2.699257169
26	1	2.154589747	2.145324357	3.909200424	0	0.1827183264	0.7899076182	120858.7444	80	103.9092004	3000	11.86526501
26	1	0.5228058267	6.12828381	0.06053485106	17.5	0.131361334	0.7499409848	41724.00504	78.61398481	98.67451966	3000	4.278376046
26	0	0.3444423069	8.232957704	-0.02437080316	20	0.1281676165	0.7488709755	30827.60136	77.98732206	97.96295126	3000	3.090943999
26	1	0.4364843654	7.853926014	4.183013524	20	0.1854892851	0.7922630336	32358.78033	79.99631536	104.1793289	3000	3.281095646
26	1	1.827734933	2.604206955	5.193622785	5	0.1950893829	0.8005108348	99403.85623	79.93829468	105.1319175	3000	9.105722707
26	1	1.636984179	2.408282511	0.571301318	2.5	0.1426135298	0.7561340658	107564.019	79.93669863	100.5079999	3000	10.45324234
26	1	1.334150359	2.975385947	0.7639893513	2.5	0.08419033371	0.7578106917	86890.96382	62.46730729	83.23129664	3000	10.9927281
26	1	2.080891151	2.154534294	3.183723007	0	0.1750228953	0.7833966932	120338.2651	79.99646175	103.1801848	3000	11.04875886
26	0	1.575386106	2.416754306	-0.1384250002	2.5	0.132549641	0.7474871173	107183.8045	79.99924311	99.86081811	3000	10.99481527
26	1	1.790711266	2.191698102	0.2721934948	0	0.1385659681	0.7525647559	118282.473	80	100.2721935	3000	11.87795789
26	1	1.593527866	2.413793957	0.06718678936	2.5	0.1355944701	0.750055725	107316.3617	80	100.0671868	3000	10.55890652
26	0	2.446153239	1.95878773	4.586422121	-2.5	0.1894783758	0.7956376225	132453.9087	79.99995945	104.5863816	3000	12.14960354
26	0	1.947645169	2.011494965	0.06718678936	-2.5	0.1355944701	0.750055725	128959.6341	80	100.0671868	3000	12.44965233
26	1	0.5982901696	5.884827026	0.7148549174	15	0.08700614514	0.7572803372	43487.37092	63.3216033	84.03645821	3000	5.429889282
26	1	0.934683515	4.001633121	1.082325548	12.5	0.1495661051	0.7619997331	64376.34896	79.93829468	101.0206202	3000	6.801175692
26	0	-0.005203063424	14.48002559	-20.70459014	22.5	9.397639047	8.089279471	17139.47088	75.70459014	75	3000	2.76660567
26	1	2.266380854	2.131698255	5.001271652	0	0.1934359243	0.7989939012	121637.0427	80	105.0012717	3000	11.73463075
26	0	1.970957244	2.008927453	0.2830617542	-2.5	0.1387218041	0.7526963509	129125.6013	80	100.2830618	3000	12.19464776
26	1	3.400187286	2.474598016	24.44817348	0	0.2623155647	0.8845855045	104657.3464	55.83488828	100.2830618	3000	11.56244201
26	1	0.3651384657	8.022719533	0.6363301367	20	0.1435751584	0.7568971295	31659.03425	79.95715731	100.5934874	3000	3.746445371
26	1	2.345839194	2.122249394	5.771495682	0	0.2004326693	0.8049377629	122182.6126	79.99646175	105.7679574	3000	11.04875886
26	1	2.455208215	2.133368775	7.135446326	0	0.20932254	0.8145983502	121541.0909	78.75854539	105.8939917	3000	11.0461745
26	0	2.688323925	1.940119586	6.789249035	-2.5	0.2084426701	0.8122578079	133737.0615	79.69521823	106.4844673	3000	12.0042663
26	1	0.2228939667	11.74927018	4.63678351	22.5	0.1899661112	0.7960511115	21332.18941	80	104.6367835	3000	2
26	1	0.188740365	11.98483532	1.251391039	22.5	0.1519593299	0.763879505	20895.20978	79.99999993	101.251391	3000	2.359165304
26	1	1.770586517	2.194358143	0.06718678936	0	0.1355944701	0.750055725	118137.9979	80	100.0671868	3000	11.31969723
26	1	1.772489981	2.194106102	0.08659496459	0	0.1358784133	0.7502954575	118151.672	80	100.086595	3000	11.31969723
26	1	2.278151319	2.961957963	16.09117783	5	0.2356025389	0.8592830019	87288.96259	62.46730729	98.55848512	3000	9.862333525
26	1	0.2220567236	11.98383924	5.045496314	22.5	0.189174199	0.7992892451	20897.02136	77.94800581	102.9935021	3000	2.768346749
26	1	1.312059303	3.034281819	1.376529709	7.5	0.1502346079	0.7652210179	85186.92783	78.78476547	100.1612952	3000	8.617771157
26	1	1.29396561	3.205122763	1.733791986	2.5	0.07438270676	0.7681881415	80598.28238	56.63541524	78.36920723	3000	10.65515068
26	1	0.179553099	12.05084422	0.3212288517	22.5	0.1392677325	0.7531573677	20775.82579	80	100.3212289	3000	2.007820206
26	1	2.32221116	2.124996287	5.542439092	0	0.1984021116	0.8032077579	122023.5089	80	105.5424391	3000	11.98589967
26	1	1.159587822	3.295165955	0.2287844648	5	0.07702119171	0.7514996058	78371.273	63.00251218	83.23129664	3000	9.862333525
26	1	0.2416076083	11.62685597	6.447293939	22.5	0.2062342202	0.8098669356	21566.26265	79.99510593	106.4423999	3000	2.445303588
26	0	-0.1863231124	2.77933712	-22.69080925	2.5	2.661327509	2.8565006	93083.5611	79.85364323	77.16283399	3000	10.6966218
26	0	0.1755576034	12.08501687	-0.07745347807	22.5	0.1333337564	0.7482533836	20714.53333	79.95715731	99.87970383	3000	2.221484321
26	1	1.821322662	2.189537238	0.6010841966	0	0.142959951	0.7564833672	118400.0948	79.912793	100.5138772	3000	11.97148589
26	1	2.481773869	2.107357888	7.089217423	0	0.2113636089	0.8143190487	123052.3678	79.93990493	107.0291224	3000	11.34093854
26	1	0.4629874741	7.114789011	0.6631841671	17.5	0.09665300308	0.7567848978	35813.94887	65.88063707	86.54382124	3000	4.318642528
26	1	0.46328324	7.39696705	1.519305612	17.5	0.09684666367	0.7662123679	34413.3924	62.46730729	83.9866129	3000	4.520244085
26	1	2.222803587	2.136976738	4.57692791	0	0.1893863097	0.7955594817	121334.3675	80	104.5769279	3000	11.58371498
26	1	2.420586085	2.115279218	6.514152965	0	0.2065952419	0.8103383074	122588.189	79.90018198	106.4143349	3000	11.34093854
26	1	1.435136075	2.682241003	0.3358137235	5	0.1390336014	0.7533295415	96485.73069	79.84721291	100.1830266	3000	9.039759664
26	1	0.1822777297	12.07220192	0.669516436	22.5	0.1431650773	0.7572772717	20737.47772	79.65171242	100.3212289	3000	2.337844788
26	1	1.798169422	2.38138423	2.359570546	2.5	0.1656852717	0.7754862364	108789.1449	80	102.3595705	3000	10.82377634
26	1	2.329018721	2.124185818	5.60826171	0	0.1989913684	0.8037081028	122070.4096	79.99989242	105.6081541	3000	11.98339737
26	1	2.478584736	2.159486752	7.743483194	0	0.2111208952	0.8185681445	120060.2234	77.29085975	105.0343429	3000	11.6762154
26	0	0.1062052792	8.737048909	-13.48823605	20	-0.4815999912	0.2325352961	28997.05136	79.95715731	86.46892126	3000	3.750081586
26	0	1.602875796	2.216938987	-1.657867151	0	0.1079294182	0.726715975	116925.525	80	98.34213285	3000	11.31969723
26	1	1.317491855	2.969895085	0.4623643243	2.5	0.0801972036	0.754294994	87053.27529	62.76893232	83.23129664	3000	10.09156853
26	1	0.2008533907	11.8999962	2.465708555	22.5	0.1669181164	0.7765375499	21050.59524	79.99615768	102.4618662	3000	2.72745543
26	1	1.770586517	2.194358143	0.06718678936	0	0.1355944701	0.750055725	118137.9979	80	100.0671868	3000	11.31969723
26	1	0.2164254827	12.0205428	4.479005276	22.5	0.1836886579	0.7946956872	20830.46628	77.97753306	102.4565383	3000	2.255462412
26	0	1.326327233	2.765124434	-0.6281992678	5	0.1176245171	0.7410936794	93566.63476	77.64433514	97.01613587	3000	9.853720563
26	1	2.794490834	2.07122232	10.019018	0	0.2324729283	0.8322206722	125214.9021	79.980982	110	3000	11.37181537
26	0	-0.1509301943	2.778320761	-22.17880723	2.5	3.191605627	3.292685775	93117.94193	79.62901322	77.45020599	3000	10.65515068
26	0	1.689000526	2.211973104	-0.7087004932	0	0.1228225456	0.7400689086	117190.0435	79.69358444	98.98488395	3000	11.2027812
26	1	2.25001333	2.13744036	4.886999093	0	0.1919332921	0.7980756189	121307.8542	79.81077188	104.697771	3000	11.01550692
26	1	1.495493624	2.667755414	1.082325548	5	0.1495661051	0.7619997331	97014.52344	79.93829468	101.0206202	3000	9.511152884
26	1	2.182495748	2.344858191	6.775007701	2.5	0.2069468956	0.8121405433	110497.7813	79.03020909	105.8052168	3000	10.68927838
26	0	1.004110539	3.485645657	-0.8328152206	10	0.1202581699	0.7383932222	74039.3443	79.50987668	98.67706146	3000	7.500077808
26	1	1.729172963	2.245250518	0.05615749469	0	0.1292619789	0.7498706726	115439.8017	77.94800581	98.0041633	3000	11.74262123
26	0	-0.2004546124	2.313147802	-22.36546059	-2.5	2.969001266	3.111798827	112024.9068	79.79341447	77.42795388	3000	12.18194693
26	1	1.189629171	3.225466295	0.08453155194	2.5	0.04582443861	0.7494473858	80084.25966	57.1131919	77.19772345	3000	10.65515068
26	1	1.790734164	2.191695245	0.2724280475	0	0.138569311	0.7525675973	118282.6284	79.9999924	100.2724204	3000	11.07534615
26	1	1.491912006	2.666867363	1.024244488	5	0.148964891	0.7613489253	97047.12839	80	101.0242445	3000	9.196525241
26	1	0.1794381065	12.14883557	0.4761262194	22.5	0.139100643	0.7549914643	20600.99066	79.18320083	99.65932705	3000	2.073041705
26	1	0.5910598627	5.984381533	0.8168387405	15	0.08317735935	0.7583984109	42748.95496	62.02360506	82.8404438	3000	5.421901643
26	1	1.770586517	2.194358143	0.06718678936	0	0.1355944701	0.750055725	118137.9979	80	100.0671868	3000	11.31969723
26	1	1.490757187	2.668700341	1.022524704	5	0.148770426	0.7613280963	96979.85411	79.93819746	100.9607222	3000	9.348970238
26	1	1.771706466	2.194209837	0.07860651595	0	0.1357616088	0.7501968393	118146.0436	80	100.0786065	3000	11.26902415
26	1	0.3946055876	7.950842738	2.114278451	20	0.1627236507	0.7730172313	31953.37273	79.98330864	102.0975871	3000	3.490589958
26	1	2.223990073	2.136868792	4.58893249	0	0.1894986709	0.7956582275	121340.5423	79.99817909	104.5871116	3000	11.54474275
26	1	1.351130968	2.929786025	0.5193332561	0	0.05351037205	0.7546791245	88257.36432	56.93087274	77.45020599	3000	11.49182508
26	1	0.3519340989	13.45246494	25.50244315	22.5	0.2669771222	0.8871848747	18517.40798	56.17122799	101.6736711	3000	2.196828019
26	1	1.660130176	2.456297797	1.288681817	2.5	0.1462020836	0.7642346982	105443.783	77.77042218	99.059104	3000	10.30143106
26	1	1.842496961	2.184900721	0.7978069182	0	0.1459139005	0.7587710819	118653.2582	80	100.7978069	3000	11.31969723
26	1	1.851074322	2.240159791	1.434152103	0	0.1470912644	0.765811803	115704.182	77.40637012	98.84052222	3000	11.17662702
26	1	1.884821696	2.368317431	3.317340989	2.5	0.1764575925	0.7846262013	109394.3367	79.98926016	103.3066012	3000	10.59517419
