#gen	Feasible	f1	f2	c1	c2	c3	c4	c5	x1	x2	x3	x4
13	1	1.254127505	3.016843698	0.3047718782	7.5	0.1386972177	0.752956124	85684.53209	79.88429194	100.1890638	3000	8.614962335
13	0	0.1536127334	12.24494517	-2.351176265	22.5	0.09523824235	0.7160469847	20432.23109	79.99039499	97.63921873	3000	2.816594422
13	0	0.8987268002	2.812285958	-6.677634337	5	-0.01672540854	0.6243176007	91982.44649	79.38473674	92.70710241	3000	9.420576724
13	1	1.051532634	5.796513645	16.34669489	15	0.2219159915	0.8597958363	44163.63928	55.62926975	91.97596463	3000	5.230762141
13	1	0.837084892	4.468918439	1.109782476	12.5	0.1203671511	0.762038135	57550.8318	70.3714052	91.48118767	3000	6.618424978
13	1	0.3169649042	13.95521455	22.4354736	22.5	0.2523013558	0.8792511923	17817.87776	55	97.4354736	3000	2.958168287
13	1	0.7132195777	4.823961258	0.1941884362	15	0.1374425039	0.7516160884	53248.85942	80	100.1941884	3000	5.311740366
13	0	2.24609563	1.85481128	1.201421757	-5	0.1498844519	0.7633151474	139929.4217	79.48500531	100.6864271	3000	13.29989487
13	1	0.5307619547	6.048436944	0.09855603859	17.5	0.1353882308	0.7504377667	42286.69475	79.77373055	99.87228658	3000	4.796057733
13	1	1.086308784	3.740238162	2.299146112	10	0.1414255284	0.7746481102	68938.33346	71.69951492	93.99866103	3000	7.064835014
13	1	0.1547011296	14.19664982	0.6644834861	22.5	0.09738238665	0.7568069319	17499.55225	66.05887426	86.72335775	3000	2
13	1	0.5351930854	6.029614441	0.2036390964	17.5	0.1375790837	0.7517314147	42421.50962	80	100.2036391	3000	4.971251781
13	1	0.2076735064	12.1582077	3.75272293	22.5	0.1745726577	0.7884661407	20584.41666	77.33940629	101.0921292	3000	2.954994364
13	1	0.5381093631	6.04472143	0.36644821	17.5	0.1390012709	0.7536940146	42313.24035	79.68536453	100.0518127	3000	4.519123498
13	1	0.169727345	13.1084838	0.9176581147	22.5	0.1241735761	0.7599364261	19026.94228	72.33780499	93.2554631	3000	2.588968378
13	1	0.7232612318	4.834477205	0.5264032987	15	0.1410878141	0.7555973977	53131.07491	79.62366922	100.1500725	3000	5.02940072
13	1	0.75981743	4.790479943	1.373662954	15	0.1535445502	0.7652193767	53627.31316	80	101.373663	3000	5.155000587
13	1	0.1323443946	16.21712721	0.2251787295	22.5	0.0462616587	0.7511423065	15207.16847	56.65829183	76.88347056	3000	2.012264453
13	1	0.590800176	5.963470933	2.073742051	17.5	0.1622785748	0.7726043865	42902.00774	80	102.0737421	3000	4.949330894
13	0	0.552462721	4.248145843	-6.804651677	12.5	-0.02369634047	0.6207051901	60588.47277	78.84720483	92.04255316	3000	6.523608914
13	1	0.1652228127	13.33313728	0.7130790407	22.5	0.1166536154	0.7575466524	18691.18807	71.03875013	91.75182917	3000	2.657585121
13	0	0.2521284467	11.02389585	-0.3588956258	20	0.02863939201	0.743780409	22795.07147	55.67320017	75.31430454	3000	3.232376875
13	0	0.1667331305	9.742047827	-8.584715011	20	-0.1615594991	0.5615731719	25912.84311	68.81342623	80.22871122	3000	3.220452057
13	1	0.1705894649	13.11457456	1.035048569	22.5	0.1255675394	0.7612605807	19017.68767	72.23525949	93.27030806	3000	2.496154056
13	1	0.8943699334	4.018590066	0.2521297739	12.5	0.1382778374	0.7523214485	64100.90722	80	100.2521298	3000	6.540643919
13	1	0.5625310361	5.996802637	1.127354077	17.5	0.1503322469	0.7625044037	42658.54541	80	101.1273541	3000	4.649281236
13	0	0.06693723481	15.35223835	-10.3748007	22.5	-0.2993908063	0.4802540971	16114.58732	66.15039933	75.77559863	3000	2.54212027
13	1	0.2953011906	10.19589172	1.277079699	20	0.08293194799	0.763474009	24719.33838	60.17186969	81.44894939	3000	3.227750225
13	1	0.7412816214	4.803708293	0.9061399948	15	0.1473819111	0.7600113683	53477.15699	80	100.90614	3000	5.337385439
13	1	0.208622398	12.1066917	3.759029868	22.5	0.1755979843	0.7885322569	20675.83644	77.7201022	101.4791321	3000	2
13	1	1.793370464	2.217351206	0.5443844088	0	0.1389536208	0.7557900483	116903.6205	78.80177688	99.34616129	3000	11.22618965
13	1	0.1871114862	11.99645356	1.087099862	22.5	0.1498000386	0.7620546505	20874.10172	80	101.0870999	3000	2.055905106
13	1	0.5308230674	6.034913349	0.0551911444	17.5	0.1354186951	0.7499073205	42383.47151	80	100.0551911	3000	4.852576372
13	1	0.5347637309	6.030134394	0.1890638204	17.5	0.1373683895	0.7515535076	42417.77419	80	100.1890638	3000	4.942975357
13	1	0.5347637309	6.030134394	0.1890638204	17.5	0.1373683895	0.7515535076	42417.77419	80	100.1890638	3000	4.955960463
13	1	1.793370464	2.217351206	0.5443844088	0	0.1389536208	0.7557900483	116903.6205	78.80177688	99.34616129	3000	11.22618965
13	1	0.7412816214	4.803708293	0.9061399948	15	0.1473819111	0.7600113683	53477.15699	80	100.90614	3000	5.350391773
13	0	-0.02759750019	14.05994822	-23.62942306	22.5	2.096359681	2.376502741	17678.4468	79.40476929	75.77534623	3000	2.935301784
13	1	0.8342258522	4.437587521	0.8860509707	12.5	0.1194087998	0.7595367457	57963.51509	71.07079164	91.95684261	3000	6.198632842
13	0	0.2490123561	10.93361374	-0.7687741853	20	0.02399225995	0.7384319717	22990.72874	56.44732123	75.67854705	3000	3.232376875
13	0	1.193616365	3.007045207	-1.030794732	5	0.08622892242	0.7354527215	85966.66878	70.77547318	89.74467845	3000	9.04711451
13	1	0.1662930085	12.96834743	0.2665039283	22.5	0.1184771204	0.7523308469	19242.27344	73.59443191	93.86093583	3000	2.829360865
13	1	0.1866715733	12.01680255	1.073407693	22.5	0.1492104138	0.7618977861	20837.22993	79.8526627	100.9260704	3000	2.936977347
13	1	0.2554350512	11.09927815	0.04318832925	20	0.03344665191	0.7488147944	22634.14308	55	75.04318833	3000	3.180796068
13	0	0.7934754038	2.818544826	-8.216712042	5	-0.07200239758	0.575429706	91776.19147	80	91.78328796	3000	9.01169486
13	1	1.805649307	2.40055125	2.63804158	2.5	0.1666559182	0.7782014698	107913.3403	79.113777	101.7518186	3000	10.65185625
13	1	0.380808723	7.98200263	1.418949393	20	0.154127026	0.7657117391	31825.12076	80	101.4189494	3000	3.003699895
13	1	0.7888175116	4.770016952	2.100828306	15	0.1626052366	0.7728806882	53861.23096	80	102.1008283	3000	5.424154485
13	1	0.3428734695	13.66585872	25.04896258	22.5	0.2634619159	0.8860118414	18214.20316	55.14010124	100.1890638	3000	2.673494065
13	1	1.384103154	2.896059461	1.200337596	5	0.1294115746	0.7631179858	89295.66191	72.67386815	93.87420574	3000	9.080235134
13	0	-0.0332368468	14.1303591	-24.39334352	22.5	1.808535741	2.137254156	17585.87131	79.39334352	75	3000	2
13	1	0.1872075786	11.99576716	1.096799301	22.5	0.1499284646	0.7621631779	20875.34764	80	101.0967993	3000	2.259064128
13	1	1.827033521	2.21307122	0.8924280438	0	0.1437633952	0.7598260221	117131.4477	78.78802508	99.68045312	3000	11.20585489
13	1	0.5046218268	6.633628277	0.9848860986	17.5	0.121680965	0.760665866	38476.94262	71.29979368	92.28467978	3000	4.086996208
13	1	1.067271044	3.937629043	3.712141732	12.5	0.1806776128	0.7881786313	65437.3815	80	103.7121417	3000	6.818270948
13	1	0.1879812434	12.00539918	1.202115594	22.5	0.1509576712	0.7633320637	20857.87711	79.86991167	101.0720273	3000	2.571447756
13	1	1.504415314	2.591747521	0.3574854143	2.5	0.1199326704	0.7534286493	99886.05182	73.60794618	93.96543159	3000	10.37592776
13	1	0.1975753518	11.9225723	2.138140902	22.5	0.1630509768	0.7732601693	21009.03049	79.99887547	102.1370164	3000	2.954994364
13	1	0.1899543575	11.97619986	1.373662954	22.5	0.1535445502	0.7652193767	20910.92526	80	101.373663	3000	2.899515274
13	1	0.3494498828	8.55161162	1.068646034	20	0.1320629428	0.7616932108	29645.35351	74.08941419	95.15806022	3000	3.260586786
13	1	2.718936289	2.626384669	17.51823808	0	0.2278176403	0.8640088985	98556.87054	55.18957702	92.7078151	3000	11.36550778
13	1	0.5750122822	5.987008418	1.564624394	17.5	0.1557515479	0.7672794066	42729.80336	79.91363749	101.4782619	3000	4.758510929
13	1	0.17721674	12.0981292	0.1346018922	22.5	0.1358303362	0.7508805794	20691.10682	79.74495812	99.87956001	3000	2
13	1	0.9752953306	3.980388608	1.888176949	12.5	0.1599943055	0.7706928077	64724.74817	79.99078648	101.8789634	3000	6.71294216
13	1	0.568583227	5.9896161	1.330711579	17.5	0.1529897943	0.7647504648	42710.80838	80	101.3307116	3000	4.304855917
13	1	0.1948489422	11.94161081	1.865198367	22.5	0.1597354849	0.7704540783	20974.10092	79.99978018	101.8649785	3000	2.970802846
13	1	0.8559141773	4.28610327	0.6878963746	12.5	0.1265188037	0.757346564	60043.93521	74.09013808	94.77803445	3000	6.754573361
13	1	0.560273401	5.99949054	1.051391283	17.5	0.1493262046	0.7616542414	42639.03023	80	101.0513913	3000	4.976156031
13	1	1.363630284	2.914630554	1.020203609	5	0.125349094	0.7610935534	88720.964	72.23525949	93.2554631	3000	9.075102646
13	1	0.7550435229	4.793875686	1.253458567	15	0.1519862884	0.7639022898	53588.68872	80	101.2534586	3000	5.014167398
13	1	0.8862408534	4.703276801	4.506636188	15	0.1887017443	0.7949790581	54638.30044	80	104.5066362	3000	5.097345108
13	0	0.4671367536	6.591203951	-0.7158519824	17.5	0.09934744208	0.7397965699	38730.39256	72.75205204	92.03620006	3000	4.972976736
13	1	0.7130183078	4.824107515	0.1890638204	15	0.1373683895	0.7515535076	53247.21774	80	100.1890638	3000	5.446014356
13	1	0.6981494337	5.282691014	1.682180301	15	0.131774979	0.7682888515	48546.76857	71.29979368	92.98197398	3000	5.346142352
13	1	1.238355275	3.017517013	0.05181273929	7.5	0.1353691521	0.7498654923	85665.21202	80	100.0518127	3000	8.787733155
13	1	0.7054574054	4.837311214	0.02877233695	15	0.1345535747	0.7495761412	53099.42002	79.83816236	99.86693469	3000	5.301879703
13	1	1.617538569	2.409917486	0.3388654118	2.5	0.1395192995	0.7533698121	107490.4331	80	100.3388654	3000	10.98002172
13	1	0.7267061344	4.814193424	0.5369800578	15	0.1423151703	0.755731105	53358.72561	80	100.5369801	3000	5.156891314
13	1	0.1542404067	14.23445096	0.6584015397	22.5	0.09647845448	0.7567282584	17450.69021	65.85683415	86.51523569	3000	2.54212027
13	1	0.5347637309	6.030134394	0.1890638204	17.5	0.1373683895	0.7515535076	42417.77419	80	100.1890638	3000	4.944672867
13	1	0.3277915375	9.113338549	1.07594598	20	0.1143593945	0.761606702	27762.60247	68.81342623	89.88937221	3000	3.857471633
13	1	1.364363876	5.457009836	24.71486096	15	0.2627483842	0.8852201691	46967.24009	55.48067562	100.1955366	3000	5.423685551
13	1	0.3743603177	7.997308671	1.094031683	20	0.149891832	0.7621322211	31762.48819	80	101.0940317	3000	3.571222055
13	1	0.2959312474	10.1993001	1.330526667	20	0.08360700646	0.7640564617	24710.77696	60.11842273	81.44894939	3000	3.227750225
13	1	0.1317198172	16.43200415	0.4035029062	22.5	0.04458433335	0.7532319715	14996.53931	55.67320017	76.07670308	3000	2.958523015
13	1	0.1389142803	16.37696068	1.463014519	22.5	0.06299154769	0.7652258122	15049.96807	55.31199541	76.77500993	3000	2.023006908
13	1	1.497290487	2.665799475	1.092129218	5	0.149866645	0.7621109366	97086.36486	80	101.0921292	3000	9.525111135
13	1	0.7133245849	4.82434738	0.1988309072	15	0.1374811545	0.7516725294	53244.52555	79.99023291	100.1890638	3000	5.338179655
13	1	0.5394747866	6.036294007	0.3896151887	17.5	0.1396618649	0.7539744172	42373.57145	79.79944863	100.1890638	3000	4.942975357
13	1	1.494831784	2.669721443	1.088725002	5	0.149455225	0.7620697031	96942.41748	79.86760854	100.9563335	3000	9.349226026
13	1	0.5244601217	9.706784113	16.43982202	20	0.221472464	0.8601116843	26010.25132	55.21120909	91.65103111	3000	3.474069527
13	1	1.405162711	2.707883171	0.1010830965	5	0.1334669572	0.7504535016	95563.54126	79.113777	99.2148601	3000	9.274650293
13	1	2.032896552	2.782134107	10.05313384	5	0.2157691336	0.8321139233	92989.07578	71.25329691	101.3064308	3000	9.075102646
13	1	0.3749866076	7.99581795	1.12563451	20	0.1503095541	0.7624852264	31768.5777	80	101.1256345	3000	3.55662518
13	1	0.1803134025	12.0583431	0.4209395929	22.5	0.1403671275	0.7543510562	20762.34596	79.88982504	100.3107646	3000	2.8266255
13	1	1.704326547	3.121920889	8.694492189	7.5	0.2077205293	0.8243315	82770.28162	72.23525949	100.9297517	3000	8.987295829
13	1	1.582083697	2.586191134	1.372892978	2.5	0.1336818651	0.7650296965	100102.5889	73.23975342	94.6126464	3000	10.4777132
13	1	1.355570413	2.912365042	0.8780245586	5	0.1237160907	0.7594861285	88790.67966	72.37743855	93.2554631	3000	9.075102646
13	1	1.504415314	2.591747521	0.3574854143	2.5	0.1199326704	0.7534286493	99886.05182	73.60794618	93.96543159	3000	10.95640075
13	1	0.5623164763	5.997057922	1.120137221	17.5	0.1502369826	0.7624238975	42656.6912	80	101.1201372	3000	4.858361754
