#gen	Feasible	f1	f2	c1	c2	c3	c4	c5	x1	x2	x3	x4
41	1	0.7651326831	4.797209498	1.555415237	15	0.1552566364	0.7671774236	53550.8219	79.7735097	101.3289249	3000	5.98715644
41	1	1.045289684	3.947632097	3.278696045	12.5	0.1760654901	0.7842722765	65269.28671	79.99998818	103.2786842	3000	6.477749974
41	1	1.521796431	2.660951245	1.400856768	5	0.1538946174	0.7655152834	97264.89517	80	101.4008568	3000	9.845754811
41	1	1.107890665	3.945027963	4.672818594	12.5	0.1887188326	0.7963275409	65312.9654	79.30295284	103.9757714	3000	6.597207218
41	1	0.7613535264	4.789711184	1.413778536	15	0.1540417953	0.7656554601	53636.06491	79.99304864	101.4068272	3000	5.338767245
41	1	0.5882710007	5.966428776	1.989428581	17.5	0.1612565302	0.7717399516	42880.293	80	101.9894286	3000	4.585707929
41	1	0.3591613244	8.033762951	0.3240323835	20	0.1393077515	0.7531911628	31614.27776	80	100.3240324	3000	3.158681368
41	1	0.5913049039	5.962881224	2.090559502	17.5	0.1624814898	0.7727760181	42906.33961	80	102.0905595	3000	4.777573876
41	1	0.7864760754	4.771658679	2.042310038	15	0.1618984832	0.7722829009	53842.38992	80	102.04231	3000	5.937470106
41	1	0.9546979543	3.989735467	1.472786337	12.5	0.154816241	0.7662943549	64571.00733	79.99999947	101.4727858	3000	6.45028763
41	1	0.6113037991	5.939665082	2.754704249	17.5	0.1702519433	0.7793505986	43077.56378	80	102.7547042	3000	4.085026993
41	1	0.9269553945	4.002921383	0.9132865683	12.5	0.1474782125	0.7600927352	64355.34104	80	100.9132866	3000	6.384568312
41	1	0.5825415381	5.973157163	1.798209384	17.5	0.1589084199	0.7697545982	42830.97725	79.99982045	101.7980298	3000	4.916394221
41	1	0.8615939396	4.71987747	3.903260041	15	0.1826573077	0.7898559154	54442.96211	80	103.90326	3000	5.372281953
41	1	0.8615939396	4.71987747	3.903260041	15	0.1826573077	0.7898559154	54442.96211	80	103.90326	3000	5.35519189
41	1	0.8943570936	4.018596279	0.2518683956	12.5	0.13827408	0.7523182757	64100.80672	80	100.2518684	3000	6.384568312
41	1	0.8080297059	4.756614381	2.579727725	15	0.1682496756	0.7776560804	54015.53005	80	102.5797277	3000	5.304729696
41	1	0.84782798	4.72923171	3.564728355	15	0.1791283717	0.7868662672	54333.49584	80	103.5647284	3000	5.228796138
41	1	0.5749427456	5.982094449	1.543956689	17.5	0.1557220072	0.7670600696	42765.6429	80	101.5439567	3000	4.717990229
41	1	1.448194658	2.67559884	0.4707625528	5	0.1413867736	0.7549469684	96727.49036	80	100.4707626	3000	9.542560857
41	1	0.9245067778	4.004091959	0.8637548976	12.5	0.146809392	0.7595276466	64336.26396	80	100.8637549	3000	6.58018747
41	1	0.763257998	4.788037421	1.460206284	15	0.1546555071	0.7661584778	53655.12918	80	101.4602063	3000	5.259401322
41	0	0.6750072145	4.852040957	-0.7832862805	15	0.1225790444	0.7390738198	52935.4895	79.99890924	99.21562296	3000	5.418857664
41	1	0.7578395264	4.791885911	1.323877718	15	0.1529013202	0.764675683	53611.31451	80	101.3238777	3000	5.649630973
41	1	0.8398058595	4.73471832	3.366977213	15	0.1770185283	0.7850796783	54269.49105	79.99982443	103.3668016	3000	5.780088016
41	1	1.532659685	2.658811138	1.537412485	5	0.155638974	0.766989873	97343.90918	80	101.5374125	3000	9.241080464
41	1	0.5531876056	6.007952061	0.8126033307	17.5	0.146115317	0.7589412468	42577.71044	80	100.8126033	3000	4.789115232
41	1	0.5812379782	5.974678715	1.754606046	17.5	0.1583677166	0.7692969873	42819.84042	80	101.754606	3000	4.777573876
41	1	0.763257998	4.788037421	1.460206284	15	0.1546555071	0.7661584778	53655.12918	80	101.4602063	3000	5.501279415
41	1	0.9531993138	3.990444173	1.442641153	12.5	0.1544307578	0.7659684894	64559.37963	80	101.4426412	3000	6.651419127
41	1	0.7881493828	4.770485234	2.08413354	15	0.1624039927	0.7727104684	53855.85548	80	102.0841335	3000	5.137730729
41	1	0.9601428286	3.987163906	1.582234277	12.5	0.1562066537	0.7674698003	64613.23351	80	101.5822343	3000	6.861520226
41	1	0.5911052414	5.963114482	2.083907111	17.5	0.1624012612	0.772708158	42904.62606	80	102.0839071	3000	4.777573876
41	1	0.6110974151	5.939903184	2.747872352	17.5	0.1701743513	0.7792849271	43075.80093	80	102.7478724	3000	4.053271314
41	1	0.7843613343	4.773143021	1.989428581	15	0.1612565302	0.7717399516	53825.36626	80	101.9894286	3000	5.400615771
41	1	0.9839279358	3.975993004	2.05896657	12.5	0.1621000232	0.7724533776	64797.29869	79.99999396	102.0589605	3000	6.908330421
41	1	1.448194658	2.67559884	0.4707625528	5	0.1413867736	0.7549469684	96727.49036	80	100.4707626	3000	9.542560857
41	1	0.9587593517	3.987816797	1.554436025	12.5	0.1558548632	0.7671723875	64602.50758	80	101.554436	3000	6.659654574
41	1	0.8413964781	4.814382248	3.814727448	15	0.1774400638	0.7890355536	53356.59753	78.22256078	102.0372882	3000	5.798754181
41	1	0.7152925519	4.822455717	0.2469540458	15	0.1382034162	0.7522586054	53265.76436	80	100.246954	3000	5.745156048
41	1	0.5724901611	5.984991611	1.461770592	17.5	0.1546755046	0.7661753826	42744.50562	80	101.4617706	3000	4.80417442
41	1	0.7656353161	4.786360368	1.519999808	15	0.1554173083	0.7668028826	53674.24429	79.99982045	101.5198203	3000	5.969480281
41	1	0.6551887076	5.889722	4.197245863	17.5	0.1856405975	0.7923841021	43450.48038	79.99999985	104.1972457	3000	4.228748137
41	1	0.5560438948	6.053325423	1.081950357	17.5	0.1474194732	0.7619771193	42251.81851	79.17111182	100.2530622	3000	4.654428929
41	1	0.574293223	5.98286127	1.522197665	17.5	0.1554457301	0.7668265053	42760.04629	80	101.5221977	3000	4.795149929
41	1	0.8962131064	4.017698494	0.2896439287	12.5	0.1388161014	0.7527759805	64115.33164	80	100.2896439	3000	6.384568312
41	1	0.6148275161	6.000456393	3.126614578	17.5	0.171568682	0.7828378034	42632.02205	78.862814	101.9894286	3000	4.583517187
41	1	0.5497916569	6.012021016	0.6979607926	17.5	0.1445471242	0.7576164341	42548.28458	79.99999978	100.6979606	3000	4.799728968
41	1	1.145814268	3.41971358	1.475748169	10	0.1548540566	0.7663263224	75484.17484	79.99999947	101.4757476	3000	7.381438317
41	1	0.7151495181	4.822559549	0.2433141473	15	0.1381510555	0.7522143909	53264.59814	80	100.2433141	3000	5.737946181
41	1	0.3816143286	7.980097055	1.459468566	20	0.1546460753	0.7661505047	31832.93522	80	101.4594686	3000	3.800679744
41	1	1.448194658	2.67559884	0.4707625528	5	0.1413867736	0.7549469684	96727.49036	80	100.4707626	3000	9.435186068
41	1	0.6220113525	5.927353874	3.108533813	17.5	0.1742069187	0.782698543	43168.90588	80	103.1085338	3000	4.061962328
41	1	1.514976888	2.67255835	1.398738925	5	0.1527867943	0.7654827372	96838.55827	79.60354447	101.0022834	3000	9.980401297
41	1	0.9546208308	3.98977191	1.471235108	12.5	0.1547964327	0.7662776087	64570.40932	80	101.4712351	3000	6.928644218
41	1	1.264252138	3.380456754	3.441661531	10	0.1778198578	0.7857579716	76371.21481	80	103.4416615	3000	7.987425448
41	1	0.7199759383	4.819059883	0.3660631097	15	0.1399063822	0.7536967039	53303.93321	80	100.3660631	3000	5.701427439
41	1	0.5639341116	5.995198649	1.174766856	17.5	0.1509534235	0.763031913	42670.1993	79.99889079	101.1736576	3000	4.597297038
41	1	0.5710899761	5.986647654	1.414820607	17.5	0.1540740238	0.7656669367	42732.43256	79.99999966	101.4148203	3000	4.69390035
41	1	0.5316561251	6.033902057	0.08350680399	17.5	0.1358332704	0.7502573432	42390.72589	80	100.0835068	3000	4.174708717
41	1	0.7393886776	4.846957054	1.04346047	15	0.1467351717	0.7615438314	52991.95677	79.11160782	100.1550683	3000	5.802708411
41	1	0.4095553999	7.914898331	2.854930525	20	0.17138484	0.7803094954	32102.57174	80	102.8549305	3000	3.763964634
41	1	1.62921899	2.408038956	0.4707625528	2.5	0.1413867736	0.7549469684	107574.9893	80	100.4707626	3000	10.09341281
41	1	1.408790148	2.986810404	2.602409582	7.5	0.1673840871	0.7778662062	86555.16611	79.55768997	102.1600996	3000	8.082703265
41	1	0.7748275605	4.800574071	1.84682158	15	0.1583189395	0.7702517066	53512.65901	79.55203491	101.3988565	3000	5.974255892
41	1	0.5784974143	5.977903437	1.662955692	17.5	0.1572230119	0.7683290988	42796.25618	80	101.6629557	3000	4.606137068
41	1	0.7862752051	4.771799607	2.037288229	15	0.1618376552	0.7722314528	53840.77319	80	102.0372882	3000	5.674429698
41	1	0.8116664524	4.75409097	2.670128904	15	0.1692880543	0.7785348243	54044.67851	80	102.6701289	3000	5.410043144
41	1	0.763257998	4.788037421	1.460206284	15	0.1546555071	0.7661584778	53655.12918	80	101.4602063	3000	5.259401322
41	1	0.5600273654	5.999783701	1.043109458	17.5	0.1492160767	0.7615611806	42636.90283	80	101.0431095	3000	4.803252085
41	1	0.9804516679	3.977619184	1.989428581	12.5	0.1612565302	0.7717399516	64770.43951	80	101.9894286	3000	6.332207397
41	1	0.5742569948	5.982904332	1.520984914	17.5	0.1554303019	0.7668134735	42759.73205	79.99999514	101.5209801	3000	4.479651331
41	1	0.1911790984	11.96750822	1.496868194	22.5	0.1551234051	0.7665540183	20926.76587	80	101.4968682	3000	2.643093968
41	1	0.419933418	7.891114551	3.368442367	20	0.1770347173	0.7850930312	32202.04133	80	103.3684424	3000	3.809034018
41	1	0.7541104684	4.794540331	1.22994829	15	0.1516794232	0.7636429377	53581.1352	79.99999903	101.2299473	3000	5.283815464
41	1	0.375467121	8.031830263	1.250002244	20	0.1506291017	0.7638527738	31622.10162	79.52315766	100.7731599	3000	3.391893861
41	1	0.3817722765	7.979723618	1.467410901	20	0.1547475838	0.7662363144	31834.46707	80	101.4674109	3000	3.79673421
41	1	1.073163251	3.444533653	0.2507612908	10	0.1382581639	0.7523048357	74933.7779	80	100.2507613	3000	7.238286122
41	1	0.9555954007	3.989311227	1.490834022	12.5	0.1550465051	0.7664890094	64577.96979	80	101.490834	3000	6.691858526
41	1	0.7616268637	4.789194892	1.419186279	15	0.1541300663	0.7657143091	53641.94408	80	101.4191863	3000	5.338767245
41	1	0.9403942237	3.996516447	1.184701266	12.5	0.1510869089	0.763142174	64459.92118	80	101.1847013	3000	6.12692712
41	1	0.9571041211	3.988598388	1.521167415	12.5	0.1554326348	0.7668154347	64589.67196	80	101.5211674	3000	6.868455778
41	1	1.083059159	3.930494926	4.022352988	12.5	0.1838747485	0.7908875565	65557.78838	79.99999392	104.0223469	3000	6.607429916
41	1	0.4140014617	7.904680899	3.07523811	20	0.1738399936	0.782387887	32145.23021	80	103.0752381	3000	3.809545682
41	1	0.3812899443	7.981100731	1.44380269	20	0.1544373392	0.7659809892	31828.81885	79.99693649	101.4407392	3000	3.730061329
41	1	0.8010997988	4.834616722	2.758957941	15	0.1662449213	0.7793510543	53129.51568	78.4146997	101.1736576	3000	5.405949737
41	1	0.9555954007	3.989311227	1.490834022	12.5	0.1550465051	0.7664890094	64577.96979	80	101.490834	3000	6.928644218
41	1	0.5441598184	6.018788568	0.5075493274	17.5	0.1419032881	0.755383218	42499.43114	80	100.5075493	3000	4.300627772
41	1	0.4023766251	8.027701112	2.776929726	20	0.1673061321	0.7795321103	31638.82978	78.74405033	101.5209801	3000	3.702059503
41	1	0.9090399009	4.011511589	0.5503204488	12.5	0.1425014756	0.7558884666	64215.60399	80	100.5503204	3000	6.602522021
41	1	0.9125078231	4.009844133	0.6206824011	12.5	0.1434800807	0.7567150697	64242.6817	80	100.6206824	3000	6.904335708
41	1	1.636578667	2.406857742	0.5537803232	2.5	0.1425497545	0.7559292454	107628.2256	80	100.5537803	3000	10.0877087
41	1	0.9952716338	3.970700351	2.285547362	12.5	0.1648115096	0.7747470147	64884.86839	80	102.2855474	3000	6.971180733
41	1	0.5719681151	5.985608872	1.444268242	17.5	0.1544515924	0.7659861015	42740.00481	79.99999998	101.4442682	3000	4.69390035
41	1	0.5727264431	5.984712302	1.469691298	17.5	0.1547767148	0.7662609402	42746.54253	80	101.4696913	3000	4.803262698
41	1	1.448194658	2.67559884	0.4707625528	5	0.1413867736	0.7549469684	96727.49036	80	100.4707626	3000	9.166262579
41	1	1.448194658	2.67559884	0.4707625528	5	0.1413867736	0.7549469684	96727.49036	80	100.4707626	3000	9.542560857
41	1	0.9329219177	4.000073661	1.033878289	12.5	0.1490932213	0.7614573657	64401.79744	80	101.0338783	3000	6.89217666
41	1	0.940254925	3.996582668	1.18189168	12.5	0.1510500324	0.7631110087	64458.83822	80	101.1818917	3000	6.197836851
41	1	0.8167325677	4.750582937	2.795928404	15	0.1707191388	0.779746027	54085.25201	80	102.7959284	3000	5.075103422
