#gen	Feasible	f1	f2	c1	c2	c3	c4	c5	x1	x2	x3	x4
49	1	0.1980638617	11.91902423	2.18669007	22.5	0.1636353941	0.7737520767	21015.55239	80	102.1866901	3000	2.224126034
49	1	0.7072979799	4.944735264	0.5353839083	15	0.1352443358	0.7556540941	51926.28615	77.5968247	98.13220861	3000	5.828474514
49	1	0.6466876069	5.899291313	3.919369809	17.5	0.1828227132	0.7899960687	43378.53892	80	103.9193698	3000	4.69713482
49	0	0.5287745564	6.03740247	-0.01447191623	17.5	0.1343936879	0.7490419518	42365.62645	80	99.98552808	3000	4.044133659
49	1	0.4039655645	8.005864132	2.804299627	20	0.1682213994	0.7798003005	31727.58344	78.97768347	101.7819831	3000	3.586951443
49	1	0.5874178953	5.967427539	1.960973435	17.5	0.1609098037	0.7714467093	42872.96553	80	101.9609734	3000	4.609894679
49	1	0.8361950634	4.737183127	3.277787273	15	0.1760556661	0.7842639334	54240.78578	80	103.2777873	3000	5.324006468
49	1	0.2090883072	11.84268682	3.281693977	22.5	0.1760980169	0.7842997962	21156.81903	80	103.281694	3000	2.54409195
49	1	0.532118088	6.033341493	0.09920548526	17.5	0.136062609	0.7504509756	42394.74808	80	100.0992055	3000	4.544739554
49	1	0.1767636924	12.07111889	0.0371045896	22.5	0.135153266	0.7496832254	20739.41904	80	100.0371046	3000	2
49	1	0.5347894906	6.030103194	0.1899383434	17.5	0.1373810399	0.7515641894	42417.99831	80	100.1899383	3000	4.609817978
49	1	0.716680781	4.821448334	0.2822745904	15	0.1387105229	0.7526868246	53277.08164	80	100.2822746	3000	5.753293654
49	1	0.5871666851	5.967721743	1.95259286	17.5	0.1608075127	0.7713601986	42870.80756	80	101.9525929	3000	4.488698986
49	1	0.4061578295	7.922734936	2.686258321	20	0.1694724404	0.7786908718	32069.92795	80	102.6862583	3000	3.078907852
49	1	0.7831765528	4.773975272	1.959789812	15	0.1608953615	0.7714344951	53815.82594	80	101.9597898	3000	5.753293654
49	1	0.7992361771	4.762733755	2.360810848	15	0.1656998621	0.7754985807	53944.97211	80	102.3608108	3000	5.492239674
49	1	0.5994283698	5.953415757	2.36085195	17.5	0.1657003456	0.7754989897	42975.98829	80	102.360852	3000	4.679223596
49	1	0.1998090443	11.90683439	2.360810848	22.5	0.1656998621	0.7754985807	21037.98885	80	102.3608108	3000	2.120872375
49	1	0.2005568315	11.90162347	2.435328673	22.5	0.1665734631	0.776237719	21047.59401	80	102.4353287	3000	2.238799175
49	1	0.3944257854	7.949988474	2.101679283	20	0.1626154863	0.7728893579	31956.90298	80	102.1016793	3000	3.288865558
49	1	0.2070932188	11.85638509	3.084393678	22.5	0.1739409967	0.7824734	21131.33569	80	103.0843937	3000	2.265934371
49	1	0.2032588846	11.88285531	2.70414063	22.5	0.1696765546	0.7788636182	21082.25874	80	102.7041406	3000	2.95672032
49	1	0.1933635151	12.10852106	2.006211389	22.5	0.1578897622	0.7718791859	20672.57676	78.65781131	100.6640227	3000	2.853563617
49	1	0.608258883	5.943181078	2.653862715	17.5	0.1691018351	0.7783772278	43051.54658	80	102.6538627	3000	4.586888707
49	1	0.3950761162	7.948469849	2.134171267	20	0.1630062425	0.7732198823	31963.18058	80	102.1341713	3000	3.203225394
49	1	0.5535026204	6.103915032	1.163396171	17.5	0.1462598103	0.7628660995	41894.17368	78.37670721	99.54010338	3000	4.606546474
49	1	0.1852676486	12.00964894	0.900804858	22.5	0.1473099758	0.759950589	20850.17783	80	100.9008049	3000	2.87341387
49	1	0.7844380353	4.773089158	1.991347056	15	0.1612798742	0.7717596949	53825.98381	80	101.9913471	3000	5.753293654
49	1	1.019378978	3.959527883	2.76541501	12.5	0.1703734939	0.7794534759	65070.49135	80	102.765415	3000	6.344545932
49	1	1.186247452	3.410585647	2.180583042	10	0.1632098435	0.7736870008	75688.60589	79.86437974	102.0449628	3000	7.02682303
49	1	0.1784593141	12.05878124	0.2099137714	22.5	0.1376696931	0.7518079247	20761.55889	80	100.2099138	3000	2.169625533
49	1	0.1962229274	11.93192652	2.002693777	22.5	0.1614178564	0.7718763951	20991.85455	80	102.0026938	3000	2.276433786
49	1	0.5672407819	5.991207761	1.285639799	17.5	0.1524052142	0.7642563635	42699.22246	80	101.2856398	3000	4.430410939
49	0	0.336208525	8.089845492	-0.8501173239	20	0.1215104131	0.7381694399	31388.87378	80	99.14988268	3000	3.801144331
49	1	0.9727819245	3.981215148	1.835840781	12.5	0.1593741956	0.7701480693	64711.12382	80	101.8358408	3000	6.344545932
49	1	0.3672803549	8.014223236	0.7360845132	20	0.1450705653	0.7580586229	31693.55178	80	100.7360845	3000	3.443595386
49	1	0.5992152409	5.953663477	2.353769622	17.5	0.1656170099	0.7754284836	42974.16269	80	102.3537696	3000	4.679223596
49	1	0.1910577319	11.96975634	1.487204122	22.5	0.154967851	0.7664495982	20922.66644	79.98801112	101.4752152	3000	2.6728586
49	1	0.9885764513	3.973821256	2.15187675	12.5	0.163218684	0.7733995819	64833.20318	80	102.1518767	3000	6.330451258
49	1	0.1937718629	11.94917495	1.757200308	22.5	0.1583999765	0.7693242654	20960.25404	80	101.7572003	3000	2.997870904
49	1	0.7785461456	4.777232392	1.843871746	15	0.1594732855	0.7702318635	53778.52065	80	101.8438717	3000	5.753293654
49	1	0.593383553	5.96045457	2.159790571	17.5	0.1633135277	0.7734798092	42924.1743	80	102.1597906	3000	4.590929686
49	1	1.000210463	3.968403205	2.384040189	12.5	0.1659728209	0.7757295207	64922.94855	80	102.3840402	3000	6.042486664
49	1	0.8002872375	4.762000994	2.387001863	15	0.1660075811	0.7757589303	53953.41148	80	102.3870019	3000	5.036664955
49	1	0.5897348871	5.964716201	2.0382377	17.5	0.1618491581	0.7722411819	42892.86309	80	102.0382377	3000	4.878307279
49	1	0.3658580557	8.017635151	0.6640226989	20	0.144079509	0.7572214173	31679.68155	80	100.6640227	3000	3.928769023
49	1	0.3587141508	8.034843614	0.3012885138	20	0.1389827721	0.752916727	31609.90468	80	100.3012885	3000	3.525042686
49	1	0.7834449214	4.773786715	1.96650414	15	0.1609772667	0.7715037652	53817.98713	80	101.9665041	3000	5.753293654
49	1	0.1895129852	11.97933714	1.329225517	22.5	0.15297056	0.7647342071	20905.21318	80	101.3292255	3000	2.6625682
49	1	0.3834881138	7.975670478	1.553650938	20	0.1558449144	0.7671639767	31851.10233	80	101.5536509	3000	3.631858563
49	1	0.5886687821	5.965963262	2.002693777	17.5	0.1614178564	0.7718763951	42883.70911	80	102.0026938	3000	4.682782595
49	1	0.593383553	5.96045457	2.159790571	17.5	0.1633135277	0.7734798092	42924.1743	80	102.1597906	3000	4.16532893
49	1	0.2027676139	11.88626054	2.655319243	22.5	0.1691185208	0.7783913488	21075.96116	80	102.6553192	3000	2.803504898
49	1	0.414927112	7.902559004	3.12104597	20	0.1743445281	0.7828150522	32154.10309	80	103.121046	3000	3.359588012
49	1	0.1968523643	11.92751002	2.065641574	22.5	0.1621807247	0.7725216229	20999.96064	80	102.0656416	3000	2.529028972
49	1	0.6638537212	5.899127333	4.561187125	17.5	0.1884385439	0.7954207222	43379.76975	79.65331187	104.214499	3000	4.609817978
49	1	0.5448844267	6.017916457	0.532068419	17.5	0.1422465151	0.7556731163	42505.72055	80	100.5320684	3000	4.276072984
49	1	0.2021701263	11.89040624	2.595910958	22.5	0.1684361806	0.7778139075	21068.29903	80	102.595911	3000	2.716007555
49	0	0.5119564089	6.057964085	-0.5882468755	17.5	0.1256683237	0.7416775641	42218.77659	80	99.41175312	3000	4.391825515
49	1	0.2033397811	11.88610026	2.719603779	22.5	0.1697681862	0.779011942	21076.2575	79.9664266	102.6860304	3000	2.686377195
49	1	0.8020431199	4.760777666	2.430741159	15	0.1665198518	0.776192358	53967.5066	80	102.4307412	3000	5.155622591
49	1	0.7992361771	4.762733755	2.360810848	15	0.1656998621	0.7754985807	53944.97211	80	102.3608108	3000	5.292701781
49	1	0.5718361119	6.00468749	1.508909037	17.5	0.1543949098	0.7666757825	42601.34798	79.67415744	101.1830665	3000	4.927557313
49	1	0.7563210426	4.792966209	1.285639799	15	0.1524052142	0.7642563635	53599.02808	80	101.2856398	3000	5.081248932
49	1	0.2026339257	11.88718778	2.642029656	22.5	0.1689661962	0.7782624394	21074.24697	79.9999997	102.6420294	3000	2.829006828
49	1	0.5734506623	6.055995591	1.758157362	17.5	0.1550864109	0.7693039298	42232.7923	78.76603347	100.5241908	3000	4.878307279
49	1	0.2027676139	11.88626054	2.655319243	22.5	0.1691185208	0.7783913488	21075.96116	80	102.6553192	3000	2.514348859
49	1	1.185141826	3.406515933	2.132730526	10	0.1629889405	0.773205247	75780.10516	80	102.1327305	3000	7.084887412
49	0	0.1478139377	12.28826472	-2.960776113	22.5	0.08328232529	0.705947686	20357.02903	80	97.03922389	3000	2.183163312
49	1	0.3533756965	8.047781132	0.02936795945	20	0.1350395792	0.7495872435	31557.64214	80	100.029368	3000	3.527658756
49	1	0.561615058	6.055711929	1.303733942	17.5	0.1499250458	0.7644311539	42234.81273	79.01576145	100.3194954	3000	4.563209118
49	1	0.5383094423	6.025844827	0.3093664378	17.5	0.1390982791	0.7530142688	42448.61044	80	100.3093664	3000	4.660580474
49	1	0.5829768022	5.972635606	1.812713286	17.5	0.1590884246	0.7699064138	42834.79603	80	101.8127133	3000	4.607232464
49	1	0.9454070095	3.9941358	1.285754775	12.5	0.1524067087	0.7642576266	64498.87802	80	101.2857548	3000	6.32534234
49	1	0.2299535168	11.70240607	5.322974298	22.5	0.1964141307	0.801520651	21421.22167	80	105.3229743	3000	2.797713602
49	1	0.5641156152	6.025546966	1.290875878	17.5	0.151033554	0.7643012886	42450.7533	79.47582372	100.7666996	3000	4.948503269
49	1	0.2027676139	11.88626054	2.655319243	22.5	0.1691185208	0.7783913488	21075.96116	80	102.6553192	3000	2.686377195
49	1	0.4226992922	8.016769878	3.907367532	20	0.1784936597	0.7898456687	31683.19797	78.25403313	102.1614007	3000	3.27961172
49	1	0.3919822876	7.955702787	1.979504125	20	0.1611357038	0.7716377623	31933.30298	80	101.9795041	3000	3.888733712
49	1	0.8038222996	4.759539137	2.475041751	15	0.1670366366	0.7766296232	53981.78424	80	102.4750418	3000	5.292701781
49	1	0.3819588249	7.979282633	1.476790598	20	0.1548673649	0.7663375715	31836.27618	80	101.4767906	3000	3.571163338
49	1	0.6082560879	5.962914871	2.730557614	17.5	0.1691007741	0.7791096558	42906.09243	79.65308922	102.3836468	3000	4.699126627
49	1	0.7153971724	4.822379774	0.2496163269	15	0.1382417017	0.7522909346	53266.61736	80	100.2496163	3000	5.437319732
49	1	0.6079920115	5.943489556	2.645019745	17.5	0.1690004849	0.7782914566	43049.26541	80	102.6450197	3000	4.948503269
49	1	0.6301193169	5.918085978	3.375654607	17.5	0.1771122768	0.7851587147	43237.91908	80	103.3756546	3000	4.606546474
49	1	0.5927499971	5.961193858	2.138694456	17.5	0.1630605473	0.7732658173	42918.73937	80	102.1386945	3000	4.680370635
49	1	0.1932663585	12.06360615	1.911808263	22.5	0.1577680513	0.7709147472	20752.89522	79.04605623	100.9578645	3000	2.57722464
49	1	0.532118088	6.033341493	0.09920548526	17.5	0.136062609	0.7504509756	42394.74808	80	100.0992055	3000	4.835696875
49	1	0.1980638617	11.91902423	2.18669007	22.5	0.1636353941	0.7737520767	21015.55239	80	102.1866901	3000	2.214642805
49	1	0.438490102	7.849153674	4.280337531	20	0.1864704977	0.793087534	32379.0019	80	104.2803375	3000	3.522115898
49	1	0.820987379	4.747643115	2.901463146	15	0.1719073992	0.7807518269	54119.29983	80	102.9014631	3000	5.201072954
49	1	0.3880380642	7.964954634	1.781983099	20	0.1587077612	0.769584523	31895.16482	80	101.7819831	3000	3.566338716
49	1	0.3951666647	7.948258478	2.138694456	20	0.1630605473	0.7732658173	31964.05453	80	102.1386945	3000	3.581962137
49	1	0.3881791966	7.964622986	1.789057421	20	0.1587954891	0.7696587053	31896.53042	80	101.7890574	3000	3.586951443
49	1	0.1948475644	11.94159523	1.865013156	22.5	0.1597337858	0.7704521556	20974.12945	80	101.8650132	3000	2.686377195
49	1	0.8011744594	4.761382738	2.409105028	15	0.1662667047	0.7759781702	53960.53409	80	102.409105	3000	5.082892206
49	1	0.7562456032	4.7930199	1.283739735	15	0.1523805154	0.7642354879	53598.41759	80	101.2837397	3000	5.081248932
49	1	0.3948807887	7.948925872	2.124413354	20	0.1628890138	0.7731207223	31961.29525	80	102.1244134	3000	3.586951443
49	1	0.3879035537	7.965270762	1.77524025	20	0.1586240901	0.7695137715	31893.86323	80	101.7752403	3000	3.653328592
49	1	1.172370134	3.410783891	1.919838687	10	0.160406964	0.7710214489	75684.15436	80	101.9198387	3000	7.516578714
