#gen	Feasible	f1	f2	c1	c2	c3	c4	c5	x1	x2	x3	x4
12	1	0.7474876457	4.808987667	1.106363417	15	0.1494792756	0.762265152	53417.46099	79.79190529	100.8982687	3000	5.738544061
12	0	0.06049235156	13.38696812	-12.42119208	22.5	-0.3739042278	0.3404498099	18612.4092	77.65729588	85.2361038	3000	2.131382096
12	0	0.6158392279	3.616526646	-7.829624166	10	-0.05611209393	0.5888931302	71327.31243	79.9717786	92.14215443	3000	7.875376239
12	0	1.904039291	2.204220739	1.53182728	-2.5	0.1295391145	0.766685897	117605.3726	71.2647562	92.79658348	3000	12.03724108
12	1	0.8650785614	4.40816827	1.520549627	12.5	0.1294159819	0.7665652095	58356.35865	71.27603385	92.79658348	3000	6.105026124
12	1	2.419375182	2.302303825	9.172108161	2.5	0.2258485981	0.8274014291	112556.7893	79.44402925	108.6161374	3000	10.82615473
12	1	1.277056184	3.115331974	1.367450911	7.5	0.1433887323	0.7650614639	82947.24394	76.43934523	97.80679615	3000	8.545013719
12	1	0.802798913	4.44874375	0.1425348838	12.5	0.1084245764	0.7507500215	57815.90154	71.26730975	91.40984464	3000	6.243923632
12	1	0.1612070508	13.31524234	0.1766469696	22.5	0.1095952913	0.7511730372	18717.51752	71.44008451	91.61673148	3000	2.136303021
12	1	0.4858614179	6.662608091	0.2865891384	17.5	0.1109343226	0.7525057437	38305.66788	71.31888941	91.60547855	3000	4.465301216
12	0	0.7176748324	3.163742303	-7.846071977	7.5	-0.0566232388	0.5883389502	81664.24671	80	92.15392802	3000	8.579216445
12	0	0.9571696485	3.810461837	-0.002911270849	10	0.1065392533	0.7489575195	67651.27048	71.40528198	91.40237071	3000	7.561863227
12	1	1.276502304	2.963536824	0.0003868467772	5	0.1066027287	0.7489986319	87241.97882	71.4078177	91.40820454	3000	9.089317106
12	1	0.1838441926	12.28462933	1.222575373	22.5	0.1453534651	0.7635068457	20363.31963	77.78331648	99.00589185	3000	2.260531642
12	1	0.6493758609	5.336013435	0.3590679314	15	0.1116290306	0.7533747865	48052.65036	71.18819266	91.54726059	3000	5.727119591
12	1	1.778499045	2.193311042	0.1478401571	0	0.1367708082	0.7510489309	118194.8274	80	100.1478402	3000	11.24359005
12	1	2.643251873	2.087725236	8.60198699	0	0.2228875307	0.8240229766	124217.9971	80	108.601987	3000	11.89752132
12	1	0.1733050359	12.37699174	0.1481018212	22.5	0.1298677077	0.7509971816	20204.64364	77.69693365	97.84503547	3000	2
12	1	2.643871951	2.089217759	8.629898048	0	0.2229290696	0.8241899365	124128.6136	79.9162116	108.5461097	3000	11.34620813
12	1	0.809777199	4.437633832	0.2676548766	12.5	0.1109372388	0.7522793059	57962.90079	71.40528198	91.67293685	3000	6.89495769
12	1	1.775057008	2.193766344	0.1127630393	0	0.136260377	0.7506179549	118170.11	80	100.112763	3000	11.8940884
12	1	0.3257658824	8.990783422	0.6560776567	20	0.1125832437	0.7568545491	28153.30801	70.13597067	90.79204833	3000	3.519453414
12	0	1.779790487	2.219015038	0.2497358287	-2.5	0.1106579923	0.7520621363	116815.2906	71.40763194	91.65736777	3000	12.98004182
12	1	0.3011976244	13.25782147	18.03410072	22.5	0.2445695356	0.8662459818	18802.48284	61.79056934	99.82467006	3000	2.980949205
12	1	0.9711239115	3.803968587	0.2563613112	10	0.1107560462	0.7521424326	67768.28524	71.40528198	91.66164329	3000	7.173108331
12	0	0.3900729285	5.082289748	-8.394799173	15	-0.08006701523	0.5689324836	50496.51868	79.94205977	91.54726059	3000	5.727119591
12	1	1.568608032	2.473697377	0.2494397057	2.5	0.1313939678	0.7522338066	104695.7784	77.70324885	97.95268856	3000	10.8827881
12	1	1.121421201	3.329323446	0.05284577098	7.5	0.1077752711	0.7496521628	77557.98231	71.49441466	91.54726043	3000	8.001221011
12	1	0.3262332473	8.89884918	0.4699067067	20	0.1129949997	0.7546945383	28453.45849	71.07735389	91.54726059	3000	3.618920235
12	1	0.4858614179	6.662608091	0.2865891384	17.5	0.1109343226	0.7525057437	38305.66788	71.31888941	91.60547855	3000	4.470591699
12	1	0.8412967023	4.417367778	0.9669449476	12.5	0.1217670859	0.7604663399	58232.95272	71.40409149	92.37103644	3000	6.314334875
12	1	0.1606010991	15.39811604	3.340055189	22.5	0.1084995876	0.7840195483	16063.89346	58.54346215	81.88351734	3000	2.248038008
12	1	0.3171498706	8.956050641	0.02461271232	20	0.1047749914	0.7492804474	28265.98068	70.79382996	90.81844267	3000	3.040025405
12	1	0.9649628687	3.806831075	0.1419786177	10	0.1089092971	0.7507474875	67716.65119	71.40528198	91.54726059	3000	7.885943489
12	1	0.1911967515	12.27123713	2.055550879	22.5	0.1551460145	0.7723531273	20386.52532	77.430104	99.48565488	3000	2.125806971
12	1	0.1602363928	15.39204246	3.276521621	22.5	0.1078361175	0.7834425473	16070.58729	58.60699572	81.88351734	3000	2.248038008
12	1	2.677828993	2.083834481	8.926383987	0	0.2251744725	0.8259709306	124451.6066	80	108.926384	3000	11.89752132
12	0	1.124422954	2.285749819	-6.754406421	0	-0.01634943923	0.6221586707	113378.4735	80	93.24559358	3000	11.80800022
12	1	1.775758751	2.195337229	0.1354323538	0	0.1363646013	0.7508948816	118084.9088	79.92283846	100.0582708	3000	11.34564483
12	0	1.068464965	2.298351423	-7.346104002	0	-0.03815462505	0.6045504034	112751.8974	79.83389708	92.48779308	3000	11.79136307
12	1	0.3520716448	8.240855998	0.4420192023	20	0.1340581821	0.7545483767	30797.19263	77.65112692	98.09314612	3000	3.539807156
12	1	1.56443854	2.647904236	1.454935391	0	0.1007534305	0.7655732987	97748.58271	63.67806314	85.13299853	3000	11.80281401
12	1	0.8041449359	4.941780832	2.474439677	12.5	0.1089126317	0.7759930544	51957.86823	61.78404956	84.25848923	3000	6.172231642
12	1	0.3227962326	8.887098908	0.2246690455	20	0.1099390768	0.7517548272	28492.2688	71.31888941	91.54355846	3000	3.063907969
12	0	0.5618029757	5.078827427	-3.269427221	15	0.06667825803	0.7004957167	50531.55654	77.29650626	94.02707904	3000	5.657571106
12	1	0.1622164756	13.28881108	0.2631617479	22.5	0.1114023932	0.7522295795	18756.5365	71.55706078	91.82022253	3000	2.022924018
12	0	1.282745933	2.741286551	-1.816994588	0	0.03503851072	0.7238323686	94388.10473	62.89463997	81.07764538	3000	11.5878711
12	1	0.6981920433	5.284428248	1.69081868	15	0.1317913484	0.7683791619	48530.51315	71.26777308	92.95859176	3000	5.862954669
12	1	2.467780641	2.288986831	9.33763545	0	0.2102939709	0.8280833223	113216.8645	71.16439525	100.5020307	3000	11.42647321
12	0	0.8430333421	3.209290343	-5.506380845	7.5	0.01127633983	0.6545264246	80492.44882	77.54302547	92.03664462	3000	8.579216445
12	1	0.9996433731	3.770983105	0.6729510526	10	0.119008071	0.7571075169	68368.93935	71.90015143	92.57310248	3000	7.922340714
12	0	0.5934186285	3.994942478	-7.03729737	10	-0.07334496471	0.6137735194	64485.67237	71.37396816	84.33667079	3000	7.773728228
12	0	1.112733383	3.332354869	-0.08559682765	7.5	0.1054936866	0.7479270559	77486.60954	71.49441466	91.40881783	3000	8.287288046
12	1	0.9649628687	3.806831075	0.1419786177	10	0.1089092971	0.7507474875	67716.65119	71.40528198	91.54726059	3000	7.561863227
12	0	0.2431981786	8.527830855	-5.41767649	20	0.01500298329	0.6566236441	29730.53248	77.79864119	92.3809647	3000	3.34752206
12	1	0.1759888759	12.36088749	0.4358502363	22.5	0.1339872399	0.7544750248	20232.1396	77.65729588	98.09314612	3000	2.630434024
12	1	0.6442056532	5.340269235	0.2117192266	15	0.1093146489	0.7515935635	48013.63871	71.20250163	91.41422086	3000	5.710788775
12	0	1.077465229	2.896597171	-3.528735753	5	0.05240428843	0.6957597609	89278.91841	75.20167261	91.67293685	3000	9.761610281
12	0	0.02216279151	13.40477103	-17.22136829	22.5	-1.712337094	-0.7978219783	18586.49472	80	82.77863171	3000	2.248038008
12	1	1.601966498	2.414258012	0.1782963967	2.5	0.1369872714	0.7514201389	107295.561	79.92283846	100.1011349	3000	10.8180938
12	1	0.187070091	15.08393134	6.695564197	22.5	0.149744674	0.8107169863	16417.23608	58.15767349	84.85323768	3000	2.248038008
12	1	2.639744864	2.088121157	8.569030646	0	0.2226522295	0.8238225945	124194.2739	80	108.5690306	3000	11.2579204
12	1	1.78452971	2.19417084	0.2247989149	0	0.1376603686	0.7519874628	118148.1594	79.92304124	100.1478402	3000	11.34564483
12	1	0.3179688232	9.925169006	2.309076348	20	0.1055353657	0.7743440273	25418.14127	61.56429111	83.87336746	3000	3.285718885
12	1	0.4969676308	6.638586737	0.6788953413	17.5	0.1173943509	0.757161205	38447.53139	71.40409149	92.08298684	3000	4.428842751
12	1	0.2259826824	14.12122465	10.2345138	22.5	0.1928368399	0.8326279155	17597.82908	61.15139932	91.38591312	3000	2.919612909
12	1	0.1461614446	15.32484651	1.103227149	22.5	0.07970153311	0.7615476612	16144.99943	60.12209437	81.22532152	3000	2.94281151
12	1	0.1601624024	13.31769014	0.0483173582	22.5	0.1077011464	0.7495961131	18713.91182	71.49441466	91.54273202	3000	2.131357558
12	1	0.3042370805	9.926529631	1.334201578	20	0.09224470245	0.7641913701	25414.53385	62.09071942	83.424921	3000	3.161469523
12	1	0.9103929178	4.395550824	2.595540767	12.5	0.1428841673	0.7775475877	58526.45426	70.92839757	93.52393834	3000	6.226735707
12	1	0.1448406917	15.25216787	0.807589544	22.5	0.0767808406	0.7582266769	16226.22116	60.62635694	81.43394648	3000	2.007813816
12	1	1.117166573	3.333990115	0.004562659382	7.5	0.1066623597	0.7490504884	77448.1627	71.40528198	91.40984464	3000	8.507915044
12	1	1.121654749	3.848010614	3.276521621	7.5	0.1078361175	0.7834425473	66982.34914	58.60699572	81.88351734	3000	8.691570184
12	1	0.3485171208	9.790436835	4.147196398	20	0.1313458431	0.7912900779	25780.32126	61.56429111	85.71148751	3000	3.052630474
12	0	2.941094177	1.910604122	8.88790322	-2.5	0.2249059289	0.8257421547	135816.9666	80	108.8879032	3000	12.68561791
12	0	0.4790761483	6.650641267	-0.03628499269	17.5	0.1068402166	0.7485487878	38376.21255	71.64176355	91.60547855	3000	4.444934551
12	1	0.6080699042	5.962034987	2.720102675	17.5	0.1690300755	0.7790094125	42912.55738	79.67232689	102.3924296	3000	4.133703222
12	1	0.8270691872	4.426459382	0.6518574781	12.5	0.1169808322	0.7568462502	58111.49823	71.40503915	92.05689663	3000	6.260831918
12	1	1.636891885	3.514301939	11.72380032	10	0.2283993449	0.8408323937	73428.27473	71.89018844	103.6139888	3000	7.561863227
12	1	0.1759888759	12.36088749	0.4358502363	22.5	0.1339872399	0.7544750248	20232.1396	77.65729588	98.09314612	3000	2.089924317
12	1	0.9896543543	3.811074743	0.6864529598	10	0.1161718953	0.7572368598	67640.24589	71.01850527	91.70495823	3000	7.773728228
12	0	0.03546478579	13.29438838	-15.58962827	22.5	-0.9200498911	-0.1328302658	18748.29013	79.84811751	84.25848923	3000	2.342220433
12	1	1.635898714	2.408783393	0.5618917323	2.5	0.1424427467	0.7560229969	107541.465	79.92283846	100.4847302	3000	10.90826054
12	1	0.9796782574	3.8000056	0.4149405511	10	0.113281664	0.754050442	67839.89869	71.40528198	91.82022253	3000	7.561863227
12	0	1.866603037	2.05775021	-0.3250710605	-2.5	0.1241147996	0.7450662357	126040.5775	78.17010653	97.84503547	3000	12.03645856
12	1	0.2035211759	11.88103853	2.730197052	22.5	0.1699733877	0.7791148401	21085.62014	80	102.7301971	3000	2.971970143
12	0	1.075902013	3.348529863	-0.6558750612	7.5	0.09541184741	0.7405571544	77107.9649	71.40528198	90.74940691	3000	8.094189043
12	0	0.4641657934	5.021394365	-6.348575148	15	-0.003435904101	0.6333488374	51119.81383	79.91222332	93.56364817	3000	5.288802727
12	1	0.2192907149	12.78960263	6.442442696	22.5	0.1865149619	0.8095621577	19523.77763	71.40259278	97.84503547	3000	2
12	1	0.6929606987	4.952971798	0.1495002644	15	0.1297665699	0.7510133455	51838.43879	77.65729588	97.80679615	3000	5.625258058
12	1	0.7175058942	5.282251326	2.288838227	15	0.1390109991	0.7745210544	48550.88445	70.97615444	93.26499267	3000	5.662909987
12	0	0.1234429503	12.85775477	-5.118260443	22.5	0.02075366377	0.6634891159	19415.52202	77.20124728	92.08298684	3000	2.271942213
12	1	0.5512596125	6.23934583	1.55385495	17.5	0.1452273726	0.7670693856	40965.28638	76.21598863	97.76984358	3000	4.570181898
12	1	0.9789581028	3.805659217	0.4307700638	10	0.1130707444	0.7542351601	67737.77997	71.27418817	91.70495823	3000	7.773728228
12	1	0.5271283358	6.567392675	1.707799303	17.5	0.1335641999	0.7685738347	38874.07975	71.74100082	93.44880013	3000	4.609010865
12	1	0.9609744146	3.805054326	0.0483173582	10	0.1077011464	0.7495961131	67748.69136	71.49441466	91.54273202	3000	7.763444072
12	1	2.3802822	2.296310804	8.616137413	2.5	0.2229883921	0.8241088722	112852.8942	80	108.6161374	3000	10.04215603
12	1	0.5164904978	6.186652914	0.008154954347	17.5	0.1280765852	0.749271491	41321.8611	77.79864119	97.80679615	3000	4.145842772
12	1	0.3239108796	8.875267664	0.2676548766	20	0.1109372388	0.7522793059	28531.4504	71.40528198	91.67293685	3000	3.040025405
12	0	0.2381958449	9.985632764	-3.242703958	20	0.006917688799	0.7005946809	25258.78294	64.14408597	80.90138201	3000	3.224267784
