#gen	Feasible	f1	f2	c1	c2	c3	c4	c5	x1	x2	x3	x4
4	1	0.1940680133	11.98341638	1.854442473	22.5	0.1587686614	0.770334407	20897.79052	79.68528706	101.5397295	3000	2.113720638
4	0	0.06194286604	13.04548245	-12.4377235	22.5	-0.3557817327	0.3390340214	19123.17669	79.80084422	87.36312072	3000	2.714631803
4	1	1.784098028	2.193868988	0.2170358438	0	0.1375968927	0.7518933214	118164.5391	79.93970704	100.1567429	3000	11.42783347
4	1	0.1742918892	13.56735648	2.257499908	22.5	0.1313972162	0.7741302178	18352.97683	68.77639089	91.03389079	3000	2.55313673
4	1	0.4338018331	7.970768968	4.398783128	20	0.1841627994	0.794042468	31871.24215	78.51311024	102.9118934	3000	3.864805491
4	1	0.5386823128	9.667068089	17.30577556	20	0.2261859151	0.8632454485	26120.80896	55.0187919	92.32456746	3000	3.116272216
4	0	0.2207903502	9.113127985	-5.850027028	20	-0.02407004273	0.6460664556	27763.26474	72.535157	86.68512997	3000	3.728084443
4	1	0.1724579359	13.58185418	2.04440032	22.5	0.1285408387	0.7719719363	18332.4256	68.80645611	90.85085643	3000	2.433883797
4	0	0.1111806993	12.77808194	-6.686800021	22.5	-0.02107386368	0.6240453364	19542.19165	78.5593461	91.87254608	3000	2.554953766
4	1	1.624194271	3.492881238	11.27205076	10	0.2270578066	0.8386043003	73884.10579	72.69317236	103.9652231	3000	7.282488498
4	1	2.46705157	2.886570137	17.80415386	2.5	0.2292141175	0.8649972207	89592.17154	55.08742787	92.89158173	3000	10.30013197
4	1	0.6196939793	5.990897819	3.273750955	17.5	0.1733625554	0.7841994155	42701.47809	78.92878601	102.202537	3000	4.598494195
4	1	1.29635938	3.417171846	4.311244335	10	0.1833226464	0.7933090228	75540.99032	78.53051437	102.8417587	3000	7.518241348
4	1	1.354367924	2.994498512	1.461163331	5	0.1234707892	0.7658752866	86330.63277	69.76412777	91.2252911	3000	9.829958813
4	1	0.4638306771	7.862828407	5.74751717	20	0.1981363073	0.8047320278	32321.12432	79.03735777	104.7848749	3000	3.612239864
4	1	1.708850225	4.249745775	21.58451595	12.5	0.2630210947	0.8774220524	60565.32377	63.07187652	104.6563925	3000	6.668754697
4	1	0.2839624138	12.97351198	14.96373488	22.5	0.2351356224	0.855018653	19234.25513	65.39187762	100.3556125	3000	2.51619865
4	1	0.1920702266	12.20984412	2.044200116	22.5	0.1562595336	0.7722489551	20493.55731	77.8856517	99.92985182	3000	2.557405391
4	1	1.441340617	2.749414707	0.7073219904	2.5	0.107676607	0.7573969955	94106.40241	68.56398157	89.27130356	3000	10.01812255
4	1	0.2831602806	12.55808735	13.68254767	22.5	0.2346685964	0.8497983467	19900.30125	68.9417449	102.6242926	3000	2.213558198
4	1	0.1682566464	13.47902324	1.333959837	22.5	0.1217626309	0.7644951281	18479.14902	69.81055769	91.14451753	3000	2
4	0	0.01713121375	13.62889852	-17.81636139	22.5	-2.332747797	-1.287608255	18266.03896	78.96185936	81.14549797	3000	2.439807339
4	1	1.106460339	5.041127868	11.82281046	12.5	0.1884457085	0.8404063044	50916.18218	55.04657403	86.86938449	3000	6.590093167
4	1	2.05431593	2.35467262	5.290109029	2.5	0.1949012742	0.8012508482	110033.4681	79.45246789	104.7425769	3000	10.92233048
4	1	3.022858286	2.176237512	14.24455068	0	0.2451290726	0.8523804839	119129.1781	72.95188858	107.1964393	3000	11.74084821
4	1	1.74866593	2.397035179	1.88367008	2.5	0.1590519879	0.7706378266	108072.9522	79.65605946	101.5397295	3000	10.07010381
4	1	0.6293143623	6.003336921	3.68942673	17.5	0.1768271816	0.7879386877	42611.13446	78.51311024	102.202537	3000	4.936596689
4	1	2.01288631	2.208953094	2.996728209	0	0.1674221024	0.7815952311	117351.4924	77.81719436	100.8139226	3000	11.64169718
4	1	0.3094747547	13.01143503	18.33763025	22.5	0.2487266379	0.867358287	19175.57195	63.20209928	101.5397295	3000	2.411637493
4	1	0.5028957207	6.946506346	1.923307368	17.5	0.1207256811	0.7706612565	36703.36304	67.06168621	88.98499358	3000	4.846678221
4	1	0.2201505795	11.99176804	4.844589753	22.5	0.1873487922	0.7976852744	20882.60946	77.99716895	102.8417587	3000	2.557405391
4	1	0.9974907298	3.844573258	1.039529821	10	0.118401674	0.7612426535	67043.0414	70.11002198	91.1495518	3000	7.397736044
4	1	0.1883767987	13.43934816	3.848863448	22.5	0.1514806126	0.7890279468	18536.35933	68.6753099	92.52417334	3000	2.554953766
4	0	0.08616939595	13.48345484	-9.117839024	22.5	-0.1432936614	0.5402980848	18472.77968	75.35900623	86.24116721	3000	2.469345256
4	1	0.4752378472	7.829262787	6.273727741	20	0.2029816568	0.808602001	32463.54994	79.14859016	105.4223179	3000	3.154659413
4	1	0.275470992	12.4515513	12.4530497	22.5	0.2300536609	0.844284727	20078.26959	70.388709	102.8417587	3000	2.557405391
4	1	0.2207475022	11.82856667	4.565331024	22.5	0.1879238218	0.7954485199	21183.14898	79.41263999	103.977971	3000	2.828226169
4	0	0.04833529334	13.23308395	-14.01559269	22.5	-0.5685528605	0.1649641512	18839.31406	79.42486017	85.40926748	3000	2.048673527
4	0	0.1070511557	12.73453174	-7.227209133	22.5	-0.03731696606	0.6082074207	19612.1009	79.13592644	91.9087173	3000	2.324583554
4	1	0.4159612674	7.924974295	3.246482299	20	0.1749055487	0.7839677802	32060.61164	79.67020004	102.9166823	3000	3.864805491
4	1	0.1745183019	13.56501758	2.282851799	22.5	0.1317456902	0.7743843574	18356.29647	68.77648655	91.05933835	3000	2.854021687
4	1	0.3107963339	12.9560918	18.33137552	22.5	0.2493698879	0.8673581279	19261.32674	63.57048121	101.9018567	3000	2.721560555
4	1	0.2053569697	12.00545061	3.182862337	22.5	0.1720297164	0.7833580111	20857.78391	78.79772149	101.9805838	3000	2.438926737
4	1	0.5096	6.661969993	0	15	0.03253307202	0.7482795858	38309.42308	55	75	3000	5.298960214
4	1	0.2010038653	12.03730135	2.747617153	22.5	0.1670926052	0.7792518847	20800.21273	78.79211239	101.5397295	3000	2
4	1	0.1604335345	14.32461117	1.638822644	22.5	0.1081951303	0.7675912082	17335.18956	64.83520767	86.47403032	3000	2.35199596
4	1	1.652080844	2.545069785	1.769547833	0	0.1166283551	0.7690399491	101734.5138	66.55352625	88.32307408	3000	11.88347273
4	0	1.383921748	2.711835479	-0.4039019546	2.5	0.09554811887	0.7438300526	95422.9525	70.2725994	89.86869744	3000	10.37919288
4	1	1.279888736	3.84579455	7.107215044	10	0.1805342668	0.8139817921	67021.46501	66.74536527	93.85258031	3000	7.856191376
4	1	0.1883017988	12.12986833	1.463016294	22.5	0.1513816282	0.7661593598	20634.61133	78.79211239	100.2551287	3000	2
4	1	0.1723070835	14.04812166	2.802361175	22.5	0.1283031801	0.779347346	17694.08727	65.70642824	88.50878941	3000	2.680313855
4	1	0.3732458653	8.082508491	1.258911051	20	0.149145049	0.7639368988	31418.18442	78.94783442	100.2067455	3000	3.034050908
4	1	0.9869243949	4.637356121	6.936095615	15	0.2102578602	0.8132776963	55427.78532	80	106.9360956	3000	5.209183021
4	1	1.446371828	2.822913515	1.349967128	2.5	0.1086934552	0.7645354539	91632.7675	66.13437851	87.48434564	3000	10.72264538
4	1	2.44246207	2.304340537	9.23320765	0	0.2083274774	0.8274585795	112456.5095	70.6394606	99.87266825	3000	11.47876319
4	1	0.2682290005	11.50196408	9.082032897	22.5	0.225465231	0.8268777816	21810.2083	79.57312704	108.6551599	3000	2.485812938
4	1	0.1614993001	14.25858196	1.681375168	22.5	0.1101208081	0.768055774	17419.63381	65.1670393	86.84841447	3000	2.720313012
4	1	0.9552131993	3.940638698	0.6526835433	10	0.1059381927	0.756753377	65386.71644	68.33231003	88.98499358	3000	7.463164713
4	0	-0.01414386605	4.74302844	-20.37642714	12.5	16.9496783	14.2695267	54172.83022	76.86980592	76.49337878	3000	6.459361422
4	1	0.7486938882	8.620251324	26.47391492	20	0.2749414484	0.8896569288	29402.13276	58.95682336	105.4307383	3000	3.159083575
4	0	0.3743024525	5.126825393	-9.211356294	12.5	-0.2253670837	0.5361173848	50050.04803	65.4099958	76.19863951	3000	6.761302811
4	1	1.510112582	2.70876272	1.623967563	5	0.1519904824	0.7678718928	95532.21907	78.2634369	99.88740446	3000	9.822093767
4	1	1.140860297	3.713232514	3.260088604	10	0.1537895565	0.7838629889	69446.25465	71.78488302	95.04497162	3000	7.702006079
4	1	1.977706943	2.17456668	2.231440592	0	0.1632850166	0.7741951896	119221.4028	79.65969757	101.8911382	3000	11.01345265
4	1	1.3877989	2.848575219	0.6654351297	2.5	0.09639867888	0.7568082596	90799.17586	65.80737487	86.47281	3000	10.54735051
4	1	1.381429926	3.204169793	3.810607866	7.5	0.1627769601	0.7888338929	80622.52125	72.6681878	96.47879566	3000	8.224708764
4	0	0.4287804086	3.551207978	-11.8551061	7.5	-0.3642770046	0.3861566522	72655.81583	72.6681878	80.81308169	3000	8.255999278
4	0	0.2738580531	7.778165183	-6.679281103	17.5	-0.1128418109	0.6238863222	32682.72727	63.26754638	76.58826527	3000	4.830251197
4	1	1.432816859	2.751445354	0.5990005958	2.5	0.1059375892	0.7561338752	94036.2849	68.56398157	89.16298216	3000	10.35428218
4	1	0.9841822392	4.621417696	5.753447933	12.5	0.1621614943	0.8042830001	55622.04954	65.11419931	90.86764725	3000	6.154229235
4	1	0.8126983986	4.865105946	2.353759073	12.5	0.1119762589	0.7748574452	52790.91709	63.01950752	85.3732666	3000	6.668754697
4	1	1.134916288	3.710431707	3.119404899	10	0.1525000542	0.7825669883	69499.35529	71.92556672	95.04497162	3000	7.691607293
4	1	0.1730651944	13.59007727	2.136778764	22.5	0.1294933462	0.7729095422	18320.78843	68.70705538	90.84383415	3000	2.514073873
4	1	0.5209888013	6.723372941	1.973944953	17.5	0.130424417	0.7712789082	37951.33285	69.65720665	91.6311516	3000	4.903753861
4	1	0.6701491407	5.502255775	0.8650883639	12.5	0.05070994064	0.7585834406	46573.62003	55.11480858	75.97989695	3000	6.675123695
4	1	0.9462238343	4.663645795	5.960712645	15	0.2020963543	0.8063439418	55110.25709	80	105.9607126	3000	5.650920821
4	1	3.19917153	2.150973172	15.85215195	0	0.2536643435	0.8588778003	120538.9856	73.12733553	108.9794875	3000	11.40085448
4	1	1.432993917	2.700318406	0.2103191892	2.5	0.105973923	0.7515472956	95833.77756	70.28494413	90.49526332	3000	10.2755534
4	1	1.24559308	3.276960362	1.392611459	2.5	0.06173737922	0.7644648778	78811.6752	55.31887221	76.71148367	3000	10.74305344
4	1	0.5552320001	6.093654386	1.193783277	17.5	0.1470501343	0.7632066516	41966.23157	78.5115131	99.70529637	3000	4.27699678
4	1	1.649700979	2.679451037	3.122270596	2.5	0.1445976058	0.7825036393	96587.13316	69.3309754	92.453246	3000	10.30013197
4	0	0.1277902113	4.177095808	-17.08761432	10	-1.798069139	-0.7153064781	61634.35689	73.16657865	76.07896433	3000	7.249030639
4	1	0.562201684	6.099825421	1.484579658	17.5	0.1501859851	0.7663787959	41922.86491	78.2634369	99.74801656	3000	4.795462116
4	1	1.043409514	3.823431823	1.482975521	7.5	0.08592676047	0.7657063856	67418.72832	60.05899896	81.54197448	3000	8.583164771
4	1	1.977706943	2.17456668	2.231440592	0	0.1632850166	0.7741951896	119221.4028	79.65969757	101.8911382	3000	11.67805731
4	1	1.592491749	2.712013316	2.588218564	2.5	0.135422441	0.7773954468	95416.63621	68.63898482	91.22720339	3000	10.97434558
4	1	0.2287608904	11.75461782	5.305228722	22.5	0.1953527522	0.8013720983	21322.0751	79.59293797	104.8981667	3000	2.485812938
4	0	0.07768251618	13.01001621	-10.53833786	22.5	-0.2026489476	0.4715189432	19177.7613	79.04712727	88.50878941	3000	2.677742956
4	1	1.052456996	3.875983279	2.399723509	10	0.1331086013	0.7755459229	66492.4476	68.70705538	91.10677889	3000	7.498648335
4	1	0.8182197224	4.871932633	2.540580844	12.5	0.1139198351	0.776690048	52715.68389	62.81103782	85.35161866	3000	6.668754697
4	1	0.9462921031	4.591063134	4.576527414	12.5	0.1526382896	0.7951005393	55995.7543	66.29111983	90.86764725	3000	6.116816954
4	1	1.89101325	4.399046781	28.07250972	12.5	0.2762163972	0.8929895615	58479.22759	56.24269744	104.3152072	3000	6.728535749
4	1	0.1723382661	13.57315531	2.014432079	22.5	0.1283523404	0.7716673541	18344.75143	68.87464187	90.88907395	3000	2.528194299
4	1	0.164454643	14.18792648	1.9712431	22.5	0.1153301009	0.7710896244	17510.86507	65.39187762	87.36312072	3000	2.680313855
4	1	1.499214254	3.015999448	4.310878763	7.5	0.1814141604	0.7932842179	85708.76915	77.74026286	102.0511416	3000	8.592743198
4	1	0.64540613	5.541064577	0.2283904837	12.5	0.03731916659	0.7510838938	46241.12178	55	75.22839048	3000	6.551424566
4	1	1.354644449	3.212484828	3.405045957	7.5	0.1580863328	0.7852158703	80411.51243	72.6681878	96.07323375	3000	8.203586262
4	1	0.1824890602	13.49841288	3.197236185	22.5	0.1434625036	0.7831741767	18451.31206	68.6753099	91.87254608	3000	2.554953766
4	1	1.033676946	3.82854068	1.308800362	7.5	0.08296960894	0.7638159861	67327.56289	60.05899896	81.36779933	3000	8.488612547
4	1	1.171570754	3.308396166	0.8247755678	7.5	0.1202840671	0.7588526106	78054.26873	71.59709566	92.42187123	3000	8.353589971
