#gen	Feasible	f1	f2	f3	f4	f5	c1	c2	c3	c4	c5	c6	c7	x1	x2	x3
38	1	66648.02144	318.9152034	1035654.312	2311996.641	8241.564813	0.6703374075	1.008470393	42265.14815	16072.48345	10072.07558	2119.32579	555.6628977	0.1063050678	0.03629457073	0.01000000045
38	1	66034.03964	136.3656942	871581.284	2905693.216	24263.57901	0.02945683941	0.8673844553	36590.81927	15105.16875	9086.318275	2119.326821	480.048212	0.04545523141	0.03054462111	0.01
38	1	65806.31428	168.724089	810726.7226	3162759.498	20981.914	0.1607234399	0.8962819947	37753.04809	15303.29632	9288.223305	2119.326734	495.5357821	0.05624136299	0.02841196917	0.01
38	1	64644.60821	4273.34789	500286.4976	4873931.726	626.4326358	0.9749426946	1.075527385	44962.11022	16532.24021	10540.59796	2119.316986	591.6019388	1.424449297	0.01753257189	0.01
38	1	64837.48124	654.4566963	551827.5431	4536256.645	7471.921517	0.7011231393	1.015247684	42537.7237	16118.94997	10119.42802	2119.325641	559.2951711	0.2181522321	0.01933883108	0.01
38	1	66648.02144	318.9152034	1035654.312	2311996.641	8241.564813	0.6703374075	1.008470393	42265.14815	16072.48345	10072.07558	2119.32579	555.6628977	0.1063050678	0.03629457073	0.01000000045
38	1	64841.83661	520.7458389	552991.4201	4528907.841	9565.111654	0.6173955338	0.9968155636	41796.40309	15992.5755	9990.644123	2119.325997	549.4165184	0.1735819463	0.01937961922	0.01
38	1	65386.31248	472.3184533	698489.9288	3698012.83	8251.838319	0.6699264672	1.008379927	42261.50959	16071.86318	10071.44349	2119.325756	555.6144116	0.1574394844	0.02447862365	0.01000002146
38	1	65175.57935	181.7052184	642176.7782	3999790.29	24728.3683	0.01086526815	0.8632916346	36426.2103	15077.10751	9057.72203	2119.326832	477.8546741	0.06056840613	0.02250512573	0.01
38	1	64006.53381	354.1963015	329775.2401	6180691.535	24702.54897	0.01189804136	0.8635189933	36435.35443	15078.66633	9059.310569	2119.326831	477.9765265	0.1180654338	0.01155699411	0.01
38	1	67612.12455	284.9747614	1293289.534	1614806.28	7306.366264	0.7077453494	1.016705523	42596.35646	16128.94522	10129.61384	2119.325605	560.0764966	0.09499158714	0.04532341336	0.01
38	1	67199.87242	641.2793913	1183124.281	1882648.837	3155.771803	0.8737691279	1.053254643	44066.32383	16379.53363	10384.97991	2119.323704	579.6649136	0.2137597971	0.04146266513	0.01
38	1	65806.31428	168.724089	810726.7226	3162759.498	20981.914	0.1607234399	0.8962819947	37753.04809	15303.29632	9288.223305	2119.326734	495.5357821	0.05624136299	0.02841196917	0.01
38	1	64024.07735	4350	334463.3639	6140458.504	1279.61436	0.9488154256	1.069775626	44730.78051	16492.80495	10500.41083	2119.320313	588.519297	1.45	0.0117212897	0.01
38	1	73489.66354	127.0302446	2835639.933	190228.9321	7615.755119	0.6953697952	1.013986584	42481.16241	16109.68104	10110.29603	2117.619039	558.5684893	0.04234341487	0.09937518045	0.01099148653
38	1	66648.08188	228.1590676	1035670.477	2311944.567	11823.96098	0.5270415609	0.9769246889	40996.41292	15856.1995	9851.668012	2119.326249	538.7560496	0.07605302253	0.03629513724	0.01
38	1	67612.12455	284.9747614	1293289.534	1614806.28	7306.366264	0.7077453494	1.016705523	42596.35646	16128.94522	10129.61384	2119.325605	560.0764966	0.09499158714	0.04532341336	0.01
38	1	73489.66354	127.0302446	2835639.933	190228.9321	7615.755119	0.6953697952	1.013986584	42481.16241	16109.68104	10110.29603	2117.619039	558.5684893	0.04234341487	0.09937518045	0.01099148653
38	1	65852.89059	704.6797263	823173.2095	3108394.751	4363.214855	0.8254714058	1.042622194	43638.69788	16306.63534	10310.69176	2119.324574	573.9664774	0.2348932421	0.02884815709	0.01
38	1	73450.5107	4350	2853468.965	183749.9671	-525.3448276	1.021013793	1.085669655	45370.02174	16601.77773	10611.46127	2119.266935	597.0376655	1.45	0.1	0.01
38	1	63840.2774	733.0656477	285346.8965	6575303.126	13456.10016	0.4617559936	0.9625524705	40418.37732	15757.66057	9751.250355	2119.326381	531.0532921	0.2443552159	0.01	0.01
38	1	65125.20528	313.3986657	628715.4217	4075502.928	14332.25396	0.4267098416	0.9548372745	40108.0802	15704.76357	9697.344835	2119.32644	526.9183504	0.1044662219	0.02203337164	0.01
38	1	63864.00476	4350	291687.5089	6517480.958	1579.456228	0.9368217509	1.067135292	44624.58903	16474.70226	10481.96301	2119.321219	587.1042159	1.45	0.01022220716	0.01
38	1	64918.27747	274.9633085	571944.7264	4413153.065	18156.99146	0.2737203417	0.9211578563	38753.22494	15473.818	9462.012451	2119.237731	508.865297	0.09165443618	0.02004383904	0.01005165019
38	1	65159.50385	389.7285894	637880.9553	4023797.831	11200.95363	0.5519618548	0.9824107392	41217.05612	15893.81301	9889.998651	2119.326189	541.6962857	0.1299095298	0.02235457834	0.01
38	1	64837.48124	654.4566963	551827.5431	4536256.645	7471.921517	0.7011231393	1.015247684	42537.7237	16118.94997	10119.42802	2119.325641	559.2951711	0.2181522321	0.01933883108	0.01
38	1	65385.65625	194.0106995	698315.1771	3698912.384	21191.9521	0.1523219158	0.8944324505	37678.66135	15290.61546	9275.300673	2119.32674	494.5445232	0.06467023316	0.02447249946	0.01
38	1	64006.53381	354.1963015	329775.2401	6180691.535	24702.54897	0.01189804136	0.8635189933	36435.35443	15078.66633	9059.310569	2119.326831	477.9765265	0.1180654338	0.01155699411	0.01
38	1	63941.37256	4350	312362.078	6332451.904	1424.282878	0.9430286849	1.068501711	44679.5449	16484.07071	10491.51007	2119.320765	587.8365444	1.45	0.01094674874	0.01000000913
38	1	66648.02144	318.9152034	1035654.312	2311996.641	8241.564813	0.6703374075	1.008470393	42265.14815	16072.48345	10072.07558	2119.32579	555.6628977	0.1063050678	0.03629457073	0.01000000045
38	1	66332.02697	360.23549	951211.7981	2600603.15	7916.314544	0.6833474183	1.011334468	42380.33823	16092.12014	10092.08666	2119.325731	557.1978918	0.1200784967	0.03333527751	0.01
38	1	63895.55328	4350	300118.1521	6441385.851	1513.597918	0.9394560833	1.067715224	44647.9133	16478.6784	10486.01495	2119.32104	587.4150292	1.45	0.01051765959	0.01
38	1	65806.31428	168.724089	810726.7226	3162759.498	20981.914	0.1607234399	0.8962819947	37753.04809	15303.29632	9288.223305	2119.326734	495.5357821	0.05624136299	0.02841196917	0.01
38	1	65385.65625	194.0106995	698315.1771	3698912.384	21191.9521	0.1523219158	0.8944324505	37678.66135	15290.61546	9275.300673	2119.32674	494.5445232	0.06467023316	0.02447249946	0.01
38	1	64455.57673	260.3214131	449772.0192	5229259.599	24641.61989	0.01433520451	0.8640555198	36456.93297	15082.34487	9063.059242	2119.32683	478.2640766	0.08677380435	0.0157622888	0.01
38	1	67261.89735	141.9345956	1199699.071	1839677.668	16704.82803	0.3318068787	0.9339449675	39267.81347	15561.52154	9551.371788	2119.326571	515.7211663	0.04731153187	0.04204352966	0.01
38	1	67612.12455	284.9747614	1293289.534	1614806.28	7306.366264	0.7077453494	1.016705523	42596.35646	16128.94522	10129.61384	2119.325605	560.0764966	0.09499158714	0.04532341336	0.01
38	1	64014.1896	354.0549384	330798.1608	6174081.285	24638.36038	0.01446558461	0.8640844198	36457.8841	15082.52051	9063.249566	2119.265125	478.2777288	0.1180183128	0.01159284243	0.01003584832
38	1	64639.33572	236.2462464	498877.3914	4883508.624	24475.06614	0.02099735457	0.8655221515	36515.91933	15092.4004	9073.30649	2119.326817	479.0501142	0.0787487488	0.01748318967	0.01000000519
38	1	65124.12193	290.0387071	628425.9223	4077146.848	15555.71441	0.3777714234	0.944063781	39674.78156	15630.89824	9622.07121	2119.326512	521.1443212	0.09667956902	0.02202322612	0.01
38	1	65806.31428	168.724089	810726.7226	3162759.498	20981.914	0.1607234399	0.8962819947	37753.04809	15303.29632	9288.223305	2119.326734	495.5357821	0.05624136299	0.02841196917	0.01
38	1	65852.89059	704.6797263	823173.2095	3108394.751	4363.214855	0.8254714058	1.042622194	43638.69788	16306.63534	10310.69176	2119.324574	573.9664774	0.2348932421	0.02884815709	0.01
38	1	63840.2774	733.0656477	285346.8965	6575303.126	13456.10016	0.4617559936	0.9625524705	40418.37732	15757.66057	9751.250355	2119.326381	531.0532921	0.2443552159	0.01	0.01
38	1	64837.48124	654.4566963	551827.5431	4536256.645	7471.921517	0.7011231393	1.015247684	42537.7237	16118.94997	10119.42802	2119.325641	559.2951711	0.2181522321	0.01933883108	0.01
38	1	63840.2774	733.0656477	285346.8965	6575303.126	13456.10016	0.4617559936	0.9625524705	40418.37732	15757.66057	9751.250355	2119.326381	531.0532921	0.2443552159	0.01	0.01
38	1	65806.31428	168.724089	810726.7226	3162759.498	20981.914	0.1607234399	0.8962819947	37753.04809	15303.29632	9288.223305	2119.326734	495.5357821	0.05624136299	0.02841196917	0.01
38	1	65159.83324	697.7516818	637968.9797	4023304.457	5917.650723	0.7632939711	1.028934212	43088.18156	16212.78767	10215.05481	2119.325232	566.6304347	0.2325838939	0.02235766316	0.01
38	1	64237.40029	4350	390699.6299	5679294.252	988.6487404	0.9604540504	1.072337947	44833.67548	16510.35582	10518.30486	2119.2727	589.8911851	1.45	0.01369209319	0.01002696952
38	1	66700.95772	137.1248731	1049800.374	2266882.284	19899.56441	0.2040174237	0.9058129005	38136.37115	15368.64221	9354.815058	2119.326699	500.6438493	0.04570829103	0.03679032039	0.01
38	1	65385.65625	194.0106995	698315.1771	3698912.384	21191.9521	0.1523219158	0.8944324505	37678.66135	15290.61546	9275.300673	2119.32674	494.5445232	0.06467023316	0.02447249946	0.01
38	1	68054.481	416.0244278	1408838.154	1375991.206	4321.906862	0.8271237255	1.042986456	43652.79865	16309.07423	10313.20666	2119.164008	574.1569243	0.1386748093	0.04937282203	0.0100932671
38	1	65852.23567	322.4617317	822998.197	3109152.668	10444.13633	0.5822345466	0.9890750872	41485.08923	15939.50517	9936.561971	2119.326107	545.2680278	0.1074872439	0.02884202377	0.01
38	1	64643.33501	383.5542603	499896.3635	4876665.722	14749.8819	0.4100047241	0.9511597547	39960.1639	15679.54863	9671.649702	2119.323456	524.9473024	0.1278514201	0.01751889961	0.01000174873
38	1	73425.80764	173.1439715	2843474.333	186545.6871	5291.850645	0.7883259742	1.03444551	43309.13961	16250.49961	10253.52338	2119.120313	569.5781094	0.05771465717	0.09964973751	0.01011891788
38	1	63895.55328	4350	300118.1521	6441385.851	1513.597918	0.9394560833	1.067715224	44647.9133	16478.6784	10486.01495	2119.32104	587.4150292	1.45	0.01051765959	0.01
38	1	64622.97178	387.7001582	494504.6411	4913346.667	14751.11061	0.4099555756	0.9511489253	39959.73866	15679.47548	9671.574604	2119.326466	524.9415881	0.1292333861	0.01732994636	0.01
38	1	64247.13102	297.0627863	394069.5188	5651186.828	24646.37255	0.01414509804	0.8640136691	36455.24977	15082.05793	9062.766834	2119.32683	478.2416468	0.09902092877	0.01381019116	0.01
38	1	65852.89059	704.6797263	823173.2095	3108394.751	4363.214855	0.8254714058	1.042622194	43638.69788	16306.63534	10310.69176	2119.324574	573.9664774	0.2348932421	0.02884815709	0.01
38	1	67675.35049	214.8400076	1310185.242	1577243.32	9803.208165	0.6078716734	0.9947189439	41712.07924	15978.20064	9975.995192	2119.326027	548.2928398	0.07161333587	0.04591552452	0.01000000086
38	1	64412.93155	307.6636376	438376.0396	5312936.894	21290.97382	0.1483610471	0.8935604895	37643.59199	15284.63711	9269.208344	2119.326743	494.0771976	0.1025545459	0.01536291598	0.01
38	1	65175.57935	185.6494163	642176.7782	3999790.29	24186.75124	0.03252995032	0.8680609819	36618.02846	15109.80716	9091.045117	2119.326819	480.4107949	0.06188313876	0.02250512573	0.01
38	1	73450.51076	4350	2853468.965	183749.9681	-525.3447579	1.02101379	1.085669655	45370.02171	16601.77773	10611.46127	2119.266934	597.0376652	1.45	0.1	0.01000000056
38	1	67612.12455	284.9747614	1293289.534	1614806.28	7306.366264	0.7077453494	1.016705523	42596.35646	16128.94522	10129.61384	2119.325605	560.0764966	0.09499158714	0.04532341336	0.01
38	1	65852.89329	360.23549	823173.9307	3108391.628	9266.620912	0.6293351635	0.999444	41902.11606	16010.59661	10009.00882	2119.325955	550.8252229	0.1200784967	0.02884818236	0.01
38	1	65806.31428	168.724089	810726.7226	3162759.498	20981.914	0.1607234399	0.8962819947	37753.04809	15303.29632	9288.223305	2119.326734	495.5357821	0.05624136299	0.02841196917	0.01
38	1	65852.89059	704.6797263	823173.2095	3108394.751	4363.214855	0.8254714058	1.042622194	43638.69788	16306.63534	10310.69176	2119.324574	573.9664774	0.2348932421	0.02884815709	0.01
38	1	65124.12193	290.0387071	628425.9223	4077146.848	15555.71441	0.3777714234	0.944063781	39674.78156	15630.89824	9622.07121	2119.326512	521.1443212	0.09667956902	0.02202322612	0.01
38	1	64837.48124	654.4566963	551827.5431	4536256.645	7471.921517	0.7011231393	1.015247684	42537.7237	16118.94997	10119.42802	2119.325641	559.2951711	0.2181522321	0.01933883108	0.01
38	1	73450.5107	4350	2853468.965	183749.9671	-525.3448276	1.021013793	1.085669655	45370.02174	16601.77773	10611.46127	2119.266935	597.0376655	1.45	0.1	0.01
38	1	66700.95772	137.1248731	1049800.374	2266882.284	19899.56441	0.2040174237	0.9058129005	38136.37115	15368.64221	9354.815058	2119.326699	500.6438493	0.04570829103	0.03679032039	0.01
38	1	65852.89059	704.6797263	823173.2095	3108394.751	4363.214855	0.8254714058	1.042622194	43638.69788	16306.63534	10310.69176	2119.324574	573.9664774	0.2348932421	0.02884815709	0.01
38	1	64815.19345	275.7200501	545871.6241	4574049.809	18999.70557	0.2400117771	0.9137368373	38455.0636	15422.97038	9410.179035	2119.326667	504.8906651	0.09190668337	0.01913010553	0.01
38	1	73450.5107	4350	2853468.965	183749.9671	-525.3448276	1.021013793	1.085669655	45370.02174	16601.77773	10611.46127	2119.266935	597.0376655	1.45	0.1	0.01
38	1	63946.96448	4331.733274	313856.657	6319280.819	1423.044575	0.943078217	1.068512615	44679.98351	16484.14548	10491.58626	2119.320777	587.8423889	1.443911091	0.01099912636	0.01
38	1	66140.72013	508.5835199	900089.283	2792561.212	5733.323732	0.7706670507	1.030557351	43153.46249	16223.91625	10226.39556	2119.32517	567.500352	0.16952784	0.03154368574	0.01
38	1	65159.83324	697.7516818	637968.9797	4023304.457	5917.650723	0.7632939711	1.028934212	43088.18156	16212.78767	10215.05481	2119.325232	566.6304347	0.2325838939	0.02235766316	0.01
38	1	73450.5107	4350	2853468.965	183749.9671	-525.3448276	1.021013793	1.085669655	45370.02174	16601.77773	10611.46127	2119.266935	597.0376655	1.45	0.1	0.01
38	1	65852.89059	704.6797263	823173.2095	3108394.751	4363.214855	0.8254714058	1.042622194	43638.69788	16306.63534	10310.69176	2119.324574	573.9664774	0.2348932421	0.02884815709	0.01
38	1	65175.57935	181.7052184	642176.7782	3999790.29	24728.3683	0.01086526815	0.8632916346	36426.2103	15077.10751	9057.72203	2119.326832	477.8546741	0.06056840613	0.02250512573	0.01
38	1	64247.13102	297.0627863	394069.5188	5651186.828	24646.37255	0.01414509804	0.8640136691	36455.24977	15082.05793	9062.766834	2119.32683	478.2416468	0.09902092877	0.01381019116	0.01
38	1	63989.17553	4344.36405	325136.6256	6220759.128	1340.993914	0.9463602434	1.069235133	44709.04243	16489.09921	10496.63445	2119.320519	588.2296208	1.44812135	0.01139443357	0.01
38	1	73294.37242	67.83448758	2810063.181	195317.2817	14847.95263	0.4060818947	0.9502964828	39925.10719	15673.59395	9665.599587	2119.225053	524.4817047	0.02261149586	0.09847884157	0.01005892076
38	1	64837.48124	654.4566963	551827.5431	4536256.645	7471.921517	0.7011231393	1.015247684	42537.7237	16118.94997	10119.42802	2119.325641	559.2951711	0.2181522321	0.01933883108	0.01
38	1	64559.82476	242.3311426	477629.9976	5030213.289	24935.90357	0.002563857062	0.8614641297	36352.70997	15064.57776	9044.953385	2119.326836	476.875227	0.08077704752	0.01673857342	0.01
38	1	66648.02419	132.4167954	1035655.059	2311994.225	20926.5713	0.1629371478	0.8967693289	37772.64816	15306.63759	9291.628274	2119.326732	495.7969678	0.04413893181	0.03629459691	0.01
38	1	66648.02144	318.9152034	1035654.312	2311996.641	8241.564813	0.6703374075	1.008470393	42265.14815	16072.48345	10072.07558	2119.32579	555.6628977	0.1063050678	0.03629457073	0.01000000045
38	1	64149.99541	317.8268012	368112.1769	5859271.212	24661.02773	0.01355889077	0.8638846191	36450.05952	15081.17314	9061.865171	2119.32683	478.1724828	0.1059422671	0.01290051448	0.01
38	1	65426.85131	866.7058547	709323.6465	3642621.352	4073.748489	0.8370500604	1.045171164	43741.21479	16324.11161	10328.50123	2119.324405	575.332592	0.2889019516	0.02485829197	0.01
38	1	65837.53276	186.191167	819069.1707	3126216.636	18741.06034	0.2503575863	0.9160144039	38546.66495	15438.58585	9426.092229	2119.326657	506.1113217	0.06206372234	0.02870433079	0.01
38	1	68216.16965	720.5228465	1454707.214	1289627.621	2073.088072	0.9170764771	1.062788491	44449.76523	16444.89968	10451.59222	2119.322294	584.7745577	0.2401742822	0.05098030614	0.01
38	1	64352.33176	273.834169	422182.0863	5434152.718	24966.30289	0.001347884467	0.8611964408	36341.9438	15062.74243	9043.083062	2119.326837	476.7317598	0.09127805633	0.01479539786	0.01
38	1	64386.89761	447.1073211	394274.9015	5722847.471	16270.54944	0.3491780224	0.9377762921	39414.23648	15586.97254	9577.719827	2117.085945	517.7078629	0.1490357737	0.01381738881	0.01130171884
38	1	65159.50385	467.5470957	637880.9553	4023797.831	9209.341134	0.6316263547	0.9999483917	41922.40217	16014.05482	10012.53297	2119.325947	551.0955505	0.1558490319	0.02235457834	0.01
38	1	64901.43741	204.9111163	568918.4134	4429531.653	24752.24054	0.009910378301	0.8630814214	36417.75575	15075.66625	9056.253286	2119.326832	477.7420108	0.06830370543	0.01993778171	0.01
38	1	67199.87242	641.2793913	1183124.281	1882648.837	3155.771803	0.8737691279	1.053254643	44066.32383	16379.53363	10384.97991	2119.323704	579.6649136	0.2137597971	0.04146266513	0.01
38	1	73452.12991	42.03542362	2853468.965	183777.5541	24037.38408	0.0385046369	0.8693763561	36670.8421	15118.81612	9100.230637	2119.300715	481.1149898	0.01401180787	0.1	0.01001516389
38	1	65852.23567	322.4617317	822998.197	3109152.668	10444.13633	0.5822345466	0.9890750872	41485.08923	15939.50517	9936.561971	2119.326107	545.2680278	0.1074872439	0.02884202377	0.01
38	1	63840.2774	733.0656477	285346.8965	6575303.126	13456.10016	0.4617559936	0.9625524705	40418.37732	15757.66057	9751.250355	2119.326381	531.0532921	0.2443552159	0.01	0.01
38	1	64837.27019	475.6428187	551771.1454	4536613.047	10569.68062	0.5772127752	0.987969575	41440.62668	15931.92555	9928.837836	2119.326122	544.675531	0.1585476062	0.01933685462	0.01
38	1	67261.89735	141.9345956	1199699.071	1839677.668	16704.82803	0.3318068787	0.9339449675	39267.81347	15561.52154	9551.371788	2119.326571	515.7211663	0.04731153187	0.04204352966	0.01
38	1	66140.72013	508.5835199	900089.283	2792561.212	5733.323732	0.7706670507	1.030557351	43153.46249	16223.91625	10226.39556	2119.32517	567.500352	0.16952784	0.03154368574	0.01
38	1	73251.50395	266.0600503	2794854.516	199759.4143	3258.983788	0.8696406485	1.052346833	44028.69068	16373.18991	10378.57549	2118.995972	579.1686176	0.08868668344	0.09794585295	0.01019044545
38	1	66648.02144	318.9152034	1035654.312	2311996.641	8241.564813	0.6703374075	1.008470393	42265.14815	16072.48345	10072.07558	2119.32579	555.6628977	0.1063050678	0.03629457073	0.01000000045
38	1	65852.89059	704.6797263	823173.2095	3108394.751	4363.214855	0.8254714058	1.042622194	43638.69788	16306.63534	10310.69176	2119.324574	573.9664774	0.2348932421	0.02884815709	0.01
38	1	68216.16965	720.5228465	1454707.214	1289627.621	2073.088072	0.9170764771	1.062788491	44449.76523	16444.89968	10451.59222	2119.322294	584.7745577	0.2401742822	0.05098030614	0.01
38	1	65159.83324	697.7516818	637968.9797	4023304.457	5917.650723	0.7632939711	1.028934212	43088.18156	16212.78767	10215.05481	2119.325232	566.6304347	0.2325838939	0.02235766316	0.01
38	1	68670.85847	368.1452118	1575505.371	1090157.423	4366.795481	0.8253281807	1.042590801	43637.28922	16306.40453	10310.46439	2119.281905	573.948382	0.1227150706	0.05521368518	0.01002478955
38	1	66648.02144	318.9152034	1035654.312	2311996.641	8241.564813	0.6703374075	1.008470393	42265.14815	16072.48345	10072.07558	2119.32579	555.6628977	0.1063050678	0.03629457073	0.01000000045
38	1	67675.35049	214.8400076	1310185.242	1577243.32	9803.208165	0.6078716734	0.9947189439	41712.07924	15978.20064	9975.995192	2119.326027	548.2928398	0.07161333587	0.04591552452	0.01000000086
38	1	64152.17328	335.1458038	368665.8722	5854811.051	23311.02044	0.06755918244	0.8757724586	36928.17015	15162.67803	9144.92433	2119.325091	484.5436924	0.1117152679	0.01291991876	0.01000099154
38	1	63912.20294	4350	304567.4036	6401585.669	1480.311181	0.9407875528	1.068008339	44659.70207	16480.68806	10488.06293	2119.320946	587.5721235	1.45	0.01067358389	0.01
38	1	64901.43741	204.9111163	568918.4134	4429531.653	24752.24054	0.009910378301	0.8630814214	36417.75575	15075.66625	9056.253286	2119.326832	477.7420108	0.06830370543	0.01993778171	0.01
38	1	66648.02144	318.9152034	1035654.312	2311996.641	8241.564813	0.6703374075	1.008470393	42265.14815	16072.48345	10072.07558	2119.32579	555.6628977	0.1063050678	0.03629457073	0.01000000045
38	1	64733.95065	481.0054668	524142.1522	4714654.676	11034.21636	0.5586313454	0.9838789905	41276.1037	15903.87923	9900.257	2119.325018	542.4831573	0.1603351556	0.01836859481	0.01000067049
38	1	73190.4059	97.24284006	2783488.407	202598.457	10227.16171	0.5909135315	0.9909858041	41561.83854	15952.59503	9949.906646	2119.297531	546.2912223	0.03241428002	0.09754752693	0.01001658712
38	1	73416.4598	110.0544562	2844369.615	186093.9641	8737.886768	0.6504845293	1.004099904	42089.37163	16042.51846	10041.53928	2119.325875	553.3205437	0.03668481872	0.09968111269	0.01
38	1	65852.89329	360.23549	823173.9307	3108391.628	9266.620912	0.6293351635	0.999444	41902.11606	16010.59661	10009.00882	2119.325955	550.8252229	0.1200784967	0.02884818236	0.01
38	1	65852.89059	704.6797263	823173.2095	3108394.751	4363.214855	0.8254714058	1.042622194	43638.69788	16306.63534	10310.69176	2119.324574	573.9664774	0.2348932421	0.02884815709	0.01
38	1	68670.85847	368.1452118	1575505.371	1090157.423	4366.795481	0.8253281807	1.042590801	43637.28922	16306.40453	10310.46439	2119.281905	573.948382	0.1227150706	0.05521368518	0.01002478955
38	1	65852.2356	220.4773325	822998.178	3109152.751	15629.05536	0.3748377854	0.9434179585	39648.80726	15626.47035	9617.558895	2119.326516	520.7981941	0.07349244418	0.0288420231	0.01
38	1	65806.31428	168.724089	810726.7226	3162759.498	20981.914	0.1607234399	0.8962819947	37753.04809	15303.29632	9288.223305	2119.326734	495.5357821	0.05624136299	0.02841196917	0.01
38	1	63908.9633	4332.556347	303697.0577	6409362.123	1495.83183	0.9401667268	1.067871669	44654.20438	16479.75092	10487.10797	2119.320711	587.4988671	1.444185449	0.01064308256	0.01000016211
38	1	73190.4059	97.24284006	2783488.407	202598.457	10227.16171	0.5909135315	0.9909858041	41561.83854	15952.59503	9949.906646	2119.297531	546.2912223	0.03241428002	0.09754752693	0.01001658712
38	1	64161.21114	455.2156546	367999.2184	5866520.084	17006.09607	0.3197561573	0.9312926756	39160.49894	15543.26844	9532.805152	2119.138977	514.2940922	0.1517385515	0.01289655584	0.01010899415
38	1	65645.02884	459.6646161	767626.7586	3358468.053	7665.591332	0.6933763467	1.013542275	42469.13393	16107.25733	10107.51245	2119.325681	558.3811611	0.1532215387	0.02690152821	0.01
38	1	63840.2774	733.0656477	285346.8965	6575303.126	13456.10016	0.4617559936	0.9625524705	40418.37732	15757.66057	9751.250355	2119.326381	531.0532921	0.2443552159	0.01	0.01
38	1	73295.12609	157.1427443	2784484.141	204220.9316	6152.309712	0.7539076115	1.026873166	42999.61863	16198.05241	10200.34306	2117.668731	565.4765137	0.05238091476	0.09758242247	0.010962398
38	1	65124.12193	290.0387071	628425.9223	4077146.848	15555.71441	0.3777714234	0.944063781	39674.78156	15630.89824	9622.07121	2119.326512	521.1443212	0.09667956902	0.02202322612	0.01
38	1	64080.81614	4350	349592.84	6012464.785	1191.270298	0.9523491881	1.070553569	44762.06179	16498.13796	10505.84589	2119.318019	588.9361748	1.45	0.01225150314	0.01000114633
38	1	66648.08225	161.509764	1035670.575	2311944.251	17018.97328	0.3192410689	0.9311786814	39156.55633	15542.55531	9532.043946	2119.326585	514.2385815	0.05383658799	0.03629514068	0.01
38	1	73450.5107	4350	2853468.965	183749.9671	-525.3448276	1.021013793	1.085669655	45370.02174	16601.77773	10611.46127	2119.266935	597.0376655	1.45	0.1	0.01
38	1	63864.00476	4350	291687.5089	6517480.958	1579.456228	0.9368217509	1.067135292	44624.58903	16474.70226	10481.96301	2119.321219	587.1042159	1.45	0.01022220716	0.01
38	1	67264.66658	119.1258927	1199704.151	1840133.791	20052.82006	0.1978871977	0.9044635106	38081.94837	15359.37434	9345.378636	2119.282371	499.9193273	0.0397086309	0.0420437077	0.01002575585
38	1	73293.37698	42.03440845	2784736.017	204098.3483	24763.99515	0.009440193811	0.8629830778	36408.27917	15074.40351	9055.262954	2117.713681	477.6412872	0.01401146948	0.0975912495	0.01093719047
38	1	64149.99541	317.8268012	368112.1769	5859271.212	24661.02773	0.01355889077	0.8638846191	36450.05952	15081.17314	9061.865171	2119.32683	478.1724828	0.1059422671	0.01290051448	0.01
38	1	66700.95772	137.1248731	1049800.374	2266882.284	19899.56441	0.2040174237	0.9058129005	38136.37115	15368.64221	9354.815058	2119.326699	500.6438493	0.04570829103	0.03679032039	0.01
38	1	66332.02697	360.23549	951211.7981	2600603.15	7916.314544	0.6833474183	1.011334468	42380.33823	16092.12014	10092.08666	2119.325731	557.1978918	0.1200784967	0.03333527751	0.01
38	1	68216.16965	206.0400858	1454707.214	1289627.621	9159.803169	0.6336078732	1.000384611	41939.94645	16017.04563	10015.5808	2119.32594	551.3293412	0.0686800286	0.05098030614	0.01
38	1	73489.66354	127.0302446	2835639.933	190228.9321	7615.755119	0.6953697952	1.013986584	42481.16241	16109.68104	10110.29603	2117.619039	558.5684893	0.04234341487	0.09937518045	0.01099148653
38	1	64014.1896	354.0549384	330798.1608	6174081.285	24638.36038	0.01446558461	0.8640844198	36457.8841	15082.52051	9063.249566	2119.265125	478.2777288	0.1180183128	0.01159284243	0.01003584832
38	1	73453.08935	203.1476206	2853468.965	183793.9025	4369.718615	0.8252112554	1.042565057	43636.2576	16306.22843	10310.28473	2119.283009	573.9346174	0.06771587354	0.1	0.01002414906
38	1	65902.76455	268.9431908	836145.5247	3053103.972	12464.92221	0.5014031115	0.9712806097	40769.34058	15817.49469	9812.229206	2119.304866	535.7304802	0.08964773027	0.02930277269	0.01001245492
38	1	63864.00476	4350	291687.5089	6517480.958	1579.456228	0.9368217509	1.067135292	44624.58903	16474.70226	10481.96301	2119.321219	587.1042159	1.45	0.01022220716	0.01
38	1	65896.48079	221.4088819	614672.0851	4485891.141	22045.83543	0.1181665829	0.8869558795	37332.50893	15234.51009	9220.566294	2106.046944	490.1421892	0.07380296062	0.02154122202	0.01771515809
38	1	64014.1896	354.0549384	330798.1608	6174081.285	24638.36038	0.01446558461	0.8640844198	36457.8841	15082.52051	9063.249566	2119.265125	478.2777288	0.1180183128	0.01159284243	0.01003584832
38	1	65385.65625	194.0106995	698315.1771	3698912.384	21191.9521	0.1523219158	0.8944324505	37678.66135	15290.61546	9275.300673	2119.32674	494.5445232	0.06467023316	0.02447249946	0.01
38	1	63976.8402	365.3131413	321840.2809	6249390.191	24536.34003	0.01854639898	0.8649825886	36494.2187	15088.70105	9069.536604	2119.326827	478.760937	0.1217710471	0.01127891296	0.01
38	1	65852.89059	704.6797263	823173.2095	3108394.751	4363.214855	0.8254714058	1.042622194	43638.69788	16306.63534	10310.69176	2119.324574	573.9664774	0.2348932421	0.02884815709	0.01
38	1	64942.31485	262.9182456	579842.0059	4362637.658	18747.76514	0.2500893943	0.9159553631	38544.29039	15438.18105	9425.679715	2119.326657	506.0796789	0.0876394152	0.0203205997	0.01
38	1	65852.89059	704.6797263	823173.2095	3108394.751	4363.214855	0.8254714058	1.042622194	43638.69788	16306.63534	10310.69176	2119.324574	573.9664774	0.2348932421	0.02884815709	0.01
38	1	66700.95772	137.1248731	1049800.374	2266882.284	19899.56441	0.2040174237	0.9058129005	38136.37115	15368.64221	9354.815058	2119.326699	500.6438493	0.04570829103	0.03679032039	0.01
38	1	63856.49961	4350	289681.924	6535715.365	1595.687845	0.9361724862	1.06699236	44618.84047	16473.72229	10480.96436	2119.321262	587.027612	1.45	0.01015192131	0.01
38	1	64867.42419	225.2200729	519489.6809	4812158.508	24834.83975	0.006606410048	0.8623618636	36380.48732	15069.84513	9050.768408	2116.893487	477.2839352	0.07507335765	0.01820554866	0.01141369869
38	1	64352.33176	273.834169	422182.0863	5434152.718	24966.30289	0.001347884467	0.8611964408	36341.9438	15062.74243	9043.083062	2119.326837	476.7317598	0.09127805633	0.01479539786	0.01
38	1	66140.72013	508.5835199	900089.283	2792561.212	5733.323732	0.7706670507	1.030557351	43153.46249	16223.91625	10226.39556	2119.32517	567.500352	0.16952784	0.03154368574	0.01
38	1	64149.99541	317.8268012	368112.1769	5859271.212	24661.02773	0.01355889077	0.8638846191	36450.05952	15081.17314	9061.865171	2119.32683	478.1724828	0.1059422671	0.01290051448	0.01
38	1	64259.57221	332.7420969	397394.1505	5625074.723	21731.76117	0.1307295532	0.8896790239	37487.48351	15258.02498	9242.088823	2119.326756	491.9969351	0.1109140323	0.01392670309	0.01
38	1	63847.53838	4349.999669	287273.4304	6557711.772	1615.539708	0.9353784117	1.066817552	44611.80702	16472.52347	10479.74283	2119.32048	586.9338993	1.44999989	0.0100675155	0.01000048366
38	1	64352.33176	273.834169	422182.0863	5434152.718	24966.30289	0.001347884467	0.8611964408	36341.9438	15062.74243	9043.083062	2119.326837	476.7317598	0.09127805633	0.01479539786	0.01
38	1	64352.33176	273.834169	422182.0863	5434152.718	24966.30289	0.001347884467	0.8611964408	36341.9438	15062.74243	9043.083062	2119.326837	476.7317598	0.09127805633	0.01479539786	0.01
38	1	73293.37698	42.03440845	2784736.017	204098.3483	24763.99515	0.009440193811	0.8629830778	36408.27917	15074.40351	9055.262954	2117.713681	477.6412872	0.01401146948	0.0975912495	0.01093719047
38	1	65806.31428	168.724089	810726.7226	3162759.498	20981.914	0.1607234399	0.8962819947	37753.04809	15303.29632	9288.223305	2119.326734	495.5357821	0.05624136299	0.02841196917	0.01
38	1	66648.02144	318.9152034	1035654.312	2311996.641	8241.564813	0.6703374075	1.008470393	42265.14815	16072.48345	10072.07558	2119.32579	555.6628977	0.1063050678	0.03629457073	0.01000000045
38	1	67675.35049	214.8400076	1310185.242	1577243.32	9803.208165	0.6078716734	0.9947189439	41712.07924	15978.20064	9975.995192	2119.326027	548.2928398	0.07161333587	0.04591552452	0.01000000086
38	1	73109.96977	83.6270999	2745629.916	214785.9055	12263.55085	0.509457966	0.9730570197	40837.3831	15829.31145	9824.453982	2118.310644	536.65295	0.02787569997	0.09622077373	0.01059005461
38	1	65159.83324	697.7516818	637968.9797	4023304.457	5917.650723	0.7632939711	1.028934212	43088.18156	16212.78767	10215.05481	2119.325232	566.6304347	0.2325838939	0.02235766316	0.01
38	1	64517.60915	767.3084021	466348.8094	5109888.312	7548.203101	0.698071876	1.014575967	42510.70794	16114.34454	10114.73478	2119.325657	558.9351659	0.2557694674	0.01634322346	0.01
38	1	64387.17665	335.1458038	368665.8722	5983775.657	23582.82054	0.0566871784	0.8733911816	36819.43197	15144.96958	9127.574482	2115.536924	483.1546948	0.1117152679	0.01291991876	0.01220180207
38	1	66700.95772	137.1248731	1049800.374	2266882.284	19899.56441	0.2040174237	0.9058129005	38136.37115	15368.64221	9354.815058	2119.326699	500.6438493	0.04570829103	0.03679032039	0.01
38	1	66700.95772	137.1248731	1049800.374	2266882.284	19899.56441	0.2040174237	0.9058129005	38136.37115	15368.64221	9354.815058	2119.326699	500.6438493	0.04570829103	0.03679032039	0.01
38	1	63840.2774	733.0656477	285346.8965	6575303.126	13456.10016	0.4617559936	0.9625524705	40418.37732	15757.66057	9751.250355	2119.326381	531.0532921	0.2443552159	0.01	0.01
38	1	64403.64382	499.4830353	435894.0974	5331337.887	12898.04462	0.4840782151	0.9674665711	40616.01731	15791.35267	9785.584822	2119.326339	533.686993	0.1664943451	0.01527593616	0.01
38	1	65159.50385	387.3138313	637880.9553	4023797.831	11275.55691	0.5489777235	0.981753801	41190.63475	15889.3089	9885.40867	2119.326197	541.3442012	0.1291046104	0.02235457834	0.01
38	1	65159.50385	387.3138313	637880.9553	4023797.831	11275.55691	0.5489777235	0.981753801	41190.63475	15889.3089	9885.40867	2119.326197	541.3442012	0.1291046104	0.02235457834	0.01
38	1	63878.42544	4350	295541.1162	6482587.337	1548.886492	0.9380445403	1.067404482	44635.41556	16476.54788	10483.84382	2119.321137	587.2484875	1.45	0.01035725707	0.01
38	1	66700.95772	137.1248731	1049800.374	2266882.284	19899.56441	0.2040174237	0.9058129005	38136.37115	15368.64221	9354.815058	2119.326699	500.6438493	0.04570829103	0.03679032039	0.01
38	1	67612.12455	284.9747614	1293289.534	1614806.28	7306.366264	0.7077453494	1.016705523	42596.35646	16128.94522	10129.61384	2119.325605	560.0764966	0.09499158714	0.04532341336	0.01
38	1	65159.50385	387.3138313	637880.9553	4023797.831	11275.55691	0.5489777235	0.981753801	41190.63475	15889.3089	9885.40867	2119.326197	541.3442012	0.1291046104	0.02235457834	0.01
38	1	66332.02697	360.23549	951211.7981	2600603.15	7916.314544	0.6833474183	1.011334468	42380.33823	16092.12014	10092.08666	2119.325731	557.1978918	0.1200784967	0.03333527751	0.01
38	1	65426.85131	866.7058547	709323.6465	3642621.352	4073.748489	0.8370500604	1.045171164	43741.21479	16324.11161	10328.50123	2119.324405	575.332592	0.2889019516	0.02485829197	0.01
38	1	73436.5857	42.03542362	2847777.722	185339.191	24093.6015	0.03625594001	0.8688816162	36650.62677	15115.39025	9096.756493	2119.207977	480.8470746	0.01401180787	0.09980055004	0.01006904209
38	1	63854.52654	4349.826722	289151.8575	6540549.518	1600.121765	0.9359951294	1.066953317	44617.2696	16473.45454	10480.69153	2119.321104	587.0066817	1.449942241	0.0101333451	0.01000009838
38	1	73293.37698	42.03440845	2784736.017	204098.3483	24763.99515	0.009440193811	0.8629830778	36408.27917	15074.40351	9055.262954	2117.713681	477.6412872	0.01401146948	0.0975912495	0.01093719047
38	1	64024.07735	4350	334463.3639	6140458.504	1279.61436	0.9488154256	1.069775626	44730.78051	16492.80495	10500.41083	2119.320313	588.519297	1.45	0.0117212897	0.01
38	1	65852.89059	704.6797263	823173.2095	3108394.751	4363.214855	0.8254714058	1.042622194	43638.69788	16306.63534	10310.69176	2119.324574	573.9664774	0.2348932421	0.02884815709	0.01
38	1	64644.60821	4273.34789	500286.4976	4873931.726	626.4326358	0.9749426946	1.075527385	44962.11022	16532.24021	10540.59796	2119.316986	591.6019388	1.424449297	0.01753257189	0.01
38	1	64445.18424	447.1073211	394274.9015	5753857.266	16337.96257	0.3464814971	0.9371856767	39387.26673	15582.58041	9573.416637	2116.146386	517.3633572	0.1490357737	0.01381738881	0.01184757415
38	1	67261.89735	141.9345956	1199699.071	1839677.668	16704.82803	0.3318068787	0.9339449675	39267.81347	15561.52154	9551.371788	2119.326571	515.7211663	0.04731153187	0.04204352966	0.01
38	1	73293.37698	42.03440845	2784736.017	204098.3483	24763.99515	0.009440193811	0.8629830778	36408.27917	15074.40351	9055.262954	2117.713681	477.6412872	0.01401146948	0.0975912495	0.01093719047
38	1	66700.95772	137.1248731	1049800.374	2266882.284	19899.56441	0.2040174237	0.9058129005	38136.37115	15368.64221	9354.815058	2119.326699	500.6438493	0.04570829103	0.03679032039	0.01
38	1	64639.33572	236.2462464	498877.3914	4883508.624	24475.06614	0.02099735457	0.8655221515	36515.91933	15092.4004	9073.30649	2119.326817	479.0501142	0.0787487488	0.01748318967	0.01000000519
38	1	73425.80764	173.1439715	2843474.333	186545.6871	5291.850645	0.7883259742	1.03444551	43309.13961	16250.49961	10253.52338	2119.120313	569.5781094	0.05771465717	0.09964973751	0.01011891788
38	1	64455.57673	260.3214131	449772.0192	5229259.599	24641.61989	0.01433520451	0.8640555198	36456.93297	15082.34487	9063.059242	2119.32683	478.2640766	0.08677380435	0.0157622888	0.01
38	1	67261.89735	141.9345956	1199699.071	1839677.668	16704.82803	0.3318068787	0.9339449675	39267.81347	15561.52154	9551.371788	2119.326571	515.7211663	0.04731153187	0.04204352966	0.01
38	1	63856.49961	4350	289681.924	6535715.365	1595.687845	0.9361724862	1.06699236	44618.84047	16473.72229	10480.96436	2119.321262	587.027612	1.45	0.01015192131	0.01
38	1	64559.82476	242.3311426	477629.9976	5030213.289	24935.90357	0.002563857062	0.8614641297	36352.70997	15064.57776	9044.953385	2119.326836	476.875227	0.08077704752	0.01673857342	0.01
38	1	65806.3143	168.724089	810726.7267	3162759.48	20981.91389	0.1607234444	0.8962819957	37753.04813	15303.29633	9288.223312	2119.326734	495.5357826	0.05624136299	0.02841196931	0.01
38	1	63885.48191	4350	297426.8021	6465580.976	1534.216452	0.9386313419	1.067533662	44640.61107	16477.43357	10484.74639	2119.321098	587.3177216	1.45	0.01042334105	0.01
38	1	65426.85131	866.7058547	709323.6465	3642621.352	4073.748489	0.8370500604	1.045171164	43741.21479	16324.11161	10328.50123	2119.324405	575.332592	0.2889019516	0.02485829197	0.01
38	1	65159.50385	467.5470957	637880.9553	4023797.831	9209.341134	0.6316263547	0.9999483917	41922.40217	16014.05482	10012.53297	2119.325947	551.0955505	0.1558490319	0.02235457834	0.01
38	1	73450.5107	4350	2853468.965	183749.9671	-525.3448276	1.021013793	1.085669655	45370.02174	16601.77773	10611.46127	2119.266935	597.0376655	1.45	0.1	0.01
38	1	65159.83324	697.7516818	637968.9797	4023304.457	5917.650723	0.7632939711	1.028934212	43088.18156	16212.78767	10215.05481	2119.325232	566.6304347	0.2325838939	0.02235766316	0.01
38	1	67199.87242	641.2793913	1183124.281	1882648.837	3155.771803	0.8737691279	1.053254643	44066.32383	16379.53363	10384.97991	2119.323704	579.6649136	0.2137597971	0.04146266513	0.01
38	1	63840.2774	733.0656477	285346.8965	6575303.126	13456.10016	0.4617559936	0.9625524705	40418.37732	15757.66057	9751.250355	2119.326381	531.0532921	0.2443552159	0.01	0.01
38	1	69033.00475	131.9013176	1672988.308	951494.7982	12715.53652	0.4913785391	0.9690736928	40680.65406	15802.37143	9796.813666	2119.326325	534.5483262	0.04396710587	0.05862998086	0.01
38	1	65367.38638	168.724089	693432.9597	3724154.911	24660.39126	0.01358434949	0.8638902237	36450.28493	15081.21157	9061.90433	2119.32683	478.1754866	0.05624136299	0.02430140185	0.01
38	1	73191.59483	74.52139302	2784279.43	202342.1012	13571.90586	0.4571237655	0.9615327139	40377.36377	15750.6689	9744.125388	2119.326389	530.5067558	0.02484046434	0.0975752484	0.01
38	1	64901.43741	204.9111163	568918.4134	4429531.653	24752.24054	0.009910378301	0.8630814214	36417.75575	15075.66625	9056.253286	2119.326832	477.7420108	0.06830370543	0.01993778171	0.01
38	1	64837.48124	654.4566963	551827.5431	4536256.645	7471.921517	0.7011231393	1.015247684	42537.7237	16118.94997	10119.42802	2119.325641	559.2951711	0.2181522321	0.01933883108	0.01
38	1	73450.52679	240.6555081	2853468.965	183750.2412	3566.936913	0.8573225235	1.049634024	43920.70545	16354.70982	10359.68286	2119.323795	577.7244437	0.08021850271	0.1	0.0100001507
