#gen	Feasible	f1	f2	f3	f4	f5	c1	c2	c3	c4	c5	c6	c7	x1	x2	x3
4	1	66798.44803	1592.16854	1075852.499	2186088.251	971.6305856	0.9611347766	1.072487656	44839.85551	16511.39919	10519.35959	2119.319056	589.9728031	0.5307228468	0.03770331875	0.01
4	1	66423.67042	167.0444584	835870.8548	3205704.201	21145.02062	0.1541991753	0.8948727227	37667.49892	15290.55706	9276.791386	2110.891904	494.5294175	0.05568148614	0.02929314687	0.01490037314
4	1	65696.3524	1168.336402	781341.8447	3294911.315	2493.668821	0.9002532471	1.059084959	44300.81308	16419.5075	10425.71591	2119.322953	582.7896587	0.3894454672	0.02738217427	0.01
4	1	64649.72897	4009.040874	501654.9053	4864649.651	714.1208864	0.9714351645	1.074755223	44931.0547	16526.94611	10535.20292	2119.317603	591.1881007	1.336346958	0.01758052782	0.01
4	1	64945.85775	338.1443398	551208.2031	4587007.139	15322.9728	0.3870810882	0.9461189595	39751.33143	15644.33805	9636.095203	2117.542143	522.192677	0.1127147799	0.01931712627	0.01103665266
4	1	66798.44803	1592.16854	1075852.499	2186088.251	971.6305856	0.9611347766	1.072487656	44839.85551	16511.39919	10519.35959	2119.319056	589.9728031	0.5307228468	0.03770331875	0.01
4	1	64698.9115	617.7859069	514797.8479	4776394.808	8588.507473	0.6564597011	1.005415301	42142.27554	16051.5371	10050.72987	2119.325851	554.025528	0.2059286356	0.01804112308	0.01
4	1	65313.85793	280.7832584	679128.6674	3799108.469	14835.04834	0.4065980663	0.9504097901	39930.01141	15674.40781	9666.41032	2119.326471	524.5454503	0.09359441946	0.02380010702	0.01
4	1	65256.69958	176.0034512	662380.5418	3890775.88	24757.8414	0.009686344196	0.8630323863	36415.47932	15075.29762	9055.893971	2119.237929	477.7130843	0.05866781708	0.0232131679	0.01005165019
4	1	63840.2774	447.2893761	285346.8965	6575303.126	22542.05927	0.09831762913	0.8825437371	37200.50973	15209.10396	9192.235086	2119.326778	488.1727944	0.1490964587	0.01	0.01
4	1	67732.61923	312.5730456	1307666.486	1592604.596	6589.947062	0.7364021175	1.023017577	42846.54099	16171.82979	10173.51363	2118.250321	563.4274269	0.1041910152	0.04582725456	0.01062459352
4	1	67373.65778	1230.512736	1186390.799	1902384.919	1459.535859	0.9416185656	1.068199619	44658.48142	16481.04947	10488.90987	2116.715975	587.5971204	0.4101709122	0.04157714046	0.01151302757
4	1	65479.51439	303.8562583	698984.3776	3726898.396	13346.64001	0.4661343994	0.9635210645	40452.29294	15763.76425	9757.741058	2117.853774	531.528575	0.1012854194	0.02449595164	0.01085553092
4	1	64190.00878	4234.328197	329829.8759	6286130.739	1576.942944	0.9369222822	1.067166882	44615.74806	16473.84114	10481.62843	2116.366344	587.0332108	1.411442732	0.01155890882	0.01171633156
4	1	71611.05256	127.156602	2338576.617	379532.121	9339.662783	0.6264134887	0.9988053183	41871.61056	16005.70412	10004.28178	2117.918171	550.4410193	0.042385534	0.08195556516	0.01081787776
4	1	66952.45107	242.3311426	1062196.015	2270849.652	11028.96232	0.5588415072	0.983935838	41267.07773	15903.06329	9900.032951	2116.019892	542.4152458	0.08077704752	0.0372247264	0.01192083354
4	1	67732.61923	312.5730456	1307666.486	1592604.596	6589.947062	0.7364021175	1.023017577	42846.54099	16171.82979	10173.51363	2118.250321	563.4274269	0.1041910152	0.04582725456	0.01062459352
4	1	71611.05256	127.156602	2338576.617	379532.121	9339.662783	0.6264134887	0.9988053183	41871.61056	16005.70412	10004.28178	2117.918171	550.4410193	0.042385534	0.08195556516	0.01081787776
4	1	66255.80125	4328.811874	835870.8534	3156197.63	468.1735919	0.9812730563	1.076939316	44999.28867	16539.83084	10549.38621	2113.580947	592.1881377	1.442937291	0.02929314682	0.01332827552
4	1	73766.74823	2749.912828	2825296.708	198723.5916	105.5683804	0.9957772648	1.080135749	45124.18973	16561.35658	10571.51868	2112.492524	593.8694627	0.9166376095	0.09901270149	0.01394886846
4	1	63840.2774	732.645154	285346.8965	6575303.126	13464.26221	0.4614295118	0.9624805976	40415.48667	15757.16779	9750.748184	2119.326382	531.0147719	0.2442150513	0.01	0.01
4	1	65854.88146	320.5873873	623250.4548	4402418.668	14990.71231	0.4003715076	0.9490777643	39835.05242	15660.86411	9654.830743	2107.234661	523.4716338	0.1068624624	0.02184185153	0.01702495007
4	1	63864.58367	3046.75877	291842.2084	6516076.574	2580.515483	0.8967793807	1.058320209	44270.05561	16414.26421	10420.37266	2119.323069	582.3797924	1.015586257	0.01022762862	0.01
4	1	65595.15177	291.2062926	553843.4461	4849331.76	18546.85005	0.2581259979	0.9177632852	38575.61682	15446.1655	9436.038729	2107.234849	506.6887103	0.09706876419	0.01940947853	0.01702495007
4	1	65561.56789	232.7879838	646846.8629	4111970.927	19416.67566	0.2233329737	0.9100841191	38287.82337	15395.75957	9383.5412	2113.386382	502.7561822	0.07759599461	0.02266878914	0.01345112591
4	1	64945.85775	338.1443398	551208.2031	4587007.139	15322.9728	0.3870810882	0.9461189595	39751.33143	15644.33805	9636.095203	2117.542143	522.192677	0.1127147799	0.01931712627	0.01103665266
4	1	65329.97203	1298.341432	683434.8033	3776387.259	2587.456951	0.8965017219	1.058259084	44267.59723	16413.84513	10419.94558	2119.323078	582.3470327	0.4327804772	0.02395101582	0.01
4	1	63840.2774	447.2893761	285346.8965	6575303.126	22542.05927	0.09831762913	0.8825437371	37200.50973	15209.10396	9192.235086	2119.326778	488.1727944	0.1490964587	0.01	0.01
4	1	63943.72687	3597.601643	312991.4767	6326901.609	1876.82249	0.9249271004	1.064516757	44519.27431	16456.74904	10463.6675	2119.321915	585.7008183	1.199200548	0.01096880606	0.01
4	1	66943.12553	242.3311426	1059703.97	2278746.654	11056.13964	0.5577544146	0.9836965212	41257.45266	15901.42249	9898.360862	2116.019895	542.2869845	0.08077704752	0.03713739253	0.01192083354
4	1	66323.38331	921.146605	948901.9732	2608984.539	2638.291206	0.8944683518	1.05781145	44249.59386	16410.77605	10416.818	2119.323142	582.1071242	0.3070488683	0.03325432955	0.01
4	1	63935.30826	3353.398369	285346.8965	6633491.848	2453.69738	0.9018521048	1.059441843	44309.92346	16421.39555	10427.9215	2117.790877	582.9353324	1.117799456	0.01	0.01088996562
4	1	65980.61108	612.6447952	857303.6823	2964063.938	4898.772229	0.8040491109	1.037906207	43449.02581	16274.30155	10277.74149	2119.324842	571.4389548	0.2042149317	0.03004426166	0.01
4	1	65421.46526	415.4754173	707884.3428	3649932.169	9349.433835	0.6260226466	0.9987147697	41872.78718	16005.59685	10003.91374	2119.325967	550.4343936	0.1384918058	0.02480785148	0.01
4	1	64606.54332	258.1175267	484359.745	4993235.818	23053.70001	0.07785199947	0.8780394652	37018.16449	15178.09509	9160.698814	2118.979655	485.7484074	0.08603917555	0.01697441784	0.01020167569
4	1	67445.47725	1065.558389	1205582.961	1852197.638	1737.519273	0.9304992291	1.065751765	44560.03129	16464.26647	10471.80689	2116.716828	586.2851987	0.3551861298	0.04224973098	0.01151302757
4	1	67732.61923	312.5730456	1307666.486	1592604.596	6589.947062	0.7364021175	1.023017577	42846.54099	16171.82979	10173.51363	2118.250321	563.4274269	0.1041910152	0.04582725456	0.01062459352
4	1	64082.46905	455.2156546	350067.2512	6008424.426	17902.2586	0.283909656	0.9234006869	38843.73353	15489.22775	9477.699657	2119.326624	510.0699832	0.1517385515	0.01226812892	0.01
4	1	64671.80713	260.9492942	484761.9018	5020026.737	22849.7119	0.08601152389	0.8798390251	37087.02318	15190.05832	9173.079027	2117.951878	486.6822851	0.08698309807	0.01698851145	0.0107987788
4	1	65190.69908	1429.701343	625111.8121	4126116.145	2654.82726	0.8938069096	1.057669914	44239.54395	16409.34122	10415.58979	2118.049935	581.993373	0.4765671144	0.02190708291	0.01073963936
4	1	65980.61108	612.6447952	857303.6823	2964063.938	4898.772229	0.8040491109	1.037906207	43449.02581	16274.30155	10277.74149	2119.324842	571.4389548	0.2042149317	0.03004426166	0.01
4	1	66255.80125	4328.811874	835870.8534	3156197.63	468.1735919	0.9812730563	1.076939316	44999.28867	16539.83084	10549.38621	2113.580947	592.1881377	1.442937291	0.02929314682	0.01332827552
4	1	63840.2774	732.645154	285346.8965	6575303.126	13464.26221	0.4614295118	0.9624805976	40415.48667	15757.16779	9750.748184	2119.326382	531.0147719	0.2442150513	0.01	0.01
4	1	64945.85775	338.1443398	551208.2031	4587007.139	15322.9728	0.3870810882	0.9461189595	39751.33143	15644.33805	9636.095203	2117.542143	522.192677	0.1127147799	0.01931712627	0.01103665266
4	1	63840.2774	732.645154	285346.8965	6575303.126	13464.26221	0.4614295118	0.9624805976	40415.48667	15757.16779	9750.748184	2119.326382	531.0147719	0.2442150513	0.01	0.01
4	1	66048.16784	273.98253	847914.619	3031815.352	12158.61321	0.5136554717	0.9739831231	40872.44046	15835.42764	9830.804356	2117.670914	537.1302513	0.09132751	0.02971522135	0.01096171059
4	1	65423.65363	260.6540592	640960.8597	4101519.404	17332.64089	0.3066943644	0.9284296387	39032.05481	15522.22176	9512.071156	2115.254375	512.644026	0.08688468641	0.02246251379	0.01236583179
4	1	64344.22397	3761.407888	399763.8385	5646068.036	1300.964586	0.9479614166	1.069591532	44719.19526	16491.09712	10498.89497	2118.098464	588.3842702	1.253802629	0.01400974895	0.01070971931
4	1	66943.12553	242.3311426	1059703.97	2278746.654	11056.13964	0.5577544146	0.9836965212	41257.45266	15901.42249	9898.360862	2116.019895	542.2869845	0.08077704752	0.03713739253	0.01192083354
4	1	65329.97203	1298.341432	683434.8033	3776387.259	2587.456951	0.8965017219	1.058259084	44267.59723	16413.84513	10419.94558	2119.323078	582.3470327	0.4327804772	0.02395101582	0.01
4	1	68313.61104	1596.511692	1409001.039	1409050.154	867.9270496	0.965282918	1.0734147	44862.32757	16516.17643	10525.02331	2114.98865	590.3408302	0.5321705641	0.04937853036	0.0125143161
4	1	66048.16784	273.98253	847914.619	3031815.352	12158.61321	0.5136554717	0.9739831231	40872.44046	15835.42764	9830.804356	2117.670914	537.1302513	0.09132751	0.02971522135	0.01096171059
4	1	64606.54332	258.1175267	484359.745	4993235.818	23053.70001	0.07785199947	0.8780394652	37018.16449	15178.09509	9160.698814	2118.979655	485.7484074	0.08603917555	0.01697441784	0.01020167569
4	1	74658.87963	193.7846145	2738131.328	251211.2732	6738.054873	0.7304778051	1.021794571	42710.55116	16154.19307	10160.20169	2092.888998	562.0170787	0.0645948715	0.09595798522	0.02535841056
4	1	64091.00148	3713.706055	291952.7051	6653028.775	2240.045016	0.9103981994	1.061329972	44378.63595	16433.57078	10440.71689	2115.679013	583.8844285	1.237902018	0.01023150098	0.01211653434
4	1	64082.46905	455.2156546	350067.2512	6008424.426	17902.2586	0.283909656	0.9234006869	38843.73353	15489.22775	9477.699657	2119.326624	510.0699832	0.1517385515	0.01226812892	0.01
4	1	64684.12652	270.7671424	446110.3175	5375387.714	24142.15449	0.03431382046	0.8684661923	36620.95995	15111.16082	9093.142293	2115.421794	480.5117307	0.09025571412	0.01563396424	0.01226869726
4	1	66255.80125	4328.811874	835870.8534	3156197.63	468.1735919	0.9812730563	1.076939316	44999.28867	16539.83084	10549.38621	2113.580947	592.1881377	1.442937291	0.02929314682	0.01332827552
4	1	67807.65121	1092.608466	1320743.825	1567642.46	1403.736199	0.9438505521	1.068687428	44681.89492	16484.7984	10492.52653	2117.824642	587.8915584	0.364202822	0.04628555072	0.01086897315
4	1	64457.22629	261.0017518	450212.8278	5226049.481	24550.5828	0.01797668818	0.8648571702	36489.17451	15087.84115	9068.660315	2119.326828	478.6937193	0.08700058392	0.01577773697	0.01
4	1	65256.69958	176.0034512	662380.5418	3890775.88	24757.8414	0.009686344196	0.8630323863	36415.47932	15075.29762	9055.893971	2119.237929	477.7130843	0.05866781708	0.0232131679	0.01005165019
4	1	72680.39341	3918.447119	2647672.172	244755.4094	-478.2713987	1.019130856	1.085255138	45353.35029	16598.93572	10608.56507	2119.276862	596.815506	1.30614904	0.09278783839	0.01
4	1	67732.61923	312.5730456	1307666.486	1592604.596	6589.947062	0.7364021175	1.023017577	42846.54099	16171.82979	10173.51363	2118.250321	563.4274269	0.1041910152	0.04582725456	0.01062459352
4	1	66048.16784	273.98253	847914.619	3031815.352	12158.61321	0.5136554717	0.9739831231	40872.44046	15835.42764	9830.804356	2117.670914	537.1302513	0.09132751	0.02971522135	0.01096171059
4	1	65696.3524	1168.336402	781341.8447	3294911.315	2493.668821	0.9002532471	1.059084959	44300.81308	16419.5075	10425.71591	2119.322953	582.7896587	0.3894454672	0.02738217427	0.01
4	1	66423.67042	167.0444584	835870.8548	3205704.201	21145.02062	0.1541991753	0.8948727227	37667.49892	15290.55706	9276.791386	2110.891904	494.5294175	0.05568148614	0.02929314687	0.01490037314
4	1	65192.00868	1159.379039	646567.1521	3975402.338	3203.351524	0.871865939	1.052835667	44049.47308	16376.66105	10382.05256	2119.323748	579.4403647	0.3864596795	0.02265898666	0.01
4	1	64945.85775	338.1443398	551208.2031	4587007.139	15322.9728	0.3870810882	0.9461189595	39751.33143	15644.33805	9636.095203	2117.542143	522.192677	0.1127147799	0.01931712627	0.01103665266
4	1	73627.2042	1050.962186	2754928.557	221720.3555	893.2783405	0.9642688664	1.073205756	44838.64329	16513.11521	10522.72427	2110.520941	590.0959564	0.3503207287	0.09654664519	0.01510809248
4	1	66943.12553	242.3311426	1059703.97	2278746.654	11056.13964	0.5577544146	0.9836965212	41257.45266	15901.42249	9898.360862	2116.019895	542.2869845	0.08077704752	0.03713739253	0.01192083354
4	1	66423.67042	167.0444584	835870.8548	3205704.201	21145.02062	0.1541991753	0.8948727227	37667.49892	15290.55706	9276.791386	2110.891904	494.5294175	0.05568148614	0.02929314687	0.01490037314
4	1	64606.54332	318.672822	484359.745	4993235.818	18532.32239	0.2587071045	0.9178536106	38619.44778	15451.0692	9438.877386	2118.979512	507.0867076	0.106224274	0.01697441784	0.01020167569
4	1	73766.74823	2749.912828	2825296.708	198723.5916	105.5683804	0.9957772648	1.080135749	45124.18973	16561.35658	10571.51868	2112.492524	593.8694627	0.9166376095	0.09901270149	0.01394886846
4	1	64019.51096	3788.772128	312991.4767	6371512.357	1831.174101	0.926753036	1.064922637	44531.41717	16459.0862	10466.27373	2118.100012	585.8819864	1.262924043	0.01096880606	0.01070971931
4	1	66049.18681	4215.216757	875629.0285	2889355.063	40.95195723	0.9983619217	1.080682984	45169.46305	16567.58808	10576.61976	2119.30942	594.3650706	1.405072252	0.03068647458	0.01
4	1	65423.65363	260.6540592	640960.8597	4101519.404	17332.64089	0.3066943644	0.9284296387	39032.05481	15522.22176	9512.071156	2115.254375	512.644026	0.08688468641	0.02246251379	0.01236583179
4	1	72680.39341	3918.447119	2647672.172	244755.4094	-478.2713987	1.019130856	1.085255138	45353.35029	16598.93572	10608.56507	2119.276862	596.815506	1.30614904	0.09278783839	0.01
4	1	66423.67042	167.0444584	835870.8548	3205704.201	21145.02062	0.1541991753	0.8948727227	37667.49892	15290.55706	9276.791386	2110.891904	494.5294175	0.05568148614	0.02929314687	0.01490037314
4	1	65256.69958	176.0034512	662380.5418	3890775.88	24757.8414	0.009686344196	0.8630323863	36415.47932	15075.29762	9055.893971	2119.237929	477.7130843	0.05866781708	0.0232131679	0.01005165019
4	1	64684.12652	270.7671424	446110.3175	5375387.714	24142.15449	0.03431382046	0.8684661923	36620.95995	15111.16082	9093.142293	2115.421794	480.5117307	0.09025571412	0.01563396424	0.01226869726
4	1	63874.08672	4234.328197	293276.019	6505569.741	1635.24114	0.9345903544	1.066644277	44604.61265	16471.31143	10478.51979	2119.254655	586.8390724	1.411442732	0.0102778766	0.0100387483
4	1	78269.9467	92.77333631	1993809.19	1282030.876	24611.81364	0.01552745428	0.8647327336	36040.7827	15039.73077	9043.441431	1989.782867	474.7710659	0.03092444544	0.06987316893	0.08526093206
4	1	64945.85775	338.1443398	551208.2031	4587007.139	15322.9728	0.3870810882	0.9461189595	39751.33143	15644.33805	9636.095203	2117.542143	522.192677	0.1127147799	0.01931712627	0.01103665266
4	1	64830.79542	258.1175267	484359.745	5098138.105	23313.06543	0.06747738298	0.8757671302	36914.40102	15161.19679	9144.142711	2115.364794	484.4229557	0.08603917555	0.01697441784	0.01230180049
4	1	66943.12553	242.3311426	1059703.97	2278746.654	11056.13964	0.5577544146	0.9836965212	41257.45266	15901.42249	9898.360862	2116.019895	542.2869845	0.08077704752	0.03713739253	0.01192083354
4	1	66838.29082	322.2746288	1043422.246	2321552.079	8267.769009	0.6692892397	1.008247965	42247.30848	16070.01051	10070.03307	2116.727264	555.4663415	0.1074248763	0.03656679849	0.01150964868
4	1	64082.46905	455.2156546	350067.2512	6008424.426	17902.2586	0.283909656	0.9234006869	38843.73353	15489.22775	9477.699657	2119.326624	510.0699832	0.1517385515	0.01226812892	0.01
4	1	65532.58706	2036.658512	709533.9045	3677160.594	1414.914864	0.9434034055	1.068589619	44677.29027	16484.05629	10491.8063	2117.628623	587.8333035	0.6788861707	0.02486566047	0.01098284855
4	1	65550.5331	193.906068	698984.3776	3751518.773	21370.56421	0.1451774316	0.8928680159	37606.78294	15278.93455	9263.878107	2116.709353	493.6281595	0.06463535601	0.02449595164	0.01152062241
4	1	68134.70861	515.3792024	1432709.617	1329863.76	3264.683656	0.8694126538	1.052295636	44027.70631	16372.95344	10378.2768	2119.309993	579.150525	0.1717930675	0.05020939896	0.01000802316
4	1	64684.12652	270.7671424	446110.3175	5375387.714	24142.15449	0.03431382046	0.8684661923	36620.95995	15111.16082	9093.142293	2115.421794	480.5117307	0.09025571412	0.01563396424	0.01226869726
4	1	64441.87419	493.2701878	446110.3175	5256001.683	12753.30003	0.4898679988	0.9687411566	40667.2798	15800.09149	9794.490259	2119.326328	534.3701042	0.1644233959	0.01563396424	0.01
4	1	65561.56789	232.7879838	646846.8629	4111970.927	19416.67566	0.2233329737	0.9100841191	38287.82337	15395.75957	9383.5412	2113.386382	502.7561822	0.07759599461	0.02266878914	0.01345112591
4	1	65251.18436	234.3385993	662380.5418	3888786.891	18399.51448	0.2640194207	0.9190219732	38667.62624	15459.20637	9447.1059	2119.326644	507.7232216	0.07811286644	0.0232131679	0.01
4	1	67373.65778	1230.512736	1186390.799	1902384.919	1459.535859	0.9416185656	1.068199619	44658.48142	16481.04947	10488.90987	2116.715975	587.5971204	0.4101709122	0.04157714046	0.01151302757
4	1	74758.92404	158.4949714	2804175.724	226026.7553	7654.746913	0.6938101235	1.013714813	42393.70773	16099.66158	10104.19471	2095.260646	557.7573324	0.05283165713	0.09827251526	0.02398079812
4	1	66048.16784	273.98253	847914.619	3031815.352	12158.61321	0.5136554717	0.9739831231	40872.44046	15835.42764	9830.804356	2117.670914	537.1302513	0.09132751	0.02971522135	0.01096171059
4	1	63840.2774	732.645154	285346.8965	6575303.126	13464.26221	0.4614295118	0.9624805976	40415.48667	15757.16779	9750.748184	2119.326382	531.0147719	0.2442150513	0.01	0.01
4	1	64607.16481	457.861372	484525.8236	4992080.745	12668.96538	0.4932413848	0.9694848983	40696.00418	15805.06411	9799.62148	2118.979183	534.7583781	0.1526204573	0.01698023807	0.01020167569
4	1	67445.47725	1065.558389	1205582.961	1852197.638	1737.519273	0.9304992291	1.065751765	44560.03129	16464.26647	10471.80689	2116.716828	586.2851987	0.3551861298	0.04224973098	0.01151302757
4	1	66222.5432	676.0101314	921954.6855	2708783.832	4007.945072	0.8396821971	1.045750613	43764.51961	16328.08443	10332.5498	2119.324364	575.6431463	0.2253367105	0.03230996015	0.01
4	1	72125.56366	260.9492942	2476613.3	313080.1908	3936.584685	0.8425366126	1.046383397	43785.26366	16331.92137	10336.71258	2117.949346	575.9413603	0.08698309807	0.08679306945	0.0107987788
4	1	66838.29082	322.2746288	1043422.246	2321552.079	8267.769009	0.6692892397	1.008247965	42247.30848	16070.01051	10070.03307	2116.727264	555.4663415	0.1074248763	0.03656679849	0.01150964868
4	1	66255.80125	4328.811874	835870.8534	3156197.63	468.1735919	0.9812730563	1.076939316	44999.28867	16539.83084	10549.38621	2113.580947	592.1881377	1.442937291	0.02929314682	0.01332827552
4	1	68134.70861	515.3792024	1432709.617	1329863.76	3264.683656	0.8694126538	1.052295636	44027.70631	16372.95344	10378.2768	2119.309993	579.150525	0.1717930675	0.05020939896	0.01000802316
4	1	65423.65363	260.6540592	640960.8597	4101519.404	17332.64089	0.3066943644	0.9284296387	39032.05481	15522.22176	9512.071156	2115.254375	512.644026	0.08688468641	0.02246251379	0.01236583179
4	1	69170.96245	280.0730545	1709854.449	903863.3284	5446.818337	0.7821272665	1.033080247	43254.93074	16241.21375	10244.02286	2119.325067	568.8524926	0.09335768482	0.05992195711	0.01
4	1	66943.12553	242.3311426	1059703.97	2278746.654	11056.13964	0.5577544146	0.9836965212	41257.45266	15901.42249	9898.360862	2116.019895	542.2869845	0.08077704752	0.03713739253	0.01192083354
4	1	67807.65121	1092.608466	1320743.825	1567642.46	1403.736199	0.9438505521	1.068687428	44681.89492	16484.7984	10492.52653	2117.824642	587.8915584	0.364202822	0.04628555072	0.01086897315
4	1	64082.46905	455.2156546	350067.2512	6008424.426	17902.2586	0.283909656	0.9234006869	38843.73353	15489.22775	9477.699657	2119.326624	510.0699832	0.1517385515	0.01226812892	0.01
4	1	64019.51096	3761.407888	312991.4767	6371512.357	1849.42361	0.9260230556	1.064761936	44524.95396	16457.9844	10465.15093	2118.100054	585.7958592	1.253802629	0.01096880606	0.01070971931
4	1	65251.18436	234.3385993	662380.5418	3888786.891	18399.51448	0.2640194207	0.9190219732	38667.62624	15459.20637	9447.1059	2119.326644	507.7232216	0.07811286644	0.0232131679	0.01
4	1	66798.44803	1592.16854	1075852.499	2186088.251	971.6305856	0.9611347766	1.072487656	44839.85551	16511.39919	10519.35959	2119.319056	589.9728031	0.5307228468	0.03770331875	0.01
4	1	64607.16481	457.861372	484525.8236	4992080.745	12668.96538	0.4932413848	0.9694848983	40696.00418	15805.06411	9799.62148	2118.979183	534.7583781	0.1526204573	0.01698023807	0.01020167569
4	1	71611.05256	127.156602	2338576.617	379532.121	9339.662783	0.6264134887	0.9988053183	41871.61056	16005.70412	10004.28178	2117.918171	550.4410193	0.042385534	0.08195556516	0.01081787776
4	1	74418.69104	131.3636782	2432604.393	418065.6836	11485.29414	0.5405882345	0.9800381527	40981.32374	15862.59156	9865.716197	2078.331883	539.2044879	0.04378789275	0.0852507745	0.03381625106
4	1	66048.16784	273.98253	847914.619	3031815.352	12158.61321	0.5136554717	0.9739831231	40872.44046	15835.42764	9830.804356	2117.670914	537.1302513	0.09132751	0.02971522135	0.01096171059
4	1	66255.80125	4328.811874	835870.8534	3156197.63	468.1735919	0.9812730563	1.076939316	44999.28867	16539.83084	10549.38621	2113.580947	592.1881377	1.442937291	0.02929314682	0.01332827552
4	1	69013.0357	731.6088233	1637780.049	1009736.559	1846.933328	0.9261226669	1.064785723	44523.9244	16457.93579	10465.20804	2117.519636	585.7913342	0.2438696078	0.05739610519	0.0110468652
4	1	66556.10171	193.906068	859261.7622	3115875.254	17745.99453	0.2901602189	0.9248060322	38868.9081	15495.52206	9485.797227	2110.168007	510.5505628	0.06463535601	0.0301128827	0.01532085865
4	1	65696.3524	1168.336402	781341.8447	3294911.315	2493.668821	0.9002532471	1.059084959	44300.81308	16419.5075	10425.71591	2119.322953	582.7896587	0.3894454672	0.02738217427	0.01
4	1	63943.72687	3597.601643	312991.4767	6326901.609	1876.82249	0.9249271004	1.064516757	44519.27431	16456.74904	10463.6675	2119.321915	585.7008183	1.199200548	0.01096880606	0.01
4	1	74887.74107	114.8626686	2344179.842	509272.6388	14149.39911	0.4340240355	0.9566199801	39995.33439	15697.32766	9699.671353	2065.437299	526.2697477	0.03828755621	0.08215193055	0.04130775656
4	1	63943.72687	475.9019495	312991.4767	6326901.609	19205.97289	0.2317610845	0.9119204977	38382.01232	15410.51717	9397.488401	2119.326674	503.9172021	0.1586339832	0.01096880606	0.01
4	1	66025.52209	395.1415374	869305.1558	2914921.037	7895.127307	0.6841949077	1.011521037	42387.84187	16093.3993	10093.39021	2119.325727	557.2978834	0.1317138458	0.03046485406	0.01
4	1	63840.2774	732.645154	285346.8965	6575303.126	13464.26221	0.4614295118	0.9624805976	40415.48667	15757.16779	9750.748184	2119.326382	531.0147719	0.2442150513	0.01	0.01
4	1	75040.68758	159.5424745	2804175.724	232009.1269	7936.684082	0.6825326367	1.011246685	42278.89662	16081.0827	10086.09636	2090.718708	556.299351	0.05318082483	0.09827251526	0.02661951853
4	1	65190.69908	1429.701343	625111.8121	4126116.145	2654.82726	0.8938069096	1.057669914	44239.54395	16409.34122	10415.58979	2118.049935	581.993373	0.4765671144	0.02190708291	0.01073963936
4	1	64190.00878	4234.328197	329829.8759	6286130.739	1576.942944	0.9369222822	1.067166882	44615.74806	16473.84114	10481.62843	2116.366344	587.0332108	1.411442732	0.01155890882	0.01171633156
4	1	67006.19733	176.6872503	1059525.77	2292821.746	15436.25582	0.3825497673	0.9451295789	39702.81396	15636.62466	9628.703288	2114.992791	521.5865375	0.05889575009	0.03713114749	0.01251774701
4	1	72818.48307	3876.061277	2684573.575	232491.6256	-479.1203301	1.019164813	1.085262614	45353.65095	16598.98697	10608.6173	2119.276712	596.8195125	1.292020426	0.0940810504	0.01
4	1	63864.58367	3046.75877	291842.2084	6516076.574	2580.515483	0.8967793807	1.058320209	44270.05561	16414.26421	10420.37266	2119.323069	582.3797924	1.015586257	0.01022762862	0.01
4	1	68609.06359	261.0631592	1239763.59	1944061.505	9810.745152	0.6075701939	0.994714363	41645.84039	15971.12897	9972.335669	2100.026761	547.7159339	0.08702105307	0.04344759326	0.02121217134
4	1	78269.9467	92.77333631	1993809.19	1282030.876	24611.81364	0.01552745428	0.8647327336	36040.7827	15039.73077	9043.441431	1989.782867	474.7710659	0.03092444544	0.06987316893	0.08526093206
4	1	63840.2774	447.2893761	285346.8965	6575303.126	22542.05927	0.09831762913	0.8825437371	37200.50973	15209.10396	9192.235086	2119.326778	488.1727944	0.1490964587	0.01	0.01
4	1	66943.12553	242.3311426	1059703.97	2278746.654	11056.13964	0.5577544146	0.9836965212	41257.45266	15901.42249	9898.360862	2116.019895	542.2869845	0.08077704752	0.03713739253	0.01192083354
4	1	66323.38331	921.146605	948901.9732	2608984.539	2638.291206	0.8944683518	1.05781145	44249.59386	16410.77605	10416.818	2119.323142	582.1071242	0.3070488683	0.03325432955	0.01
4	1	68583.15014	476.0644236	1411476.564	1438496.404	4273.550242	0.8290579903	1.043439047	43642.37816	16309.12656	10314.79698	2110.800792	574.1505645	0.1586881412	0.04946528528	0.0149517994
4	1	75040.68758	159.5424745	2804175.724	232009.1269	7936.684082	0.6825326367	1.011246685	42278.89662	16081.0827	10086.09636	2090.718708	556.299351	0.05318082483	0.09827251526	0.02661951853
4	1	65138.36223	447.1918235	285346.8965	7416230.344	24048.48205	0.0380607182	0.869345539	36598.07352	15110.98109	9096.087159	2098.402132	480.4764128	0.1490639412	0.01	0.0221565867
4	1	72917.7329	240.6555081	2711095.895	224058.5765	3794.408783	0.8482236487	1.047630962	43840.14526	16340.97649	10345.68765	2119.324222	576.6509147	0.08021850271	0.09501052676	0.01
4	1	65479.51439	303.8562583	698984.3776	3726898.396	13346.64001	0.4661343994	0.9635210645	40452.29294	15763.76425	9757.741058	2117.853774	531.528575	0.1012854194	0.02449595164	0.01085553092
4	1	64091.00148	3713.706055	291952.7051	6653028.775	2240.045016	0.9103981994	1.061329972	44378.63595	16433.57078	10440.71689	2115.679013	583.8844285	1.237902018	0.01023150098	0.01211653434
4	1	65732.24566	193.906068	638088.8114	4241705.885	23938.8593	0.04244562798	0.870273376	36675.452	15121.61241	9104.769962	2110.10695	481.3220868	0.06463535601	0.02236186267	0.01535645263
4	1	63840.2774	447.2893761	285346.8965	6575303.126	22542.05927	0.09831762913	0.8825437371	37200.50973	15209.10396	9192.235086	2119.326778	488.1727944	0.1490964587	0.01	0.01
4	1	65421.46526	415.4754173	707884.3428	3649932.169	9349.433835	0.6260226466	0.9987147697	41872.78718	16005.59685	10003.91374	2119.325967	550.4343936	0.1384918058	0.02480785148	0.01
4	1	65138.36223	447.1918235	285346.8965	7416230.344	24048.48205	0.0380607182	0.869345539	36598.07352	15110.98109	9096.087159	2098.402132	480.4764128	0.1490639412	0.01	0.0221565867
4	1	66255.80125	4328.811874	835870.8534	3156197.63	468.1735919	0.9812730563	1.076939316	44999.28867	16539.83084	10549.38621	2113.580947	592.1881377	1.442937291	0.02929314682	0.01332827552
4	1	64816.26475	338.1443398	544364.1303	4586518.916	15403.36781	0.3838652878	0.9454056544	39728.37996	15640.05894	9631.426445	2119.2183	521.8602744	0.1127147799	0.01907727531	0.01006286303
4	1	66423.67042	167.0444584	835870.8548	3205704.201	21145.02062	0.1541991753	0.8948727227	37667.49892	15290.55706	9276.791386	2110.891904	494.5294175	0.05568148614	0.02929314687	0.01490037314
4	1	66943.12553	242.3311426	1059703.97	2278746.654	11056.13964	0.5577544146	0.9836965212	41257.45266	15901.42249	9898.360862	2116.019895	542.2869845	0.08077704752	0.03713739253	0.01192083354
4	1	63861.8124	3055.641396	285346.8965	6588444.421	2671.629283	0.8931348287	1.057518995	44236.64347	16408.64428	10414.70938	2118.976016	581.9400506	1.018547132	0.01	0.01020167569
4	1	64830.79542	258.1175267	484359.745	5098138.105	23313.06543	0.06747738298	0.8757671302	36914.40102	15161.19679	9144.142711	2115.364794	484.4229557	0.08603917555	0.01697441784	0.01230180049
4	1	64457.22629	261.0017518	450212.8278	5226049.481	24550.5828	0.01797668818	0.8648571702	36489.17451	15087.84115	9068.660315	2119.326828	478.6937193	0.08700058392	0.01577773697	0.01
4	1	66049.18681	4215.216757	875629.0285	2889355.063	40.95195723	0.9983619217	1.080682984	45169.46305	16567.58808	10576.61976	2119.30942	594.3650706	1.405072252	0.03068647458	0.01
4	1	65138.36223	447.1918235	285346.8965	7416230.344	24048.48205	0.0380607182	0.869345539	36598.07352	15110.98109	9096.087159	2098.402132	480.4764128	0.1490639412	0.01	0.0221565867
4	1	64082.46905	455.2156546	350067.2512	6008424.426	17902.2586	0.283909656	0.9234006869	38843.73353	15489.22775	9477.699657	2119.326624	510.0699832	0.1517385515	0.01226812892	0.01
4	1	64351.73696	3716.323993	285346.8965	6894610.176	2631.735073	0.8947305971	1.057895578	44224.75892	16408.34526	10415.85612	2111.077696	581.9068074	1.238774664	0.01	0.01478982754
4	1	64457.22629	261.0017518	450212.8278	5226049.481	24550.5828	0.01797668818	0.8648571702	36489.17451	15087.84115	9068.660315	2119.326828	478.6937193	0.08700058392	0.01577773697	0.01
4	1	64457.22629	261.0017518	450212.8278	5226049.481	24550.5828	0.01797668818	0.8648571702	36489.17451	15087.84115	9068.660315	2119.326828	478.6937193	0.08700058392	0.01577773697	0.01
4	1	69817.47924	92.77333631	1865130.163	732483.8737	16502.32842	0.3399068633	0.9357315077	39336.0549	15573.38553	9563.655892	2118.271436	516.6472519	0.03092444544	0.06536360429	0.01061299364
4	1	66048.16784	273.98253	847914.619	3031815.352	12158.61321	0.5136554717	0.9739831231	40872.44046	15835.42764	9830.804356	2117.670914	537.1302513	0.09132751	0.02971522135	0.01096171059
4	1	66798.44803	1592.16854	1075852.499	2186088.251	971.6305856	0.9611347766	1.072487656	44839.85551	16511.39919	10519.35959	2119.319056	589.9728031	0.5307228468	0.03770331875	0.01
4	1	67807.65121	1092.608466	1320743.825	1567642.46	1403.736199	0.9438505521	1.068687428	44681.89492	16484.7984	10492.52653	2117.824642	587.8915584	0.364202822	0.04628555072	0.01086897315
4	1	74887.74107	114.8626686	2344179.842	509272.6388	14149.39911	0.4340240355	0.9566199801	39995.33439	15697.32766	9699.671353	2065.437299	526.2697477	0.03828755621	0.08215193055	0.04130775656
4	1	65423.65363	260.6540592	640960.8597	4101519.404	17332.64089	0.3066943644	0.9284296387	39032.05481	15522.22176	9512.071156	2115.254375	512.644026	0.08688468641	0.02246251379	0.01236583179
4	1	64566.77943	731.6088233	459624.6151	5193647.88	8167.380867	0.6733047653	1.009127475	42287.47417	16076.55143	10076.44134	2118.127541	555.9793933	0.2438696078	0.01610757365	0.01069613031
4	1	64082.46905	455.2156546	350067.2512	6008424.426	17902.2586	0.283909656	0.9234006869	38843.73353	15489.22775	9477.699657	2119.326624	510.0699832	0.1517385515	0.01226812892	0.01
4	1	66943.12553	242.3311426	1059703.97	2278746.654	11056.13964	0.5577544146	0.9836965212	41257.45266	15901.42249	9898.360862	2116.019895	542.2869845	0.08077704752	0.03713739253	0.01192083354
4	1	66943.12553	242.3311426	1059703.97	2278746.654	11056.13964	0.5577544146	0.9836965212	41257.45266	15901.42249	9898.360862	2116.019895	542.2869845	0.08077704752	0.03713739253	0.01192083354
4	1	63840.2774	732.645154	285346.8965	6575303.126	13464.26221	0.4614295118	0.9624805976	40415.48667	15757.16779	9750.748184	2119.326382	531.0147719	0.2442150513	0.01	0.01
4	1	64224.144	570.7060223	368112.1769	5899690.061	13480.5411	0.4607783562	0.9623410763	40405.78431	15755.77518	9749.548696	2118.131129	530.9044184	0.1902353408	0.01290051448	0.01069440283
4	1	65087.67297	1124.561344	617555.2662	4140981.88	3523.308601	0.8590676559	1.050018422	43935.93301	16357.32055	10362.35585	2119.255825	577.9284387	0.3748537813	0.02164226329	0.01003961763
4	1	65087.67297	1124.561344	617555.2662	4140981.88	3523.308601	0.8590676559	1.050018422	43935.93301	16357.32055	10362.35585	2119.255825	577.9284387	0.3748537813	0.02164226329	0.01003961763
4	1	64091.00148	3713.706055	291952.7051	6653028.775	2240.045016	0.9103981994	1.061329972	44378.63595	16433.57078	10440.71689	2115.679013	583.8844285	1.237902018	0.01023150098	0.01211653434
4	1	66943.12553	242.3311426	1059703.97	2278746.654	11056.13964	0.5577544146	0.9836965212	41257.45266	15901.42249	9898.360862	2116.019895	542.2869845	0.08077704752	0.03713739253	0.01192083354
4	1	67732.61923	312.5730456	1307666.486	1592604.596	6589.947062	0.7364021175	1.023017577	42846.54099	16171.82979	10173.51363	2118.250321	563.4274269	0.1041910152	0.04582725456	0.01062459352
4	1	65087.67297	1124.561344	617555.2662	4140981.88	3523.308601	0.8590676559	1.050018422	43935.93301	16357.32055	10362.35585	2119.255825	577.9284387	0.3748537813	0.02164226329	0.01003961763
4	1	66323.38331	921.146605	948901.9732	2608984.539	2638.291206	0.8944683518	1.05781145	44249.59386	16410.77605	10416.818	2119.323142	582.1071242	0.3070488683	0.03325432955	0.01
4	1	65532.58706	2036.658512	709533.9045	3677160.594	1414.914864	0.9434034055	1.068589619	44677.29027	16484.05629	10491.8063	2117.628623	587.8333035	0.6788861707	0.02486566047	0.01098284855
4	1	71611.05256	127.156602	2338576.617	379532.121	9339.662783	0.6264134887	0.9988053183	41871.61056	16005.70412	10004.28178	2117.918171	550.4410193	0.042385534	0.08195556516	0.01081787776
4	1	63861.8124	3055.641396	285346.8965	6588444.421	2671.629283	0.8931348287	1.057518995	44236.64347	16408.64428	10414.70938	2118.976016	581.9400506	1.018547132	0.01	0.01020167569
4	1	74887.74107	114.8626686	2344179.842	509272.6388	14149.39911	0.4340240355	0.9566199801	39995.33439	15697.32766	9699.671353	2065.437299	526.2697477	0.03828755621	0.08215193055	0.04130775656
4	1	63874.08672	4234.328197	293276.019	6505569.741	1635.24114	0.9345903544	1.066644277	44604.61265	16471.31143	10478.51979	2119.254655	586.8390724	1.411442732	0.0102778766	0.0100387483
4	1	66423.67042	167.0444584	835870.8548	3205704.201	21145.02062	0.1541991753	0.8948727227	37667.49892	15290.55706	9276.791386	2110.891904	494.5294175	0.05568148614	0.02929314687	0.01490037314
4	1	64649.72897	4009.040874	501654.9053	4864649.651	714.1208864	0.9714351645	1.074755223	44931.0547	16526.94611	10535.20292	2119.317603	591.1881007	1.336346958	0.01758052782	0.01
4	1	63943.72687	475.9019495	312991.4767	6326901.609	19205.97289	0.2317610845	0.9119204977	38382.01232	15410.51717	9397.488401	2119.326674	503.9172021	0.1586339832	0.01096880606	0.01
4	1	67445.47725	1065.558389	1205582.961	1852197.638	1737.519273	0.9304992291	1.065751765	44560.03129	16464.26647	10471.80689	2116.716828	586.2851987	0.3551861298	0.04224973098	0.01151302757
4	1	69817.47924	92.77333631	1865130.163	732483.8737	16502.32842	0.3399068633	0.9357315077	39336.0549	15573.38553	9563.655892	2118.271436	516.6472519	0.03092444544	0.06536360429	0.01061299364
4	1	66943.12553	242.3311426	1059703.97	2278746.654	11056.13964	0.5577544146	0.9836965212	41257.45266	15901.42249	9898.360862	2116.019895	542.2869845	0.08077704752	0.03713739253	0.01192083354
4	1	64671.80713	260.9492942	484761.9018	5020026.737	22849.7119	0.08601152389	0.8798390251	37087.02318	15190.05832	9173.079027	2117.951878	486.6822851	0.08698309807	0.01698851145	0.0107987788
4	1	74658.87963	193.7846145	2738131.328	251211.2732	6738.054873	0.7304778051	1.021794571	42710.55116	16154.19307	10160.20169	2092.888998	562.0170787	0.0645948715	0.09595798522	0.02535841056
4	1	64606.54332	258.1175267	484359.745	4993235.818	23053.70001	0.07785199947	0.8780394652	37018.16449	15178.09509	9160.698814	2118.979655	485.7484074	0.08603917555	0.01697441784	0.01020167569
4	1	67445.47725	1065.558389	1205582.961	1852197.638	1737.519273	0.9304992291	1.065751765	44560.03129	16464.26647	10471.80689	2116.716828	586.2851987	0.3551861298	0.04224973098	0.01151302757
4	1	63861.8124	3055.641396	285346.8965	6588444.421	2671.629283	0.8931348287	1.057518995	44236.64347	16408.64428	10414.70938	2118.976016	581.9400506	1.018547132	0.01	0.01020167569
4	1	64830.79542	258.1175267	484359.745	5098138.105	23313.06543	0.06747738298	0.8757671302	36914.40102	15161.19679	9144.142711	2115.364794	484.4229557	0.08603917555	0.01697441784	0.01230180049
4	1	65256.69958	176.0034512	662380.5418	3890775.88	24757.8414	0.009686344196	0.8630323863	36415.47932	15075.29762	9055.893971	2119.237929	477.7130843	0.05866781708	0.0232131679	0.01005165019
4	1	63864.58367	3046.75877	291842.2084	6516076.574	2580.515483	0.8967793807	1.058320209	44270.05561	16414.26421	10420.37266	2119.323069	582.3797924	1.015586257	0.01022762862	0.01
4	1	65532.58706	2036.658512	709533.9045	3677160.594	1414.914864	0.9434034055	1.068589619	44677.29027	16484.05629	10491.8063	2117.628623	587.8333035	0.6788861707	0.02486566047	0.01098284855
4	1	65561.56789	232.7879838	646846.8629	4111970.927	19416.67566	0.2233329737	0.9100841191	38287.82337	15395.75957	9383.5412	2113.386382	502.7561822	0.07759599461	0.02266878914	0.01345112591
4	1	73807.38477	790.4325229	2834043.826	196460.7293	1059.764712	0.9576094115	1.071733738	44785.83355	16503.70415	10512.79048	2112.392053	589.3626315	0.2634775076	0.09931924477	0.01402288699
4	1	65423.65363	260.6540592	640960.8597	4101519.404	17332.64089	0.3066943644	0.9284296387	39032.05481	15522.22176	9512.071156	2115.254375	512.644026	0.08688468641	0.02246251379	0.01236583179
4	1	67373.65778	1230.512736	1186390.799	1902384.919	1459.535859	0.9416185656	1.068199619	44658.48142	16481.04947	10488.90987	2116.715975	587.5971204	0.4101709122	0.04157714046	0.01151302757
4	1	63840.2774	732.645154	285346.8965	6575303.126	13464.26221	0.4614295118	0.9624805976	40415.48667	15757.16779	9750.748184	2119.326382	531.0147719	0.2442150513	0.01	0.01
4	1	69185.30374	635.7442869	1713686.841	899050.7494	1965.45667	0.9213817332	1.063736266	44487.88378	16451.39783	10458.21426	2119.322093	585.282516	0.2119147623	0.06005626352	0.01
4	1	65251.18436	175.9438315	662380.5418	3888786.891	24760.10902	0.009595639093	0.8630121335	36414.96906	15075.1912	9055.769177	2119.326832	477.7048761	0.05864794383	0.0232131679	0.01
4	1	69817.47924	92.77333631	1865130.163	732483.8737	16502.32842	0.3399068633	0.9357315077	39336.0549	15573.38553	9563.655892	2118.271436	516.6472519	0.03092444544	0.06536360429	0.01061299364
4	1	65732.24566	193.906068	638088.8114	4241705.885	23938.8593	0.04244562798	0.870273376	36675.452	15121.61241	9104.769962	2110.10695	481.3220868	0.06463535601	0.02236186267	0.01535645263
4	1	64945.85775	338.1443398	551208.2031	4587007.139	15322.9728	0.3870810882	0.9461189595	39751.33143	15644.33805	9636.095203	2117.542143	522.192677	0.1127147799	0.01931712627	0.01103665266
4	1	72125.56366	260.9492942	2476613.3	313080.1908	3936.584685	0.8425366126	1.046383397	43785.26366	16331.92137	10336.71258	2117.949346	575.9413603	0.08698309807	0.08679306945	0.0107987788
