#gen	Feasible	f1	f2	f3	f4	f5	c1	c2	c3	c4	c5	c6	c7	x1	x2	x3
33	1	65335.38111	751.4532349	684880.2586	3768790.856	5015.063517	0.7993974593	1.036882174	43407.84028	16267.28056	10270.58665	2119.324893	570.8901269	0.2504844116	0.0240016719	0.01000000003
33	1	67188.56078	1300.825163	1180101.494	1890593.136	1172.808816	0.9530876473	1.07071613	44768.60658	16499.25324	10506.98206	2119.319922	589.0233577	0.4336083877	0.04135673136	0.01
33	1	66264.45023	437.9701043	933153.4126	2666853.932	6513.664501	0.73945342	1.023685861	42877.09835	16176.80388	10178.38496	2119.325409	563.8175927	0.1459900348	0.03270242025	0.01
33	1	65746.43368	237.7808723	794724.9568	3234052.599	14976.8384	0.4009264641	0.9491612216	39879.79529	15665.84736	9657.686661	2119.326479	523.8762828	0.07926029076	0.02785118628	0.01
33	1	65375.63213	4301.495052	695636.454	3712740.926	229.1397904	0.9908344084	1.079025848	45102.81477	16556.2264	10565.04147	2119.312824	593.4769324	1.433831684	0.02437862344	0.01
33	1	65793.36253	364.404028	807265.6539	3178045.283	9347.291329	0.6261083468	0.9987336361	41873.54596	16005.7262	10004.04556	2119.325967	550.444505	0.1214680093	0.0282906758	0.01
33	1	66072.75633	792.6212942	881902.3754	2864239.838	3490.729827	0.8603708069	1.050305089	43947.69069	16359.31032	10364.37131	2119.322482	578.0840621	0.2642070981	0.03090632442	0.01000087915
33	1	65217.38745	178.1198222	653349.0659	3938021.636	24796.81514	0.008127394535	0.8626889084	36401.96929	15072.9751	9053.510826	2119.326833	477.5316444	0.05937327405	0.02289665926	0.01
33	1	65793.36253	364.404028	807265.6539	3178045.283	9347.291329	0.6261083468	0.9987336361	41873.54596	16005.7262	10004.04556	2119.325967	550.444505	0.1214680093	0.0282906758	0.01
33	1	64800.5999	521.8180381	541935.6047	4599256.167	9754.350262	0.6098259895	0.9951491817	41729.37548	15981.14964	9979.000821	2119.323838	548.5233598	0.173939346	0.01899216748	0.0100012692
33	1	72948.68812	175.9903282	2719333.94	221504.6089	5450.959408	0.7819616237	1.033043788	43253.45738	16240.96304	10243.76774	2119.323015	568.8328915	0.05866344272	0.09529922959	0.01000119333
33	1	63872.19501	4350	293875.9339	6497642.775	1561.99864	0.9375200544	1.067289019	44630.77173	16475.75624	10483.03709	2119.321158	587.1866053	1.45	0.01029890065	0.01000000831
33	1	66633.92664	562.1135186	1031864.486	2324253.624	4363.744527	0.8254502189	1.042617535	43638.50566	16306.60288	10310.65894	2119.323168	573.9639382	0.1873711729	0.03616175606	0.01000081709
33	1	73450.44434	229.8114237	2853451.231	183754.5065	3771.356211	0.8491457516	1.047833957	43848.30952	16342.36827	10347.10597	2119.324206	576.7597095	0.07660380788	0.09999937852	0.01
33	1	64140.27081	319.77581	365513.4919	5880520.655	24685.72726	0.01257090942	0.8636671211	36441.31198	15079.68193	9060.345528	2119.326831	478.0559152	0.1065919367	0.0128094434	0.01
33	1	65746.43368	237.7808723	794724.9568	3234052.599	14976.8384	0.4009264641	0.9491612216	39879.79529	15665.84736	9657.686661	2119.326479	523.8762828	0.07926029076	0.02785118628	0.01
33	1	67123.85608	222.6410294	1162810.596	1936684.601	10725.39703	0.5709841189	0.9865983744	41385.47843	15922.52431	9919.257356	2119.326139	543.9406392	0.07421367645	0.04075077075	0.01
33	1	73450.52454	4350	2853468.965	183750.2029	-525.3288184	1.021013153	1.085669515	45370.01533	16601.77669	10611.46025	2119.266712	597.0375837	1.45	0.1	0.01000012963
33	1	65114.75783	339.2588688	625919.6743	4091411.829	13243.76751	0.4702492998	0.9644222207	40493.57591	15770.47988	9764.314121	2119.32613	532.0553734	0.1130862896	0.0219353945	0.0100001366
33	1	65794.47632	147.6391585	807563.2897	3176727.878	24185.03087	0.03259876518	0.868076131	36618.63775	15109.91102	9091.150963	2119.326819	480.418914	0.04921305284	0.02830110646	0.01
33	1	65113.25121	456.5256801	625520.9612	4093679.392	9651.987366	0.6139205054	0.9960505573	41765.63534	15987.33046	9985.299079	2119.326009	549.006515	0.1521752267	0.02192142157	0.01
33	1	65073.48953	302.899189	614895.5341	4154723.296	15206.64938	0.3917340248	0.9471375623	39798.40583	15651.97273	9643.547499	2119.326493	522.7917072	0.1009663963	0.02154905281	0.01
33	1	64457.71	264.8532694	449412.1123	5233570.372	24230.91528	0.03076338885	0.8676722638	36602.20262	15107.12156	9088.318627	2119.270722	480.2007925	0.08828442315	0.01574967584	0.01003259107
33	1	73451.21063	4350	2853468.965	183761.8916	-524.5352974	1.020981412	1.085662563	45369.69787	16601.72499	10611.4096	2119.255652	597.0335285	1.45	0.1	0.0100065549
33	1	65375.63213	4301.495052	695636.454	3712740.926	229.1397904	0.9908344084	1.079025848	45102.81477	16556.2264	10565.04147	2119.312824	593.4769324	1.433831684	0.02437862344	0.01
33	1	64882.24583	208.6499209	563789.8899	4461290.624	24522.95495	0.01908180214	0.8651004543	36498.95914	15089.50916	9070.360124	2119.326827	478.8241069	0.06954997362	0.01975805228	0.01
33	1	73445.99471	204.2587444	2852262.167	184059.1325	4340.9801	0.826360796	1.042817988	43646.5725	16307.97774	10312.05976	2119.324562	574.0714126	0.06808624812	0.09995770768	0.01
33	1	63840.2774	686.0650097	285346.8965	6575303.126	14430.35299	0.4227858802	0.9539734384	40073.33762	15698.84093	9691.309274	2119.326446	526.4553794	0.2286883366	0.01	0.01
33	1	73314.07284	127.0969708	2816511.819	193491.0527	7547.178781	0.6981128488	1.014585083	42510.97193	16114.3961	10114.79284	2119.295667	558.939159	0.04236565693	0.09870483449	0.01001742263
33	1	64800.5999	521.8180381	541935.6047	4599256.167	9754.350262	0.6098259895	0.9951491817	41729.37548	15981.14964	9979.000821	2119.323838	548.5233598	0.173939346	0.01899216748	0.0100012692
33	1	65217.38745	178.1198222	653349.0659	3938021.636	24796.81514	0.008127394535	0.8626889084	36401.96929	15072.9751	9053.510826	2119.326833	477.5316444	0.05937327405	0.02289665926	0.01
33	1	65793.36253	364.404028	807265.6539	3178045.283	9347.291329	0.6261083468	0.9987336361	41873.54596	16005.7262	10004.04556	2119.325967	550.444505	0.1214680093	0.0282906758	0.01
33	1	63870.61514	4350	293113.3039	6505317.715	1569.526554	0.9372189378	1.067222796	44628.03801	16475.29471	10482.57053	2119.300638	587.1505018	1.45	0.01027217424	0.01001193924
33	1	63925.57352	379.4291346	307439.844	6377571.27	24739.10129	0.01043594845	0.8631972578	36422.26993	15076.44503	9057.054683	2119.284573	477.8028352	0.1264763782	0.01077424874	0.01002455087
33	1	66577.81407	219.2249584	1016892.96	2373217.977	12578.93691	0.4968425236	0.9702765556	40729.03194	15810.61851	9805.217982	2119.326314	535.1929978	0.07307498614	0.03563707798	0.01
33	1	65793.36253	364.404028	807265.6539	3178045.283	9347.291329	0.6261083468	0.9987336361	41873.54596	16005.7262	10004.04556	2119.325967	550.444505	0.1214680093	0.0282906758	0.01
33	1	63840.2774	686.0650097	285346.8965	6575303.126	14430.35299	0.4227858802	0.9539734384	40073.33762	15698.84093	9691.309274	2119.326446	526.4553794	0.2286883366	0.01	0.01
33	1	63840.2774	686.0650097	285346.8965	6575303.126	14430.35299	0.4227858802	0.9539734384	40073.33762	15698.84093	9691.309274	2119.326446	526.4553794	0.2286883366	0.01	0.01
33	1	64723.01075	233.1539355	521237.839	4733736.575	23712.69567	0.05149217302	0.8722353992	36785.91916	15138.42784	9120.211471	2119.326808	482.6480643	0.07771797849	0.01826681297	0.01
33	1	64858.26582	269.1854923	557381.7631	4501293.891	19061.44328	0.2375422686	0.9131931901	38433.19868	15419.24302	9406.380611	2119.326669	504.5992986	0.08972849745	0.01953347907	0.01
33	1	68133.76262	194.6964486	1432685.759	1329802.329	9899.493734	0.6040202506	0.9938710768	41677.97891	15972.38748	9970.071205	2119.326041	547.8384274	0.0648988162	0.05020856285	0.01
33	1	65793.36253	364.404028	807265.6539	3178045.283	9347.291329	0.6261083468	0.9987336361	41873.54596	16005.7262	10004.04556	2119.325967	550.444505	0.1214680093	0.0282906758	0.01
33	1	73450.53787	70.12283916	2853468.965	183750.43	14101.79969	0.4359280122	0.9568665998	40189.69605	15718.67689	9711.523502	2119.325987	528.0059496	0.02337427972	0.1	0.01000025447
33	1	64491.23753	578.7857028	458616.551	5166453.981	10444.76683	0.5822093269	0.9890696676	41484.72982	15939.45294	9936.516337	2119.284785	545.2638932	0.1929285676	0.01607224598	0.01002400681
33	1	63881.13515	4350	295920.7662	6479934.171	1547.408742	0.9381036503	1.067417561	44635.87047	16476.62998	10483.9313	2119.300351	587.2548788	1.45	0.01037056193	0.01001207156
33	1	64140.27081	319.77581	365513.4919	5880520.655	24685.72726	0.01257090942	0.8636671211	36441.31198	15079.68193	9060.345528	2119.326831	478.0559152	0.1065919367	0.0128094434	0.01
33	1	63850.89038	4350	288129.5959	6549985.175	1608.637347	0.9356545061	1.06687834	44614.24369	16472.93938	10480.1671	2119.318074	586.9664075	1.45	0.01009751988	0.01000187086
33	1	72948.68812	175.9903282	2719333.94	221504.6089	5450.959408	0.7819616237	1.033043788	43253.45738	16240.96304	10243.76774	2119.323015	568.8328915	0.05866344272	0.09529922959	0.01000119333
33	1	65794.47632	276.2109774	807563.2897	3176727.878	12571.18815	0.4971524741	0.9703447893	40731.77623	15811.08633	9805.694726	2119.326313	535.2295674	0.0920703258	0.02830110646	0.01
33	1	65318.87575	171.8330219	680413.8148	3792386.505	24678.30859	0.01286765636	0.8637324589	36443.92828	15080.12867	9060.801406	2119.323467	478.0908327	0.05727767397	0.02384514509	0.01000195384
33	1	63904.06647	4349.669222	302393.1122	6421004.683	1496.627576	0.940134897	1.067864661	44653.92348	16479.70297	10487.05906	2119.320993	587.4951195	1.449889741	0.0105973857	0.01
33	1	65793.36253	256.2912872	807265.6539	3178045.283	13613.01391	0.4554794435	0.9611707264	40362.80502	15748.18704	9741.596208	2119.326392	530.3127495	0.08543042906	0.0282906758	0.01
33	1	66633.83939	852.5782495	1031864.486	2324234.823	2616.366942	0.8953453223	1.05800451	44257.35852	16412.09971	10418.16689	2119.323115	582.2105941	0.2841927498	0.03616175606	0.01
33	1	64460.72503	293.8339779	450226.8614	5227617.336	21725.17191	0.1309931238	0.8897372252	37489.63417	15258.40375	9242.485029	2119.271204	492.0264744	0.09794465931	0.01577822878	0.01003227395
33	1	67535.74413	132.898017	1272878.558	1661379.581	16820.05559	0.3271977763	0.9329303018	39227.00467	15554.56478	9544.282392	2119.326576	515.1773585	0.04429933899	0.04460810942	0.01
33	1	66633.83939	852.5782495	1031864.486	2324234.823	2616.366942	0.8953453223	1.05800451	44257.35852	16412.09971	10418.16689	2119.323115	582.2105941	0.2841927498	0.03616175606	0.01
33	1	64894.94091	252.2838526	473621.673	5225271.033	24535.85768	0.01856569282	0.865004905	36475.79951	15086.79523	9068.631712	2113.683081	478.6049074	0.08409461752	0.01659810143	0.01327884047
33	1	64423.06798	436.8502484	407784.3229	5608670.795	16077.95889	0.3568816445	0.9394714551	39483.20774	15598.67951	9589.60739	2117.317793	518.623283	0.1456167495	0.01429082734	0.0111670165
33	1	64386.50957	268.40838	430701.9638	5371181.406	24969.8178	0.001207288055	0.8611656078	36340.57709	15062.51753	9042.860679	2119.289836	476.7141335	0.08946946001	0.01509397751	0.01002149611
33	1	65112.55755	302.0287647	625335.5977	4094736.594	14985.26114	0.4005895544	0.949087053	39876.81231	15665.33885	9657.168451	2119.32648	523.8365323	0.1006762549	0.0219149255	0.01
33	1	65798.61034	188.2196883	808668.0147	3171842.884	18779.02013	0.2488391947	0.9156801393	38533.22117	15436.29406	9423.756746	2119.326659	505.9321733	0.06273989611	0.02833982162	0.01
33	1	65793.36253	256.2912872	807265.6539	3178045.283	13613.01391	0.4554794435	0.9611707264	40362.80502	15748.18704	9741.596208	2119.326392	530.3127495	0.08543042906	0.0282906758	0.01
33	1	66579.42229	309.4413484	1017322.72	2371797.621	8684.571787	0.6526171285	1.004569382	42108.25357	16045.7373	10044.8195	2119.325867	553.5721598	0.1031471161	0.03565213892	0.01
33	1	73439.50863	40.75235211	2850515.551	184508.3684	24842.9081	0.006283675841	0.8622830276	36385.64243	15070.192	9050.674815	2119.326029	477.3140895	0.01358411737	0.09989649741	0.01000046798
33	1	64800.5999	521.8180381	541935.6047	4599256.167	9754.350262	0.6098259895	0.9951491817	41729.37548	15981.14964	9979.000821	2119.323838	548.5233598	0.173939346	0.01899216748	0.0100012692
33	1	65793.36253	364.404028	807265.6539	3178045.283	9347.291329	0.6261083468	0.9987336361	41873.54596	16005.7262	10004.04556	2119.325967	550.444505	0.1214680093	0.0282906758	0.01
33	1	64013.5776	353.2904268	330996.7219	6171598.358	24676.48633	0.01294054667	0.8637486221	36444.45343	15080.22618	9060.907477	2119.286969	478.098409	0.1177634756	0.01159980101	0.01002315837
33	1	65113.25121	456.5256801	625520.9612	4093679.392	9651.987366	0.6139205054	0.9960505573	41765.63534	15987.33046	9985.299079	2119.326009	549.006515	0.1521752267	0.02192142157	0.01
33	1	63859.85608	4350	290578.8639	6527554.255	1588.401027	0.9364639589	1.067056526	44621.42116	16474.16223	10481.41268	2119.321243	587.0620016	1.45	0.01018335463	0.01
33	1	73439.50863	40.75235211	2850515.551	184508.3684	24842.9081	0.006283675841	0.8622830276	36385.64243	15070.192	9050.674815	2119.326029	477.3140895	0.01358411737	0.09989649741	0.01000046798
33	1	68133.76262	194.6964486	1432685.759	1329802.329	9899.493734	0.6040202506	0.9938710768	41677.97891	15972.38748	9970.071205	2119.326041	547.8384274	0.0648988162	0.05020856285	0.01
33	1	65114.75783	339.2588688	625919.6743	4091411.829	13243.76751	0.4702492998	0.9644222207	40493.57591	15770.47988	9764.314121	2119.32613	532.0553734	0.1130862896	0.0219353945	0.0100001366
33	1	64257.3407	302.9185	396797.8285	5629749.42	23983.79924	0.04064803053	0.8698481276	36689.90559	15122.0602	9103.531776	2119.326814	481.3686115	0.1009728333	0.01390580495	0.01
33	1	67188.56078	1300.825163	1180101.494	1890593.136	1172.808816	0.9530876473	1.07071613	44768.60658	16499.25324	10506.98206	2119.319922	589.0233577	0.4336083877	0.04135673136	0.01
33	1	63937.55519	4350	311288.8485	6342043.226	1432.06078	0.9427175688	1.06843323	44676.77974	16483.60003	10491.03101	2119.317584	587.7997473	1.45	0.01090913735	0.01000187086
33	1	64386.50957	268.40838	430701.9638	5371181.406	24969.8178	0.001207288055	0.8611656078	36340.57709	15062.51753	9042.860679	2119.289836	476.7141335	0.08946946001	0.01509397751	0.01002149611
33	1	73330.46155	74.02503495	2757781.631	214635.3444	14082.01141	0.4367195437	0.9570531333	40184.06733	15718.55628	9712.10569	2115.489534	527.9917275	0.02467501165	0.09664663134	0.01222910634
33	1	66072.75633	792.6212942	881902.3754	2864239.838	3490.729827	0.8603708069	1.050305089	43947.69069	16359.31032	10364.37131	2119.322482	578.0840621	0.2642070981	0.03090632442	0.01000087915
33	1	65335.14277	4341.765454	684816.5675	3769125.254	235.480434	0.9905807826	1.078970014	45100.56918	16555.84359	10564.65136	2119.312916	593.4470082	1.447255151	0.02399943984	0.01
33	1	64575.80392	410.5081407	481900.0737	5000380.424	14272.3203	0.4291071881	0.9553650357	40129.30621	15708.38201	9701.032264	2119.326436	527.2012028	0.1368360469	0.0168882185	0.01
33	1	66264.45023	437.9701043	933153.4126	2666853.932	6513.664501	0.73945342	1.023685861	42877.09835	16176.80388	10178.38496	2119.325409	563.8175927	0.1459900348	0.03270242025	0.01
33	1	65336.783	172.3688339	685254.8527	3766824.759	24419.79129	0.02320834851	0.8660088882	36535.4954	15095.73757	9076.707286	2119.326823	479.3109799	0.05745627796	0.02401479957	0.01000000106
33	1	68553.00433	148.7524586	1544718.823	1137648.743	12181.00069	0.5127599724	0.9737806846	40869.96435	15834.64355	9829.701079	2119.326281	537.0710277	0.04958415288	0.05413476865	0.01
33	1	67922.26249	393.1223036	1375396.287	1440664.277	4739.995043	0.8104001983	1.039304509	43505.10492	16283.87163	10287.50259	2119.278274	572.1869876	0.1310407679	0.04820084971	0.01002701079
33	1	64149.48881	474.143077	367976.7989	5860376.3	16284.80303	0.3486078786	0.9376436049	39416.5688	15586.88017	9577.213902	2119.32655	517.7034425	0.1580476923	0.01289577014	0.01
33	1	67534.36379	303.728084	1272509.661	1662233.584	6931.675671	0.7227329732	1.020004957	42729.05623	16151.56683	10152.66674	2119.325515	561.8448205	0.1012426947	0.04459518139	0.01000000112
33	1	63850.89038	4350	288129.5959	6549985.175	1608.637347	0.9356545061	1.06687834	44614.24369	16472.93938	10480.1671	2119.318074	586.9664075	1.45	0.01009751988	0.01000187086
33	1	63840.2774	686.0650097	285346.8965	6575303.126	14430.35299	0.4227858802	0.9539734384	40073.33762	15698.84093	9691.309274	2119.326446	526.4553794	0.2286883366	0.01	0.01
33	1	73439.50863	40.75235211	2850515.551	184508.3684	24842.9081	0.006283675841	0.8622830276	36385.64243	15070.192	9050.674815	2119.326029	477.3140895	0.01358411737	0.09989649741	0.01000046798
33	1	66577.81407	219.2249584	1016892.96	2373217.977	12578.93691	0.4968425236	0.9702765556	40729.03194	15810.61851	9805.217982	2119.326314	535.1929978	0.07307498614	0.03563707798	0.01
33	1	67188.56078	1300.825163	1180101.494	1890593.136	1172.808816	0.9530876473	1.07071613	44768.60658	16499.25324	10506.98206	2119.319922	589.0233577	0.4336083877	0.04135673136	0.01
33	1	66577.81407	219.2249584	1016892.96	2373217.977	12578.93691	0.4968425236	0.9702765556	40729.03194	15810.61851	9805.217982	2119.326314	535.1929978	0.07307498614	0.03563707798	0.01
33	1	64073.87082	4298.861185	347682.9569	6028595.257	1225.646667	0.9509741333	1.070250869	44749.8764	16496.06141	10503.73034	2119.314895	588.7738469	1.432953728	0.01218457117	0.01000303523
33	1	63881.13515	4350	295920.7662	6479934.171	1547.408742	0.9381036503	1.067417561	44635.87047	16476.62998	10483.9313	2119.300351	587.2548788	1.45	0.01037056193	0.01001207156
33	1	64108.97272	334.4150902	357149.7702	5949435.34	24141.51568	0.03433937299	0.8684593152	36634.04901	15112.53821	9093.828243	2119.326818	480.6242807	0.1114716967	0.01251633624	0.01
33	1	65113.25121	456.5256801	625520.9612	4093679.392	9651.987366	0.6139205054	0.9960505573	41765.63534	15987.33046	9985.299079	2119.326009	549.006515	0.1521752267	0.02192142157	0.01
33	1	67123.85608	222.6410294	1162810.596	1936684.601	10725.39703	0.5709841189	0.9865983744	41385.47843	15922.52431	9919.257356	2119.326139	543.9406392	0.07421367645	0.04075077075	0.01
33	1	67598.6238	122.4651996	1289681.758	1622942.37	18069.49436	0.2772202254	0.9219280496	38784.5056	15479.13104	9467.410447	2119.326631	509.2807266	0.04082173319	0.04519697862	0.01
33	1	73125.28063	103.3648744	2766558.43	207399.2999	9637.468005	0.6145012798	0.9961784112	41770.77749	15988.20705	9986.192385	2119.326007	549.075038	0.03445495815	0.0969542148	0.01
33	1	64013.5776	353.2904268	330996.7219	6171598.358	24676.48633	0.01294054667	0.8637486221	36444.45343	15080.22618	9060.907477	2119.286969	478.098409	0.1177634756	0.01159980101	0.01002315837
33	1	65793.36253	256.2912872	807265.6539	3178045.283	13613.01391	0.4554794435	0.9611707264	40362.80502	15748.18704	9741.596208	2119.326392	530.3127495	0.08543042906	0.0282906758	0.01
33	1	64422.86302	436.8502484	407784.3229	5608564.217	16077.72183	0.3568911266	0.9394735319	39483.30257	15598.69496	9589.622522	2117.321097	518.6244945	0.1456167495	0.01429082734	0.01116509704
33	1	65793.36253	248.5476771	807265.6539	3178045.283	14060.96714	0.4375613145	0.9572261599	40204.15868	15721.14227	9714.035805	2119.326423	528.198668	0.0828492257	0.0282906758	0.01
33	1	64800.5999	521.8180381	541935.6047	4599256.167	9754.350262	0.6098259895	0.9951491817	41729.37548	15981.14964	9979.000821	2119.323838	548.5233598	0.173939346	0.01899216748	0.0100012692
33	1	65793.36253	364.404028	807265.6539	3178045.283	9347.291329	0.6261083468	0.9987336361	41873.54596	16005.7262	10004.04556	2119.325967	550.444505	0.1214680093	0.0282906758	0.01
33	1	64036.76789	344.1880161	337854.6286	6111518.337	24816.3582	0.007345672067	0.862516817	36395.04795	15071.7952	9052.308436	2119.326834	477.4394124	0.1147293387	0.01184013679	0.01
33	1	65114.75783	339.2588688	625919.6743	4091411.829	13243.76751	0.4702492998	0.9644222207	40493.57591	15770.47988	9764.314121	2119.32613	532.0553734	0.1130862896	0.0219353945	0.0100001366
33	1	64606.14589	352.9012818	490008.2922	4944218.486	16437.53903	0.342498439	0.9362986492	39362.47608	15577.65888	9567.816792	2119.326558	516.9826165	0.1176337606	0.01717237153	0.01
33	1	67188.56078	1300.825163	1180101.494	1890593.136	1172.808816	0.9530876473	1.07071613	44768.60658	16499.25324	10506.98206	2119.319922	589.0233577	0.4336083877	0.04135673136	0.01
33	1	73314.07284	127.0969708	2816511.819	193491.0527	7547.178781	0.6981128488	1.014585083	42510.97193	16114.3961	10114.79284	2119.295667	558.939159	0.04236565693	0.09870483449	0.01001742263
33	1	64894.94091	252.2838526	473621.673	5225271.033	24535.85768	0.01856569282	0.865004905	36475.79951	15086.79523	9068.631712	2113.683081	478.6049074	0.08409461752	0.01659810143	0.01327884047
33	1	65746.43368	237.6487749	794724.9568	3234052.599	14985.58852	0.4005764592	0.9490841702	39876.69636	15665.31908	9657.148308	2119.32648	523.8349873	0.0792162583	0.02785118628	0.01
33	1	64221.18615	323.0022586	387136.3265	5706031.676	23024.19428	0.07903222876	0.8782981741	37029.75763	15179.99549	9162.571643	2119.326791	485.8973946	0.1076674195	0.013567217	0.01
33	1	64897.09107	531.4652949	567241.328	4440686.579	9104.715902	0.6358113639	1.000869796	41959.35361	16020.36081	10018.9649	2119.294828	551.5884489	0.1771550983	0.01987900815	0.01001807004
33	1	65793.36253	364.404028	807265.6539	3178045.283	9347.291329	0.6261083468	0.9987336361	41873.54596	16005.7262	10004.04556	2119.325967	550.444505	0.1214680093	0.0282906758	0.01
33	1	73450.52454	4350	2853468.965	183750.2029	-525.3288184	1.021013153	1.085669515	45370.01533	16601.77669	10611.46025	2119.266712	597.0375837	1.45	0.1	0.01000012963
33	1	66633.83939	852.5782495	1031864.486	2324234.823	2616.366942	0.8953453223	1.05800451	44257.35852	16412.09971	10418.16689	2119.323115	582.2105941	0.2841927498	0.03616175606	0.01
33	1	64762.08454	461.824343	529664.393	4681766.245	11404.7865	0.5438085399	0.980616226	41144.46664	15881.46511	9877.437668	2119.204657	540.7309024	0.1539414477	0.01856212209	0.01007061763
33	1	64882.24583	208.6499209	563789.8899	4461290.624	24522.95495	0.01908180214	0.8651004543	36498.95914	15089.50916	9070.360124	2119.326827	478.8241069	0.06954997362	0.01975805228	0.01
33	1	73438.19846	81.28122599	2848769.017	185047.4532	12088.1019	0.5164759242	0.9745990009	40902.58511	15840.22308	9835.402612	2119.241232	537.5070712	0.027093742	0.09983529003	0.01004940566
33	1	65375.94034	285.1235744	695718.8146	3712314.982	14231.2386	0.4307504559	0.955726791	40143.85563	15710.86228	9703.559823	2119.326434	527.3950847	0.09504119148	0.02438150978	0.01
33	1	67535.74413	132.898017	1272878.558	1661379.581	16820.05559	0.3271977763	0.9329303018	39227.00467	15554.56478	9544.282392	2119.326576	515.1773585	0.04429933899	0.04460810942	0.01
33	1	64606.14589	352.9012818	490008.2922	4944218.486	16437.53903	0.342498439	0.9362986492	39362.47608	15577.65888	9567.816792	2119.326558	516.9826165	0.1176337606	0.01717237153	0.01
33	1	73424.80577	4350	2846599.892	185516.6918	-524.7665205	1.020990661	1.085664563	45369.81693	16601.74282	10611.42569	2119.267081	597.0349362	1.45	0.09975927291	0.01
33	1	73455.83706	93.88594104	2853468.965	183840.7301	10345.05929	0.5861976284	0.9899478103	41519.89537	15945.45742	9942.643486	2119.240236	545.7332061	0.03129531368	0.1	0.01004988148
33	1	65746.43368	1059.353951	794724.9582	3234052.593	2768.387548	0.8892644981	1.056665854	44203.51917	16402.9216	10408.8138	2119.323299	581.4931444	0.3531179837	0.02785118633	0.01
33	1	64606.14589	352.9012818	490008.2922	4944218.486	16437.53903	0.342498439	0.9362986492	39362.47608	15577.65888	9567.816792	2119.326558	516.9826165	0.1176337606	0.01717237153	0.01
33	1	73439.50863	40.75235211	2850515.551	184508.3684	24842.9081	0.006283675841	0.8622830276	36385.64243	15070.192	9050.674815	2119.326029	477.3140895	0.01358411737	0.09989649741	0.01000046798
33	1	66633.83939	852.5782495	1031864.486	2324234.823	2616.366942	0.8953453223	1.05800451	44257.35852	16412.09971	10418.16689	2119.323115	582.2105941	0.2841927498	0.03616175606	0.01
33	1	65113.25121	456.5256801	625520.9612	4093679.392	9651.987366	0.6139205054	0.9960505573	41765.63534	15987.33046	9985.299079	2119.326009	549.006515	0.1521752267	0.02192142157	0.01
33	1	66577.81407	219.2249584	1016892.96	2373217.977	12578.93691	0.4968425236	0.9702765556	40729.03194	15810.61851	9805.217982	2119.326314	535.1929978	0.07307498614	0.03563707798	0.01
33	1	65105.24418	305.103269	623381.2614	4105899.585	14875.42726	0.4049829095	0.9500542233	39915.71089	15671.96997	9663.926	2119.326474	524.354885	0.1017010897	0.02184643566	0.01
33	1	67123.85608	222.6410294	1162810.596	1936684.601	10725.39703	0.5709841189	0.9865983744	41385.47843	15922.52431	9919.257356	2119.326139	543.9406392	0.07421367645	0.04075077075	0.01
33	1	73439.50863	40.75235211	2850515.551	184508.3684	24842.9081	0.006283675841	0.8622830276	36385.64243	15070.192	9050.674815	2119.326029	477.3140895	0.01358411737	0.09989649741	0.01000046798
33	1	68133.76262	194.6964486	1432685.759	1329802.329	9899.493734	0.6040202506	0.9938710768	41677.97891	15972.38748	9970.071205	2119.326041	547.8384274	0.0648988162	0.05020856285	0.01
33	1	66633.92664	562.1135186	1031864.486	2324253.624	4363.744527	0.8254502189	1.042617535	43638.50566	16306.60288	10310.65894	2119.323168	573.9639382	0.1873711729	0.03616175606	0.01000081709
33	1	66577.81407	219.2249584	1016892.96	2373217.977	12578.93691	0.4968425236	0.9702765556	40729.03194	15810.61851	9805.217982	2119.326314	535.1929978	0.07307498614	0.03563707798	0.01
33	1	64365.62323	482.1372773	425733.9385	5407331.609	13727.39737	0.4509041053	0.9601634937	40322.29517	15741.28124	9734.558745	2119.3264	529.7729254	0.1607124258	0.01491987275	0.01
33	1	64882.21767	209.3789307	563782.3636	4461337.398	24435.24444	0.02259022228	0.8658728115	36530.02254	15094.8046	9075.756528	2119.326825	479.23805	0.06979297691	0.01975778852	0.01
33	1	67535.74413	132.898017	1272878.558	1661379.581	16820.05559	0.3271977763	0.9329303018	39227.00467	15554.56478	9544.282392	2119.326576	515.1773585	0.04429933899	0.04460810942	0.01
33	1	63861.13773	4350	290581.8645	6528295.866	1589.846074	0.936406157	1.067043867	44620.84192	16474.06796	10481.32038	2119.300764	587.0546074	1.45	0.01018345978	0.01001189756
33	1	65335.38111	751.4532349	684880.2586	3768790.856	5015.063517	0.7993974593	1.036882174	43407.84028	16267.28056	10270.58665	2119.324893	570.8901269	0.2504844116	0.0240016719	0.01000000003
33	1	64009.73407	4349.676798	330630.4406	6173332.679	1303.470794	0.9478611682	1.069565552	44722.33156	16491.36464	10498.94306	2119.320394	588.4067083	1.449892266	0.01158696466	0.01
33	1	66577.81407	219.2249584	1016892.96	2373217.977	12578.93691	0.4968425236	0.9702765556	40729.03194	15810.61851	9805.217982	2119.326314	535.1929978	0.07307498614	0.03563707798	0.01
33	1	64463.8176	344.5145552	346678.4456	6261471.734	24597.34733	0.01610610675	0.8644657085	36451.69074	15082.84016	9064.73133	2112.975202	478.2948558	0.1148381851	0.01214936801	0.0136900967
33	1	66577.81407	219.2249584	1016892.96	2373217.977	12578.93691	0.4968425236	0.9702765556	40729.03194	15810.61851	9805.217982	2119.326314	535.1929978	0.07307498614	0.03563707798	0.01
33	1	67535.74413	132.898017	1272878.558	1661379.581	16820.05559	0.3271977763	0.9329303018	39227.00467	15554.56478	9544.282392	2119.326576	515.1773585	0.04429933899	0.04460810942	0.01
33	1	63938.95207	4350	311702.9878	6338295.632	1428.965177	0.9428413929	1.068460482	44677.88419	16483.78777	10491.22187	2119.320039	587.8144259	1.45	0.01092365088	0.01000043911
33	1	66577.81407	219.2249584	1016892.96	2373217.977	12578.93691	0.4968425236	0.9702765556	40729.03194	15810.61851	9805.217982	2119.326314	535.1929978	0.07307498614	0.03563707798	0.01
33	1	65114.75783	339.2588688	625919.6743	4091411.829	13243.76751	0.4702492998	0.9644222207	40493.57591	15770.47988	9764.314121	2119.32613	532.0553734	0.1130862896	0.0219353945	0.0100001366
33	1	65793.36253	364.404028	807265.6539	3178045.283	9347.291329	0.6261083468	0.9987336361	41873.54596	16005.7262	10004.04556	2119.325967	550.444505	0.1214680093	0.0282906758	0.01
33	1	65793.36253	364.404028	807265.6539	3178045.283	9347.291329	0.6261083468	0.9987336361	41873.54596	16005.7262	10004.04556	2119.325967	550.444505	0.1214680093	0.0282906758	0.01
33	1	63840.2774	686.0650097	285346.8965	6575303.126	14430.35299	0.4227858802	0.9539734384	40073.33762	15698.84093	9691.309274	2119.326446	526.4553794	0.2286883366	0.01	0.01
33	1	63840.2774	686.0650097	285346.8965	6575303.126	14430.35299	0.4227858802	0.9539734384	40073.33762	15698.84093	9691.309274	2119.326446	526.4553794	0.2286883366	0.01	0.01
33	1	64009.73407	4349.676798	330630.4406	6173332.679	1303.470794	0.9478611682	1.069565552	44722.33156	16491.36464	10498.94306	2119.320394	588.4067083	1.449892266	0.01158696466	0.01
33	1	65335.14277	4341.765454	684816.5675	3769125.254	235.480434	0.9905807826	1.078970014	45100.56918	16555.84359	10564.65136	2119.312916	593.4470082	1.447255151	0.02399943984	0.01
33	1	73450.51226	269.7573631	2853468.965	183749.9937	3099.585848	0.8760165661	1.053749402	44086.22247	16382.9258	10388.43676	2119.323625	579.9300783	0.08991912103	0.1	0.01000001464
33	1	64705.60717	227.6694991	516587.1172	4764504.345	24528.02618	0.01887895262	0.8650557982	36497.16312	15089.20299	9070.048115	2119.326827	478.8001735	0.07588983303	0.01810382813	0.01
33	1	64858.26582	269.2709227	557381.7631	4501293.891	19055.15304	0.2377938785	0.9132485804	38435.42642	15419.62278	9406.76762	2119.326669	504.6289849	0.08975697424	0.01953347907	0.01
33	1	64081.40389	334.3643188	349782.6103	6010807.34	24669.96103	0.01320155875	0.8638059547	36446.89572	15080.6338	9061.315548	2119.32683	478.1303228	0.1114547729	0.01225815366	0.01000000004
33	1	65073.48953	302.899189	614895.5341	4154723.296	15206.64938	0.3917340248	0.9471375623	39798.40583	15651.97273	9643.547499	2119.326493	522.7917072	0.1009663963	0.02154905281	0.01
33	1	73450.4423	206.8652694	2853446.991	183755.8274	4274.56677	0.8290173292	1.043402808	43670.0926	16311.98731	10316.14581	2119.324302	574.3848391	0.06895508979	0.09999922993	0.01000012954
33	1	73451.21063	4350	2853468.965	183761.8916	-524.5352974	1.020981412	1.085662563	45369.69787	16601.72499	10611.4096	2119.255652	597.0335285	1.45	0.1	0.0100065549
33	1	65217.38745	178.1198222	653349.0659	3938021.636	24796.81514	0.008127394535	0.8626889084	36401.96929	15072.9751	9053.510826	2119.326833	477.5316444	0.05937327405	0.02289665926	0.01
33	1	64800.5999	521.8180381	541935.6047	4599256.167	9754.350262	0.6098259895	0.9951491817	41729.37548	15981.14964	9979.000821	2119.323838	548.5233598	0.173939346	0.01899216748	0.0100012692
33	1	64800.60085	521.8180381	541935.8604	4599254.53	9754.3453	0.609826188	0.9951492254	41729.37724	15981.14994	9979.001127	2119.323838	548.5233832	0.173939346	0.01899217644	0.0100012692
33	1	64705.60717	227.6694991	516587.1172	4764504.345	24528.02618	0.01887895262	0.8650557982	36497.16312	15089.20299	9070.048115	2119.326827	478.8001735	0.07588983303	0.01810382813	0.01
33	1	64901.37094	4108.023814	568897.8149	4429663.118	507.8762625	0.9796849495	1.076571364	45004.09738	16539.39788	10547.89213	2119.315845	592.1614518	1.369341271	0.01993705983	0.0100000994
33	1	65746.43368	237.7808723	794724.9568	3234052.599	14976.8384	0.4009264641	0.9491612216	39879.79529	15665.84736	9657.686661	2119.326479	523.8762828	0.07926029076	0.02785118628	0.01
33	1	63858.49336	4350	290161.3231	6531473.093	1592.018611	0.9363192555	1.067024681	44620.12935	16473.94272	10481.18957	2119.318031	587.0448384	1.45	0.01016872189	0.01000187086
33	1	73455.83706	93.88594104	2853468.965	183840.7301	10345.05929	0.5861976284	0.9899478103	41519.89537	15945.45742	9942.643486	2119.240236	545.7332061	0.03129531368	0.1	0.01004988148
33	1	65746.43368	237.7808723	794724.9568	3234052.599	14976.8384	0.4009264641	0.9491612216	39879.79529	15665.84736	9657.686661	2119.326479	523.8762828	0.07926029076	0.02785118628	0.01
33	1	67188.76031	629.0553722	1180154.282	1890454.466	3242.022727	0.8703190909	1.052495138	44035.77724	16374.3263	10379.6733	2119.323751	579.257858	0.2096851241	0.04135858131	0.01000001873
33	1	66633.83939	852.5782495	1031864.486	2324234.823	2616.366942	0.8953453223	1.05800451	44257.35852	16412.09971	10418.16689	2119.323115	582.2105941	0.2841927498	0.03616175606	0.01
33	1	66577.81407	219.2249584	1016892.96	2373217.977	12578.93691	0.4968425236	0.9702765556	40729.03194	15810.61851	9805.217982	2119.326314	535.1929978	0.07307498614	0.03563707798	0.01
33	1	68553.00433	148.7524586	1544718.823	1137648.743	12181.00069	0.5127599724	0.9737806846	40869.96435	15834.64355	9829.701079	2119.326281	537.0710277	0.04958415288	0.05413476865	0.01
33	1	65114.75783	339.2588688	625919.6743	4091411.829	13243.76751	0.4702492998	0.9644222207	40493.57591	15770.47988	9764.314121	2119.32613	532.0553734	0.1130862896	0.0219353945	0.0100001366
33	1	64239.6031	4247.486494	392053.1192	5667092.218	1021.394091	0.9591442364	1.072049452	44822.23041	16508.39467	10516.29784	2119.319003	589.73794	1.415828831	0.01373952631	0.01000016575
33	1	64800.54274	464.0838391	541956.5482	4599064.198	11062.37329	0.5575050685	0.9836310439	41266.1355	15902.17967	9898.524831	2119.326175	542.3503052	0.154694613	0.01899290144	0.01
33	1	65586.68016	447.8941451	751757.7833	3433866.996	8070.980308	0.6771607877	1.009972572	42325.50711	16082.77661	10082.56806	2119.309076	556.4674904	0.1492980484	0.02634539897	0.01000969288
33	1	66142.68133	139.1268862	900613.3686	2790523.182	22976.04124	0.08095835038	0.878722198	37046.81143	15182.90268	9165.534268	2119.32679	486.1246493	0.04637562874	0.03156205235	0.01
33	1	73621.83949	155.4933572	2852825.405	186901.2244	6141.919668	0.7543232133	1.026968321	42999.52998	16198.28747	10200.79287	2116.524662	565.4934586	0.05183111908	0.09997744642	0.01162705067
33	1	66573.88996	128.0374955	1015844.328	2376687.277	22105.98592	0.1157605632	0.8863836923	37354.94872	15235.43149	9219.064578	2119.326766	490.2308096	0.04267916515	0.03560032861	0.01
33	1	65387.68609	220.3342879	606615.7098	4339603.294	21890.55514	0.1243777944	0.8882985374	37412.91733	15246.53027	9231.3976	2113.762564	491.0914444	0.07344476263	0.02125888584	0.01323262317
33	1	67598.6238	122.4651996	1289681.758	1622942.37	18069.49436	0.2772202254	0.9219280496	38784.5056	15479.13104	9467.410447	2119.326631	509.2807266	0.04082173319	0.04519697862	0.01
33	1	64385.55539	268.1568414	431060.3662	5367358.051	24969.8856	0.001204575916	0.8611648923	36340.67495	15062.52612	9042.862635	2119.326837	476.7148514	0.0893856138	0.01510653775	0.01
33	1	63881.13515	4350	295920.7662	6479934.171	1547.408742	0.9381036503	1.067417561	44635.87047	16476.62998	10483.9313	2119.300351	587.2548788	1.45	0.01037056193	0.01001207156
33	1	65746.43368	1059.353951	794724.9582	3234052.593	2768.387548	0.8892644981	1.056665854	44203.51917	16402.9216	10408.8138	2119.323299	581.4931444	0.3531179837	0.02785118633	0.01
33	1	64140.27081	319.77581	365513.4919	5880520.655	24685.72726	0.01257090942	0.8636671211	36441.31198	15079.68193	9060.345528	2119.326831	478.0559152	0.1065919367	0.0128094434	0.01
33	1	65073.48953	302.899189	614895.5341	4154723.296	15206.64938	0.3917340248	0.9471375623	39798.40583	15651.97273	9643.547499	2119.326493	522.7917072	0.1009663963	0.02154905281	0.01
33	1	64357.77782	277.3164611	423637.4253	5423146.963	24555.90639	0.01776374456	0.864810292	36487.28911	15087.51975	9068.33278	2119.326828	478.668595	0.09243882038	0.01484640031	0.01
33	1	65113.25121	456.5256801	625520.9612	4093679.392	9651.987366	0.6139205054	0.9960505573	41765.63534	15987.33046	9985.299079	2119.326009	549.006515	0.1521752267	0.02192142157	0.01
33	1	66264.45023	437.9701043	933153.4126	2666853.932	6513.664501	0.73945342	1.023685861	42877.09835	16176.80388	10178.38496	2119.325409	563.8175927	0.1459900348	0.03270242025	0.01
33	1	73451.21063	4350	2853468.965	183761.8916	-524.5352974	1.020981412	1.085662563	45369.69787	16601.72499	10611.4096	2119.255652	597.0335285	1.45	0.1	0.0100065549
33	1	68940.47687	872.4013097	1648207.046	984934.0693	1304.051612	0.9478379355	1.069560448	44722.11488	16491.32843	10498.90678	2119.317064	588.4038738	0.2908004366	0.05776151996	0.01000193573
33	1	63870.61514	4350	293113.3039	6505317.715	1569.526554	0.9372189378	1.067222796	44628.03801	16475.29471	10482.57053	2119.300638	587.1505018	1.45	0.01027217424	0.01001193924
33	1	65793.36253	364.404028	807265.6539	3178045.283	9347.291329	0.6261083468	0.9987336361	41873.54596	16005.7262	10004.04556	2119.325967	550.444505	0.1214680093	0.0282906758	0.01
33	1	66072.75633	792.6212942	881902.3754	2864239.838	3490.729827	0.8603708069	1.050305089	43947.69069	16359.31032	10364.37131	2119.322482	578.0840621	0.2642070981	0.03090632442	0.01000087915
33	1	64218.43241	300.4251079	386388.8882	5711998.872	24861.495	0.005540199949	0.8621193556	36379.06008	15069.06987	9049.53127	2119.326137	477.2263731	0.1001417026	0.01354102298	0.01000040517
33	1	63840.2774	686.0650097	285346.8965	6575303.126	14430.35299	0.4227858802	0.9539734384	40073.33762	15698.84093	9691.309274	2119.326446	526.4553794	0.2286883366	0.01	0.01
33	1	65793.36253	364.404028	807265.6539	3178045.283	9347.291329	0.6261083468	0.9987336361	41873.54596	16005.7262	10004.04556	2119.325967	550.444505	0.1214680093	0.0282906758	0.01
33	1	67598.6238	122.4651996	1289681.758	1622942.37	18069.49436	0.2772202254	0.9219280496	38784.5056	15479.13104	9467.410447	2119.326631	509.2807266	0.04082173319	0.04519697862	0.01
33	1	64123.77908	334.3643188	361106.4422	5916733.405	23872.35348	0.04510586084	0.8708294917	36729.37503	15128.78864	9110.388496	2119.326812	481.8945714	0.1114547729	0.01265499806	0.01
33	1	73314.07284	127.0969708	2816511.819	193491.0527	7547.178781	0.6981128488	1.014585083	42510.97193	16114.3961	10114.79284	2119.295667	558.939159	0.04236565693	0.09870483449	0.01001742263
33	1	64386.50957	268.40838	430701.9638	5371181.406	24969.8178	0.001207288055	0.8611656078	36340.57709	15062.51753	9042.860679	2119.289836	476.7141335	0.08946946001	0.01509397751	0.01002149611
33	1	73439.50863	40.75235211	2850515.551	184508.3684	24842.9081	0.006283675841	0.8622830276	36385.64243	15070.192	9050.674815	2119.326029	477.3140895	0.01358411737	0.09989649741	0.01000046798
33	1	63971.1378	4350	320290.0505	6262957.895	1370.205821	0.9451917671	1.068977905	44698.69155	16487.33502	10494.83691	2119.319021	588.0917128	1.45	0.01122458504	0.01000092486
33	1	65746.43368	1059.353951	794724.9582	3234052.593	2768.387548	0.8892644981	1.056665854	44203.51917	16402.9216	10408.8138	2119.323299	581.4931444	0.3531179837	0.02785118633	0.01
33	1	63903.8626	4349.669222	302338.6346	6421491.988	1497.035092	0.9401185963	1.067861072	44653.77916	16479.67837	10487.03398	2119.320994	587.4931963	1.449889741	0.01059547654	0.01
33	1	66631.89865	320.6441696	1031345.867	2325914.592	8230.421896	0.6707831242	1.008568515	42269.09451	16073.15619	10072.76115	2119.325789	555.7154859	0.1068813899	0.03614358101	0.01
