#gen	Feasible	f1	f2	f3	f4	f5	c1	c2	c3	c4	c5	c6	c7	x1	x2	x3
1	1	64816.66673	412.4641264	348693.3745	6447053.765	20773.38089	0.1690647645	0.8981564426	37787.6453	15311.80032	9299.079815	2107.40883	496.185644	0.1374880421	0.01221998132	0.01692392156
1	1	70344.18843	314.433667	1525389.438	1389110.708	7592.415543	0.6963033783	1.014282817	42396.103	16101.37641	10107.04029	2089.285859	557.8839136	0.1048112223	0.05345736914	0.02745186941
1	1	70142.71863	987.5003777	1969534.772	629504.3475	764.4958184	0.9694201673	1.074311634	44913.214	16523.90477	10532.10359	2119.317926	590.95036	0.3291667926	0.06902247042	0.01
1	1	64845.0144	2369.230526	518817.8444	4807787.652	1806.645618	0.9277341753	1.065141482	44537.16919	16460.2616	10467.6353	2117.20878	585.9727538	0.7897435088	0.01818200411	0.01122737516
1	1	67639.6538	3679.855046	904890.8357	3182210.79	1841.206089	0.9263517564	1.064906817	44453.25365	16450.7147	10461.90564	2095.438562	585.199284	1.226618349	0.03171195646	0.02386926885
1	1	67672.43979	1659.435706	1187408.564	1952359.416	1272.712021	0.9490915191	1.069859968	44708.98449	16490.6986	10499.61687	2111.958626	588.3454483	0.5531452352	0.04161280809	0.01427545856
1	1	65875.96859	1986.766042	742464.2084	3584714.114	1627.638826	0.934894447	1.066727786	44590.26294	16469.99659	10478.13077	2114.079704	586.7298263	0.6622553475	0.02601970505	0.01304457797
1	1	65875.96859	1986.766042	742464.2084	3584714.114	1627.638826	0.934894447	1.066727786	44590.26294	16469.99659	10478.13077	2114.079704	586.7298263	0.6622553475	0.02601970505	0.01304457797
1	1	64144.54583	1988.099235	285346.8965	6763432.469	4830.6127	0.806775492	1.038522106	43457.0094	16276.73506	10281.12283	2114.419942	571.6230526	0.6626997451	0.01	0.0128494791
1	1	66308.39611	4085.037323	620502.9243	4613476.822	1812.569602	0.9274972159	1.065145202	44477.5746	16453.91943	10464.38033	2099.747063	585.4551759	1.361679108	0.02174556415	0.02136841003
1	1	70264.6201	209.9877847	974781.4845	3594258.043	18214.09965	0.2714360139	0.9208530948	38529.1676	15449.15434	9448.251692	2057.356221	506.8600188	0.06999592823	0.03416127866	0.04600280109
1	1	64545.59312	810.7067748	380172.9076	5951938.861	9292.050307	0.6283179877	0.999238162	41874.50147	16007.12446	10006.50877	2113.676534	550.546747	0.2702355916	0.01332318354	0.01328211026
1	1	65595.34378	474.8495352	321924.7267	7260105.513	20566.38481	0.1773446077	0.9000245556	37814.29065	15319.44051	9309.469363	2093.242071	496.7651722	0.1582831784	0.01128187237	0.02515435445
1	1	67051.65578	1088.037361	997187.3042	2566302.192	2610.078182	0.8955968727	1.058088147	44230.51086	16409.45314	10417.09214	2110.495284	581.9926822	0.3626791205	0.03494649202	0.01512812172
1	1	64055.31795	2339.727789	310724.8491	6417961.61	3465.612842	0.8613754863	1.050532455	43950.21557	16360.16366	10365.59637	2117.388325	578.1483509	0.7799092629	0.01088937195	0.01112448649
1	1	65875.96859	1986.766042	742464.2084	3584714.114	1627.638826	0.934894447	1.066727786	44590.26294	16469.99659	10478.13077	2114.079704	586.7298263	0.6622553475	0.02601970505	0.01304457797
1	1	66997.22596	571.9238309	673255.5432	4486427.892	8932.948275	0.642682069	1.00247025	41929.74061	16021.31709	10024.98599	2091.835979	551.6288882	0.190641277	0.02359428301	0.02597059446
1	1	64055.31795	2339.727789	310724.8491	6417961.61	3465.612842	0.8613754863	1.050532455	43950.21557	16360.16366	10365.59637	2117.388325	578.1483509	0.7799092629	0.01088937195	0.01112448649
1	1	64055.31795	2339.727789	310724.8491	6417961.61	3465.612842	0.8613754863	1.050532455	43950.21557	16360.16366	10365.59637	2117.388325	578.1483509	0.7799092629	0.01088937195	0.01112448649
1	1	68096.98818	392.9500005	562019.761	6028924.67	16430.5416	0.342778336	0.9365265172	39193.91011	15560.27825	9559.648473	2067.399092	515.5590894	0.1309833335	0.019696018	0.04016815157
1	1	64144.54583	1988.099235	285346.8965	6763432.469	4830.6127	0.806775492	1.038522106	43457.0094	16276.73506	10281.12283	2114.419942	571.6230526	0.6626997451	0.01	0.0128494791
1	1	66430.61776	327.0411206	598578.2783	4847494.574	16071.13064	0.3571547745	0.9395983427	39416.94136	15591.94274	9586.574542	2096.465758	518.0706145	0.1090137069	0.02097721355	0.02328136842
1	1	64816.66673	412.4641264	348693.3745	6447053.765	20773.38089	0.1690647645	0.8981564426	37787.6453	15311.80032	9299.079815	2107.40883	496.185644	0.1374880421	0.01221998132	0.01692392156
1	1	69298.0367	1562.729661	1432059.486	1482995.658	1913.528984	0.9234588406	1.064253737	44444.33076	16448.08553	10458.29505	2100.511054	585.000095	0.5209098871	0.0501866151	0.02092539454
1	1	66710.45601	1823.736951	962027.3289	2643252.211	1321.380084	0.9471447966	1.069425289	44698.04446	16488.41564	10496.93908	2113.871128	588.1693789	0.6079123171	0.03371430847	0.01316496352
1	1	64600.7805	3156.767895	488574.5103	4954103.528	1163.749207	0.9534500317	1.070795906	44771.81511	16499.8002	10507.53946	2119.319887	589.0661138	1.052255965	0.01712212456	0.01
1	1	72376.47576	430.8390377	2339592.494	406724.8099	3168.052109	0.8732779156	1.053190319	44016.89789	16374.10041	10381.95823	2105.637651	579.2231	0.1436130126	0.08199116663	0.01795047766
1	1	64600.7805	3156.767895	488574.5103	4954103.528	1163.749207	0.9534500317	1.070795906	44771.81511	16499.8002	10507.53946	2119.319887	589.0661138	1.052255965	0.01712212456	0.01
1	1	66327.72076	1574.341428	620502.9243	4621750.006	3706.483491	0.8517406604	1.048468856	43805.80325	16339.46928	10347.80535	2099.443146	576.5082546	0.524780476	0.02174556415	0.02154938562
1	1	67529.39278	2380.111495	1090779.552	2279393.61	1161.60667	0.9535357332	1.070849613	44736.72903	16496.19865	10505.86926	2108.432619	588.7709832	0.7933704982	0.03822643826	0.0163221907
1	1	67883.72618	2995.219986	1313573.705	1598558.014	217.4147316	0.9913034107	1.079139196	45096.57648	16555.85277	10565.24048	2116.153692	593.4437834	0.9984066618	0.0460342734	0.01183269391
1	1	73016.73218	4215.25946	2681110.37	238235.705	-257.5053959	1.010300216	1.083322027	45263.94968	16584.43991	10594.41862	2115.867739	595.6781188	1.405086487	0.09395968217	0.01197797457
1	1	64545.59312	810.7067748	380172.9076	5951938.861	9292.050307	0.6283179877	0.999238162	41874.50147	16007.12446	10006.50877	2113.676534	550.546747	0.2702355916	0.01332318354	0.01328211026
1	1	64545.59312	810.7067748	380172.9076	5951938.861	9292.050307	0.6283179877	0.999238162	41874.50147	16007.12446	10006.50877	2113.676534	550.546747	0.2702355916	0.01332318354	0.01328211026
1	1	65657.32549	678.6393071	544048.3557	4961204.739	8273.871761	0.6690451296	1.00822972	42208.62961	16065.84114	10067.82176	2105.640762	555.1265699	0.2262131024	0.01906620897	0.01795047766
1	1	66430.61776	327.0411206	598578.2783	4847494.574	16071.13064	0.3571547745	0.9395983427	39416.94136	15591.94274	9586.574542	2096.465758	518.0706145	0.1090137069	0.02097721355	0.02328136842
1	1	65595.34378	474.8495352	321924.7267	7260105.513	20566.38481	0.1773446077	0.9000245556	37814.29065	15319.44051	9309.469363	2093.242071	496.7651722	0.1582831784	0.01128187237	0.02515435445
1	1	68588.48557	418.2750329	1158966.942	2233247.106	7082.032456	0.7167187018	1.018757281	42597.27532	16134.31531	10139.46807	2095.483898	560.4664828	0.139425011	0.04061606965	0.02385098146
1	1	66308.39611	4085.037323	620502.9243	4613476.822	1812.569602	0.9274972159	1.065145202	44477.5746	16453.91943	10464.38033	2099.747063	585.4551759	1.361679108	0.02174556415	0.02136841003
1	1	66327.72076	1574.341428	620502.9243	4621750.006	3706.483491	0.8517406604	1.048468856	43805.80325	16339.46928	10347.80535	2099.443146	576.5082546	0.524780476	0.02174556415	0.02154938562
1	1	69208.14893	3729.660165	1659758.583	989591.3043	-24.62662707	1.000985065	1.081272047	45180.75998	16570.30577	10580.05483	2115.675947	594.5729869	1.243220055	0.05816634431	0.01210386478
1	1	68979.89073	315.5295447	1162619.123	2301107.406	9491.563164	0.6203374734	0.997559038	41723.8634	15986.75447	9990.212956	2089.395472	548.9240891	0.1051765149	0.04074406055	0.02738850658
1	1	69396.76187	3008.122501	1314478.388	1836399.637	1959.68433	0.9216126268	1.063875107	44399.37973	16442.32163	10454.0173	2091.818593	584.5386806	1.0027075	0.0460659781	0.02597059446
1	1	66526.43382	271.7657363	975417.6319	2538693.875	10576.9185	0.57692326	0.9879111983	41432.55052	15930.91477	9928.115381	2117.652478	544.5944273	0.09058857878	0.03418357248	0.01097232856
1	1	69396.76187	3008.122501	1314478.388	1836399.637	1959.68433	0.9216126268	1.063875107	44399.37973	16442.32163	10454.0173	2091.818593	584.5386806	1.0027075	0.0460659781	0.02597059446
1	1	71168.22156	445.8761484	2035430.795	617298.4709	3413.64471	0.8634542116	1.051024075	43933.6383	16359.66008	10367.03507	2106.76721	578.0957145	0.1486253828	0.07133180069	0.01729452233
1	1	64600.7805	3156.767895	488574.5103	4954103.528	1163.749207	0.9534500317	1.070795906	44771.81511	16499.8002	10507.53946	2119.319887	589.0661138	1.052255965	0.01712212456	0.01
1	1	68598.88025	1094.035308	1139334.732	2313080.428	3429.116019	0.8628353592	1.050928298	43886.53316	16354.39339	10363.99056	2094.128382	577.668228	0.3646784359	0.0399280576	0.02463633988
1	1	68745.64729	335.0220388	1100022.75	2510770.85	9454.350818	0.6218259673	0.9978867208	41737.04246	15989.00113	9992.502452	2089.395464	549.0997099	0.1116740129	0.03855036673	0.02738850658
1	1	67529.39278	2380.111495	1090779.552	2279393.61	1161.60667	0.9535357332	1.070849613	44736.72903	16496.19865	10505.86926	2108.432619	588.7709832	0.7933704982	0.03822643826	0.0163221907
1	1	64600.7805	3156.767895	488574.5103	4954103.528	1163.749207	0.9534500317	1.070795906	44771.81511	16499.8002	10507.53946	2119.319887	589.0661138	1.052255965	0.01712212456	0.01
1	1	65790.67859	950.7924132	745749.0176	3536210.418	3693.519158	0.8522592337	1.048531113	43863.79563	16345.81022	10351.28759	2115.656424	577.0241822	0.3169308044	0.0261348214	0.0121307193
1	1	66526.43382	271.7657363	975417.6319	2538693.875	10576.9185	0.57692326	0.9879111983	41432.55052	15930.91477	9928.115381	2117.652478	544.5944273	0.09058857878	0.03418357248	0.01097232856
1	1	71168.22156	445.8761484	2035430.795	617298.4709	3413.64471	0.8634542116	1.051024075	43933.6383	16359.66008	10367.03507	2106.76721	578.0957145	0.1486253828	0.07133180069	0.01729452233
1	1	71262.3491	329.9988593	2054879.913	601988.4995	4547.38766	0.8181044936	1.041041714	43530.98042	16291.09339	10297.22435	2106.42423	572.7354484	0.1099996198	0.07201339626	0.01749443271
1	1	69226.30485	454.1332758	437347.6617	8316151.924	19783.9919	0.2086403239	0.907079214	37921.52318	15348.99711	9349.067002	2041.674605	499.0111631	0.1513777586	0.01532687641	0.05511336326
1	1	64545.59312	810.7067748	380172.9076	5951938.861	9292.050307	0.6283179877	0.999238162	41874.50147	16007.12446	10006.50877	2113.676534	550.546747	0.2702355916	0.01332318354	0.01328211026
1	1	73565.09314	108.4687233	2572525.162	302789.5439	11244.15051	0.5502339796	0.9820905291	41139.85157	15884.76157	9884.228778	2100.532016	540.9652518	0.03615624111	0.09015430669	0.02091875979
1	1	65657.32549	678.6393071	544048.3557	4961204.739	8273.871761	0.6690451296	1.00822972	42208.62961	16065.84114	10067.82176	2105.640762	555.1265699	0.2262131024	0.01906620897	0.01795047766
1	1	66430.61776	327.0411206	598578.2783	4847494.574	16071.13064	0.3571547745	0.9395983427	39416.94136	15591.94274	9586.574542	2096.465758	518.0706145	0.1090137069	0.02097721355	0.02328136842
1	1	65790.67859	950.7924132	745749.0176	3536210.418	3693.519158	0.8522592337	1.048531113	43863.79563	16345.81022	10351.28759	2115.656424	577.0241822	0.3169308044	0.0261348214	0.0121307193
1	1	73565.09314	108.4687233	2572525.162	302789.5439	11244.15051	0.5502339796	0.9820905291	41139.85157	15884.76157	9884.228778	2100.532016	540.9652518	0.03615624111	0.09015430669	0.02091875979
1	1	67670.14123	1659.435706	1187408.564	1951943.396	1270.053549	0.949197858	1.069883259	44710.04806	16490.87181	10499.78656	2111.995678	588.3590341	0.5531452352	0.04161280809	0.01425393246
1	1	67427.93165	818.0550495	285346.8965	9170073.235	16128.04896	0.3548780417	0.939209097	39281.59168	15576.51666	9577.28165	2061.494606	516.8210624	0.2726850165	0.01	0.04359844371
1	1	65867.6357	851.388355	331740.9719	7319627.235	11911.28476	0.5235486094	0.9762514064	40867.05855	15840.68256	9841.347171	2089.444327	537.5057546	0.2837961183	0.0116258833	0.02736036202
1	1	64144.54583	1988.099235	285346.8965	6763432.469	4830.6127	0.806775492	1.038522106	43457.0094	16276.73506	10281.12283	2114.419942	571.6230526	0.6626997451	0.01	0.0128494791
1	1	65595.34378	474.8495352	321924.7267	7260105.513	20566.38481	0.1773446077	0.9000245556	37814.29065	15319.44051	9309.469363	2093.242071	496.7651722	0.1582831784	0.01128187237	0.02515435445
1	1	73565.09314	108.4687233	2572525.162	302789.5439	11244.15051	0.5502339796	0.9820905291	41139.85157	15884.76157	9884.228778	2100.532016	540.9652518	0.03615624111	0.09015430669	0.02091875979
1	1	69753.5295	310.69493	544728.1617	7244480.403	22528.14211	0.0988743155	0.8829213699	36943.00169	15182.62851	9179.897953	2039.653453	486.0036565	0.1035649767	0.01909003281	0.0562876747
1	1	74210.11629	3400.40047	2838999.517	202184.0533	484.313139	0.9806274744	1.076820851	44969.23541	16536.32329	10547.16973	2106.162992	591.9047205	1.133466823	0.09949291728	0.01762080208
1	1	65790.67859	950.7924132	745749.0176	3536210.418	3693.519158	0.8522592337	1.048531113	43863.79563	16345.81022	10351.28759	2115.656424	577.0241822	0.3169308044	0.0261348214	0.0121307193
1	1	73565.09314	108.4687233	2572525.162	302789.5439	11244.15051	0.5502339796	0.9820905291	41139.85157	15884.76157	9884.228778	2100.532016	540.9652518	0.03615624111	0.09015430669	0.02091875979
1	1	72805.52333	4226.984782	2681110.37	233615.9651	-502.5153928	1.020100616	1.085468625	45361.9365	16600.39943	10610.05669	2119.272194	596.9299237	1.408994927	0.09395968217	0.01
1	1	68979.89073	315.5295447	1162619.123	2301107.406	9491.563164	0.6203374734	0.997559038	41723.8634	15986.75447	9990.212956	2089.395472	548.9240891	0.1051765149	0.04074406055	0.02738850658
1	1	64600.7805	3156.767895	488574.5103	4954103.528	1163.749207	0.9534500317	1.070795906	44771.81511	16499.8002	10507.53946	2119.319887	589.0661138	1.052255965	0.01712212456	0.01
1	1	67842.51381	327.1498237	745749.0176	4277158.229	14064.23394	0.4374306425	0.9573150277	40081.97536	15708.34804	9707.750504	2082.583866	527.1526335	0.1090499412	0.0261348214	0.03134619137
1	1	65595.34378	474.8495352	321924.7267	7260105.513	20566.38481	0.1773446077	0.9000245556	37814.29065	15319.44051	9309.469363	2093.242071	496.7651722	0.1582831784	0.01128187237	0.02515435445
1	1	67639.6538	3679.855046	904890.8357	3182210.79	1841.206089	0.9263517564	1.064906817	44453.25365	16450.7147	10461.90564	2095.438562	585.199284	1.226618349	0.03171195646	0.02386926885
1	1	68319.78527	161.9442735	1087162.737	2468184.469	17841.79704	0.2863281182	0.9240094264	38786.61567	15484.7042	9477.471616	2095.485402	509.6865866	0.05398142449	0.03809968676	0.02385098146
1	1	67639.6538	3679.855046	904890.8357	3182210.79	1841.206089	0.9263517564	1.064906817	44453.25365	16450.7147	10461.90564	2095.438562	585.199284	1.226618349	0.03171195646	0.02386926885
1	1	66526.43382	271.7657363	975417.6319	2538693.875	10576.9185	0.57692326	0.9879111983	41432.55052	15930.91477	9928.115381	2117.652478	544.5944273	0.09058857878	0.03418357248	0.01097232856
1	1	64913.89516	2336.977266	486700.3829	5116687.192	2220.622809	0.9111750876	1.061505857	44380.51682	16434.2232	10441.6606	2114.161516	583.9335319	0.7789924222	0.01705644564	0.01299800315
1	1	66997.22596	571.9238309	673255.5432	4486427.892	8932.948275	0.642682069	1.00247025	41929.74061	16021.31709	10024.98599	2091.835979	551.6288882	0.190641277	0.02359428301	0.02597059446
1	1	67852.6685	161.9442735	962336.1215	2936949.547	20033.43833	0.1986624669	0.9047103693	38010.42778	15352.38583	9342.630492	2095.4855	499.3433011	0.05398142449	0.03372513013	0.02385098146
1	1	65657.32549	678.6393071	544048.3557	4961204.739	8273.871761	0.6690451296	1.00822972	42208.62961	16065.84114	10067.82176	2105.640762	555.1265699	0.2262131024	0.01906620897	0.01795047766
1	1	67842.51381	327.1498237	745749.0176	4277158.229	14064.23394	0.4374306425	0.9573150277	40081.97536	15708.34804	9707.750504	2082.583866	527.1526335	0.1090499412	0.0261348214	0.03134619137
1	1	70664.31559	235.3526678	1525389.438	1430957.682	10046.6429	0.5981342839	0.9926880121	41509.92035	15951.43543	9955.188995	2084.126115	546.1566264	0.07845088926	0.05345736914	0.03044986578
1	1	66327.72076	1574.341428	620502.9243	4621750.006	3706.483491	0.8517406604	1.048468856	43805.80325	16339.46928	10347.80535	2099.443146	576.5082546	0.524780476	0.02174556415	0.02154938562
1	1	66430.61776	327.0411206	598578.2783	4847494.574	16071.13064	0.3571547745	0.9395983427	39416.94136	15591.94274	9586.574542	2096.465758	518.0706145	0.1090137069	0.02097721355	0.02328136842
1	1	65595.34378	474.8495352	321924.7267	7260105.513	20566.38481	0.1773446077	0.9000245556	37814.29065	15319.44051	9309.469363	2093.242071	496.7651722	0.1582831784	0.01128187237	0.02515435445
1	1	66308.39611	4085.037323	620502.9243	4613476.822	1812.569602	0.9274972159	1.065145202	44477.5746	16453.91943	10464.38033	2099.747063	585.4551759	1.361679108	0.02174556415	0.02136841003
1	1	64144.54583	1988.099235	285346.8965	6763432.469	4830.6127	0.806775492	1.038522106	43457.0094	16276.73506	10281.12283	2114.419942	571.6230526	0.6626997451	0.01	0.0128494791
1	1	66731.99031	3832.357819	305151.6316	8305865.958	5037.489284	0.7985004286	1.036830111	43250.29248	16250.35497	10261.68584	2073.903017	569.510303	1.277452606	0.01069405819	0.03638688287
1	1	66091.12373	1988.099235	785827.7097	3391168.673	1576.243351	0.936950266	1.067183091	44605.65713	16472.80728	10481.15172	2113.226817	586.9484719	0.6626997451	0.02753938169	0.0135398329
1	1	70344.18843	314.433667	1525389.438	1389110.708	7592.415543	0.6963033783	1.014282817	42396.103	16101.37641	10107.04029	2089.285859	557.8839136	0.1048112223	0.05345736914	0.02745186941
1	1	65790.67859	950.7924132	745749.0176	3536210.418	3693.519158	0.8522592337	1.048531113	43863.79563	16345.81022	10351.28759	2115.656424	577.0241822	0.3169308044	0.0261348214	0.0121307193
1	1	69990.61879	282.6516947	1546903.421	1294920.063	7691.792383	0.6923283047	1.013385326	42383.95599	16097.77558	10102.08481	2096.283236	557.6111816	0.09421723156	0.05421132803	0.0233867248
1	1	67639.6538	3679.855046	904890.8357	3182210.79	1841.206089	0.9263517564	1.064906817	44453.25365	16450.7147	10461.90564	2095.438562	585.199284	1.226618349	0.03171195646	0.02386926885
1	1	66308.39611	4085.037323	620502.9243	4613476.822	1812.569602	0.9274972159	1.065145202	44477.5746	16453.91943	10464.38033	2099.747063	585.4551759	1.361679108	0.02174556415	0.02136841003
1	1	64539.63612	2339.727789	472235.029	5068159.837	1927.31385	0.922907446	1.064072143	44501.39238	16453.70067	10460.56101	2119.322018	585.4625282	0.7799092629	0.0165495064	0.01
1	1	66710.45601	1823.736951	962027.3289	2643252.211	1321.380084	0.9471447966	1.069425289	44698.04446	16488.41564	10496.93908	2113.871128	588.1693789	0.6079123171	0.03371430847	0.01316496352
1	1	64144.54583	1988.099235	285346.8965	6763432.469	4830.6127	0.806775492	1.038522106	43457.0094	16276.73506	10281.12283	2114.419942	571.6230526	0.6626997451	0.01	0.0128494791
1	1	64520.22933	1988.099235	380172.9076	5937958.906	3546.777947	0.8581288821	1.049828316	43910.58394	16354.13029	10360.05539	2114.083208	577.6725942	0.6626997451	0.01332318354	0.01304457797
1	1	66526.43382	271.7657363	975417.6319	2538693.875	10576.9185	0.57692326	0.9879111983	41432.55052	15930.91477	9928.115381	2117.652478	544.5944273	0.09058857878	0.03418357248	0.01097232856
1	1	66887.23165	427.6398926	327209.2861	8109003.285	23836.98701	0.04652051961	0.8712900846	36588.43475	15114.95043	9104.849308	2072.736154	480.7546225	0.1425466309	0.01146707009	0.0370677088
1	1	67459.36068	610.7685577	285346.8965	9196832.886	20489.41658	0.1804233367	0.9008055825	37735.30847	15313.02932	9308.863829	2060.988269	496.2237066	0.2035895192	0.01	0.04389277711
1	1	67051.65578	1088.037361	997187.3042	2566302.192	2610.078182	0.8955968727	1.058088147	44230.51086	16409.45314	10417.09214	2110.495284	581.9926822	0.3626791205	0.03494649202	0.01512812172
1	1	66895.2357	875.8124459	960086.2733	2698022.434	3385.742177	0.8645703129	1.051256932	43956.73666	16362.7203	10369.41621	2110.779911	578.339945	0.291937482	0.03364628405	0.01496345294
1	1	67051.65578	1088.037361	997187.3042	2566302.192	2610.078182	0.8955968727	1.058088147	44230.51086	16409.45314	10417.09214	2110.495284	581.9926822	0.3626791205	0.03494649202	0.01512812172
1	1	73565.09314	108.4687233	2572525.162	302789.5439	11244.15051	0.5502339796	0.9820905291	41139.85157	15884.76157	9884.228778	2100.532016	540.9652518	0.03615624111	0.09015430669	0.02091875979
1	1	67852.6685	161.9442735	962336.1215	2936949.547	20033.43833	0.1986624669	0.9047103693	38010.42778	15352.38583	9342.630492	2095.4855	499.3433011	0.05398142449	0.03372513013	0.02385098146
1	1	66526.43382	271.7657363	975417.6319	2538693.875	10576.9185	0.57692326	0.9879111983	41432.55052	15930.91477	9928.115381	2117.652478	544.5944273	0.09058857878	0.03418357248	0.01097232856
1	1	65601.91239	606.1093347	356489.3786	6840503.253	14731.95291	0.4107218834	0.9513947994	39887.12202	15672.36762	9668.761564	2095.220877	524.3558466	0.2020364449	0.01249319278	0.02400454918
1	1	67672.43979	1659.435706	1187408.564	1952359.416	1272.712021	0.9490915191	1.069859968	44708.98449	16490.6986	10499.61687	2111.958626	588.3454483	0.5531452352	0.04161280809	0.01427545856
1	1	64144.54583	1988.099235	285346.8965	6763432.469	4830.6127	0.806775492	1.038522106	43457.0094	16276.73506	10281.12283	2114.419942	571.6230526	0.6626997451	0.01	0.0128494791
1	1	64055.31795	2339.727789	310724.8491	6417961.61	3465.612842	0.8613754863	1.050532455	43950.21557	16360.16366	10365.59637	2117.388325	578.1483509	0.7799092629	0.01088937195	0.01112448649
1	1	67883.72618	2995.219986	1313573.705	1598558.014	217.4147316	0.9913034107	1.079139196	45096.57648	16555.85277	10565.24048	2116.153692	593.4437834	0.9984066618	0.0460342734	0.01183269391
1	1	65657.32549	678.6393071	544048.3557	4961204.739	8273.871761	0.6690451296	1.00822972	42208.62961	16065.84114	10067.82176	2105.640762	555.1265699	0.2262131024	0.01906620897	0.01795047766
1	1	65595.34378	474.8495352	321924.7267	7260105.513	20566.38481	0.1773446077	0.9000245556	37814.29065	15319.44051	9309.469363	2093.242071	496.7651722	0.1582831784	0.01128187237	0.02515435445
1	1	65790.67859	950.7924132	745749.0176	3536210.418	3693.519158	0.8522592337	1.048531113	43863.79563	16345.81022	10351.28759	2115.656424	577.0241822	0.3169308044	0.0261348214	0.0121307193
1	1	65595.34378	474.8495352	321924.7267	7260105.513	20566.38481	0.1773446077	0.9000245556	37814.29065	15319.44051	9309.469363	2093.242071	496.7651722	0.1582831784	0.01128187237	0.02515435445
1	1	67672.43979	1659.435706	1187408.564	1952359.416	1272.712021	0.9490915191	1.069859968	44708.98449	16490.6986	10499.61687	2111.958626	588.3454483	0.5531452352	0.04161280809	0.01427545856
1	1	68588.48557	418.2750329	1158966.942	2233247.106	7082.032456	0.7167187018	1.018757281	42597.27532	16134.31531	10139.46807	2095.483898	560.4664828	0.139425011	0.04061606965	0.02385098146
1	1	75010.336	319.9885802	2297169.451	558998.7427	7493.655628	0.7002537749	1.015244235	42336.67089	16097.51244	10108.37034	2060.6231	557.5460524	0.1066628601	0.0805044484	0.04410334234
1	1	67529.39278	2380.111495	1090779.552	2279393.61	1161.60667	0.9535357332	1.070849613	44736.72903	16496.19865	10505.86926	2108.432619	588.7709832	0.7933704982	0.03822643826	0.0163221907
1	1	65595.34378	474.8495352	321924.7267	7260105.513	20566.38481	0.1773446077	0.9000245556	37814.29065	15319.44051	9309.469363	2093.242071	496.7651722	0.1582831784	0.01128187237	0.02515435445
1	1	73016.73218	4215.25946	2681110.37	238235.705	-257.5053959	1.010300216	1.083322027	45263.94968	16584.43991	10594.41862	2115.867739	595.6781188	1.405086487	0.09395968217	0.01197797457
1	1	65875.96859	1986.766042	742464.2084	3584714.114	1627.638826	0.934894447	1.066727786	44590.26294	16469.99659	10478.13077	2114.079704	586.7298263	0.6622553475	0.02601970505	0.01304457797
1	1	66091.12373	1988.099235	785827.7097	3391168.673	1576.243351	0.936950266	1.067183091	44605.65713	16472.80728	10481.15172	2113.226817	586.9484719	0.6626997451	0.02753938169	0.0135398329
1	1	66526.43382	271.7657363	975417.6319	2538693.875	10576.9185	0.57692326	0.9879111983	41432.55052	15930.91477	9928.115381	2117.652478	544.5944273	0.09058857878	0.03418357248	0.01097232856
1	1	67842.51381	327.1498237	745749.0176	4277158.229	14064.23394	0.4374306425	0.9573150277	40081.97536	15708.34804	9707.750504	2082.583866	527.1526335	0.1090499412	0.0261348214	0.03134619137
1	1	66895.2357	875.8124459	960086.2733	2698022.434	3385.742177	0.8645703129	1.051256932	43956.73666	16362.7203	10369.41621	2110.779911	578.339945	0.291937482	0.03364628405	0.01496345294
1	1	74192.9653	91.49979186	2387510.527	442824.4665	15727.48097	0.370900761	0.9426795525	39481.94357	15606.78824	9604.866983	2079.250854	519.2095707	0.03049993062	0.08367045712	0.03328264294
1	1	67842.51381	327.1498237	745749.0176	4277158.229	14064.23394	0.4374306425	0.9573150277	40081.97536	15708.34804	9707.750504	2082.583866	527.1526335	0.1090499412	0.0261348214	0.03134619137
1	1	66430.61776	327.0411206	598578.2783	4847494.574	16071.13064	0.3571547745	0.9395983427	39416.94136	15591.94274	9586.574542	2096.465758	518.0706145	0.1090137069	0.02097721355	0.02328136842
1	1	71168.22156	372.0599962	2035430.795	617298.4709	4063.949662	0.8374420135	1.045297649	43703.32742	16320.3985	10327.02494	2106.767941	575.0266494	0.1240199987	0.07133180069	0.01729452233
1	1	66526.43382	271.7657363	975417.6319	2538693.875	10576.9185	0.57692326	0.9879111983	41432.55052	15930.91477	9928.115381	2117.652478	544.5944273	0.09058857878	0.03418357248	0.01097232856
1	1	66887.23165	427.6398926	327209.2861	8109003.285	23836.98701	0.04652051961	0.8712900846	36588.43475	15114.95043	9104.849308	2072.736154	480.7546225	0.1425466309	0.01146707009	0.0370677088
1	1	68598.88025	1094.035308	1139334.732	2313080.428	3429.116019	0.8628353592	1.050928298	43886.53316	16354.39339	10363.99056	2094.128382	577.668228	0.3646784359	0.0399280576	0.02463633988
1	1	67051.65578	1088.037361	997187.3042	2566302.192	2610.078182	0.8955968727	1.058088147	44230.51086	16409.45314	10417.09214	2110.495284	581.9926822	0.3626791205	0.03494649202	0.01512812172
1	1	66710.45601	1823.736951	962027.3289	2643252.211	1321.380084	0.9471447966	1.069425289	44698.04446	16488.41564	10496.93908	2113.871128	588.1693789	0.6079123171	0.03371430847	0.01316496352
1	1	65790.67859	950.7924132	745749.0176	3536210.418	3693.519158	0.8522592337	1.048531113	43863.79563	16345.81022	10351.28759	2115.656424	577.0241822	0.3169308044	0.0261348214	0.0121307193
1	1	69746.05495	404.8577037	974007.2172	3430159.361	10628.63905	0.5748544381	0.9876221925	41243.00152	15909.96958	9916.324998	2065.667671	542.8921879	0.1349525679	0.03413414441	0.04117356379
1	1	66895.2357	875.8124459	960086.2733	2698022.434	3385.742177	0.8645703129	1.051256932	43956.73666	16362.7203	10369.41621	2110.779911	578.339945	0.291937482	0.03364628405	0.01496345294
1	1	67883.72618	2995.219986	1313573.705	1598558.014	217.4147316	0.9913034107	1.079139196	45096.57648	16555.85277	10565.24048	2116.153692	593.4437834	0.9984066618	0.0460342734	0.01183269391
1	1	67670.14123	1659.435706	1187408.564	1951943.396	1270.053549	0.949197858	1.069883259	44710.04806	16490.87181	10499.78656	2111.995678	588.3590341	0.5531452352	0.04161280809	0.01425393246
1	1	64055.31795	2339.727789	310724.8491	6417961.61	3465.612842	0.8613754863	1.050532455	43950.21557	16360.16366	10365.59637	2117.388325	578.1483509	0.7799092629	0.01088937195	0.01112448649
1	1	74192.9653	91.49979186	2387510.527	442824.4665	15727.48097	0.370900761	0.9426795525	39481.94357	15606.78824	9604.866983	2079.250854	519.2095707	0.03049993062	0.08367045712	0.03328264294
1	1	66430.61776	327.0411206	598578.2783	4847494.574	16071.13064	0.3571547745	0.9395983427	39416.94136	15591.94274	9586.574542	2096.465758	518.0706145	0.1090137069	0.02097721355	0.02328136842
1	1	68588.48557	418.2750329	1158966.942	2233247.106	7082.032456	0.7167187018	1.018757281	42597.27532	16134.31531	10139.46807	2095.483898	560.4664828	0.139425011	0.04061606965	0.02385098146
1	1	64055.31795	2339.727789	310724.8491	6417961.61	3465.612842	0.8613754863	1.050532455	43950.21557	16360.16366	10365.59637	2117.388325	578.1483509	0.7799092629	0.01088937195	0.01112448649
1	1	66526.43382	271.7657363	975417.6319	2538693.875	10576.9185	0.57692326	0.9879111983	41432.55052	15930.91477	9928.115381	2117.652478	544.5944273	0.09058857878	0.03418357248	0.01097232856
1	1	65657.32549	678.6393071	544048.3557	4961204.739	8273.871761	0.6690451296	1.00822972	42208.62961	16065.84114	10067.82176	2105.640762	555.1265699	0.2262131024	0.01906620897	0.01795047766
1	1	70142.71863	987.5003777	1969534.772	629504.3475	764.4958184	0.9694201673	1.074311634	44913.214	16523.90477	10532.10359	2119.317926	590.95036	0.3291667926	0.06902247042	0.01
1	1	73016.73218	4215.25946	2681110.37	238235.705	-257.5053959	1.010300216	1.083322027	45263.94968	16584.43991	10594.41862	2115.867739	595.6781188	1.405086487	0.09395968217	0.01197797457
1	1	66430.61776	327.0411206	598578.2783	4847494.574	16071.13064	0.3571547745	0.9395983427	39416.94136	15591.94274	9586.574542	2096.465758	518.0706145	0.1090137069	0.02097721355	0.02328136842
1	1	66895.2357	875.8124459	960086.2733	2698022.434	3385.742177	0.8645703129	1.051256932	43956.73666	16362.7203	10369.41621	2110.779911	578.339945	0.291937482	0.03364628405	0.01496345294
1	1	67305.30837	792.9829254	805785.3285	3665702.931	5645.58942	0.7741764232	1.031408233	43103.96074	16220.82665	10227.74279	2094.862985	567.2282717	0.2643276418	0.0282387977	0.0242112769
1	1	69936.44247	1970.493514	1594989.863	1185016.001	1563.970565	0.9374411774	1.067333344	44566.60589	16469.0312	10479.72509	2100.044013	586.6368327	0.6568311712	0.05589652043	0.0211941702
1	1	66327.72076	1574.341428	620502.9243	4621750.006	3706.483491	0.8517406604	1.048468856	43805.80325	16339.46928	10347.80535	2099.443146	576.5082546	0.524780476	0.02174556415	0.02154938562
1	1	74107.40509	98.00412362	2436153.116	403672.2803	14260.41151	0.4295835396	0.9555843975	40015.72636	15696.84008	9695.842969	2083.564156	526.2542845	0.03266804121	0.08537513973	0.03077668755
1	1	64055.31795	2339.727789	310724.8491	6417961.61	3465.612842	0.8613754863	1.050532455	43950.21557	16360.16366	10365.59637	2117.388325	578.1483509	0.7799092629	0.01088937195	0.01112448649
1	1	64481.37779	1987.567712	369790.6937	6024462.767	3658.360453	0.8536655819	1.048845748	43871.06608	16347.3936	10353.19026	2114.083309	577.145989	0.6625225707	0.0129593382	0.01304457797
1	1	67842.51381	327.1498237	745749.0176	4277158.229	14064.23394	0.4374306425	0.9573150277	40081.97536	15708.34804	9707.750504	2082.583866	527.1526335	0.1090499412	0.0261348214	0.03134619137
1	1	71262.3491	329.9988593	2054879.913	601988.4995	4547.38766	0.8181044936	1.041041714	43530.98042	16291.09339	10297.22435	2106.42423	572.7354484	0.1099996198	0.07201339626	0.01749443271
1	1	67765.81579	752.7156745	583728.6999	5629897.174	9254.070832	0.6298371667	0.9996994794	41757.41425	15995.83043	10002.28298	2074.045923	549.6143736	0.2509052248	0.02045680913	0.03630592538
1	1	69990.61879	282.6516947	1546903.421	1294920.063	7691.792383	0.6923283047	1.013385326	42383.95599	16097.77558	10102.08481	2096.283236	557.6111816	0.09421723156	0.05421132803	0.0233867248
1	1	74814.93129	227.9037853	2244951.868	601176.4411	9260.971849	0.629561126	0.9996816807	41710.76123	15990.81231	9999.635893	2060.624189	549.205337	0.07596792845	0.07867447993	0.04410334234
1	1	65657.32549	678.6393071	544048.3557	4961204.739	8273.871761	0.6690451296	1.00822972	42208.62961	16065.84114	10067.82176	2105.640762	555.1265699	0.2262131024	0.01906620897	0.01795047766
1	1	72376.47576	430.8390377	2339592.494	406724.8099	3168.052109	0.8732779156	1.053190319	44016.89789	16374.10041	10381.95823	2105.637651	579.2231	0.1436130126	0.08199116663	0.01795047766
1	1	65875.96859	1986.766042	742464.2084	3584714.114	1627.638826	0.934894447	1.066727786	44590.26294	16469.99659	10478.13077	2114.079704	586.7298263	0.6622553475	0.02601970505	0.01304457797
1	1	68588.48557	418.2750329	1158966.942	2233247.106	7082.032456	0.7167187018	1.018757281	42597.27532	16134.31531	10139.46807	2095.483898	560.4664828	0.139425011	0.04061606965	0.02385098146
1	1	67883.72618	2995.219986	1313573.705	1598558.014	217.4147316	0.9913034107	1.079139196	45096.57648	16555.85277	10565.24048	2116.153692	593.4437834	0.9984066618	0.0460342734	0.01183269391
1	1	71201.32397	106.9282422	1403199.278	1860306.542	22736.60496	0.09053580178	0.8809946227	36962.87334	15179.79555	9171.782808	2068.100043	485.8177517	0.03564274741	0.04917520729	0.03976112034
1	1	66526.43382	271.7657363	975417.6319	2538693.875	10576.9185	0.57692326	0.9879111983	41432.55052	15930.91477	9928.115381	2117.652478	544.5944273	0.09058857878	0.03418357248	0.01097232856
1	1	64545.59312	810.7067748	380172.9076	5951938.861	9292.050307	0.6283179877	0.999238162	41874.50147	16007.12446	10006.50877	2113.676534	550.546747	0.2702355916	0.01332318354	0.01328211026
1	1	69990.61879	282.6516947	1546903.421	1294920.063	7691.792383	0.6923283047	1.013385326	42383.95599	16097.77558	10102.08481	2096.283236	557.6111816	0.09421723156	0.05421132803	0.0233867248
1	1	65595.34378	474.8495352	321924.7267	7260105.513	20566.38481	0.1773446077	0.9000245556	37814.29065	15319.44051	9309.469363	2093.242071	496.7651722	0.1582831784	0.01128187237	0.02515435445
1	1	70664.31559	215.0395781	1525389.438	1430957.682	10829.36382	0.566825447	0.9857955631	41232.71326	15904.17936	9907.031949	2084.126266	542.4626342	0.07167985937	0.05345736914	0.03044986578
1	1	73610.53188	108.4687233	2584667.661	297710.9318	11194.06773	0.5522372907	0.9825315458	41157.5888	15887.78527	9887.31013	2100.53201	541.2016137	0.03615624111	0.09057984132	0.02091875979
1	1	64055.31795	2339.727789	310724.8491	6417961.61	3465.612842	0.8613754863	1.050532455	43950.21557	16360.16366	10365.59637	2117.388325	578.1483509	0.7799092629	0.01088937195	0.01112448649
1	1	65601.91239	606.1093347	356489.3786	6840503.253	14731.95291	0.4107218834	0.9513947994	39887.12202	15672.36762	9668.761564	2095.220877	524.3558466	0.2020364449	0.01249319278	0.02400454918
1	1	64055.31795	2339.727789	310724.8491	6417961.61	3465.612842	0.8613754863	1.050532455	43950.21557	16360.16366	10365.59637	2117.388325	578.1483509	0.7799092629	0.01088937195	0.01112448649
1	1	67413.32441	726.3151344	804669.1402	3709795.779	6209.723796	0.7516110482	1.026446394	42898.2108	16186.1475	10192.73484	2093.054742	564.5151537	0.2421050448	0.02819968081	0.02526196579
1	1	66430.61776	327.0411206	598578.2783	4847494.574	16071.13064	0.3571547745	0.9395983427	39416.94136	15591.94274	9586.574542	2096.465758	518.0706145	0.1090137069	0.02097721355	0.02328136842
1	1	67051.65578	1088.037361	997187.3042	2566302.192	2610.078182	0.8955968727	1.058088147	44230.51086	16409.45314	10417.09214	2110.495284	581.9926822	0.3626791205	0.03494649202	0.01512812172
1	1	64789.24494	2058.052476	488571.959	5041450.801	2411.435185	0.9035425926	1.059818816	44319.92944	16423.43067	10430.27226	2116.284371	583.092535	0.686017492	0.01712203514	0.01176506214
1	1	68979.89073	315.5295447	1162619.123	2301107.406	9491.563164	0.6203374734	0.997559038	41723.8634	15986.75447	9990.212956	2089.395472	548.9240891	0.1051765149	0.04074406055	0.02738850658
1	1	67639.6538	3679.855046	904890.8357	3182210.79	1841.206089	0.9263517564	1.064906817	44453.25365	16450.7147	10461.90564	2095.438562	585.199284	1.226618349	0.03171195646	0.02386926885
1	1	64144.54583	1988.099235	285346.8965	6763432.469	4830.6127	0.806775492	1.038522106	43457.0094	16276.73506	10281.12283	2114.419942	571.6230526	0.6626997451	0.01	0.0128494791
1	1	66430.61776	327.0411206	598578.2783	4847494.574	16071.13064	0.3571547745	0.9395983427	39416.94136	15591.94274	9586.574542	2096.465758	518.0706145	0.1090137069	0.02097721355	0.02328136842
1	1	65595.34378	474.8495352	321924.7267	7260105.513	20566.38481	0.1773446077	0.9000245556	37814.29065	15319.44051	9309.469363	2093.242071	496.7651722	0.1582831784	0.01128187237	0.02515435445
1	1	64144.54583	1988.099235	285346.8965	6763432.469	4830.6127	0.806775492	1.038522106	43457.0094	16276.73506	10281.12283	2114.419942	571.6230526	0.6626997451	0.01	0.0128494791
1	1	64845.0144	2369.230526	518817.8444	4807787.652	1806.645618	0.9277341753	1.065141482	44537.16919	16460.2616	10467.6353	2117.20878	585.9727538	0.7897435088	0.01818200411	0.01122737516
1	1	67936.27727	695.3510213	960923.0546	2967090.575	5500.42611	0.7799829556	1.032689108	43152.69417	16229.31208	10236.53939	2094.050024	567.8905595	0.2317836738	0.03367560911	0.02468350006
1	1	68588.48557	418.2750329	1158966.942	2233247.106	7082.032456	0.7167187018	1.018757281	42597.27532	16134.31531	10139.46807	2095.483898	560.4664828	0.139425011	0.04061606965	0.02385098146
1	1	64481.37779	1987.567712	369790.6937	6024462.767	3658.360453	0.8536655819	1.048845748	43871.06608	16347.3936	10353.19026	2114.083309	577.145989	0.6625225707	0.0129593382	0.01304457797
1	1	66887.23165	427.6398926	327209.2861	8109003.285	23836.98701	0.04652051961	0.8712900846	36588.43475	15114.95043	9104.849308	2072.736154	480.7546225	0.1425466309	0.01146707009	0.0370677088
1	1	67529.39278	2380.111495	1090779.552	2279393.61	1161.60667	0.9535357332	1.070849613	44736.72903	16496.19865	10505.86926	2108.432619	588.7709832	0.7933704982	0.03822643826	0.0163221907
1	1	66327.72076	1574.341428	620502.9243	4621750.006	3706.483491	0.8517406604	1.048468856	43805.80325	16339.46928	10347.80535	2099.443146	576.5082546	0.524780476	0.02174556415	0.02154938562
1	1	66887.23165	427.6398926	327209.2861	8109003.285	23836.98701	0.04652051961	0.8712900846	36588.43475	15114.95043	9104.849308	2072.736154	480.7546225	0.1425466309	0.01146707009	0.0370677088
1	1	74210.11629	3400.40047	2838999.517	202184.0533	484.313139	0.9806274744	1.076820851	44969.23541	16536.32329	10547.16973	2106.162992	591.9047205	1.133466823	0.09949291728	0.01762080208
1	1	65657.32549	678.6393071	544048.3557	4961204.739	8273.871761	0.6690451296	1.00822972	42208.62961	16065.84114	10067.82176	2105.640762	555.1265699	0.2262131024	0.01906620897	0.01795047766
1	1	68598.88025	1094.035308	1139334.732	2313080.428	3429.116019	0.8628353592	1.050928298	43886.53316	16354.39339	10363.99056	2094.128382	577.668228	0.3646784359	0.0399280576	0.02463633988
1	1	66526.43382	271.7657363	975417.6319	2538693.875	10576.9185	0.57692326	0.9879111983	41432.55052	15930.91477	9928.115381	2117.652478	544.5944273	0.09058857878	0.03418357248	0.01097232856
1	1	72805.52333	4226.984782	2681110.37	233615.9651	-502.5153928	1.020100616	1.085468625	45361.9365	16600.39943	10610.05669	2119.272194	596.9299237	1.408994927	0.09395968217	0.01
1	1	65595.34378	474.8495352	321924.7267	7260105.513	20566.38481	0.1773446077	0.9000245556	37814.29065	15319.44051	9309.469363	2093.242071	496.7651722	0.1582831784	0.01128187237	0.02515435445
1	1	67746.30676	367.0147665	793918.7321	3898354.026	11760.65291	0.5295738835	0.9775855308	40912.48699	15848.95257	9850.21671	2087.040135	538.1492142	0.1223382555	0.02782293208	0.02875709999
1	1	67639.6538	3679.855046	904890.8357	3182210.79	1841.206089	0.9263517564	1.064906817	44453.25365	16450.7147	10461.90564	2095.438562	585.199284	1.226618349	0.03171195646	0.02386926885
1	1	67488.99204	792.9829254	804669.1402	3735913.073	5869.322962	0.7652270815	1.029447785	43014.74886	16206.28071	10213.47608	2091.834746	566.0874364	0.2643276418	0.02819968081	0.02597059446
