#gen	Feasible	f1	f2	f3	f4	f5	c1	c2	c3	c4	c5	c6	c7	x1	x2	x3
30	1	65897.36955	238.3145967	835059.2262	3057350.6	14182.93824	0.4326824706	0.9561521122	40160.9616	15713.77837	9706.531512	2119.326431	527.6230347	0.07943819891	0.02926470329	0.01
30	1	65818.17652	248.176061	813896.6446	3148824.074	13962.19617	0.4415121532	0.9580959129	40239.13923	15727.10548	9720.112707	2119.326416	528.6648102	0.08272535367	0.02852305929	0.01
30	1	66662.20266	341.7574464	1039443.941	2299823.505	7608.946055	0.6956421578	1.014041079	42489.19532	16110.67724	10110.99756	2119.32567	558.6484942	0.1139191488	0.03642737854	0.01
30	1	65465.1	1070.958911	719544.7614	3591123.619	3095.278096	0.8761888762	1.053787335	44087.74817	16383.18588	10388.7018	2119.323646	579.9504091	0.3569863037	0.02521649159	0.01
30	1	64273.05932	437.6247525	400998.2811	5596903.674	16186.37096	0.3525451617	0.9385103737	39451.42933	15592.82292	9583.269953	2119.326545	518.1679853	0.1458749175	0.01405301007	0.01
30	1	64691.93097	235.0115164	495206.618	4938824.465	24872.47092	0.00510116318	0.8620261254	36371.65313	15068.04086	9048.679029	2118.257581	477.1446003	0.07833717213	0.01735454719	0.01062120315
30	1	64229.09512	4350	389249.8226	5689256.758	991.8372765	0.9603265089	1.072309721	44832.69914	16510.17923	10518.11637	2119.319152	589.8774392	1.45	0.0136412846	0.01000000003
30	1	63851.55659	4350	288361.0102	6547752.724	1606.501601	0.935739936	1.066897137	44615.01069	16473.06942	10480.29904	2119.32129	586.9765773	1.45	0.0101056298	0.01000000001
30	1	66672.66324	131.0619213	1042239.3	2290885.292	21012.36056	0.1595055774	0.8960138897	37742.26518	15301.45814	9286.350074	2119.326735	495.3920919	0.04368730709	0.03652534206	0.01
30	1	65897.36955	238.3145967	835059.2262	3057350.6	14182.93824	0.4326824706	0.9561521122	40160.9616	15713.77837	9706.531512	2119.326431	527.6230347	0.07943819891	0.02926470329	0.01
30	1	65818.61884	270.5894596	814012.2305	3148319.959	12740.41007	0.4903835973	0.9688546629	40671.84437	15800.86966	9795.28329	2119.326169	534.430933	0.09019648654	0.02852711	0.01000009159
30	1	66385.87922	332.5176112	965602.6206	2548987.928	8499.801724	0.660007931	1.006196422	42173.69142	16056.89263	10056.18751	2119.325836	554.4441681	0.1108392037	0.03383960479	0.01
30	1	67315.52716	616.5077432	1214030.448	1803314.167	3209.487198	0.8716205121	1.052781638	44047.30008	16376.29061	10381.67506	2119.323754	579.4114079	0.2055025811	0.04254577368	0.01
30	1	73451.07025	41.35420839	2853468.965	183759.4998	24444.68973	0.02221241063	0.8657896675	36526.6477	15094.23126	9075.173911	2119.317806	479.1932206	0.01378473613	0.1	0.01000524016
30	1	64894.49887	204.6815661	567064.2072	4440987.914	24864.38899	0.005424440441	0.8620938696	36378.03744	15068.89539	9049.353332	2119.326832	477.2127346	0.06822718871	0.01987280094	0.01000000123
30	1	65395.59063	290.3418541	700969.9218	3685258.445	13851.39221	0.4459443116	0.9590716254	40278.38137	15733.79516	9726.92994	2119.326409	529.1877411	0.09678061803	0.02456553516	0.01
30	1	64872.0871	365.7898586	334037.9129	6647639.235	24563.30576	0.01746776972	0.8647889817	36439.55745	15082.37764	9065.609679	2105.631538	478.2495241	0.1219299529	0.01170637974	0.01795653579
30	1	64426.17992	295.6551986	393888.7847	5747588.276	24986.93574	0.0005225704887	0.8610240283	36325.09367	15060.50348	9041.333879	2116.429729	476.5531213	0.09855173287	0.01380385732	0.01168312984
30	1	64539.20515	523.57009	472119.8617	5068973.002	11269.33557	0.5492265773	0.9818085846	41192.83809	15889.68451	9885.79144	2119.326196	541.3735624	0.1745233633	0.01654547035	0.01
30	1	73382.32433	239.8395602	2835247.667	188473.7949	3609.590406	0.8556163838	1.049258427	43905.60022	16352.13474	10357.05864	2119.324088	577.523151	0.07994652006	0.09936143348	0.01
30	1	65818.17652	248.176061	813896.6446	3148824.074	13962.19617	0.4415121532	0.9580959129	40239.13923	15727.10548	9720.112707	2119.326416	528.6648102	0.08272535367	0.02852305929	0.01
30	1	65194.33809	183.1057012	647189.6357	3971956.581	24337.43185	0.02650272615	0.8667341253	36564.66368	15100.70995	9081.774466	2119.326823	479.6996691	0.06103523373	0.02268080164	0.01
30	1	66662.20266	341.7574464	1039443.941	2299823.505	7608.946055	0.6956421578	1.014041079	42489.19532	16110.67724	10110.99756	2119.32567	558.6484942	0.1139191488	0.03642737854	0.01
30	1	67628.3411	137.3660143	1297623.048	1605087.441	15923.65625	0.36305375	0.9408237752	39544.47192	15608.68409	9599.433523	2119.326532	519.4078475	0.04578867142	0.04547528161	0.01
30	1	64373.52888	274.4252182	427846.5479	5391441.485	24570.94844	0.01716206221	0.8646778353	36481.96184	15086.6116	9067.407315	2119.326828	478.5976052	0.09147507275	0.01499390928	0.01
30	1	73450.5107	173.9782724	2853468.965	183749.9671	5227.127556	0.7909148978	1.03501479	43332.73605	16254.47739	10257.53937	2119.324982	569.8893066	0.05799275746	0.1	0.01
30	1	65897.36955	238.3145967	835059.2262	3057350.6	14182.93824	0.4326824706	0.9561521122	40160.9616	15713.77837	9706.531512	2119.326431	527.6230347	0.07943819891	0.02926470329	0.01
30	1	65194.74137	1238.049133	647297.4041	3971360.332	2946.99576	0.8821201696	1.055093073	44140.26359	16392.13829	10397.82489	2119.323496	580.6502164	0.4126830443	0.02268457839	0.01
30	1	64047.57688	342.5934321	340743.0929	6086976.523	24717.56397	0.01129744137	0.8633867749	36430.03674	15077.75982	9058.386769	2119.326831	477.9056643	0.1141978107	0.0119413632	0.01
30	1	65784.97197	189.2413924	804410.7393	3191387.938	18779.03155	0.248838738	0.9156801571	38533.09539	15436.2807	9423.749923	2119.289698	505.9310827	0.06308046413	0.02819062514	0.0100214729
30	1	64931.17301	263.5522492	570067.4141	4432888.958	19064.01211	0.2374395157	0.9131718824	38430.93835	15418.94735	9406.154667	2118.916651	504.5756743	0.08785074974	0.01997804851	0.01023820759
30	1	67736.33697	333.5317994	1326482.553	1541838.836	5958.73252	0.7616506992	1.028572456	43073.6321	16210.3074	10212.52725	2119.325245	566.4365523	0.1111772665	0.04648666482	0.01
30	1	64018.50843	4350	332975.1936	6153201.386	1288.752381	0.9484499047	1.069695159	44727.5442	16492.25325	10499.84862	2119.320344	588.4761708	1.45	0.01166913668	0.01
30	1	63925.01717	4350	307991.7236	6371121.421	1455.347315	0.9417861074	1.068228165	44668.54323	16482.19523	10489.59883	2119.320874	587.6899386	1.45	0.0107935894	0.01
30	1	65075.65619	303.7069095	615000.1843	4154801.361	15163.51458	0.3934594169	0.9475174884	39813.58813	15654.56715	9646.196638	2119.297877	522.9944761	0.1012356365	0.02155272028	0.01001662335
30	1	64233.09101	311.8151307	390317.6374	5680800.221	23676.83767	0.05292649307	0.872551156	36798.61857	15140.59273	9122.417641	2119.326807	482.8172934	0.1039383769	0.01367870624	0.01
30	1	73450.4508	4209.131358	2853452.957	183754.0646	-517.3228049	1.020692912	1.085599015	45367.18067	16601.29341	10610.96772	2119.268893	596.9998062	1.403043786	0.09999943901	0.01
30	1	66662.20266	341.7574464	1039443.941	2299823.505	7608.946055	0.6956421578	1.014041079	42489.19532	16110.67724	10110.99756	2119.32567	558.6484942	0.1139191488	0.03642737854	0.01
30	1	67628.3411	137.3660143	1297623.048	1605087.441	15923.65625	0.36305375	0.9408237752	39544.47192	15608.68409	9599.433523	2119.326532	519.4078475	0.04578867142	0.04547528161	0.01
30	1	63965.60557	4350	318801.4216	6275981.349	1380.219957	0.9447912017	1.068889725	44695.14292	16486.73022	10494.22069	2119.318434	588.0444344	1.45	0.01117241594	0.01000128454
30	1	65194.74137	301.365125	647297.4041	3971360.332	14484.38604	0.4206245582	0.9534976366	40054.20137	15695.57873	9687.984881	2119.32645	526.2003745	0.1004550417	0.02268457839	0.01
30	1	64574.43853	241.6467293	481535.2033	5002922.661	24799.67367	0.008013053359	0.8626637369	36400.95691	15072.80252	9053.334955	2119.326833	477.5181538	0.08054890978	0.0168754316	0.01
30	1	66151.2014	480.325985	902889.3392	2781690.583	6094.284835	0.7562286066	1.027378816	43025.62496	16202.12353	10204.18736	2119.325237	565.796822	0.1601086617	0.03164181389	0.01000002911
30	1	64176.1847	453.9573061	359312.2901	5964140.931	17540.74336	0.2983702657	0.9265871527	38968.62808	15510.72718	9499.784139	2118.37362	511.7493959	0.151319102	0.01259212189	0.01055365577
30	1	65194.74137	1238.049133	647297.4041	3971360.332	2946.99576	0.8821201696	1.055093073	44140.26359	16392.13829	10397.82489	2119.323496	580.6502164	0.4126830443	0.02268457839	0.01
30	1	65133.13296	240.4094697	630833.9201	4063493.215	18849.74241	0.2460103035	0.9150573762	38508.17429	15432.02427	9419.405545	2119.326661	505.5984049	0.0801364899	0.02210761455	0.01
30	1	66814.17004	176.656265	1066397.619	2225591.622	15084.79142	0.3966083432	0.9482132511	39838.84941	15659.04737	9650.908421	2118.502715	523.3437001	0.05888542167	0.03737197187	0.01047858383
30	1	65897.36955	238.3145967	835059.2262	3057350.6	14182.93824	0.4326824706	0.9561521122	40160.9616	15713.77837	9706.531512	2119.326431	527.6230347	0.07943819891	0.02926470329	0.01
30	1	65892.94282	152.1273361	833876.282	3062392.931	22684.86437	0.09260542505	0.8812862303	37149.93412	15200.48223	9183.448977	2119.326782	487.4988365	0.05070911204	0.02922324694	0.01
30	1	67629.37432	137.8562856	1297622.996	1605241.351	15865.5007	0.3653799721	0.9413359321	39565.01332	15612.18946	9603.008795	2119.30987	519.681841	0.04595209521	0.04547527979	0.01000967796
30	1	65897.36955	238.3145967	835059.2262	3057350.6	14182.93824	0.4326824706	0.9561521122	40160.9616	15713.77837	9706.531512	2119.326431	527.6230347	0.07943819891	0.02926470329	0.01
30	1	66814.17004	176.656265	1066397.619	2225591.622	15084.79142	0.3966083432	0.9482132511	39838.84941	15659.04737	9650.908421	2118.502715	523.3437001	0.05888542167	0.03737197187	0.01047858383
30	1	64047.57688	342.5934321	340743.0929	6086976.523	24717.56397	0.01129744137	0.8633867749	36430.03674	15077.75982	9058.386769	2119.326831	477.9056643	0.1141978107	0.0119413632	0.01
30	1	64670.33604	1392.034759	507161.69	4827474.826	3448.594098	0.8620562361	1.050676121	43962.61839	16361.85475	10366.96397	2119.323961	578.2829609	0.4640115863	0.01777351344	0.01
30	1	73467.29021	84.8297545	2846421.163	186306.7921	11604.65883	0.5358136469	0.9788580371	41071.78929	15869.20118	9865.045426	2118.630609	539.7715177	0.02827658483	0.09975300933	0.01040413103
30	1	68234.13311	408.163138	1459507.55	1281032.566	4228.546414	0.8308581434	1.043808052	43686.39182	16314.76583	10318.97726	2119.324498	574.6020349	0.1360543793	0.05114853422	0.01
30	1	65194.33809	183.1057012	647189.6357	3971956.581	24337.43185	0.02650272615	0.8667341253	36564.66368	15100.70995	9081.774466	2119.326823	479.6996691	0.06103523373	0.02268080164	0.01
30	1	65194.74137	1238.049133	647297.4041	3971360.332	2946.99576	0.8821201696	1.055093073	44140.26359	16392.13829	10397.82489	2119.323496	580.6502164	0.4126830443	0.02268457839	0.01
30	1	63885.40024	4349.622334	297404.9764	6465777.559	1534.584835	0.9386166066	1.067530418	44640.48061	16477.41133	10484.72373	2119.321099	587.3159831	1.449874111	0.01042257617	0.01
30	1	64949.96802	508.8112562	581887.1456	4350226.348	9282.401175	0.628703953	0.9993050429	41896.52735	16009.64389	10008.03794	2119.325958	550.7507491	0.1696037521	0.02039227175	0.01
30	1	65818.17652	248.176061	813896.6446	3148824.074	13962.19617	0.4415121532	0.9580959129	40239.13923	15727.10548	9720.112707	2119.326416	528.6648102	0.08272535367	0.02852305929	0.01
30	1	65897.36955	238.3145967	835059.2262	3057350.6	14182.93824	0.4326824706	0.9561521122	40160.9616	15713.77837	9706.531512	2119.326431	527.6230347	0.07943819891	0.02926470329	0.01
30	1	67315.52716	616.5077432	1214030.448	1803314.167	3209.487198	0.8716205121	1.052781638	44047.30008	16376.29061	10381.67506	2119.323754	579.4114079	0.2055025811	0.04254577368	0.01
30	1	65465.1	1070.958911	719544.7614	3591123.619	3095.278096	0.8761888762	1.053787335	44087.74817	16383.18588	10388.7018	2119.323646	579.9504091	0.3569863037	0.02521649159	0.01
30	1	66814.17004	176.656265	1066397.619	2225591.622	15084.79142	0.3966083432	0.9482132511	39838.84941	15659.04737	9650.908421	2118.502715	523.3437001	0.05888542167	0.03737197187	0.01047858383
30	1	63874.33899	4350	294269.2953	6494487.845	1559.665237	0.9376133905	1.067309601	44631.56245	16475.89341	10483.17886	2119.310318	587.1973138	1.45	0.01031268603	0.01000630132
30	1	64373.52888	274.4252182	427846.5479	5391441.485	24570.94844	0.01716206221	0.8646778353	36481.96184	15086.6116	9067.407315	2119.326828	478.5976052	0.09147507275	0.01499390928	0.01
30	1	63840.2774	599.7406161	285346.8965	6575303.126	16617.51457	0.335299417	0.9347138285	39298.73625	15566.79301	9556.743764	2119.326566	516.1332355	0.1999135387	0.01	0.01
30	1	73206.13892	264.7920126	2788166.017	201249.5459	3264.263846	0.8694294462	1.052299288	44027.90047	16372.98352	10378.30492	2119.323804	579.1528936	0.0882640042	0.09771145406	0.01
30	1	66662.20266	341.7574464	1039443.941	2299823.505	7608.946055	0.6956421578	1.014041079	42489.19532	16110.67724	10110.99756	2119.32567	558.6484942	0.1139191488	0.03642737854	0.01
30	1	73449.96064	94.00253363	2853321.973	183787.5966	10325.69793	0.5869720827	0.9901180268	41527.03517	15946.65579	9943.848915	2119.326093	545.8269889	0.03133417788	0.09999484866	0.01
30	1	65153.05052	183.5778774	636156.4474	4033475.863	24707.11108	0.01171555673	0.8634788204	36433.73872	15078.3909	9059.029884	2119.326831	477.9549959	0.06119262579	0.02229414286	0.01
30	1	64970.67402	201.9051233	587420.3651	4316823.689	24316.46379	0.02734144839	0.8669187649	36572.08969	15101.97588	9083.064529	2119.326822	479.7986263	0.06730170777	0.02058618378	0.01
30	1	73443.85231	72.83026264	2851689.659	184205.9832	13558.03589	0.4576785643	0.9616548494	40382.27594	15751.50629	9744.978741	2119.326388	530.5722141	0.02427675421	0.09993764411	0.01
30	1	63885.40024	4349.622334	297404.9764	6465777.559	1534.584835	0.9386166066	1.067530418	44640.48061	16477.41133	10484.72373	2119.321099	587.3159831	1.449874111	0.01042257617	0.01
30	1	64670.33604	1392.034759	507161.69	4827474.826	3448.594098	0.8620562361	1.050676121	43962.61839	16361.85475	10366.96397	2119.323961	578.2829609	0.4640115863	0.01777351344	0.01
30	1	66672.66324	131.0619213	1042239.3	2290885.292	21012.36056	0.1595055774	0.8960138897	37742.26518	15301.45814	9286.350074	2119.326735	495.3920919	0.04368730709	0.03652534206	0.01
30	1	65194.74137	301.365125	647297.4041	3971360.332	14484.38604	0.4206245582	0.9534976366	40054.20137	15695.57873	9687.984881	2119.32645	526.2003745	0.1004550417	0.02268457839	0.01
30	1	64347.46725	274.4252182	420882.1534	5444002.124	24990.18584	0.0003925662523	0.8609861333	36333.48545	15061.30052	9041.613659	2119.326837	476.6190459	0.09147507275	0.01474984163	0.01
30	1	65194.74137	1238.049133	647297.4041	3971360.332	2946.99576	0.8821201696	1.055093073	44140.26359	16392.13829	10397.82489	2119.323496	580.6502164	0.4126830443	0.02268457839	0.01
30	1	73450.80402	4350	2853468.965	183754.9642	-525.0055759	1.021000223	1.085666683	45369.88601	16601.75563	10611.43962	2119.262207	597.0359318	1.45	0.1	0.01000274698
30	1	64863.53016	519.8064007	558788.5408	4492481.346	9476.418251	0.62094327	0.997596576	41827.8146	15997.93028	9996.101	2119.325985	549.8351002	0.1732688002	0.01958277969	0.01
30	1	67216.89637	955.5062871	1187673.554	1870755.606	1856.311193	0.9257475523	1.064697375	44526.53855	16457.98739	10464.92946	2119.321872	585.7976198	0.3185020957	0.04162209467	0.01
30	1	67736.33697	333.5317994	1326482.553	1541838.836	5958.73252	0.7616506992	1.028572456	43073.6321	16210.3074	10212.52725	2119.325245	566.4365523	0.1111772665	0.04648666482	0.01
30	1	63950.04701	367.1385731	314533.0736	6313651.814	24996.05424	0.0001578303386	0.8609344861	36331.37784	15060.94317	9041.251133	2119.317951	476.5911012	0.1223795244	0.01102283142	0.01000516288
30	1	63853.67927	4349.993492	288928.2499	6542580.809	1601.849278	0.9359260289	1.066938104	44616.65835	16473.3503	10480.58527	2119.321278	586.9985336	1.449997831	0.01012550876	0.01
30	1	73450.5107	173.9782724	2853468.965	183749.9671	5227.127556	0.7909148978	1.03501479	43332.73605	16254.47739	10257.53937	2119.324982	569.8893066	0.05799275746	0.1	0.01
30	1	73450.74441	4323.75078	2853453.087	183759.0253	-523.5495271	1.020941981	1.085653861	45369.37035	16601.66772	10611.35003	2119.262575	597.0290602	1.44125026	0.09999944356	0.01000274516
30	1	65897.36955	238.3145967	835059.2262	3057350.6	14182.93824	0.4326824706	0.9561521122	40160.9616	15713.77837	9706.531512	2119.326431	527.6230347	0.07943819891	0.02926470329	0.01
30	1	73451.07025	41.35420839	2853468.965	183759.4998	24444.68973	0.02221241063	0.8657896675	36526.6477	15094.23126	9075.173911	2119.317806	479.1932206	0.01378473613	0.1	0.01000524016
30	1	66385.87922	332.5176112	965602.6206	2548987.928	8499.801724	0.660007931	1.006196422	42173.69142	16056.89263	10056.18751	2119.325836	554.4441681	0.1108392037	0.03383960479	0.01
30	1	64594.30496	419.5740882	486844.0663	4966060.196	13797.9942	0.4480802321	0.9595418353	40297.29272	15737.01902	9730.215263	2119.326405	529.439749	0.1398580294	0.01706148103	0.01
30	1	63925.01717	4349.87063	307991.7236	6371121.421	1455.413351	0.941783466	1.068227583	44668.51984	16482.19124	10489.59477	2119.320874	587.6896269	1.449956877	0.0107935894	0.01
30	1	64047.57688	342.5934321	340743.0929	6086976.523	24717.56397	0.01129744137	0.8633867749	36430.03674	15077.75982	9058.386769	2119.326831	477.9056643	0.1141978107	0.0119413632	0.01
30	1	68668.95491	720.1314537	1575701.746	1089592.675	1856.591806	0.9257363278	1.064694904	44526.43872	16457.9704	10464.91217	2119.321734	585.7962916	0.2400438179	0.05522056716	0.01000008067
30	1	65465.09406	1233.45983	719543.1733	3591131.564	2586.717057	0.8965313177	1.058265599	44267.85927	16413.8898	10419.99111	2119.323077	582.3505245	0.4111532766	0.02521643593	0.01
30	1	65194.74137	1238.049133	647297.4041	3971360.332	2946.99576	0.8821201696	1.055093073	44140.26359	16392.13829	10397.82489	2119.323496	580.6502164	0.4126830443	0.02268457839	0.01
30	1	66662.20266	341.7574464	1039443.941	2299823.505	7608.946055	0.6956421578	1.014041079	42489.19532	16110.67724	10110.99756	2119.32567	558.6484942	0.1139191488	0.03642737854	0.01
30	1	65395.59063	290.3418541	700969.9218	3685258.445	13851.39221	0.4459443116	0.9590716254	40278.38137	15733.79516	9726.92994	2119.326409	529.1877411	0.09678061803	0.02456553516	0.01
30	1	64865.49144	1390.38559	559312.6496	4489202.559	3060.245539	0.8775901784	1.054095823	44100.15524	16385.30094	10390.85718	2119.323612	580.1157426	0.4634618633	0.01960114711	0.01
30	1	65020.76989	215.0990633	600807.3758	4237066.711	22253.41641	0.1098633437	0.8850854555	37302.73499	15226.53051	9209.993891	2119.32677	489.5350226	0.07169968776	0.02105533241	0.01
30	1	63858.87524	4350	290316.7581	6529938.059	1590.525741	0.9363789703	1.067037816	44620.66867	16474.03395	10481.28196	2119.321248	587.0519742	1.45	0.01017416911	0.01
30	1	67315.52716	616.5077432	1214030.448	1803314.167	3209.487198	0.8716205121	1.052781638	44047.30008	16376.29061	10381.67506	2119.323754	579.4114079	0.2055025811	0.04254577368	0.01
30	1	65818.17652	248.176061	813896.6446	3148824.074	13962.19617	0.4415121532	0.9580959129	40239.13923	15727.10548	9720.112707	2119.326416	528.6648102	0.08272535367	0.02852305929	0.01
30	1	65818.17652	248.176061	813896.6446	3148824.074	13962.19617	0.4415121532	0.9580959129	40239.13923	15727.10548	9720.112707	2119.326416	528.6648102	0.08272535367	0.02852305929	0.01
30	1	65897.36955	238.3145967	835059.2262	3057350.6	14182.93824	0.4326824706	0.9561521122	40160.9616	15713.77837	9706.531512	2119.326431	527.6230347	0.07943819891	0.02926470329	0.01
30	1	64865.49144	1390.38559	559312.6496	4489202.559	3060.245539	0.8775901784	1.054095823	44100.15524	16385.30094	10390.85718	2119.323612	580.1157426	0.4634618633	0.01960114711	0.01
30	1	64476.88608	253.7365155	455466.4697	5187942.044	24975.07659	0.0009969365788	0.8611191817	36338.83652	15062.21272	9042.543259	2119.326837	476.6903529	0.08457883849	0.01596185118	0.01
30	1	64727.87472	224.9040231	522537.6284	4725173.141	24547.464	0.01810143987	0.8648846335	36490.27905	15088.02945	9068.8522	2119.326828	478.7084382	0.07496800771	0.01831236417	0.01
30	1	67628.3411	137.3660143	1297623.048	1605087.441	15923.65625	0.36305375	0.9408237752	39544.47192	15608.68409	9599.433523	2119.326532	519.4078475	0.04578867142	0.04547528161	0.01
30	1	65395.59063	290.3418541	700969.9218	3685258.445	13851.39221	0.4459443116	0.9590716254	40278.38137	15733.79516	9726.92994	2119.326409	529.1877411	0.09678061803	0.02456553516	0.01
30	1	66385.87922	332.5176112	965602.6206	2548987.928	8499.801724	0.660007931	1.006196422	42173.69142	16056.89263	10056.18751	2119.325836	554.4441681	0.1108392037	0.03383960479	0.01
30	1	63858.87472	4350	290316.619	6529939.324	1590.52687	0.9363789252	1.067037807	44620.66827	16474.03388	10481.28189	2119.321248	587.0519689	1.45	0.01017416424	0.01
30	1	73451.07025	41.35420839	2853468.965	183759.4998	24444.68973	0.02221241063	0.8657896675	36526.6477	15094.23126	9075.173911	2119.317806	479.1932206	0.01378473613	0.1	0.01000524016
30	1	64303.74677	336.4233798	377864.849	5843386.777	22771.19185	0.08915232606	0.880532103	37113.13464	15194.62226	9177.824671	2117.436663	487.038403	0.1121411266	0.01324229748	0.01109810116
30	1	68668.95491	720.1314537	1575701.746	1089592.675	1856.591806	0.9257363278	1.064694904	44526.43872	16457.9704	10464.91217	2119.321734	585.7962916	0.2400438179	0.05522056716	0.01000008067
30	1	63840.2774	599.7406161	285346.8965	6575303.126	16617.51457	0.335299417	0.9347138285	39298.73625	15566.79301	9556.743764	2119.326566	516.1332355	0.1999135387	0.01	0.01
30	1	64426.17992	295.6551986	393888.7847	5747588.276	24986.93574	0.0005225704887	0.8610240283	36325.09367	15060.50348	9041.333879	2116.429729	476.5531213	0.09855173287	0.01380385732	0.01168312984
30	1	64865.36542	264.0434795	559133.4581	4490550.002	19384.85213	0.2246059147	0.910345359	38318.63185	15399.71449	9386.48137	2119.317903	503.0727488	0.08801449315	0.01959486733	0.01000509956
30	1	64273.36554	442.896555	401080.1123	5596265.695	15981.18123	0.3607527508	0.9403172243	39524.09897	15605.21107	9595.894288	2119.326535	519.1363627	0.147632185	0.01405587785	0.01
30	1	73447.71965	68.17491536	2843356.124	186963.499	14621.47588	0.4151409648	0.952292266	40003.7887	15687.10834	9679.456838	2118.761423	525.5375403	0.02272497179	0.09964559486	0.01032826689
30	1	67315.52716	616.5077432	1214030.448	1803314.167	3209.487198	0.8716205121	1.052781638	44047.30008	16376.29061	10381.67506	2119.323754	579.4114079	0.2055025811	0.04254577368	0.01
30	1	64303.74677	336.4233798	377864.849	5843386.777	22771.19185	0.08915232606	0.880532103	37113.13464	15194.62226	9177.824671	2117.436663	487.038403	0.1121411266	0.01324229748	0.01109810116
30	1	66748.85242	613.9703439	1062599.172	2226823.634	3794.658841	0.8482136464	1.04762876	43840.0567	16340.9614	10345.67227	2119.324222	576.6497345	0.2046567813	0.03723885507	0.01
30	1	66064.46593	138.5836944	879712.0354	2872967.645	23635.37769	0.05458489232	0.8729162425	36813.30197	15143.09584	9124.968474	2119.326806	483.0129607	0.04619456479	0.03082956381	0.01
30	1	63840.2774	599.7406161	285346.8965	6575303.126	16617.51457	0.335299417	0.9347138285	39298.73625	15566.79301	9556.743764	2119.326566	516.1332355	0.1999135387	0.01	0.01
30	1	65194.74137	1238.049133	647297.4041	3971360.332	2946.99576	0.8821201696	1.055093073	44140.26359	16392.13829	10397.82489	2119.323496	580.6502164	0.4126830443	0.02268457839	0.01
30	1	68234.13311	408.163138	1459507.55	1281032.566	4228.546414	0.8308581434	1.043808052	43686.39182	16314.76583	10318.97726	2119.324498	574.6020349	0.1360543793	0.05114853422	0.01
30	1	65897.36955	238.3145967	835059.2262	3057350.6	14182.93824	0.4326824706	0.9561521122	40160.9616	15713.77837	9706.531512	2119.326431	527.6230347	0.07943819891	0.02926470329	0.01
30	1	66814.17004	176.656265	1066397.619	2225591.622	15084.79142	0.3966083432	0.9482132511	39838.84941	15659.04737	9650.908421	2118.502715	523.3437001	0.05888542167	0.03737197187	0.01047858383
30	1	65458.33614	166.4933465	717737.2681	3600177.149	24128.55015	0.0348579942	0.8685734865	36638.64086	15113.321	9094.62595	2119.326818	480.6854705	0.05549778217	0.02515314787	0.01
30	1	64385.55247	307.9219235	431059.5854	5367363.89	21646.51932	0.1341392272	0.8904296428	37517.67261	15263.17138	9247.333343	2119.326753	492.3992275	0.1026406412	0.01510651038	0.01
30	1	63840.2774	599.7406161	285346.8965	6575303.126	16617.51457	0.335299417	0.9347138285	39298.73625	15566.79301	9556.743764	2119.326566	516.1332355	0.1999135387	0.01	0.01
30	1	65818.17652	248.176061	813896.6446	3148824.074	13962.19617	0.4415121532	0.9580959129	40239.13923	15727.10548	9720.112707	2119.326416	528.6648102	0.08272535367	0.02852305929	0.01
30	1	67315.52716	616.5077432	1214030.448	1803314.167	3209.487198	0.8716205121	1.052781638	44047.30008	16376.29061	10381.67506	2119.323754	579.4114079	0.2055025811	0.04254577368	0.01
30	1	64399.40932	511.9414107	434762.5233	5339748.46	12600.24288	0.4959902847	0.9700889404	40721.48626	15809.33218	9803.907128	2119.326316	535.0924458	0.1706471369	0.01523628007	0.01
30	1	73436.95992	204.6618169	2849847.785	184679.2293	4335.241497	0.8265903401	1.042868521	43648.60487	16308.32421	10312.41282	2119.324557	574.0984955	0.06822060565	0.09987309552	0.01000000124
30	1	64186.49113	306.7145326	377864.849	5780206.189	24902.19261	0.003912295423	0.8617609801	36364.64898	15066.61303	9047.027458	2119.326835	477.0343233	0.1022381775	0.01324229748	0.01
30	1	63858.87524	4350	290316.7581	6529938.059	1590.525741	0.9363789703	1.067037816	44620.66867	16474.03395	10481.28196	2119.321248	587.0519742	1.45	0.01017416911	0.01
30	1	65194.74137	301.365125	647297.4041	3971360.332	14484.38604	0.4206245582	0.9534976366	40054.20137	15695.57873	9687.984881	2119.32645	526.2003745	0.1004550417	0.02268457839	0.01
30	1	66748.85242	384.9056751	1062599.172	2226823.634	6508.198313	0.7396720675	1.023733995	42879.03424	16177.13389	10178.72127	2119.325408	563.84339	0.1283018917	0.03723885507	0.01
30	1	67216.89637	955.5062871	1187673.554	1870755.606	1856.311193	0.9257475523	1.064697375	44526.53855	16457.98739	10464.92946	2119.321872	585.7976198	0.3185020957	0.04162209467	0.01
30	1	67629.37432	137.8562856	1297622.996	1605241.351	15865.5007	0.3653799721	0.9413359321	39565.01332	15612.18946	9603.008795	2119.30987	519.681841	0.04595209521	0.04547527979	0.01000967796
30	1	63885.40024	4349.622334	297404.9764	6465777.559	1534.584835	0.9386166066	1.067530418	44640.48061	16477.41133	10484.72373	2119.321099	587.3159831	1.449874111	0.01042257617	0.01
30	1	73451.07025	129.0891932	2853468.965	183759.4998	7311.458727	0.7075416509	1.016660709	42594.52321	16128.63467	10129.29903	2119.316586	560.0522101	0.04302973108	0.1	0.01000524016
30	1	68067.56387	196.8627807	1414986.717	1363001	9914.103698	0.6034358521	0.9937424267	41672.80291	15971.50523	9969.172235	2119.325507	547.7694617	0.0656209269	0.04958829882	0.01000031158
30	1	64865.49144	1390.38559	559312.6496	4489202.559	3060.245539	0.8775901784	1.054095823	44100.15524	16385.30094	10390.85718	2119.323612	580.1157426	0.4634618633	0.01960114711	0.01
30	1	65194.74137	1238.049133	647297.4041	3971360.332	2946.99576	0.8821201696	1.055093073	44140.26359	16392.13829	10397.82489	2119.323496	580.6502164	0.4126830443	0.02268457839	0.01
30	1	73450.80402	4350	2853468.965	183754.9642	-525.0055759	1.021000223	1.085666683	45369.88601	16601.75563	10611.43962	2119.262207	597.0359318	1.45	0.1	0.01000274698
30	1	65194.74137	1238.049133	647297.4041	3971360.332	2946.99576	0.8821201696	1.055093073	44140.26359	16392.13829	10397.82489	2119.323496	580.6502164	0.4126830443	0.02268457839	0.01
30	1	66151.2014	480.325985	902889.3392	2781690.583	6094.284835	0.7562286066	1.027378816	43025.62496	16202.12353	10204.18736	2119.325237	565.796822	0.1601086617	0.03164181389	0.01000002911
30	1	66662.20266	341.7574464	1039443.941	2299823.505	7608.946055	0.6956421578	1.014041079	42489.19532	16110.67724	10110.99756	2119.32567	558.6484942	0.1139191488	0.03642737854	0.01
30	1	66662.20266	341.7574464	1039443.941	2299823.505	7608.946055	0.6956421578	1.014041079	42489.19532	16110.67724	10110.99756	2119.32567	558.6484942	0.1139191488	0.03642737854	0.01
30	1	66814.17004	176.656265	1066397.619	2225591.622	15084.79142	0.3966083432	0.9482132511	39838.84941	15659.04737	9650.908421	2118.502715	523.3437001	0.05888542167	0.03737197187	0.01047858383
30	1	66151.2014	480.325985	902889.3392	2781690.583	6094.284835	0.7562286066	1.027378816	43025.62496	16202.12353	10204.18736	2119.325237	565.796822	0.1601086617	0.03164181389	0.01000002911
30	1	64018.50843	4350	332975.1936	6153201.386	1288.752381	0.9484499047	1.069695159	44727.5442	16492.25325	10499.84862	2119.320344	588.4761708	1.45	0.01166913668	0.01
30	1	69058.50118	781.8394338	1679797.039	942514.1971	1500.054596	0.9399978162	1.067834484	44652.70886	16479.49597	10486.84816	2119.320723	587.4789381	0.2606131446	0.05886859325	0.01000016216
30	1	65818.17652	248.176061	813896.6446	3148824.074	13962.19617	0.4415121532	0.9580959129	40239.13923	15727.10548	9720.112707	2119.326416	528.6648102	0.08272535367	0.02852305929	0.01
30	1	65133.13296	240.4094697	630833.9201	4063493.215	18849.74241	0.2460103035	0.9150573762	38508.17429	15432.02427	9419.405545	2119.326661	505.5984049	0.0801364899	0.02210761455	0.01
30	1	64574.43853	241.6467293	481535.2033	5002922.661	24799.67367	0.008013053359	0.8626637369	36400.95691	15072.80252	9053.334955	2119.326833	477.5181538	0.08054890978	0.0168754316	0.01
30	1	65818.17652	248.176061	813896.6446	3148824.074	13962.19617	0.4415121532	0.9580959129	40239.13923	15727.10548	9720.112707	2119.326416	528.6648102	0.08272535367	0.02852305929	0.01
30	1	73450.80402	4350	2853468.965	183754.9642	-525.0055759	1.021000223	1.085666683	45369.88601	16601.75563	10611.43962	2119.262207	597.0359318	1.45	0.1	0.01000274698
30	1	63858.87472	4350	290316.619	6529939.324	1590.52687	0.9363789252	1.067037807	44620.66827	16474.03388	10481.28189	2119.321248	587.0519689	1.45	0.01017416424	0.01
30	1	65897.36955	238.3145967	835059.2262	3057350.6	14182.93824	0.4326824706	0.9561521122	40160.9616	15713.77837	9706.531512	2119.326431	527.6230347	0.07943819891	0.02926470329	0.01
30	1	64865.49093	617.9076714	559312.5122	4489203.418	7842.382346	0.6863047061	1.011985496	42406.52193	16096.58373	10096.63535	2119.325716	557.5468092	0.2059692238	0.0196011423	0.01
30	1	64691.93097	235.0115164	495206.618	4938824.465	24872.47092	0.00510116318	0.8620261254	36371.65313	15068.04086	9048.679029	2118.257581	477.1446003	0.07833717213	0.01735454719	0.01062120315
30	1	63858.87524	4350	290316.7581	6529938.059	1590.525741	0.9363789703	1.067037816	44620.66867	16474.03395	10481.28196	2119.321248	587.0519742	1.45	0.01017416911	0.01
30	1	63922.67895	4339.497329	307363.9071	6376702.466	1465.280223	0.9413887911	1.068140698	44665.02482	16481.59548	10488.98768	2119.320723	587.6430559	1.44649911	0.01077158753	0.01000010436
30	1	73450.80402	4350	2853468.965	183754.9642	-525.0055759	1.021000223	1.085666683	45369.88601	16601.75563	10611.43962	2119.262207	597.0359318	1.45	0.1	0.01000274698
30	1	63840.2774	599.7406161	285346.8965	6575303.126	16617.51457	0.335299417	0.9347138285	39298.73625	15566.79301	9556.743764	2119.326566	516.1332355	0.1999135387	0.01	0.01
30	1	66662.20266	341.7574464	1039443.941	2299823.505	7608.946055	0.6956421578	1.014041079	42489.19532	16110.67724	10110.99756	2119.32567	558.6484942	0.1139191488	0.03642737854	0.01
30	1	64865.49144	1390.38559	559312.6496	4489202.559	3060.245539	0.8775901784	1.054095823	44100.15524	16385.30094	10390.85718	2119.323612	580.1157426	0.4634618633	0.01960114711	0.01
30	1	73221.4119	110.4412023	2792247.384	200108.5856	8881.376274	0.644744949	1.00283637	42038.55363	16033.85541	10032.71106	2119.325898	552.6433559	0.03681373411	0.09785448583	0.01
30	1	65133.13296	240.4094697	630833.9201	4063493.215	18849.74241	0.2460103035	0.9150573762	38508.17429	15432.02427	9419.405545	2119.326661	505.5984049	0.0801364899	0.02210761455	0.01
30	1	67216.89637	955.5062871	1187673.554	1870755.606	1856.311193	0.9257475523	1.064697375	44526.53855	16457.98739	10464.92946	2119.321872	585.7976198	0.3185020957	0.04162209467	0.01
30	1	65395.59063	290.3418541	700969.9218	3685258.445	13851.39221	0.4459443116	0.9590716254	40278.38137	15733.79516	9726.92994	2119.326409	529.1877411	0.09678061803	0.02456553516	0.01
30	1	65897.36955	238.3145967	835059.2262	3057350.6	14182.93824	0.4326824706	0.9561521122	40160.9616	15713.77837	9706.531512	2119.326431	527.6230347	0.07943819891	0.02926470329	0.01
30	1	73449.96064	94.00253363	2853321.973	183787.5966	10325.69793	0.5869720827	0.9901180268	41527.03517	15946.65579	9943.848915	2119.326093	545.8269889	0.03133417788	0.09999484866	0.01
30	1	64872.0871	365.7898586	334037.9129	6647639.235	24563.30576	0.01746776972	0.8647889817	36439.55745	15082.37764	9065.609679	2105.631538	478.2495241	0.1219299529	0.01170637974	0.01795653579
30	1	63900.31766	4350	301391.3256	6429971.648	1503.972401	0.939841104	1.067799984	44651.32225	16479.25953	10486.60716	2119.321013	587.4604561	1.45	0.01056227803	0.01000000007
30	1	65395.59063	290.3418541	700969.9218	3685258.445	13851.39221	0.4459443116	0.9590716254	40278.38137	15733.79516	9726.92994	2119.326409	529.1877411	0.09678061803	0.02456553516	0.01
30	1	73451.07025	129.0891932	2853468.965	183759.4998	7311.458727	0.7075416509	1.016660709	42594.52321	16128.63467	10129.29903	2119.316586	560.0522101	0.04302973108	0.1	0.01000524016
30	1	66662.20266	341.7574464	1039443.941	2299823.505	7608.946055	0.6956421578	1.014041079	42489.19532	16110.67724	10110.99756	2119.32567	558.6484942	0.1139191488	0.03642737854	0.01
30	1	64373.52888	274.4252182	427846.5479	5391441.485	24570.94844	0.01716206221	0.8646778353	36481.96184	15086.6116	9067.407315	2119.326828	478.5976052	0.09147507275	0.01499390928	0.01
30	1	64865.49144	1390.38559	559312.6496	4489202.559	3060.245539	0.8775901784	1.054095823	44100.15524	16385.30094	10390.85718	2119.323612	580.1157426	0.4634618633	0.01960114711	0.01
30	1	65897.36955	238.3145967	835059.2262	3057350.6	14182.93824	0.4326824706	0.9561521122	40160.9616	15713.77837	9706.531512	2119.326431	527.6230347	0.07943819891	0.02926470329	0.01
30	1	63840.2774	599.7406161	285346.8965	6575303.126	16617.51457	0.335299417	0.9347138285	39298.73625	15566.79301	9556.743764	2119.326566	516.1332355	0.1999135387	0.01	0.01
30	1	73451.07025	129.0891932	2853468.965	183759.4998	7311.458727	0.7075416509	1.016660709	42594.52321	16128.63467	10129.29903	2119.316586	560.0522101	0.04302973108	0.1	0.01000524016
30	1	64078.00528	4302.988773	348743.4607	6019788.237	1217.882955	0.9512846818	1.070319243	44752.61718	16496.52922	10504.20756	2119.312191	588.8104121	1.434329591	0.0122217366	0.01000458908
30	1	64373.52888	274.4252182	427846.5479	5391441.485	24570.94844	0.01716206221	0.8646778353	36481.96184	15086.6116	9067.407315	2119.326828	478.5976052	0.09147507275	0.01499390928	0.01
30	1	73451.07025	41.35420839	2853468.965	183759.4998	24444.68973	0.02221241063	0.8657896675	36526.6477	15094.23126	9075.173911	2119.317806	479.1932206	0.01378473613	0.1	0.01000524016
30	1	65897.36953	454.9942182	835059.2221	3057350.617	7064.35639	0.7174257444	1.018836603	42682.06626	16143.55635	10144.50354	2119.325549	561.2186439	0.1516647394	0.02926470315	0.01
30	1	64909.00886	475.7470929	537582.5244	4681038.025	11010.67203	0.5595731187	0.984092755	41277.81763	15904.61119	9901.372538	2117.313872	542.5378612	0.1585823643	0.0188396135	0.011169075
30	1	65897.36955	238.3145967	835059.2262	3057350.6	14182.93824	0.4326824706	0.9561521122	40160.9616	15713.77837	9706.531512	2119.326431	527.6230347	0.07943819891	0.02926470329	0.01
30	1	66748.85242	613.9703439	1062599.172	2226823.634	3794.658841	0.8482136464	1.04762876	43840.0567	16340.9614	10345.67227	2119.324222	576.6497345	0.2046567813	0.03723885507	0.01
30	1	65897.36955	238.3145967	835059.2262	3057350.6	14182.93824	0.4326824706	0.9561521122	40160.9616	15713.77837	9706.531512	2119.326431	527.6230347	0.07943819891	0.02926470329	0.01
30	1	63840.2774	599.7406161	285346.8965	6575303.126	16617.51457	0.335299417	0.9347138285	39298.73625	15566.79301	9556.743764	2119.326566	516.1332355	0.1999135387	0.01	0.01
30	1	73451.07025	41.35420839	2853468.965	183759.4998	24444.68973	0.02221241063	0.8657896675	36526.6477	15094.23126	9075.173911	2119.317806	479.1932206	0.01378473613	0.1	0.01000524016
30	1	64047.57688	342.5934321	340743.0929	6086976.523	24717.56397	0.01129744137	0.8633867749	36430.03674	15077.75982	9058.386769	2119.326831	477.9056643	0.1141978107	0.0119413632	0.01
30	1	73450.80402	4350	2853468.965	183754.9642	-525.0055759	1.021000223	1.085666683	45369.88601	16601.75563	10611.43962	2119.262207	597.0359318	1.45	0.1	0.01000274698
30	1	65533.54638	447.0506051	737796.866	3501013.938	8254.112088	0.6698355165	1.008359913	42260.69675	16071.72512	10071.30322	2119.32346	555.6036164	0.1490168684	0.02585613774	0.0100013554
30	1	64047.57688	342.5934321	340743.0929	6086976.523	24717.56397	0.01129744137	0.8633867749	36430.03674	15077.75982	9058.386769	2119.326831	477.9056643	0.1141978107	0.0119413632	0.01
30	1	65897.36955	238.3145967	835059.2262	3057350.6	14182.93824	0.4326824706	0.9561521122	40160.9616	15713.77837	9706.531512	2119.326431	527.6230347	0.07943819891	0.02926470329	0.01
30	1	64936.28168	205.106043	578229.7746	4372446.737	24317.4705	0.02730118003	0.8669099001	36571.73316	15101.9151	9083.002591	2119.326822	479.7938752	0.06836868099	0.02026409895	0.01
30	1	73451.07025	41.35420839	2853468.965	183759.4998	24444.68973	0.02221241063	0.8657896675	36526.6477	15094.23126	9075.173911	2119.317806	479.1932206	0.01378473613	0.1	0.01000524016
30	1	64693.55093	467.8736549	513365.3548	4785935.725	11619.94462	0.535202215	0.9787212071	41068.667	15868.51681	9864.220154	2119.32623	539.7188894	0.155957885	0.01799092127	0.01
30	1	73184.40884	158.6603921	2779250.119	203984.6068	5994.560469	0.7602175813	1.028257564	43060.32559	16208.08002	10210.29187	2119.137711	566.2622045	0.05288679737	0.09739899586	0.01010895564
30	1	68234.13311	407.9930559	1459507.55	1281032.566	4230.628099	0.830774876	1.043789721	43685.65458	16314.64015	10318.84918	2119.324499	574.5922106	0.1359976853	0.05114853422	0.01
30	1	67736.33697	333.5317994	1326482.553	1541838.836	5958.73252	0.7616506992	1.028572456	43073.6321	16210.3074	10212.52725	2119.325245	566.4365523	0.1111772665	0.04648666482	0.01
30	1	64670.33604	1392.034759	507161.69	4827474.826	3448.594098	0.8620562361	1.050676121	43962.61839	16361.85475	10366.96397	2119.323961	578.2829609	0.4640115863	0.01777351344	0.01
