#gen	Feasible	f1	f2	f3	f4	f5	c1	c2	c3	c4	c5	c6	c7	x1	x2	x3
7	1	65660.87936	204.8481549	771862.4615	3338709.732	18048.83108	0.2780467566	0.9221100054	38791.82367	15480.37857	9468.681759	2119.32663	509.3782454	0.06828271828	0.02704996869	0.01
7	1	65748.92351	446.4051335	795390.3098	3231056.46	7612.98814	0.6954804744	1.014005486	42487.76379	16110.4332	10110.74887	2119.32567	558.6294178	0.1488017112	0.02787450361	0.01
7	1	67148.36218	459.4909007	1169359.311	1919097.289	4771.360019	0.8091455992	1.039028168	43494.14989	16281.99394	10285.58055	2119.324783	572.0402671	0.1531636336	0.04098027085	0.01
7	1	64921.66502	505.8351183	574323.7953	4396302.896	9474.610317	0.6210155873	0.9976124962	41828.45489	15998.03944	9996.212234	2119.325985	549.8436326	0.1686117061	0.02012721366	0.01
7	1	65655.77876	204.8481549	770499.4378	3345055.124	18082.113	0.27671548	0.921816933	38780.0366	15478.3692	9466.634083	2119.326631	509.2211739	0.06828271828	0.02700220143	0.01
7	1	63861.90988	4271.578416	291127.6978	6522565.532	1627.088855	0.9349164458	1.066715851	44607.71954	16471.82649	10479.0324	2119.321342	586.8794173	1.423859472	0.01020258855	0.01
7	1	65660.87936	204.8481549	771862.4615	3338709.732	18048.83108	0.2780467566	0.9221100054	38791.82367	15480.37857	9468.681759	2119.32663	509.3782454	0.06828271828	0.02704996869	0.01
7	1	65256.59624	947.5804567	616881.9546	4211277.219	4527.163781	0.8189134487	1.041187566	43571.30633	16295.7662	10300.13584	2116.492764	573.1133016	0.3158601522	0.02161866704	0.01164518323
7	1	66715.74387	491.0817945	1023233.511	2377387.818	5287.069767	0.7885172093	1.034492848	43305.44323	16250.22728	10253.54658	2117.484048	569.5547768	0.1636939315	0.03585928298	0.01106950989
7	1	65748.92351	446.4051335	795390.3098	3231056.46	7612.98814	0.6954804744	1.014005486	42487.76379	16110.4332	10110.74887	2119.32567	558.6294178	0.1488017112	0.02787450361	0.01
7	1	67148.36218	459.4909007	1169359.311	1919097.289	4771.360019	0.8091455992	1.039028168	43494.14989	16281.99394	10285.58055	2119.324783	572.0402671	0.1531636336	0.04098027085	0.01
7	1	64571.76135	637.6276114	480819.7862	5007911.087	8937.860129	0.6424855948	1.002338987	42018.54941	16030.44525	10029.23589	2119.325907	552.3767846	0.2125425371	0.01685035976	0.01
7	1	67405.5625	110.2847154	1238051.973	1743991.641	21022.04493	0.1591182028	0.895928619	37738.82775	15300.87266	9285.753858	2119.324417	495.3463222	0.03676157179	0.04338760955	0.01000134669
7	1	64654.82823	312.2965556	438841.7415	5429035.986	21218.47201	0.1512611196	0.8942113168	37656.51771	15287.68712	9273.027985	2115.455539	494.3107781	0.1040988519	0.01537923653	0.01224904603
7	1	66201.04611	149.7334417	916210.0647	2730547.825	20918.79794	0.1632480823	0.8968377793	37775.40116	15307.1069	9292.106532	2119.326732	495.8336536	0.04991114722	0.03210863955	0.01
7	1	73466.67277	87.47659959	2853468.965	184025.5127	11171.16557	0.5531533774	0.9826738798	41226.74766	15895.52212	9891.788225	2119.065657	541.8295605	0.02915886653	0.1	0.01015135808
7	1	65357.2701	253.401487	631502.8362	4143992.408	18080.71081	0.2767715677	0.9218407186	38768.76515	15477.22898	9466.128743	2115.753963	509.1275789	0.08446716233	0.02213105676	0.01207560599
7	1	66532.16949	164.8653227	992760.0349	2464541.878	17461.7073	0.3015317081	0.9272823789	38997.38691	15515.5788	9504.685433	2118.606638	512.1289368	0.05495510755	0.03479133809	0.01041827763
7	1	64099.03681	390.6045713	353614.1754	5980636.561	20775.66289	0.1689734842	0.8980983615	37825.91868	15315.73034	9300.904147	2119.273617	496.5076789	0.1302015238	0.0123924311	0.01003085525
7	1	64609.32816	571.1686379	369985.4423	6094289.567	13834.82695	0.446606922	0.9592408388	40260.23122	15732.29549	9726.74173	2112.035095	529.0614004	0.190389546	0.01296616318	0.01423601039
7	1	63861.90988	4271.578416	291127.6978	6522565.532	1627.088855	0.9349164458	1.066715851	44607.71954	16471.82649	10479.0324	2119.321342	586.8794173	1.423859472	0.01020258855	0.01
7	1	69045.61451	74.77360897	1668607.508	959896.873	23110.76405	0.07556943787	0.8775373587	36997.55825	15174.60863	9157.168004	2118.85927	485.4757212	0.02492453632	0.05847645543	0.0102716161
7	1	65748.92351	446.4051335	795390.3098	3231056.46	7612.98814	0.6954804744	1.014005486	42487.76379	16110.4332	10110.74887	2119.32567	558.6294178	0.1488017112	0.02787450361	0.01
7	1	65069.44575	499.2960962	569669.1177	4493196.264	9884.541111	0.6046183556	0.9940112716	41674.50297	15972.37725	9970.5502	2116.663066	547.8342999	0.1664320321	0.01996409019	0.01154709257
7	1	65790.66464	411.3295205	795390.3098	3243584.79	8375.687597	0.6649724961	1.007291495	42215.43114	16064.15522	10063.71223	2118.652955	555.011042	0.1371098402	0.02787450361	0.01039090644
7	1	63840.2774	619.4463349	285346.8965	6575303.126	16064.54505	0.357418198	0.9395831429	39494.57498	15600.17805	9590.765314	2119.326539	518.7429334	0.2064821116	0.01	0.01
7	1	64764.16654	307.8221733	532235.8126	4661765.473	17392.04723	0.3043181107	0.9278934834	39024.4291	15520.0313	9509.090503	2119.326602	512.4778872	0.1026073911	0.01865223765	0.01
7	1	73133.88337	208.0297864	2741232.146	216916.1614	4571.047542	0.8171580983	1.040797406	43559.60324	16293.51631	10297.62887	2117.658226	572.9388845	0.06934326215	0.0960666536	0.01096812604
7	1	65302.80019	182.6616764	658958.5444	3930776.471	24023.54498	0.03905820079	0.869501461	36672.40874	15119.30456	9100.914451	2118.288365	481.1519062	0.06088722547	0.02309324378	0.0106033073
7	1	66480.08033	365.672162	990775.7821	2461151.025	7445.733101	0.7021706759	1.015478293	42546.99854	16120.53107	10121.03927	2119.325635	559.4187654	0.1218907207	0.03472179983	0.01
7	1	63840.2774	619.4463349	285346.8965	6575303.126	16064.54505	0.357418198	0.9395831429	39494.57498	15600.17805	9590.765314	2119.326539	518.7429334	0.2064821116	0.01	0.01
7	1	65059.86557	1416.974343	611254.8309	4175848.121	2669.511113	0.8932195555	1.057536535	44238.53707	16408.89118	10414.89719	2119.323181	581.9597842	0.4723247811	0.02142146413	0.01
7	1	63861.90988	4271.578416	291127.6978	6522565.532	1627.088855	0.9349164458	1.066715851	44607.71954	16471.82649	10479.0324	2119.321342	586.8794173	1.423859472	0.01020258855	0.01
7	1	66611.14297	387.9960975	1024866.83	2347761.784	6719.945962	0.7312021615	1.021869577	42803.85677	16164.33053	10165.68414	2119.269211	562.8424851	0.1293320325	0.03591652275	0.01003268092
7	1	65398.45513	266.9690914	654490.1341	3996745.797	16464.40251	0.3414238996	0.9360712202	39343.57477	15575.05993	9565.692083	2116.476636	516.7758967	0.08898969714	0.02293664806	0.01165571311
7	1	65493.94528	1060.462426	680308.2311	3855152.475	3561.511197	0.8575395521	1.049690867	43913.30018	16354.06661	10359.54779	2116.492098	577.670626	0.3534874752	0.0238414449	0.01164518323
7	1	73293.78478	4150.69117	2804216.084	197303.8085	-477.5219326	1.019100877	1.085249962	45351.62022	16598.73802	10608.44533	2118.826049	596.7994966	1.383563723	0.09827392966	0.01025832943
7	1	66480.08033	365.672162	990775.7821	2461151.025	7445.733101	0.7021706759	1.015478293	42546.99854	16120.53107	10121.03927	2119.325635	559.4187654	0.1218907207	0.03472179983	0.01
7	1	65286.2878	2270.211439	671761.1609	3838300.407	1185.599096	0.9525760362	1.070603501	44764.07679	16498.48103	10506.19514	2119.319971	588.9629949	0.7567371464	0.02354191229	0.01
7	1	67988.42623	501.0149176	1393847.826	1403730.238	3494.741038	0.8602103585	1.050269762	43946.27507	16359.06867	10364.12477	2119.323998	578.065174	0.1670049725	0.04884748506	0.01
7	1	65357.2701	253.401487	631502.8362	4143992.408	18080.71081	0.2767715677	0.9218407186	38768.76515	15477.22898	9466.128743	2115.753963	509.1275789	0.08446716233	0.02213105676	0.01207560599
7	1	63853.56888	4273.863027	288748.7666	6544557.383	1646.156594	0.9341537362	1.066547974	44600.93674	16470.67219	10477.85776	2119.312341	586.7891748	1.424621009	0.01011921875	0.01000525614
7	1	63861.90988	4271.578416	291127.6978	6522565.532	1627.088855	0.9349164458	1.066715851	44607.71954	16471.82649	10479.0324	2119.321342	586.8794173	1.423859472	0.01020258855	0.01
7	1	65818.43869	170.0531419	757736.8434	3472138.634	22564.23153	0.09743073865	0.882359353	37181.48466	15206.60243	9190.309259	2115.934894	487.9730124	0.05668438062	0.02655493551	0.01197057896
7	1	65286.2878	2270.211439	671761.1609	3838300.407	1185.599096	0.9525760362	1.070603501	44764.07679	16498.48103	10506.19514	2119.319971	588.9629949	0.7567371464	0.02354191229	0.01
7	1	73622.72853	3362.710015	2853468.965	186707.4412	-255.7985542	1.010231942	1.083304985	45265.41548	16584.55235	10594.41769	2116.504571	595.6876934	1.120903338	0.1	0.01161282295
7	1	73466.67277	87.47659959	2853468.965	184025.5127	11171.16557	0.5531533774	0.9826738798	41226.74766	15895.52212	9891.788225	2119.065657	541.8295605	0.02915886653	0.1	0.01015135808
7	1	67458.54544	615.0485413	1252248.918	1709816.869	3097.32806	0.8761068776	1.053769284	44087.02216	16383.06212	10388.57567	2119.323648	579.9407345	0.2050161804	0.04388514237	0.01
7	1	66180.53792	500.8424094	910729.7037	2751473.611	5756.666996	0.7697333202	1.030351796	43145.19528	16222.50692	10224.95937	2119.325178	567.3901853	0.1669474698	0.03191657996	0.01
7	1	73622.72853	3362.710015	2853468.965	186707.4412	-255.7985542	1.010231942	1.083304985	45265.41548	16584.55235	10594.41769	2116.504571	595.6876934	1.120903338	0.1	0.01161282295
7	1	63840.2774	619.4463349	285346.8965	6575303.126	16064.54505	0.357418198	0.9395831429	39494.57498	15600.17805	9590.765314	2119.326539	518.7429334	0.2064821116	0.01	0.01
7	1	65302.80019	182.6616764	658958.5444	3930776.471	24023.54498	0.03905820079	0.869501461	36672.40874	15119.30456	9100.914451	2118.288365	481.1519062	0.06088722547	0.02309324378	0.0106033073
7	1	64013.87081	4083.195053	331606.7196	6165218.967	1432.537375	0.942698505	1.068429048	44676.59589	16483.56969	10491.00093	2119.313012	587.7973698	1.361065018	0.01162117842	0.01000452689
7	1	64571.76135	637.6276114	480819.7862	5007911.087	8937.860129	0.6424855948	1.002338987	42018.54941	16030.44525	10029.23589	2119.325907	552.3767846	0.2125425371	0.01685035976	0.01
7	1	74366.05553	87.47659959	2841631.132	204191.2713	12312.25475	0.5075098101	0.9726744297	40772.51505	15821.41457	9819.063526	2103.853868	536.0175878	0.02915886653	0.09958514241	0.01898895062
7	1	73293.78478	4150.69117	2804216.084	197303.8085	-477.5219326	1.019100877	1.085249962	45351.62022	16598.73802	10608.44533	2118.826049	596.7994966	1.383563723	0.09827392966	0.01025832943
7	1	64099.03681	371.8300057	353614.1754	5980636.561	21863.10888	0.125475645	0.8885225782	37440.79069	15250.07677	9233.998837	2119.27365	491.3755598	0.1239433352	0.0123924311	0.01003085525
7	1	66715.74387	491.0817945	1023233.511	2377387.818	5287.069767	0.7885172093	1.034492848	43305.44323	16250.22728	10253.54658	2117.484048	569.5547768	0.1636939315	0.03585928298	0.01106950989
7	1	74159.05383	87.47659959	2786314.513	220548.0294	12549.83761	0.4980064955	0.9705823331	40688.37311	15807.07072	9804.446198	2103.853892	534.8963335	0.02915886653	0.09764656801	0.01898895062
7	1	67745.77614	474.5610997	1276229.621	1684199.475	4375.074734	0.8249970106	1.042527951	43624.01142	16304.82786	10309.43491	2116.140953	573.821209	0.1581870332	0.04472554764	0.01184951522
7	1	65748.92351	1817.538505	795390.3098	3231056.46	1292.715368	0.9482913853	1.069660262	44726.14068	16492.01399	10499.60479	2119.320358	588.4574678	0.6058461684	0.02787450361	0.01
7	1	67988.42623	501.0149176	1393847.826	1403730.238	3494.741038	0.8602103585	1.050269762	43946.27507	16359.06867	10364.12477	2119.323998	578.065174	0.1670049725	0.04884748506	0.01
7	1	64858.91749	595.9603242	556786.8471	4506228.051	8203.175948	0.6718729621	1.008808585	42278.59108	16074.78524	10074.42978	2119.279393	555.8427698	0.1986534414	0.0195126302	0.01002695172
7	1	65748.92351	1817.538505	795390.3098	3231056.46	1292.715368	0.9482913853	1.069660262	44726.14068	16492.01399	10499.60479	2119.320358	588.4574678	0.6058461684	0.02787450361	0.01
7	1	64654.50332	298.4867102	438841.7415	5428872.443	22222.33713	0.1111065147	0.8853715093	37301.00782	15227.08146	9211.26587	2115.460806	489.5732594	0.09949557006	0.01537923653	0.01224600318
7	1	65236.33539	182.6616764	658412.4851	3910342.33	23969.5333	0.04121866809	0.86997375	36694.95799	15122.9215	9104.40949	2119.326814	481.4359385	0.06088722547	0.0230741071	0.01
7	1	74159.05383	87.47659959	2786314.513	220548.0294	12549.83761	0.4980064955	0.9705823331	40688.37311	15807.07072	9804.446198	2103.853892	534.8963335	0.02915886653	0.09764656801	0.01898895062
7	1	65256.59624	963.7209985	616881.9546	4211277.219	4441.932731	0.8223226908	1.04193809	43601.49161	16300.91195	10305.3797	2116.492716	573.5155431	0.3212403328	0.02161866704	0.01164518323
7	1	66480.08033	365.672162	990775.7821	2461151.025	7445.733101	0.7021706759	1.015478293	42546.99854	16120.53107	10121.03927	2119.325635	559.4187654	0.1218907207	0.03472179983	0.01
7	1	64764.16654	307.8221733	532235.8126	4661765.473	17392.04723	0.3043181107	0.9278934834	39024.4291	15520.0313	9509.090503	2119.326602	512.4778872	0.1026073911	0.01865223765	0.01
7	1	63878.76545	410.7156975	295597.5909	6482154.692	23737.45852	0.05050165921	0.8720173503	36777.14236	15136.93209	9118.687589	2119.324734	482.5311397	0.1369052325	0.01035923623	0.01000120502
7	1	67988.42623	501.0149176	1393847.826	1403730.238	3494.741038	0.8602103585	1.050269762	43946.27507	16359.06867	10364.12477	2119.323998	578.065174	0.1670049725	0.04884748506	0.01
7	1	65660.87936	204.8481549	771862.4615	3338709.732	18048.83108	0.2780467566	0.9221100054	38791.82367	15480.37857	9468.681759	2119.32663	509.3782454	0.06828271828	0.02704996869	0.01
7	1	63840.2774	619.4463349	285346.8965	6575303.126	16064.54505	0.357418198	0.9395831429	39494.57498	15600.17805	9590.765314	2119.326539	518.7429334	0.2064821116	0.01	0.01
7	1	65655.77876	204.8481549	770499.4378	3345055.124	18082.113	0.27671548	0.921816933	38780.0366	15478.3692	9466.634083	2119.326631	509.2211739	0.06828271828	0.02700220143	0.01
7	1	67148.36218	459.4909007	1169359.311	1919097.289	4771.360019	0.8091455992	1.039028168	43494.14989	16281.99394	10285.58055	2119.324783	572.0402671	0.1531636336	0.04098027085	0.01
7	1	65748.92351	1817.538505	795390.3098	3231056.46	1292.715368	0.9482913853	1.069660262	44726.14068	16492.01399	10499.60479	2119.320358	588.4574678	0.6058461684	0.02787450361	0.01
7	1	65236.33539	182.6616764	658412.4851	3910342.33	23969.5333	0.04121866809	0.86997375	36694.95799	15122.9215	9104.40949	2119.326814	481.4359385	0.06088722547	0.0230741071	0.01
7	1	63861.90988	4271.578416	291127.6978	6522565.532	1627.088855	0.9349164458	1.066715851	44607.71954	16471.82649	10479.0324	2119.321342	586.8794173	1.423859472	0.01020258855	0.01
7	1	74362.52661	112.9947151	2843298.545	203533.1119	9592.934024	0.616282639	0.9966195987	41736.10366	15985.6451	9986.396298	2104.01098	548.8556335	0.03766490503	0.09964357698	0.01889746768
7	1	69016.61125	74.77360897	1668607.508	957319.1782	23077.21947	0.07691122139	0.8778312473	37010.97832	15176.79414	9159.309259	2119.326792	485.6471463	0.02492453632	0.05847645543	0.01
7	1	64603.62531	393.1591725	486673.1345	4971831.841	14793.40617	0.4082637532	0.9507769949	39944.23049	15676.86687	9668.945776	2119.165916	524.7374739	0.1310530575	0.01705549072	0.01009327556
7	1	66532.16949	164.8653227	992760.0349	2464541.878	17461.7073	0.3015317081	0.9272823789	38997.38691	15515.5788	9504.685433	2118.606638	512.1289368	0.05495510755	0.03479133809	0.01041827763
7	1	65748.92351	1817.538505	795390.3098	3231056.46	1292.715368	0.9482913853	1.069660262	44726.14068	16492.01399	10499.60479	2119.320358	588.4574678	0.6058461684	0.02787450361	0.01
7	1	67148.36218	459.4909007	1169359.311	1919097.289	4771.360019	0.8091455992	1.039028168	43494.14989	16281.99394	10285.58055	2119.324783	572.0402671	0.1531636336	0.04098027085	0.01
7	1	65302.80019	182.6616764	658958.5444	3930776.471	24023.54498	0.03905820079	0.869501461	36672.40874	15119.30456	9100.914451	2118.288365	481.1519062	0.06088722547	0.02309324378	0.0106033073
7	1	67745.77614	474.5610997	1276229.621	1684199.475	4375.074734	0.8249970106	1.042527951	43624.01142	16304.82786	10309.43491	2116.140953	573.821209	0.1581870332	0.04472554764	0.01184951522
7	1	65660.87936	204.8481549	771862.4615	3338709.732	18048.83108	0.2780467566	0.9221100054	38791.82367	15480.37857	9468.681759	2119.32663	509.3782454	0.06828271828	0.02704996869	0.01
7	1	68722.02936	530.8741881	1504954.961	1238403.654	3325.943571	0.8669622572	1.051772554	43989.18053	16367.50317	10373.66168	2114.200265	578.7180947	0.1769580627	0.05274124161	0.01297644937
7	1	74366.05553	87.47659959	2841631.132	204191.2713	12312.25475	0.5075098101	0.9726744297	40772.51505	15821.41457	9819.063526	2103.853868	536.0175878	0.02915886653	0.09958514241	0.01898895062
7	1	64929.59421	225.7328833	561544.8708	4498456.099	22767.14611	0.08931415557	0.8805645546	37117.83324	15195.20644	9178.237765	2118.428121	487.0853067	0.07524429442	0.01967937544	0.01052209523
7	1	65059.86557	1416.974343	611254.8309	4175848.121	2669.511113	0.8932195555	1.057536535	44238.53707	16408.89118	10414.89719	2119.323181	581.9597842	0.4723247811	0.02142146413	0.01
7	1	64535.62033	312.2965556	438841.7415	5369363.546	21080.59858	0.1567760568	0.8954192443	37711.67628	15296.66991	9281.828875	2117.377127	495.0153616	0.1040988519	0.01537923653	0.01113266198
7	1	65748.92351	446.4051335	795390.3098	3231056.46	7612.98814	0.6954804744	1.014005486	42487.76379	16110.4332	10110.74887	2119.32567	558.6294178	0.1488017112	0.02787450361	0.01
7	1	65660.87936	204.8481549	771862.4615	3338709.732	18048.83108	0.2780467566	0.9221100054	38791.82367	15480.37857	9468.681759	2119.32663	509.3782454	0.06828271828	0.02704996869	0.01
7	1	64355.38064	312.2965556	422112.5648	5436346.602	21804.78348	0.1278086606	0.8890361781	37461.44635	15253.59803	9237.587279	2119.273417	491.6508156	0.1040988519	0.01479296148	0.01003098925
7	1	67745.77614	474.5610997	1276229.621	1684199.475	4375.074734	0.8249970106	1.042527951	43624.01142	16304.82786	10309.43491	2116.140953	573.821209	0.1581870332	0.04472554764	0.01184951522
7	1	64627.47739	246.1552711	471683.1949	5114512.422	24959.60606	0.001615757569	0.8612600513	36339.5418	15062.64987	9043.255097	2117.877578	476.7227135	0.08205175704	0.01653016734	0.0108419741
7	1	65748.92351	446.4051335	795390.3098	3231056.46	7612.98814	0.6954804744	1.014005486	42487.76379	16110.4332	10110.74887	2119.32567	558.6294178	0.1488017112	0.02787450361	0.01
7	1	63889.41243	393.5586751	297596.7009	6466025.764	24637.51801	0.01449927946	0.86409181	36458.21074	15082.57431	9063.302816	2119.27372	478.2819454	0.131186225	0.01042929517	0.01003085525
7	1	74366.05553	174.4542798	2841631.132	204191.2713	6345.807372	0.7461677051	1.025213506	42885.58175	16181.63346	10186.15027	2103.852664	564.1757855	0.05815142662	0.09958514241	0.01898895062
7	1	68071.33049	388.7762437	1368921.69	1477262.436	5028.240716	0.7988703714	1.036775232	43393.81883	16265.51133	10269.30564	2116.484835	570.7482773	0.1295920812	0.04797394704	0.01164993786
7	1	64627.47739	246.1552711	471683.1949	5114512.422	24959.60606	0.001615757569	0.8612600513	36339.5418	15062.64987	9043.255097	2117.877578	476.7227135	0.08205175704	0.01653016734	0.0108419741
7	1	64099.03681	390.6045713	353614.1754	5980636.561	20775.66289	0.1689734842	0.8980983615	37825.91868	15315.73034	9300.904147	2119.273617	496.5076789	0.1302015238	0.0123924311	0.01003085525
7	1	66715.74387	491.0817945	1023233.511	2377387.818	5287.069767	0.7885172093	1.034492848	43305.44323	16250.22728	10253.54658	2117.484048	569.5547768	0.1636939315	0.03585928298	0.01106950989
7	1	64099.03681	390.6045713	353614.1754	5980636.561	20775.66289	0.1689734842	0.8980983615	37825.91868	15315.73034	9300.904147	2119.273617	496.5076789	0.1302015238	0.0123924311	0.01003085525
7	1	65256.59624	963.7209985	616881.9546	4211277.219	4441.932731	0.8223226908	1.04193809	43601.49161	16300.91195	10305.3797	2116.492716	573.5155431	0.3212403328	0.02161866704	0.01164518323
7	1	64910.40031	290.0764975	571313.5504	4414777.04	17184.90479	0.3126038083	0.929717529	39097.79031	15532.53734	9521.834979	2119.326593	513.4554803	0.09669216583	0.02002171944	0.01
7	1	65256.59624	947.5804567	616881.9546	4211277.219	4527.163781	0.8189134487	1.041187566	43571.30633	16295.7662	10300.13584	2116.492764	573.1133016	0.3158601522	0.02161866704	0.01164518323
7	1	64675.6554	479.8063703	508583.1714	4817925.004	11425.49166	0.5429803336	0.9804335123	41137.53412	15880.25673	9876.183908	2119.326211	540.6365955	0.1599354568	0.01782332935	0.01
7	1	64019.0146	4082.653227	331606.7196	6168159.854	1438.778138	0.9424488745	1.068374359	44674.11256	16483.16448	10490.60323	2119.230097	587.7655912	1.360884409	0.01162117842	0.01005269849
7	1	64416.12111	363.103101	439228.3783	5306632.359	17887.14862	0.2845140551	0.9235337416	38849.08485	15490.14	9478.629301	2119.326623	510.1412935	0.121034367	0.01539278624	0.01
7	1	63840.2774	619.4463349	285346.8965	6575303.126	16064.54505	0.357418198	0.9395831429	39494.57498	15600.17805	9590.765314	2119.326539	518.7429334	0.2064821116	0.01	0.01
7	1	65947.32804	589.6357879	848409.5272	3001016.918	5181.478392	0.7927408643	1.035416766	43348.90308	16257.23341	10260.34795	2119.324963	570.1047444	0.1965452626	0.02973256544	0.01
7	1	67010.87872	107.3486663	1132619.899	2019872.579	23701.30451	0.0519478195	0.872335707	36789.95344	15139.11557	9120.912314	2119.326808	482.701824	0.03578288875	0.03969273585	0.01
7	1	65766.09735	439.2726742	744661.0119	3534846.054	8568.453264	0.6572618694	1.005602577	42138.38639	16051.6038	10051.41114	2115.988895	554.0265725	0.1464242247	0.02609669217	0.01193864476
7	1	63861.90988	4271.578416	291127.6978	6522565.532	1627.088855	0.9349164458	1.066715851	44607.71954	16471.82649	10479.0324	2119.321342	586.8794173	1.423859472	0.01020258855	0.01
7	1	66555.11517	475.7682732	1010827.182	2393356.346	5420.528718	0.7831788513	1.033311747	43264.24143	16242.80097	10245.64033	2119.325057	568.9765645	0.1585894244	0.0354245024	0.01
7	1	65748.92351	1817.538505	795390.3098	3231056.46	1292.715368	0.9482913853	1.069660262	44726.14068	16492.01399	10499.60479	2119.320358	588.4574678	0.6058461684	0.02787450361	0.01
7	1	74366.05553	87.47659959	2841631.132	204191.2713	12312.25475	0.5075098101	0.9726744297	40772.51505	15821.41457	9819.063526	2103.853868	536.0175878	0.02915886653	0.09958514241	0.01898895062
7	1	67010.87872	107.3486663	1132619.899	2019872.579	23701.30451	0.0519478195	0.872335707	36789.95344	15139.11557	9120.912314	2119.326808	482.701824	0.03578288875	0.03969273585	0.01
7	1	63889.41243	393.5586751	297596.7009	6466025.764	24637.51801	0.01449927946	0.86409181	36458.21074	15082.57431	9063.302816	2119.27372	478.2819454	0.131186225	0.01042929517	0.01003085525
7	1	66180.53792	500.8424094	910729.7037	2751473.611	5756.666996	0.7697333202	1.030351796	43145.19528	16222.50692	10224.95937	2119.325178	567.3901853	0.1669474698	0.03191657996	0.01
7	1	74366.05553	174.4542798	2841631.132	204191.2713	6345.807372	0.7461677051	1.025213506	42885.58175	16181.63346	10186.15027	2103.852664	564.1757855	0.05815142662	0.09958514241	0.01898895062
7	1	64150.72188	446.4977343	368306.3105	5857686.868	17324.25985	0.3070296059	0.9284904024	39048.43656	15524.1239	9513.261134	2119.326599	512.7978046	0.1488325781	0.0129073179	0.01
7	1	66532.16949	164.8653227	992760.0349	2464541.878	17461.7073	0.3015317081	0.9272823789	38997.38691	15515.5788	9504.685433	2118.606638	512.1289368	0.05495510755	0.03479133809	0.01041827763
7	1	65236.33539	182.6616764	658412.4851	3910342.33	23969.5333	0.04121866809	0.86997375	36694.95799	15122.9215	9104.40949	2119.326814	481.4359385	0.06088722547	0.0230741071	0.01
7	1	73318.17495	128.5877538	2818105.165	193028.7595	7444.040744	0.7022383703	1.015493195	42547.5979	16120.63325	10121.14339	2119.325635	559.4267523	0.04286258459	0.09876067341	0.01
7	1	66480.08033	365.672162	990775.7821	2461151.025	7445.733101	0.7021706759	1.015478293	42546.99854	16120.53107	10121.03927	2119.325635	559.4187654	0.1218907207	0.03472179983	0.01
7	1	64764.16654	307.8221733	532235.8126	4661765.473	17392.04723	0.3043181107	0.9278934834	39024.4291	15520.0313	9509.090503	2119.326602	512.4778872	0.1026073911	0.01865223765	0.01
7	1	64654.50332	298.4867102	438841.7415	5428872.443	22222.33713	0.1111065147	0.8853715093	37301.00782	15227.08146	9211.26587	2115.460806	489.5732594	0.09949557006	0.01537923653	0.01224600318
7	1	65655.77876	204.8481549	770499.4378	3345055.124	18082.113	0.27671548	0.921816933	38780.0366	15478.3692	9466.634083	2119.326631	509.2211739	0.06828271828	0.02700220143	0.01
7	1	64099.03681	371.8300057	353614.1754	5980636.561	21863.10888	0.125475645	0.8885225782	37440.79069	15250.07677	9233.998837	2119.27365	491.3755598	0.1239433352	0.0123924311	0.01003085525
7	1	63840.2774	619.4463349	285346.8965	6575303.126	16064.54505	0.357418198	0.9395831429	39494.57498	15600.17805	9590.765314	2119.326539	518.7429334	0.2064821116	0.01	0.01
7	1	66715.74387	491.0817945	1023233.511	2377387.818	5287.069767	0.7885172093	1.034492848	43305.44323	16250.22728	10253.54658	2117.484048	569.5547768	0.1636939315	0.03585928298	0.01106950989
7	1	73292.26736	302.30938	2809030.067	195630.5163	2747.322055	0.8901071178	1.056851767	44210.55212	16404.14891	10410.08836	2119.193459	581.5889204	0.1007697933	0.09844263603	0.01007541238
7	1	65236.33539	182.6616764	658412.4851	3910342.33	23969.5333	0.04121866809	0.86997375	36694.95799	15122.9215	9104.40949	2119.326814	481.4359385	0.06088722547	0.0230741071	0.01
7	1	64844.40638	277.7768915	510313.2085	4879187.05	20408.03995	0.1836784019	0.9013437641	37947.67394	15337.04662	9323.097841	2116.710865	498.1707633	0.09259229718	0.01788395861	0.01151972653
7	1	65748.92351	1817.538505	795390.3098	3231056.46	1292.715368	0.9482913853	1.069660262	44726.14068	16492.01399	10499.60479	2119.320358	588.4574678	0.6058461684	0.02787450361	0.01
7	1	66555.11517	475.7682732	1010827.182	2393356.346	5420.528718	0.7831788513	1.033311747	43264.24143	16242.80097	10245.64033	2119.325057	568.9765645	0.1585894244	0.0354245024	0.01
7	1	66480.08033	365.672162	990775.7821	2461151.025	7445.733101	0.7021706759	1.015478293	42546.99854	16120.53107	10121.03927	2119.325635	559.4187654	0.1218907207	0.03472179983	0.01
7	1	73622.72853	3362.710015	2853468.965	186707.4412	-255.7985542	1.010231942	1.083304985	45265.41548	16584.55235	10594.41769	2116.504571	595.6876934	1.120903338	0.1	0.01161282295
7	1	63861.90988	4271.578416	291127.6978	6522565.532	1627.088855	0.9349164458	1.066715851	44607.71954	16471.82649	10479.0324	2119.321342	586.8794173	1.423859472	0.01020258855	0.01
7	1	65660.87936	204.8481549	771862.4615	3338709.732	18048.83108	0.2780467566	0.9221100054	38791.82367	15480.37857	9468.681759	2119.32663	509.3782454	0.06828271828	0.02704996869	0.01
7	1	67148.36218	459.4909007	1169359.311	1919097.289	4771.360019	0.8091455992	1.039028168	43494.14989	16281.99394	10285.58055	2119.324783	572.0402671	0.1531636336	0.04098027085	0.01
7	1	64764.16654	307.8221733	532235.8126	4661765.473	17392.04723	0.3043181107	0.9278934834	39024.4291	15520.0313	9509.090503	2119.326602	512.4778872	0.1026073911	0.01865223765	0.01
7	1	64535.62033	312.2965556	438841.7415	5369363.546	21080.59858	0.1567760568	0.8954192443	37711.67628	15296.66991	9281.828875	2117.377127	495.0153616	0.1040988519	0.01537923653	0.01113266198
7	1	64764.16654	307.8221733	532235.8126	4661765.473	17392.04723	0.3043181107	0.9278934834	39024.4291	15520.0313	9509.090503	2119.326602	512.4778872	0.1026073911	0.01865223765	0.01
7	1	68629.74308	1327.901033	1565225.556	1105609.648	666.2205994	0.973351176	1.075177021	44948.01898	16529.83804	10538.15	2119.317275	591.4141625	0.4426336775	0.05485342841	0.01
7	1	64681.34791	246.1557358	478881.0474	5076146.614	24605.61878	0.0157752487	0.8643785668	36463.47915	15083.87267	9064.96233	2117.443383	478.3811509	0.08205191194	0.01678241653	0.01109422329
7	1	73318.17495	128.5877538	2818105.165	193028.7595	7444.040744	0.7022383703	1.015493195	42547.5979	16120.63325	10121.14339	2119.325635	559.4267523	0.04286258459	0.09876067341	0.01
7	1	63861.90988	4271.578416	291127.6978	6522565.532	1627.088855	0.9349164458	1.066715851	44607.71954	16471.82649	10479.0324	2119.321342	586.8794173	1.423859472	0.01020258855	0.01
7	1	69045.61451	74.77360897	1668607.508	959896.873	23110.76405	0.07556943787	0.8775373587	36997.55825	15174.60863	9157.168004	2118.85927	485.4757212	0.02492453632	0.05847645543	0.0102716161
7	1	63861.90988	4271.578416	291127.6978	6522565.532	1627.088855	0.9349164458	1.066715851	44607.71954	16471.82649	10479.0324	2119.321342	586.8794173	1.423859472	0.01020258855	0.01
7	1	65256.59624	947.5804567	616881.9546	4211277.219	4527.163781	0.8189134487	1.041187566	43571.30633	16295.7662	10300.13584	2116.492764	573.1133016	0.3158601522	0.02161866704	0.01164518323
7	1	63840.2774	619.4463349	285346.8965	6575303.126	16064.54505	0.357418198	0.9395831429	39494.57498	15600.17805	9590.765314	2119.326539	518.7429334	0.2064821116	0.01	0.01
7	1	64099.03681	371.8300057	353614.1754	5980636.561	21863.10888	0.125475645	0.8885225782	37440.79069	15250.07677	9233.998837	2119.27365	491.3755598	0.1239433352	0.0123924311	0.01003085525
7	1	66030.45236	4100.829295	870622.6605	2909576.077	68.19673422	0.9972721306	1.080443073	45159.81408	16565.9432	10574.94352	2119.310008	594.236491	1.366943098	0.0305110261	0.01
7	1	66566.8977	3687.291556	1013975.802	2382881.697	30.63549081	0.9987745804	1.080773828	45173.11671	16568.21092	10577.25448	2119.309187	594.4137584	1.229097185	0.03553484598	0.01
7	1	64099.03681	390.6045713	353614.1754	5980636.561	20775.66289	0.1689734842	0.8980983615	37825.91868	15315.73034	9300.904147	2119.273617	496.5076789	0.1302015238	0.0123924311	0.01003085525
7	1	64764.16654	307.8221733	532235.8126	4661765.473	17392.04723	0.3043181107	0.9278934834	39024.4291	15520.0313	9509.090503	2119.326602	512.4778872	0.1026073911	0.01865223765	0.01
7	1	64798.35286	448.4742399	541371.3508	4602814.902	11487.2668	0.540509328	0.9798895355	41115.65595	15876.52711	9872.383181	2119.326217	540.3450524	0.1494914133	0.01897239316	0.01
7	1	67458.54544	615.0485413	1252248.918	1709816.869	3097.32806	0.8761068776	1.053769284	44087.02216	16383.06212	10388.57567	2119.323648	579.9407345	0.2050161804	0.04388514237	0.01
7	1	64849.80577	230.7554892	540223.1767	4634073.321	23162.41957	0.07350321723	0.8770838732	36977.84388	15171.34216	9153.918495	2118.428131	485.2198435	0.07691849639	0.01893215533	0.01052209523
7	1	64681.34791	246.1395239	478881.0474	5076146.614	24607.28091	0.01570876371	0.8643639305	36462.89049	15083.77232	9064.860067	2117.443383	478.3733066	0.08204650798	0.01678241653	0.01109422329
7	1	63861.90988	4271.578416	291127.6978	6522565.532	1627.088855	0.9349164458	1.066715851	44607.71954	16471.82649	10479.0324	2119.321342	586.8794173	1.423859472	0.01020258855	0.01
7	1	67458.54544	615.0485413	1252248.918	1709816.869	3097.32806	0.8761068776	1.053769284	44087.02216	16383.06212	10388.57567	2119.323648	579.9407345	0.2050161804	0.04388514237	0.01
7	1	64099.03681	390.6045713	353614.1754	5980636.561	20775.66289	0.1689734842	0.8980983615	37825.91868	15315.73034	9300.904147	2119.273617	496.5076789	0.1302015238	0.0123924311	0.01003085525
7	1	64627.47739	246.1552711	471683.1949	5114512.422	24959.60606	0.001615757569	0.8612600513	36339.5418	15062.64987	9043.255097	2117.877578	476.7227135	0.08205175704	0.01653016734	0.0108419741
7	1	65264.02704	1047.42759	665812.4655	3870239.705	3500.532799	0.859978688	1.050218762	43944.22387	16358.71899	10363.76843	2119.324003	578.0378402	0.3491425301	0.02333343988	0.01
7	1	64150.72188	446.4977343	368306.3105	5857686.868	17324.25985	0.3070296059	0.9284904024	39048.43656	15524.1239	9513.261134	2119.326599	512.7978046	0.1488325781	0.0129073179	0.01
7	1	73442.67918	3773.248472	2851171.043	184352.2307	-487.6024113	1.019504096	1.085337344	45356.61419	16599.49483	10609.13711	2119.262621	596.859196	1.257749491	0.09991946919	0.01000718851
7	1	66566.8977	3687.291556	1013975.802	2382881.697	30.63549081	0.9987745804	1.080773828	45173.11671	16568.21092	10577.25448	2119.309187	594.4137584	1.229097185	0.03553484598	0.01
7	1	63853.56888	4273.863027	288748.7666	6544557.383	1646.156594	0.9341537362	1.066547974	44600.93674	16470.67219	10477.85776	2119.312341	586.7891748	1.424621009	0.01011921875	0.01000525614
7	1	65264.02704	1047.42759	665812.4655	3870239.705	3500.532799	0.859978688	1.050218762	43944.22387	16358.71899	10363.76843	2119.324003	578.0378402	0.3491425301	0.02333343988	0.01
7	1	64928.60541	225.7328833	561280.6362	4500112.239	22778.19401	0.08887223976	0.8804672695	37113.92054	15194.53943	9177.558041	2118.428121	487.033167	0.07524429442	0.01967011532	0.01052209523
7	1	64099.03681	390.6045713	353614.1754	5980636.561	20775.66289	0.1689734842	0.8980983615	37825.91868	15315.73034	9300.904147	2119.273617	496.5076789	0.1302015238	0.0123924311	0.01003085525
7	1	65772.97888	182.6616764	801818.5738	3202252.038	19545.73621	0.2181705518	0.9089286251	38261.68233	15390.00427	9376.584402	2119.326687	502.3137147	0.06088722547	0.02809978253	0.01
7	1	63861.90988	4271.578416	291127.6978	6522565.532	1627.088855	0.9349164458	1.066715851	44607.71954	16471.82649	10479.0324	2119.321342	586.8794173	1.423859472	0.01020258855	0.01
7	1	74366.05553	87.47659959	2841631.132	204191.2713	12312.25475	0.5075098101	0.9726744297	40772.51505	15821.41457	9819.063526	2103.853868	536.0175878	0.02915886653	0.09958514241	0.01898895062
7	1	65772.97888	182.6616764	801818.5738	3202252.038	19545.73621	0.2181705518	0.9089286251	38261.68233	15390.00427	9376.584402	2119.326687	502.3137147	0.06088722547	0.02809978253	0.01
7	1	64150.72188	446.4977343	368306.3105	5857686.868	17324.25985	0.3070296059	0.9284904024	39048.43656	15524.1239	9513.261134	2119.326599	512.7978046	0.1488325781	0.0129073179	0.01
7	1	74366.05553	87.47659959	2841631.132	204191.2713	12312.25475	0.5075098101	0.9726744297	40772.51505	15821.41457	9819.063526	2103.853868	536.0175878	0.02915886653	0.09958514241	0.01898895062
7	1	64099.03681	371.8300057	353614.1754	5980636.561	21863.10888	0.125475645	0.8885225782	37440.79069	15250.07677	9233.998837	2119.27365	491.3755598	0.1239433352	0.0123924311	0.01003085525
7	1	72992.34533	139.9030688	2721712.176	221484.5678	7087.662858	0.7164934857	1.018633172	42671.9598	16141.95645	10142.97649	2118.763212	561.0928775	0.04663435627	0.09538257503	0.01032669839
7	1	64355.38064	312.2965556	422112.5648	5436346.602	21804.78348	0.1278086606	0.8890361781	37461.44635	15253.59803	9237.587279	2119.273417	491.6508156	0.1040988519	0.01479296148	0.01003098925
7	1	64910.50238	208.200457	571340.8275	4414609.29	24242.61526	0.03029538967	0.867569057	36598.24376	15106.43442	9087.608073	2119.326821	480.1471489	0.06940015234	0.02002267537	0.01
7	1	64571.76135	637.6276114	480819.7862	5007911.087	8937.860129	0.6424855948	1.002338987	42018.54941	16030.44525	10029.23589	2119.325907	552.3767846	0.2125425371	0.01685035976	0.01
7	1	63856.04834	4082.653227	287993.2353	6554673.228	1771.809629	0.9291276148	1.065441778	44556.15391	16463.05667	10470.11277	2119.227082	586.1937653	1.360884409	0.01009274111	0.01005495398
7	1	65790.66464	411.3295205	795390.3098	3243584.79	8375.687597	0.6649724961	1.007291495	42215.43114	16064.15522	10063.71223	2118.652955	555.011042	0.1371098402	0.02787450361	0.01039090644
7	1	65256.59624	963.7209985	616881.9546	4211277.219	4441.932731	0.8223226908	1.04193809	43601.49161	16300.91195	10305.3797	2116.492716	573.5155431	0.3212403328	0.02161866704	0.01164518323
7	1	66030.45236	4100.829295	870622.6605	2909576.077	68.19673422	0.9972721306	1.080443073	45159.81408	16565.9432	10574.94352	2119.310008	594.236491	1.366943098	0.0305110261	0.01
7	1	66180.53792	500.8424094	910729.7037	2751473.611	5756.666996	0.7697333202	1.030351796	43145.19528	16222.50692	10224.95937	2119.325178	567.3901853	0.1669474698	0.03191657996	0.01
7	1	67405.5625	110.2847154	1238051.973	1743991.641	21022.04493	0.1591182028	0.895928619	37738.82775	15300.87266	9285.753858	2119.324417	495.3463222	0.03676157179	0.04338760955	0.01000134669
7	1	66566.8977	3687.291556	1013975.802	2382881.697	30.63549081	0.9987745804	1.080773828	45173.11671	16568.21092	10577.25448	2119.309187	594.4137584	1.229097185	0.03553484598	0.01
7	1	65565.50518	193.8612394	746375.8214	3459376.483	19793.93768	0.2082424928	0.9067430236	38173.77973	15375.01933	9361.313762	2119.326695	501.1423466	0.06462041312	0.02615678778	0.01
7	1	63861.90988	4271.578416	291127.6978	6522565.532	1627.088855	0.9349164458	1.066715851	44607.71954	16471.82649	10479.0324	2119.321342	586.8794173	1.423859472	0.01020258855	0.01
7	1	73609.23466	259.6379153	2733707.664	229677.2338	4128.021373	0.8348791451	1.044724571	43689.76993	16317.48094	10323.54211	2109.54117	574.80205	0.08654597176	0.09580295765	0.01568349494
7	1	63861.90988	4271.578416	291127.6978	6522565.532	1627.088855	0.9349164458	1.066715851	44607.71954	16471.82649	10479.0324	2119.321342	586.8794173	1.423859472	0.01020258855	0.01
7	1	65357.2701	253.401487	631502.8362	4143992.408	18080.71081	0.2767715677	0.9218407186	38768.76515	15477.22898	9466.128743	2115.753963	509.1275789	0.08446716233	0.02213105676	0.01207560599
7	1	65256.59624	947.5804567	616881.9546	4211277.219	4527.163781	0.8189134487	1.041187566	43571.30633	16295.7662	10300.13584	2116.492764	573.1133016	0.3158601522	0.02161866704	0.01164518323
7	1	67010.87872	107.3486663	1132619.899	2019872.579	23701.30451	0.0519478195	0.872335707	36789.95344	15139.11557	9120.912314	2119.326808	482.701824	0.03578288875	0.03969273585	0.01
7	1	73450.85056	427.9822997	2853468.965	183755.7571	1671.241481	0.9331503407	1.066327071	44592.06448	16469.15893	10476.315	2119.315973	586.6708887	0.1426607666	0.1	0.01000318284
7	1	64100.3756	4350	330510.8948	6226725.245	1409.416769	0.9436233293	1.068637319	44679.97339	16484.46483	10492.18157	2117.852077	587.8655182	1.45	0.01158277517	0.01085304899
7	1	65256.59624	947.5804567	616881.9546	4211277.219	4527.163781	0.8189134487	1.041187566	43571.30633	16295.7662	10300.13584	2116.492764	573.1133016	0.3158601522	0.02161866704	0.01164518323
7	1	73318.17495	128.5877538	2818105.165	193028.7595	7444.040744	0.7022383703	1.015493195	42547.5979	16120.63325	10121.14339	2119.325635	559.4267523	0.04286258459	0.09876067341	0.01
7	1	64910.50238	208.200457	571340.8275	4414609.29	24242.61526	0.03029538967	0.867569057	36598.24376	15106.43442	9087.608073	2119.326821	480.1471489	0.06940015234	0.02002267537	0.01
7	1	64144.80488	4128.817083	366725.1238	5870603.572	1199.639676	0.952014413	1.070479864	44759.1042	16497.63335	10505.33129	2119.320024	588.8967315	1.376272361	0.01285190511	0.01
7	1	65938.47605	302.4198656	767203.2502	3453638.804	12397.4219	0.5041031239	0.9718901585	40777.65174	15819.9468	9815.598192	2114.570463	535.9162445	0.1008066219	0.02688668633	0.01276298008
7	1	66480.08033	365.672162	990775.7821	2461151.025	7445.733101	0.7021706759	1.015478293	42546.99854	16120.53107	10121.03927	2119.325635	559.4187654	0.1218907207	0.03472179983	0.01
