#gen	Feasible	f1	f2	f3	f4	f5	c1	c2	c3	c4	c5	c6	c7	x1	x2	x3
42	1	73527.42685	43.25959759	2853468.965	185065.0042	23422.65816	0.06309367354	0.8747933682	36884.55435	15155.51351	9137.850768	2118.086939	483.9820966	0.01441986586	0.1	0.01072032106
42	1	63892.67948	4350	299350.1883	6448280.577	1519.443535	0.9392222586	1.067663749	44645.84302	16478.32548	10485.6553	2119.321057	587.3874413	1.45	0.01049074624	0.01000000015
42	1	65282.70373	544.1027107	670803.3959	3843424.909	7385.290247	0.7045883901	1.016010538	42568.40488	16124.18026	10124.75803	2119.325622	559.7040209	0.1813675702	0.02350834735	0.01
42	1	66885.61529	328.8695648	1099146.021	2116290.778	7464.437317	0.7014225073	1.015313588	42540.37429	16119.40182	10119.88849	2119.325639	559.3304922	0.1096231883	0.03851964167	0.01
42	1	63840.2774	896.6895179	285346.8965	6575303.126	10861.09776	0.5655560894	0.9854034269	41337.41889	15914.3315	9910.908344	2119.326154	543.3002098	0.298896506	0.01	0.01
42	1	64452.14065	448.9431948	401719.3989	5683470.681	15933.34373	0.3626662509	0.9407475725	39531.67566	15607.12442	9598.366678	2116.483296	519.2823761	0.1496477316	0.01407828169	0.01165182817
42	1	66007.75004	240.2240761	864523.2828	2934436.431	13558.86703	0.4576453187	0.9616475369	40381.97509	15751.45543	9744.927278	2119.324417	530.5682363	0.08007469204	0.03029727302	0.01000114553
42	1	64146.56429	330.2039165	367156.1335	5867159.531	23771.87263	0.04912509484	0.871714309	36764.95338	15134.85427	9116.570207	2119.324448	482.3687169	0.1100679722	0.01286700988	0.01000137207
42	1	66885.61529	328.8695648	1099146.021	2116290.778	7464.437317	0.7014225073	1.015313588	42540.37429	16119.40182	10119.88849	2119.325639	559.3304922	0.1096231883	0.03851964167	0.01
42	1	66007.75004	240.2240761	864523.2828	2934436.431	13558.86703	0.4576453187	0.9616475369	40381.97509	15751.45543	9744.927278	2119.324417	530.5682363	0.08007469204	0.03029727302	0.01000114553
42	1	67875.72911	180.8229242	1363732.015	1463873.077	11298.31567	0.5480673731	0.9815533929	41182.57455	15887.93486	9884.008434	2119.326199	541.2367929	0.06027430806	0.04779207456	0.01
42	1	66007.75004	240.2240761	864523.2828	2934436.431	13558.86703	0.4576453187	0.9616475369	40381.97509	15751.45543	9744.927278	2119.324417	530.5682363	0.08007469204	0.03029727302	0.01000114553
42	1	73204.17563	95.87422951	2787641.371	201396.6837	10365.39121	0.5853843516	0.9897684975	41512.97747	15944.25934	9941.406779	2119.326098	545.6396595	0.0319580765	0.0976930678	0.01
42	1	66323.77264	534.6285995	949006.0123	2608606.445	5098.110321	0.7960755872	1.036150885	43378.42857	16262.26669	10265.47718	2119.324928	570.4981937	0.1782095332	0.03325797561	0.01
42	1	66323.77264	534.6285995	949006.0123	2608606.445	5098.110321	0.7960755872	1.036150885	43378.42857	16262.26669	10265.47718	2119.324928	570.4981937	0.1782095332	0.03325797561	0.01
42	1	65065.85362	419.1776983	612855.0056	4166550.066	10814.59342	0.5674162632	0.9858129328	41353.88879	15917.13916	9913.769532	2119.326149	543.5196836	0.1397258994	0.02147754236	0.01
42	1	64785.04068	470.6546966	537448.77	4628621.409	10996.64626	0.5601341495	0.9842098905	41289.34071	15906.14033	9902.56505	2119.304139	542.659881	0.1568848989	0.01883492607	0.01001279831
42	1	65282.70373	544.1027107	670803.3959	3843424.909	7385.290247	0.7045883901	1.016010538	42568.40488	16124.18026	10124.75803	2119.325622	559.7040209	0.1813675702	0.02350834735	0.01
42	1	66506.45697	686.8670456	997820.8104	2437118.385	3575.357623	0.8569856951	1.049559873	43917.72333	16354.20144	10359.16478	2119.323848	577.6847041	0.2289556819	0.03496869329	0.01000012423
42	1	67839.09156	332.3909781	1353941.443	1483975.132	5844.979425	0.766200823	1.029574138	43113.9187	16217.17514	10219.52593	2119.325208	566.9734014	0.1107969927	0.04744896334	0.01
42	1	65259.79105	699.9700302	664680.4901	3876347.456	5628.767502	0.7748492999	1.031478047	43190.49194	16230.22874	10232.8284	2119.325134	567.9937973	0.2333233434	0.02329376973	0.01
42	1	68884.49154	342.4939174	1633299.614	1005583.091	4552.789481	0.8178884208	1.040952847	43571.5581	16295.1899	10299.02813	2119.324565	573.0717912	0.1141646391	0.05723908807	0.01000006404
42	1	66007.75004	240.2240761	864523.2828	2934436.431	13558.86703	0.4576453187	0.9616475369	40381.97509	15751.45543	9744.927278	2119.324417	530.5682363	0.08007469204	0.03029727302	0.01000114553
42	1	65282.70373	544.1027107	670803.3959	3843424.909	7385.290247	0.7045883901	1.016010538	42568.40488	16124.18026	10124.75803	2119.325622	559.7040209	0.1813675702	0.02350834735	0.01
42	1	64037.56797	4350	337668.0765	6113955.958	1261.942275	0.949522309	1.069931319	44736.95967	16493.8636	10501.49411	2119.296095	588.6020216	1.45	0.01183359906	0.01001403056
42	1	63989.15475	4350	325131.0718	6220807.256	1338.301272	0.9464679491	1.069258843	44709.99605	16489.26178	10496.80011	2119.32051	588.2423285	1.45	0.01139423893	0.01
42	1	66506.4565	682.371622	997820.8104	2437118.278	3603.950994	0.8558419603	1.049308087	43907.59678	16352.47514	10357.40557	2119.323877	577.54976	0.2274572073	0.03496869329	0.01000011982
42	1	63864.13875	4349.998672	291723.3137	6517155.893	1579.1692	0.936833232	1.067137819	44624.69068	16474.71959	10481.98067	2119.321218	587.1055705	1.449999557	0.01022346194	0.01000000004
42	1	63892.67948	4350	299350.1883	6448280.577	1519.443535	0.9392222586	1.067663749	44645.84302	16478.32548	10485.6553	2119.321057	587.3874413	1.45	0.01049074624	0.01000000015
42	1	67839.09156	332.3909781	1353941.443	1483975.132	5844.979425	0.766200823	1.029574138	43113.9187	16217.17514	10219.52593	2119.325208	566.9734014	0.1107969927	0.04744896334	0.01
42	1	67422.14654	230.9346513	1242522.118	1733142.272	9602.068921	0.6159172431	0.9964901269	41783.31437	15990.34424	9988.37032	2119.326002	549.2421013	0.07697821709	0.04354426608	0.01
42	1	65259.79105	699.9700302	664680.4901	3876347.456	5628.767502	0.7748492999	1.031478047	43190.49194	16230.22874	10232.8284	2119.325134	567.9937973	0.2333233434	0.02329376973	0.01
42	1	65979.59864	624.3711973	857033.1318	2965181.269	4794.154511	0.8082338195	1.038827445	43486.07704	16280.61775	10284.17812	2119.324793	571.9326902	0.2081237324	0.0300347802	0.01
42	1	65979.59864	624.3711973	857033.1318	2965181.269	4794.154511	0.8082338195	1.038827445	43486.07704	16280.61775	10284.17812	2119.324793	571.9326902	0.2081237324	0.0300347802	0.01
42	1	65043.74802	216.3909181	606924.3937	4201149.044	21885.4865	0.12458054	0.8883253608	37433.03576	15248.74346	9232.630611	2119.32535	491.2714004	0.07213030604	0.02126970369	0.01000081934
42	1	64592.82852	507.6585497	486449.5205	4968790.386	11280.91329	0.5487634684	0.981706634	41188.73775	15888.98552	9885.079118	2119.326197	541.3189222	0.1692195166	0.01704765415	0.01
42	1	73450.18626	4343.872618	2853382.266	183772.1609	-524.9994826	1.020999979	1.085666614	45369.89943	16601.75688	10611.44002	2119.267022	597.0360357	1.447957539	0.09999696163	0.01
42	1	64230.12905	4350	389526.1187	5687067.429	990.5911246	0.960376355	1.072320694	44833.14048	16510.25446	10518.19304	2119.319146	589.8833203	1.45	0.01365096742	0.01
42	1	65282.70373	544.1027107	670803.3959	3843424.909	7385.290247	0.7045883901	1.016010538	42568.40488	16124.18026	10124.75803	2119.325622	559.7040209	0.1813675702	0.02350834735	0.01
42	1	68884.49154	342.4939174	1633299.614	1005583.091	4552.789481	0.8178884208	1.040952847	43571.5581	16295.1899	10299.02813	2119.324565	573.0717912	0.1141646391	0.05723908807	0.01000006404
42	1	64938.47256	262.0091716	578815.2372	4368882.139	18850.20123	0.245991951	0.915053336	38508.0118	15431.99657	9419.377317	2119.326661	505.5962395	0.08733639053	0.02028461652	0.01
42	1	67454.41587	1640.266355	1251145.382	1712447.341	684.529515	0.9726188194	1.075015798	44941.53473	16528.73266	10537.02354	2119.317403	591.327755	0.5467554518	0.0438464689	0.01
42	1	73335.47406	43.18494327	2802712.003	198586.9348	23899.1692	0.04403323207	0.8705972246	36715.90095	15126.75571	9108.538717	2118.119414	481.7341493	0.01439498109	0.09822121906	0.01070146079
42	1	65274.85577	184.0477154	667967.8071	3859625.463	23435.2922	0.06258831213	0.874678289	36884.01718	15155.16055	9137.271394	2119.28226	483.9559997	0.06134923846	0.02340897397	0.01002587714
42	1	66852.96759	397.5365406	1090421.646	2142167.865	6097.426387	0.7561029445	1.027351152	43024.51252	16201.93388	10203.99408	2119.325288	565.781997	0.1325121802	0.03821389541	0.01
42	1	73527.18845	210.3983541	2853468.965	185060.9137	4278.570588	0.8288571765	1.043371508	43664.60401	16311.3219	10315.69484	2118.088459	574.3312795	0.07013278469	0.1	0.01071808841
42	1	66007.75004	240.2240761	864523.2828	2934436.431	13558.86703	0.4576453187	0.9616475369	40381.97509	15751.45543	9744.927278	2119.324417	530.5682363	0.08007469204	0.03029727302	0.01000114553
42	1	67454.41587	195.5029575	1251145.382	1712447.341	11396.52699	0.5441389204	0.9806885681	41147.7922	15882.00544	9877.965965	2119.326208	540.773292	0.06516765251	0.0438464689	0.01
42	1	73271.2342	72.4975087	2805414.45	196481.6074	13861.7546	0.445529816	0.9589804051	40274.68227	15733.16651	9726.290926	2119.317552	529.1385881	0.02416583623	0.09831592649	0.01000514599
42	1	73257.14662	82.33974269	2801796.696	197464.2511	12129.45802	0.5148216791	0.9742345567	40888.21861	15837.75539	9832.872251	2119.326276	537.3142794	0.0274465809	0.09818914209	0.01
42	1	65869.83204	269.1098449	827607.5845	3089352.072	12591.97878	0.4963208489	0.97016173	40724.39461	15809.8292	9804.414651	2119.320714	535.1312905	0.08970328165	0.02900356004	0.01000325406
42	1	64939.08376	449.3673027	578978.5663	4367888.226	10668.65969	0.5732536124	0.9870979895	41405.57243	15925.94978	9922.748131	2119.326133	544.2084068	0.1497891009	0.02029034041	0.01
42	1	65564.30979	211.5177197	746056.3801	3460916.231	18085.84457	0.2765662173	0.9217840737	38778.71504	15478.14391	9466.404498	2119.326631	509.203563	0.07050590657	0.02614559293	0.01
42	1	65538.57506	973.8196134	739179.3428	3494231.12	3367.576276	0.865296949	1.051389544	43991.31152	16366.74612	10371.9486	2119.323894	578.6653184	0.3246065378	0.02590458673	0.01
42	1	73450.5107	176.0959032	2853468.965	183749.9671	5155.069583	0.7937972167	1.035649315	43358.25598	16258.82782	10261.97275	2119.324952	570.2293788	0.05869863438	0.1	0.01
42	1	63864.64059	4350	291857.4187	6515938.509	1578.091362	0.9368763455	1.067147311	44625.07241	16474.78467	10482.04698	2119.321216	587.1106573	1.45	0.01022816166	0.01
42	1	64217.44362	305.5876196	386136.2182	5713986.815	24445.00448	0.0221998209	0.865786867	36526.56594	15094.21535	9075.15604	2119.326825	479.1919882	0.1018625399	0.01353216814	0.01
42	1	66323.77264	534.6285995	949006.0123	2608606.445	5098.110321	0.7960755872	1.036150885	43378.42857	16262.26669	10265.47718	2119.324928	570.4981937	0.1782095332	0.03325797561	0.01
42	1	64098.17998	474.6440823	354265.6508	5973386.452	16925.98852	0.3229604591	0.9319974824	39189.48765	15548.16918	9537.764849	2119.326581	514.677416	0.1582146941	0.0124152621	0.01
42	1	64734.35945	1040.693807	524245.7193	4713983.813	4687.553137	0.8124978745	1.039766156	43523.82587	16287.05319	10290.73654	2119.323246	572.4357454	0.3468979358	0.01837222433	0.01000086947
42	1	64217.44362	305.5876196	386136.2182	5713986.815	24445.00448	0.0221998209	0.865786867	36526.56594	15094.21535	9075.15604	2119.326825	479.1919882	0.1018625399	0.01353216814	0.01
42	1	64426.45643	421.6719339	441990.2635	5286254.741	15196.06326	0.3921574695	0.9472307811	39802.15499	15652.61186	9644.198812	2119.326492	522.8416676	0.1405573113	0.01548957668	0.01
42	1	64085.20431	333.0920294	350766.4303	6002641.302	24695.63895	0.0121744419	0.8635798473	36437.79536	15079.08286	9059.735392	2119.324915	478.009084	0.1110306765	0.01229263169	0.01000111305
42	1	63954.47822	369.3122304	315864.5381	6301630.101	24735.84996	0.01056600142	0.8632257528	36423.56061	15076.65582	9057.261719	2119.326832	477.8193649	0.1231040768	0.01106949268	0.01000000001
42	1	73743.92446	66.96494116	2843719.171	192047.7318	15237.77667	0.3904889332	0.9468804886	39769.86529	15648.27024	9640.751784	2114.008628	522.4956396	0.02232164705	0.09965831784	0.01308950702
42	1	65949.09731	181.1394479	848882.3239	2999041.023	18580.88879	0.2567644482	0.9174248354	38603.39103	15448.25606	9435.946812	2119.326651	506.8672392	0.06037981596	0.02974913463	0.01000000003
42	1	65960.81089	174.2331446	720310.2218	3755015.541	23507.77316	0.05968907363	0.8740653319	36832.32561	15148.0761	9131.503804	2111.382287	483.3923386	0.05807771487	0.02524331719	0.01461551541
42	1	67454.41587	1640.266355	1251145.382	1712447.341	684.529515	0.9726188194	1.075015798	44941.53473	16528.73266	10537.02354	2119.317403	591.327755	0.5467554518	0.0438464689	0.01
42	1	63840.2774	896.6895179	285346.8965	6575303.126	10861.09776	0.5655560894	0.9854034269	41337.41889	15914.3315	9910.908344	2119.326154	543.3002098	0.298896506	0.01	0.01
42	1	65979.59864	624.3711973	857033.1318	2965181.269	4794.154511	0.8082338195	1.038827445	43486.07704	16280.61775	10284.17812	2119.324793	571.9326902	0.2081237324	0.0300347802	0.01
42	1	65282.70373	544.1027107	670803.3959	3843424.909	7385.290247	0.7045883901	1.016010538	42568.40488	16124.18026	10124.75803	2119.325622	559.7040209	0.1813675702	0.02350834735	0.01
42	1	64327.89252	286.3920471	415651.226	5483816.927	24224.59391	0.0310162437	0.8677277486	36604.62617	15107.52244	9088.71684	2119.326819	480.2321992	0.0954640157	0.01456652345	0.01000000055
42	1	65564.30979	211.5177197	746056.3801	3460916.231	18085.84457	0.2765662173	0.9217840737	38778.71504	15478.14391	9466.404498	2119.326631	509.203563	0.07050590657	0.02614559293	0.01
42	1	63944.0994	4350	313090.9244	6326025.398	1419.185748	0.9432325701	1.068546595	44681.35013	16484.37845	10491.82368	2119.320759	587.8606002	1.45	0.01097229121	0.01000000357
42	1	64112.40111	325.859395	358065.9318	5941847.211	24730.05588	0.01079776493	0.8632767742	36425.61263	15077.00563	9057.618202	2119.326832	477.8467097	0.1086197983	0.01254844318	0.01
42	1	64424.51525	422.2961855	441471.526	5290076.089	15191.19594	0.3923521623	0.9472736415	39803.8788	15652.90572	9644.498275	2119.326492	522.8646386	0.1407653952	0.0154713975	0.01
42	1	68453.34479	321.609859	1518087.018	1180647.277	5327.888027	0.7868844789	1.034127518	43297.0509	16248.39406	10251.34007	2119.325022	569.4137752	0.1072032863	0.05320145539	0.01
42	1	73450.5107	176.0959032	2853468.965	183749.9671	5155.069583	0.7937972167	1.035649315	43358.25598	16258.82782	10261.97275	2119.324952	570.2293788	0.05869863438	0.1	0.01
42	1	66007.75004	240.2240761	864523.2828	2934436.431	13558.86703	0.4576453187	0.9616475369	40381.97509	15751.45543	9744.927278	2119.324417	530.5682363	0.08007469204	0.03029727302	0.01000114553
42	1	65979.59864	246.5128823	857033.1318	2965181.269	13315.30252	0.4673878991	0.9637923001	40468.24197	15766.1611	9759.912955	2119.326371	531.7177759	0.08217096077	0.0300347802	0.01
42	1	65979.59864	246.5128823	857033.1318	2965181.269	13315.30252	0.4673878991	0.9637923001	40468.24197	15766.1611	9759.912955	2119.326371	531.7177759	0.08217096077	0.0300347802	0.01
42	1	65282.70373	544.1027107	670803.3959	3843424.909	7385.290247	0.7045883901	1.016010538	42568.40488	16124.18026	10124.75803	2119.325622	559.7040209	0.1813675702	0.02350834735	0.01
42	1	67422.14654	230.9346513	1242522.118	1733142.272	9602.068921	0.6159172431	0.9964901269	41783.31437	15990.34424	9988.37032	2119.326002	549.2421013	0.07697821709	0.04354426608	0.01
42	1	65282.70373	544.1027107	670803.3959	3843424.909	7385.290247	0.7045883901	1.016010538	42568.40488	16124.18026	10124.75803	2119.325622	559.7040209	0.1813675702	0.02350834735	0.01
42	1	66885.61529	328.8695648	1099146.021	2116290.778	7464.437317	0.7014225073	1.015313588	42540.37429	16119.40182	10119.88849	2119.325639	559.3304922	0.1096231883	0.03851964167	0.01
42	1	63951.93046	369.3122304	315183.7045	6307609.586	24790.93477	0.00836260901	0.8627406895	36404.05187	15073.33012	9053.872617	2119.326833	477.5593963	0.1231040768	0.01104563282	0.01
42	1	65979.59864	624.3711973	857033.1318	2965181.269	4794.154511	0.8082338195	1.038827445	43486.07704	16280.61775	10284.17812	2119.324793	571.9326902	0.2081237324	0.0300347802	0.01
42	1	65538.57506	973.8196134	739179.3428	3494231.12	3367.576276	0.865296949	1.051389544	43991.31152	16366.74612	10371.9486	2119.323894	578.6653184	0.3246065378	0.02590458673	0.01
42	1	63840.2774	896.6895179	285346.8965	6575303.126	10861.09776	0.5655560894	0.9854034269	41337.41889	15914.3315	9910.908344	2119.326154	543.3002098	0.298896506	0.01	0.01
42	1	66852.96759	397.5365406	1090421.646	2142167.865	6097.426387	0.7561029445	1.027351152	43024.51252	16201.93388	10203.99408	2119.325288	565.781997	0.1325121802	0.03821389541	0.01
42	1	73449.41353	241.0495862	2853175.771	183825.0316	3560.28072	0.8575887712	1.049692636	43923.06365	16355.11177	10360.09243	2119.32405	577.7558644	0.08034986208	0.09998972501	0.01
42	1	63919.17433	4350	306425.1506	6385051.832	1466.721173	0.9413311531	1.06812801	44664.51405	16481.50843	10488.899	2119.320593	587.6362517	1.45	0.01073868875	0.01000018232
42	1	73260.57181	43.18494327	2802712.003	197212.6329	23812.53879	0.04749844836	0.8713562052	36750.5589	15132.3999	9114.068605	2119.32681	482.1768623	0.01439498109	0.09822121906	0.01
42	1	64021.89797	4350	333880.9719	6145442.255	1283.180802	0.9486727679	1.069744221	44729.51742	16492.58963	10500.19141	2119.320325	588.5024654	1.45	0.01170087974	0.01
42	1	66853.04307	374.3904523	1090441.817	2142107.674	6521.550088	0.7391379965	1.023616422	42874.3056	16176.32779	10177.8998	2119.325411	563.7803773	0.1247968174	0.0382146023	0.01
42	1	66852.96759	232.4852194	1090421.646	2142167.865	10969.35995	0.5612256022	0.9844500966	41299.07694	15907.79527	9904.247494	2119.326165	542.7892746	0.07749507312	0.03821389541	0.01
42	1	64315.09187	520.3303253	412230.5511	5510010.418	13103.51321	0.4758594717	0.965657265	40543.24891	15778.94769	9772.943331	2119.326355	532.7172995	0.1734434418	0.01444664568	0.01
42	1	67839.09156	332.3909781	1353941.443	1483975.132	5844.979425	0.766200823	1.029574138	43113.9187	16217.17514	10219.52593	2119.325208	566.9734014	0.1107969927	0.04744896334	0.01
42	1	66074.93721	132.1837528	882510.254	2861790.519	24735.65756	0.01057369772	0.8632274471	36423.62875	15076.66743	9057.273557	2119.326832	477.820273	0.04406125093	0.03092762756	0.01
42	1	64916.79701	201.9340267	573005.0302	4404414.09	24943.84617	0.002246153318	0.8613941926	36349.89347	15064.09786	9044.464537	2119.325757	476.8377123	0.06731134222	0.02008099746	0.0100006272
42	1	64146.56429	330.2039165	367156.1335	5867159.531	23771.87263	0.04912509484	0.871714309	36764.95338	15134.85427	9116.570207	2119.324448	482.3687169	0.1100679722	0.01286700988	0.01000137207
42	1	65979.59864	624.3711973	857033.1318	2965181.269	4794.154511	0.8082338195	1.038827445	43486.07704	16280.61775	10284.17812	2119.324793	571.9326902	0.2081237324	0.0300347802	0.01
42	1	64939.08376	449.3673027	578978.5663	4367888.226	10668.65969	0.5732536124	0.9870979895	41405.57243	15925.94978	9922.748131	2119.326133	544.2084068	0.1497891009	0.02029034041	0.01
42	1	66852.96759	397.5365406	1090421.646	2142167.865	6097.426387	0.7561029445	1.027351152	43024.51252	16201.93388	10203.99408	2119.325288	565.781997	0.1325121802	0.03821389541	0.01
42	1	64939.08376	449.3673027	578978.5663	4367888.226	10668.65969	0.5732536124	0.9870979895	41405.57243	15925.94978	9922.748131	2119.326133	544.2084068	0.1497891009	0.02029034041	0.01
42	1	64049.11727	352.7813917	341154.728	6083487.101	23951.79488	0.0419282049	0.8701299501	36701.2402	15123.99244	9105.50085	2119.326814	481.5196537	0.1175937972	0.01195578898	0.01
42	1	65282.70373	544.1027107	670803.3959	3843424.909	7385.290247	0.7045883901	1.016010538	42568.40488	16124.18026	10124.75803	2119.325622	559.7040209	0.1813675702	0.02350834735	0.01
42	1	67454.41587	1640.266355	1251145.382	1712447.341	684.529515	0.9726188194	1.075015798	44941.53473	16528.73266	10537.02354	2119.317403	591.327755	0.5467554518	0.0438464689	0.01
42	1	73335.47406	43.18494327	2802712.003	198586.9348	23899.1692	0.04403323207	0.8705972246	36715.90095	15126.75571	9108.538717	2118.119414	481.7341493	0.01439498109	0.09822121906	0.01070146079
42	1	64327.89252	286.3920471	415651.226	5483816.927	24224.59391	0.0310162437	0.8677277486	36604.62617	15107.52244	9088.71684	2119.326819	480.2321992	0.0954640157	0.01456652345	0.01000000055
42	1	66007.75004	240.2240761	864523.2828	2934436.431	13558.86703	0.4576453187	0.9616475369	40381.97509	15751.45543	9744.927278	2119.324417	530.5682363	0.08007469204	0.03029727302	0.01000114553
42	1	63864.64059	4350	291857.4187	6515938.509	1578.091362	0.9368763455	1.067147311	44625.07241	16474.78467	10482.04698	2119.321216	587.1106573	1.45	0.01022816166	0.01
42	1	73432.65481	127.1351411	2848697.374	184975.4257	7448.6708	0.702053168	1.015452424	42545.95813	16120.35371	10120.85853	2119.325636	559.4049011	0.04237838036	0.09983277928	0.01
42	1	63944.0994	4350	313090.9244	6326025.398	1419.185748	0.9432325701	1.068546595	44681.35013	16484.37845	10491.82368	2119.320759	587.8606002	1.45	0.01097229121	0.01000000357
42	1	65259.79105	699.9700302	664680.4901	3876347.456	5628.767502	0.7748492999	1.031478047	43190.49194	16230.22874	10232.8284	2119.325134	567.9937973	0.2333233434	0.02329376973	0.01
42	1	64453.92781	305.7387115	449331.3822	5232470.436	20888.69595	0.1644521619	0.89710285	37786.06203	15308.92428	9293.958562	2119.326731	495.9757177	0.1019129038	0.01574684665	0.01
42	1	65070.24707	316.4098483	614029.0572	4159741.233	14546.23778	0.4181504886	0.9529529853	40032.29606	15691.84449	9684.179441	2119.326454	525.9084699	0.1054699494	0.02151868707	0.01
42	1	69245.73717	122.9544847	1729836.338	879050.6936	13221.20299	0.4711518805	0.9646209176	40501.5681	15771.84227	9765.702446	2119.326364	532.1618715	0.04098482823	0.06062222367	0.01
42	1	64734.28753	223.9493225	524251.0517	4713908.64	24572.29061	0.01710837547	0.8646660165	36481.48645	15086.53056	9067.324735	2119.326813	478.5912705	0.07464977418	0.0183724112	0.01000000899
42	1	64975.14606	198.6241856	588615.4174	4309643.205	24679.00395	0.01283984211	0.863726325	36443.69309	15080.08784	9060.759181	2119.32683	478.0876454	0.06620806187	0.02062806446	0.01
42	1	65538.57653	350.6153941	739179.7361	3494229.206	10713.0519	0.571477924	0.9867070826	41389.85056	15923.26964	9920.016893	2119.326138	543.9989011	0.116871798	0.02590460051	0.01
42	1	68453.18209	321.609859	1518043.541	1180718.786	5328.062528	0.7868774989	1.034125982	43296.9891	16248.38353	10251.32933	2119.325022	569.4129517	0.1072032863	0.05319993173	0.01
42	1	73335.47406	43.18494327	2802712.003	198586.9348	23899.1692	0.04403323207	0.8705972246	36715.90095	15126.75571	9108.538717	2118.119414	481.7341493	0.01439498109	0.09822121906	0.01070146079
42	1	63954.47822	369.3122304	315864.5381	6301630.101	24735.84996	0.01056600142	0.8632257528	36423.56061	15076.65582	9057.261719	2119.326832	477.8193649	0.1231040768	0.01106949268	0.01000000001
42	1	67839.09156	332.3909781	1353941.443	1483975.132	5844.979425	0.766200823	1.029574138	43113.9187	16217.17514	10219.52593	2119.325208	566.9734014	0.1107969927	0.04744896334	0.01
42	1	66007.75004	240.2240761	864523.2828	2934436.431	13558.86703	0.4576453187	0.9616475369	40381.97509	15751.45543	9744.927278	2119.324417	530.5682363	0.08007469204	0.03029727302	0.01000114553
42	1	68209.20094	136.3392664	1452844.979	1292977.478	14252.89237	0.4298843052	0.9555361132	40136.18677	15709.55495	9702.227571	2119.326435	527.2928914	0.04544642212	0.050915044	0.01
42	1	66007.75004	240.2240761	864523.2828	2934436.431	13558.86703	0.4576453187	0.9616475369	40381.97509	15751.45543	9744.927278	2119.324417	530.5682363	0.08007469204	0.03029727302	0.01000114553
42	1	66852.96759	232.4852194	1090421.646	2142167.865	10969.35995	0.5612256022	0.9844500966	41299.07694	15907.79527	9904.247494	2119.326165	542.7892746	0.07749507312	0.03821389541	0.01
42	1	67875.72911	180.8229242	1363732.015	1463873.077	11298.31567	0.5480673731	0.9815533929	41182.57455	15887.93486	9884.008434	2119.326199	541.2367929	0.06027430806	0.04779207456	0.01
42	1	63840.2774	896.6895179	285346.8965	6575303.126	10861.09776	0.5655560894	0.9854034269	41337.41889	15914.3315	9910.908344	2119.326154	543.3002098	0.298896506	0.01	0.01
42	1	66007.75004	240.2240761	864523.2828	2934436.431	13558.86703	0.4576453187	0.9616475369	40381.97509	15751.45543	9744.927278	2119.324417	530.5682363	0.08007469204	0.03029727302	0.01000114553
42	1	63892.67948	4350	299350.1883	6448280.577	1519.443535	0.9392222586	1.067663749	44645.84302	16478.32548	10485.6553	2119.321057	587.3874413	1.45	0.01049074624	0.01000000015
42	1	66853.04365	252.7360935	1090441.97	2142107.216	10028.92485	0.5988430061	0.992731338	41632.13981	15964.57319	9962.107932	2119.326058	547.2275871	0.0842453645	0.03821460767	0.01
42	1	67454.41587	1640.266355	1251145.382	1712447.341	684.529515	0.9726188194	1.075015798	44941.53473	16528.73266	10537.02354	2119.317403	591.327755	0.5467554518	0.0438464689	0.01
42	1	64468.97831	259.6774366	453353.2922	5203236.517	24503.4282	0.01986287188	0.865272402	36505.8747	15090.68807	9071.56151	2119.326826	478.9162619	0.08655914552	0.01588779474	0.01000000004
42	1	63840.2774	896.6895179	285346.8965	6575303.126	10861.09776	0.5655560894	0.9854034269	41337.41889	15914.3315	9910.908344	2119.326154	543.3002098	0.298896506	0.01	0.01
42	1	73432.65481	127.1351411	2848697.374	184975.4257	7448.6708	0.702053168	1.015452424	42545.95813	16120.35371	10120.85853	2119.325636	559.4049011	0.04237838036	0.09983277928	0.01
42	1	65282.70513	404.4111517	670803.7706	3843422.903	10200.55453	0.5919778186	0.991220009	41571.35574	15954.21121	9951.548385	2119.326079	546.4175937	0.1348037172	0.02350836049	0.01
42	1	66885.61529	328.8695648	1099146.021	2116290.778	7464.437317	0.7014225073	1.015313588	42540.37429	16119.40182	10119.88849	2119.325639	559.3304922	0.1096231883	0.03851964167	0.01
42	1	65538.57506	973.8196134	739179.3428	3494231.12	3367.576276	0.865296949	1.051389544	43991.31152	16366.74612	10371.9486	2119.323894	578.6653184	0.3246065378	0.02590458673	0.01
42	1	73432.65481	127.1351411	2848697.374	184975.4257	7448.6708	0.702053168	1.015452424	42545.95813	16120.35371	10120.85853	2119.325636	559.4049011	0.04237838036	0.09983277928	0.01
42	1	64902.2558	512.8381034	569137.1101	4428182.386	9426.826629	0.6229269349	0.9980332677	41845.37788	16000.92433	9999.152134	2119.325978	550.0691441	0.1709460345	0.01994544595	0.01
42	1	66007.75004	240.2240761	864523.2828	2934436.431	13558.86703	0.4576453187	0.9616475369	40381.97509	15751.45543	9744.927278	2119.324417	530.5682363	0.08007469204	0.03029727302	0.01000114553
42	1	63854.43339	4350	289129.4469	6540748.079	1600.200126	0.935991995	1.066952626	44617.24234	16473.44986	10480.68673	2119.321254	587.0063161	1.45	0.01013255972	0.01000001142
42	1	73450.52728	4070.931545	2853466.081	183751.1715	-508.8841909	1.020355368	1.085524708	45364.19061	16600.78379	10610.44846	2119.270373	596.9599684	1.356977182	0.09999989894	0.01000025633
42	1	65564.30979	211.5177197	746056.3801	3460916.231	18085.84457	0.2765662173	0.9217840737	38778.71504	15478.14391	9466.404498	2119.326631	509.203563	0.07050590657	0.02614559293	0.01
42	1	64916.79701	201.9340267	573005.0302	4404414.09	24943.84617	0.002246153318	0.8613941926	36349.89347	15064.09786	9044.464537	2119.325757	476.8377123	0.06731134222	0.02008099746	0.0100006272
42	1	65282.70373	544.1027107	670803.3959	3843424.909	7385.290247	0.7045883901	1.016010538	42568.40488	16124.18026	10124.75803	2119.325622	559.7040209	0.1813675702	0.02350834735	0.01
42	1	67839.09156	332.3909781	1353941.443	1483975.132	5844.979425	0.766200823	1.029574138	43113.9187	16217.17514	10219.52593	2119.325208	566.9734014	0.1107969927	0.04744896334	0.01
42	1	66007.75004	240.2240761	864523.2828	2934436.431	13558.86703	0.4576453187	0.9616475369	40381.97509	15751.45543	9744.927278	2119.324417	530.5682363	0.08007469204	0.03029727302	0.01000114553
42	1	64112.40111	325.859395	358065.9318	5941847.211	24730.05588	0.01079776493	0.8632767742	36425.61263	15077.00563	9057.618202	2119.326832	477.8467097	0.1086197983	0.01254844318	0.01
42	1	64819.99018	453.258132	547153.4448	4565889.541	11229.84043	0.5508063829	0.9821563692	41206.82563	15892.069	9888.221385	2119.326192	541.5599567	0.151086044	0.01917502701	0.01
42	1	64939.08376	449.3673027	578978.5663	4367888.226	10668.65969	0.5732536124	0.9870979895	41405.57243	15925.94978	9922.748131	2119.326133	544.2084068	0.1497891009	0.02029034041	0.01
42	1	63893.02602	4350	299442.7985	6447448.73	1518.736995	0.9392505202	1.067669971	44646.09325	16478.36813	10485.69877	2119.321055	587.3907758	1.45	0.01049399177	0.01
42	1	64939.08376	449.3673027	578978.5663	4367888.226	10668.65969	0.5732536124	0.9870979895	41405.57243	15925.94978	9922.748131	2119.326133	544.2084068	0.1497891009	0.02029034041	0.01
42	1	64573.35728	244.5027462	481241.8948	5004974.814	24516.4729	0.01934108396	0.8651575344	36501.25394	15089.90042	9070.758889	2119.326563	478.854691	0.08150091541	0.01686515258	0.01000015312
42	1	65282.70373	544.1027107	670803.3959	3843424.909	7385.290247	0.7045883901	1.016010538	42568.40488	16124.18026	10124.75803	2119.325622	559.7040209	0.1813675702	0.02350834735	0.01
42	1	64049.14318	352.7813917	341154.728	6083501.716	23951.82485	0.04192700614	0.8701296876	36701.22821	15123.99048	9105.498937	2119.326396	481.5195005	0.1175937972	0.01195578898	0.01000024266
42	1	64327.89252	286.3920471	415651.226	5483816.927	24224.59391	0.0310162437	0.8677277486	36604.62617	15107.52244	9088.71684	2119.326819	480.2321992	0.0954640157	0.01456652345	0.01000000055
42	1	63878.22644	4350	295487.938	6483067.582	1549.302917	0.9380278833	1.067400815	44635.26807	16476.52274	10483.8182	2119.321139	587.2465222	1.45	0.01035539344	0.01
42	1	66506.45697	686.8670456	997820.8104	2437118.385	3575.357623	0.8569856951	1.049559873	43917.72333	16354.20144	10359.16478	2119.323848	577.6847041	0.2289556819	0.03496869329	0.01000012423
42	1	64078.36951	4342.308865	348971.7425	6017600.816	1198.081109	0.9520767556	1.070493588	44759.65618	16497.72744	10505.42718	2119.320018	588.904087	1.447436288	0.01222973674	0.01
42	1	66885.61529	328.8695648	1099146.021	2116290.778	7464.437317	0.7014225073	1.015313588	42540.37429	16119.40182	10119.88849	2119.325639	559.3304922	0.1096231883	0.03851964167	0.01
42	1	73204.17563	95.87422951	2787641.371	201396.6837	10365.39121	0.5853843516	0.9897684975	41512.97747	15944.25934	9941.406779	2119.326098	545.6396595	0.0319580765	0.0976930678	0.01
42	1	73450.18626	4343.872618	2853382.266	183772.1609	-524.9994826	1.020999979	1.085666614	45369.89943	16601.75688	10611.44002	2119.267022	597.0360357	1.447957539	0.09999696163	0.01
42	1	65676.97252	435.7646247	776162.9999	3318767.892	8030.171449	0.678793142	1.010331872	42340.01487	16085.24613	10085.08159	2119.325752	556.6605527	0.1452548749	0.02720068133	0.01
42	1	68453.34479	321.609859	1518087.018	1180647.277	5327.888027	0.7868844789	1.034127518	43297.0509	16248.39406	10251.34007	2119.325022	569.4137752	0.1072032863	0.05320145539	0.01
42	1	63862.25987	4349.87897	291221.2241	6521715.789	1583.275357	0.9366689857	1.067101662	44623.23645	16474.47169	10481.72804	2119.321229	587.0861918	1.449959657	0.01020586618	0.01
42	1	66885.61529	391.6303404	1099146.021	2116290.778	6145.627676	0.754174893	1.026926703	43007.44163	16199.02377	10201.02849	2119.325303	565.5545147	0.1305434468	0.03851964167	0.01
42	1	65272.16504	184.0477154	667248.7678	3863493.399	23461.36742	0.06154530301	0.8744486769	36874.78243	15153.58628	9135.667111	2119.28226	483.8329396	0.06134923846	0.02338377519	0.01002587714
42	1	65272.16504	184.0477154	667248.7678	3863493.399	23461.36742	0.06154530301	0.8744486769	36874.78243	15153.58628	9135.667111	2119.28226	483.8329396	0.06134923846	0.02338377519	0.01002587714
42	1	73221.00335	107.4611432	2792138.208	200139.0217	9149.27244	0.6340291024	1.000477342	41943.67599	16017.68142	10016.2287	2119.325938	551.3790401	0.03582038107	0.09785065976	0.01
42	1	66885.61529	328.8695648	1099146.021	2116290.778	7464.437317	0.7014225073	1.015313588	42540.37429	16119.40182	10119.88849	2119.325639	559.3304922	0.1096231883	0.03851964167	0.01
42	1	73475.49857	257.0742998	2853468.965	184176.1573	3319.148311	0.8672340676	1.051817279	44007.13591	16369.53182	10374.86144	2118.921031	578.8825722	0.08569143327	0.1	0.01023401187
42	1	64734.28753	223.9493225	524251.0517	4713908.64	24572.29061	0.01710837547	0.8646660165	36481.48645	15086.53056	9067.324735	2119.326813	478.5912705	0.07464977418	0.0183724112	0.01000000899
42	1	66007.75004	240.2240761	864523.2828	2934436.431	13558.86703	0.4576453187	0.9616475369	40381.97509	15751.45543	9744.927278	2119.324417	530.5682363	0.08007469204	0.03029727302	0.01000114553
42	1	66852.96759	397.5365406	1090421.646	2142167.865	6097.426387	0.7561029445	1.027351152	43024.51252	16201.93388	10203.99408	2119.325288	565.781997	0.1325121802	0.03821389541	0.01
42	1	65934.96572	146.8089933	845105.9715	3014859.393	23211.47788	0.07154088483	0.8766490005	36963.42959	15168.68841	9151.048986	2119.326796	485.0135238	0.0489363311	0.02961679212	0.01
42	1	66852.96759	397.5365406	1090421.646	2142167.865	6097.426387	0.7561029445	1.027351152	43024.51252	16201.93388	10203.99408	2119.325288	565.781997	0.1325121802	0.03821389541	0.01
42	1	66855.23282	151.3757755	1091026.978	2140362.238	17246.80956	0.3101276177	0.9291724108	39075.86623	15528.7999	9518.026277	2119.326595	513.1633254	0.05045859184	0.03823510931	0.01
42	1	64757.59717	277.5232749	530480.2941	4673179.817	19441.00935	0.2223596261	0.9098508242	38298.77222	15396.32706	9383.027741	2119.326683	502.8079652	0.09250775831	0.01859071539	0.01
42	1	65979.59864	246.5128823	857033.1318	2965181.269	13315.30252	0.4673878991	0.9637923001	40468.24197	15766.1611	9759.912955	2119.326371	531.7177759	0.08217096077	0.0300347802	0.01
42	1	64939.08376	449.3673027	578978.5663	4367888.226	10668.65969	0.5732536124	0.9870979895	41405.57243	15925.94978	9922.748131	2119.326133	544.2084068	0.1497891009	0.02029034041	0.01
42	1	63859.51358	4350	290487.3391	6528386.557	1589.142521	0.9364342992	1.067049997	44621.15855	16474.11746	10481.36706	2119.321245	587.0585022	1.45	0.01018014714	0.01
42	1	64468.97831	259.6774366	453353.2922	5203236.517	24503.4282	0.01986287188	0.865272402	36505.8747	15090.68807	9071.56151	2119.326826	478.9162619	0.08655914552	0.01588779474	0.01000000004
42	1	64327.89252	286.3920471	415651.226	5483816.927	24224.59391	0.0310162437	0.8677277486	36604.62617	15107.52244	9088.71684	2119.326819	480.2321992	0.0954640157	0.01456652345	0.01000000055
42	1	64262.83545	308.7011886	398266.1798	5618245.684	23430.66078	0.06277356876	0.8747189295	36885.80415	15155.45544	9137.563719	2119.326801	483.9791067	0.1029003962	0.01395726341	0.01
42	1	73260.57181	43.18494327	2802712.003	197212.6329	23812.53879	0.04749844836	0.8713562052	36750.5589	15132.3999	9114.068605	2119.32681	482.1768623	0.01439498109	0.09822121906	0.01
42	1	65538.57506	973.8196134	739179.3428	3494231.12	3367.576276	0.865296949	1.051389544	43991.31152	16366.74612	10371.9486	2119.323894	578.6653184	0.3246065378	0.02590458673	0.01
42	1	67875.72911	180.8229242	1363732.015	1463873.077	11298.31567	0.5480673731	0.9815533929	41182.57455	15887.93486	9884.008434	2119.326199	541.2367929	0.06027430806	0.04779207456	0.01
42	1	66007.75004	240.2240761	864523.2828	2934436.431	13558.86703	0.4576453187	0.9616475369	40381.97509	15751.45543	9744.927278	2119.324417	530.5682363	0.08007469204	0.03029727302	0.01000114553
42	1	63851.75228	4349.999898	288413.3045	6547275.75	1606.071661	0.9357571336	1.066900923	44615.16295	16473.09538	10480.32549	2119.321289	586.9786064	1.449999966	0.01010746246	0.01
42	1	73528.07423	147.1628549	2853468.965	185076.1124	6408.697093	0.7436521163	1.024614181	42910.15505	16182.71253	10184.63605	2118.075059	564.2779079	0.04905428497	0.1	0.01072638381
42	1	66852.96759	397.5365406	1090421.646	2142167.865	6097.426387	0.7561029445	1.027351152	43024.51252	16201.93388	10203.99408	2119.325288	565.781997	0.1325121802	0.03821389541	0.01
42	1	63840.2774	896.6895179	285346.8965	6575303.126	10861.09776	0.5655560894	0.9854034269	41337.41889	15914.3315	9910.908344	2119.326154	543.3002098	0.298896506	0.01	0.01
42	1	66885.61529	328.8695648	1099146.021	2116290.778	7464.437317	0.7014225073	1.015313588	42540.37429	16119.40182	10119.88849	2119.325639	559.3304922	0.1096231883	0.03851964167	0.01
42	1	67422.14654	230.9346513	1242522.118	1733142.272	9602.068921	0.6159172431	0.9964901269	41783.31437	15990.34424	9988.37032	2119.326002	549.2421013	0.07697821709	0.04354426608	0.01
42	1	64112.40111	325.859395	358065.9318	5941847.211	24730.05588	0.01079776493	0.8632767742	36425.61263	15077.00563	9057.618202	2119.326832	477.8467097	0.1086197983	0.01254844318	0.01
42	1	64734.35945	1040.693807	524245.7193	4713983.813	4687.553137	0.8124978745	1.039766156	43523.82587	16287.05319	10290.73654	2119.323246	572.4357454	0.3468979358	0.01837222433	0.01000086947
42	1	66007.75004	240.2240761	864523.2828	2934436.431	13558.86703	0.4576453187	0.9616475369	40381.97509	15751.45543	9744.927278	2119.324417	530.5682363	0.08007469204	0.03029727302	0.01000114553
42	1	64734.35945	1040.693807	524245.7193	4713983.813	4687.553137	0.8124978745	1.039766156	43523.82587	16287.05319	10290.73654	2119.323246	572.4357454	0.3468979358	0.01837222433	0.01000086947
42	1	64573.35728	244.5027462	481241.8948	5004974.814	24516.4729	0.01934108396	0.8651575344	36501.25394	15089.90042	9070.758889	2119.326563	478.854691	0.08150091541	0.01686515258	0.01000015312
42	1	66007.75004	240.2240761	864523.2828	2934436.431	13558.86703	0.4576453187	0.9616475369	40381.97509	15751.45543	9744.927278	2119.324417	530.5682363	0.08007469204	0.03029727302	0.01000114553
42	1	73450.5107	4350	2853468.965	183749.9671	-525.3448276	1.021013793	1.085669655	45370.02174	16601.77773	10611.46127	2119.266935	597.0376655	1.45	0.1	0.01
42	1	73450.5107	4350	2853468.965	183749.9671	-525.3448276	1.021013793	1.085669655	45370.02174	16601.77773	10611.46127	2119.266935	597.0376655	1.45	0.1	0.01
42	1	64734.2867	225.8639797	524251.0869	4713907.989	24357.50269	0.02569989228	0.8665573864	36557.55542	15099.49819	9080.539603	2119.326823	479.6049463	0.07528799323	0.01837241243	0.01
42	1	73450.18626	4343.872618	2853382.266	183772.1609	-524.9994826	1.020999979	1.085666614	45369.89943	16601.75688	10611.44002	2119.267022	597.0360357	1.447957539	0.09999696163	0.01
42	1	73450.18399	4349.74614	2853381.659	183772.3163	-525.3235075	1.02101294	1.085669467	45370.01419	16601.77645	10611.45996	2119.26694	597.0375649	1.44991538	0.09999694035	0.01
42	1	63840.2774	896.6895179	285346.8965	6575303.126	10861.09776	0.5655560894	0.9854034269	41337.41889	15914.3315	9910.908344	2119.326154	543.3002098	0.298896506	0.01	0.01
