#gen	Feasible	f1	f2	f3	f4	f5	c1	c2	c3	c4	c5	c6	c7	x1	x2	x3
13	1	73850.64738	4311.75289	2853468.965	190694.7723	-60.4290533	1.002417162	1.081596371	45184.122	16571.49748	10581.78916	2112.817412	594.6626076	1.437250963	0.1	0.01374728688
13	1	64376.48779	443.953461	417139.2633	5494335.527	15347.91354	0.3860834586	0.9458958453	39746.09137	15643.20624	9634.741344	2118.63292	522.105567	0.147984487	0.01461867181	0.01040294769
13	1	63840.2774	410.9161537	285346.8965	6575303.126	24605.13915	0.01579443381	0.8643767602	36469.85292	15084.54736	9065.303726	2119.326829	478.4362447	0.1369720512	0.01	0.01
13	1	64261.83224	294.8262774	397998.0929	5620344.244	24586.40522	0.01654379115	0.8645417267	36476.4877	15085.67841	9066.456334	2119.326828	478.5246581	0.09827542579	0.01394786829	0.01
13	1	65112.91009	192.5059276	613438.8213	4180518.65	24477.22757	0.02091089715	0.8655054341	36512.77132	15092.02192	9073.053732	2118.603509	479.0196249	0.06416864255	0.02149800221	0.01042022484
13	1	65068.03833	236.3131114	613438.8213	4163162.875	19755.60411	0.2097758354	0.9070805796	38187.35588	15377.33368	9363.672241	2119.326694	501.323259	0.07877103714	0.02149800221	0.01
13	1	64153.82942	334.1651793	366750.0838	5875262.378	23518.01355	0.05927945793	0.8739501833	36854.39323	15150.13224	9132.165484	2119.182836	483.5628136	0.1113883931	0.01285277984	0.01008364019
13	1	68051.3411	277.5057388	1405958.868	1382499.588	6879.730415	0.7248107834	1.020463282	42746.5189	16154.60574	10155.81572	2119.041893	562.0820172	0.09250191295	0.0492719173	0.01016476658
13	1	64577.1955	268.0146616	482271.9414	4997790.763	22249.34765	0.1100260939	0.885121284	37304.17597	15226.77616	9210.244221	2119.32677	489.5542247	0.08933822052	0.01690125063	0.01
13	1	67141.00218	1246.605344	1167347.425	1924513.474	1279.379694	0.9488248123	1.069777701	44730.85466	16492.81818	10500.42482	2119.317592	588.5203282	0.4155351148	0.04090976421	0.01000158006
13	1	64339.65801	279.8840663	418795.3081	5459851.199	24613.69197	0.01545232104	0.8643014462	36466.82387	15084.03099	9064.777512	2119.326829	478.3958803	0.09329468876	0.01467670801	0.01
13	1	63840.28181	1598.230314	285348.0753	6575292.329	5757.812667	0.7696874933	1.030341707	43144.78953	16222.43775	10224.88888	2119.325178	567.3847783	0.5327434379	0.01000004131	0.01
13	1	65068.03833	236.3131114	613438.8213	4163162.875	19755.60411	0.2097758354	0.9070805796	38187.35588	15377.33368	9363.672241	2119.326694	501.323259	0.07877103714	0.02149800221	0.01
13	1	65112.91009	192.5059276	613438.8213	4180518.65	24477.22757	0.02091089715	0.8655054341	36512.77132	15092.02192	9073.053732	2118.603509	479.0196249	0.06416864255	0.02149800221	0.01042022484
13	1	65971.50334	234.7857315	801028.1504	3266227.282	15285.23516	0.3885905936	0.9464559534	39759.87597	15646.11468	9638.174676	2116.078663	522.3297267	0.07826191051	0.02807208209	0.01188688545
13	1	73263.49661	45.42111798	2647896.56	258250.64	24642.20774	0.01431169026	0.8640803932	36425.80846	15079.09146	9061.46883	2109.940942	477.99803	0.01514037266	0.09279570211	0.01545290768
13	1	65748.41708	346.011467	795085.613	3232618.136	10048.69885	0.598052046	0.9925572457	41625.10303	15963.37585	9960.889642	2119.315843	547.1339786	0.1153371557	0.0278638255	0.01000593544
13	1	66503.25951	3252.549574	996969.9033	2440005.932	152.3672779	0.9939053089	1.079701888	45130.00439	16560.86148	10569.76491	2119.311604	593.8392544	1.084183191	0.03493887319	0.01000000001
13	1	65027.03663	332.3800865	601832.8901	4231971.023	14108.74542	0.4356501833	0.9568055614	40187.10862	15718.24427	9711.089754	2119.287269	527.9720837	0.1107933622	0.02109127162	0.01002274893
13	1	68543.26914	432.7911548	1542117.309	1141779.08	3692.110785	0.8523155686	1.048531773	43876.37494	16347.15264	10351.98156	2119.324149	577.1337023	0.1442637183	0.05404359844	0.01
13	1	73448.46567	275.6584444	2852922.475	183889.9059	3017.578464	0.8792968614	1.054471539	44115.26614	16387.87693	10393.48228	2119.323569	580.3171067	0.09188614815	0.09998084824	0.01
13	1	64093.17087	334.1651793	350540.4302	6009439.214	24640.42845	0.01438286216	0.8640664723	36456.88071	15082.36745	9063.108706	2119.182863	478.2656613	0.1113883931	0.0122847115	0.01008364019
13	1	63844.5956	4350	286498.2043	6564771.986	1621.932469	0.9351227012	1.066761257	44609.54519	16472.13774	10479.34962	2119.32117	586.9037481	1.45	0.01004034766	0.0100000924
13	1	73329.47385	76.6177818	2815404.117	194141.3578	13050.2231	0.4779910761	0.9661276294	40560.98542	15782.04672	9776.164873	2118.981283	532.9591191	0.0255392606	0.09866601502	0.01020047277
13	1	65069.36747	236.3131114	613438.8213	4163675.932	19757.14138	0.209714345	0.9070671114	38186.74087	15377.23352	9363.574113	2119.305269	501.315403	0.07877103714	0.02149800221	0.01001244746
13	1	64088.26982	4170.007543	328209.7596	6244693.893	1509.815919	0.9396073633	1.067753048	44644.60175	16478.42264	10486.01382	2117.908746	587.3932721	1.390002514	0.01150213174	0.01082032153
13	1	63964.48746	4052.555844	317648.5016	6287932.151	1549.714104	0.9380114358	1.067397366	44634.94546	16476.4795	10483.784	2119.267396	587.2430744	1.350851948	0.01113201179	0.01003121754
13	1	66584.04321	305.6741652	1018410.74	2368326.146	8791.445562	0.6483421775	1.003628306	42070.37417	16039.28186	10038.2426	2119.317027	553.0675286	0.1018913884	0.03569026868	0.01000514528
13	1	67141.00218	1246.605344	1167347.425	1924513.474	1279.379694	0.9488248123	1.069777701	44730.85466	16492.81818	10500.42482	2119.317592	588.5203282	0.4155351148	0.04090976421	0.01000158006
13	1	65748.78791	1060.215749	795354.0746	3231219.558	2762.72283	0.8894910868	1.056715736	44205.52537	16403.26361	10409.16232	2119.323292	581.5198786	0.3534052496	0.02787323375	0.01
13	1	65659.60744	426.3871808	771522.5668	3340290.943	8277.665046	0.6688933982	1.008152503	42252.36296	16070.30393	10069.85451	2119.325798	555.4925254	0.1421290603	0.02703805706	0.01
13	1	65685.36902	527.1125066	778381.8095	3308554.433	6485.362013	0.7405855195	1.02393509	42887.11695	16178.5121	10180.12602	2119.323895	563.9511219	0.1757041689	0.02727843965	0.01000087504
13	1	65432.88184	176.3667612	702479.8393	3688319.096	23281.95197	0.06872192126	0.8760300559	36936.79058	15164.25873	9146.628596	2118.816757	484.6666201	0.05878892039	0.02461845031	0.01029631764
13	1	73339.44104	68.88601871	2815404.117	194320.8459	14609.59199	0.4156163206	0.9523967228	40008.1928	15687.84615	9680.197816	2118.820722	525.5952888	0.02296200624	0.09866601502	0.01029381575
13	1	66503.25951	3252.549574	996969.9033	2440005.932	152.3672779	0.9939053089	1.079701888	45130.00439	16560.86148	10569.76491	2119.311604	593.8392544	1.084183191	0.03493887319	0.01000000001
13	1	63877.21859	4334.910386	295217.3663	6485514.426	1559.492764	0.9376202894	1.067311086	44631.65901	16475.90751	10483.19125	2119.321091	587.1984299	1.444970129	0.01034591124	0.01000004364
13	1	65284.06359	512.7490784	671166.7881	3841479.782	7878.982337	0.6848407065	1.011663206	42393.55974	16094.37404	10094.38353	2119.325724	557.3740783	0.1709163595	0.02352108246	0.01
13	1	67433.34781	151.0142564	1245515.409	1725930.5	15050.47222	0.3979811113	0.9485128202	39853.71727	15661.40179	9653.156327	2119.326484	523.5287736	0.05033808546	0.04364916615	0.01
13	1	65069.36747	236.3131114	613438.8213	4163675.932	19757.14138	0.209714345	0.9070671114	38186.74087	15377.23352	9363.574113	2119.305269	501.315403	0.07877103714	0.02149800221	0.01001244746
13	1	73174.50246	129.6563895	2779711.875	203633.6668	7488.829834	0.7004468066	1.015098793	42531.73548	16117.92915	10118.38773	2119.325644	559.2153736	0.0432187965	0.09741517812	0.01
13	1	67990.38822	406.3217363	1368973.482	1466085.755	4692.83743	0.8122865028	1.039724524	43516.91274	16286.2094	10290.15797	2117.792602	572.3678737	0.1354405788	0.04797576209	0.01089009707
13	1	66001.12717	502.6284473	862786.1546	2941512.688	6094.603055	0.7562158778	1.027376013	43025.51243	16202.10433	10204.16779	2119.325288	565.7953216	0.1675428158	0.03023639525	0.01
13	1	67141.00218	1246.605344	1167347.425	1924513.474	1279.379694	0.9488248123	1.069777701	44730.85466	16492.81818	10500.42482	2119.317592	588.5203282	0.4155351148	0.04090976421	0.01000158006
13	1	64088.26982	4170.007543	328209.7596	6244693.893	1509.815919	0.9396073633	1.067753048	44644.60175	16478.42264	10486.01382	2117.908746	587.3932721	1.390002514	0.01150213174	0.01082032153
13	1	65027.03663	332.3800865	601832.8901	4231971.023	14108.74542	0.4356501833	0.9568055614	40187.10862	15718.24427	9711.089754	2119.287269	527.9720837	0.1107933622	0.02109127162	0.01002274893
13	1	73091.19579	2970.246726	2757450.01	210047.6322	-401.7973209	1.016071893	1.084581726	45326.26637	16594.31866	10603.85999	2119.287503	596.4545924	0.9900822421	0.09663500965	0.01
13	1	64777.38847	442.6367576	535769.0805	4638876.695	11778.65482	0.5288538072	0.9773236439	41012.45847	15858.93482	9854.455481	2119.326245	538.9698686	0.1475455859	0.01877606125	0.01
13	1	63980.39032	391.1122759	298842.5475	6506676.482	24789.67033	0.008413186666	0.8627564485	36399.74165	15072.91122	9053.711213	2117.882342	477.5248461	0.1303707586	0.01047295594	0.01083920401
13	1	73174.50246	129.6563895	2779711.875	203633.6668	7488.829834	0.7004468066	1.015098793	42531.73548	16117.92915	10118.38773	2119.325644	559.2153736	0.0432187965	0.09741517812	0.01
13	1	64723.03897	292.3512254	517547.9782	4764238.875	18911.46293	0.2435414828	0.9145145945	38485.58081	15428.22148	9415.571246	2119.103629	505.3008635	0.09745040846	0.01813750157	0.01012957569
13	1	65027.03663	332.3800865	601832.8901	4231971.023	14108.74542	0.4356501833	0.9568055614	40187.10862	15718.24427	9711.089754	2119.287269	527.9720837	0.1107933622	0.02109127162	0.01002274893
13	1	63853.08555	4342.945966	288769.5898	6544027.01	1606.992629	0.9357202949	1.066892813	44614.83679	16473.03978	10480.26883	2119.321291	586.97426	1.447648655	0.0101199485	0.01
13	1	66001.12717	502.6284473	862786.1546	2941512.688	6094.603055	0.7562158778	1.027376013	43025.51243	16202.10433	10204.16779	2119.325288	565.7953216	0.1675428158	0.03023639525	0.01
13	1	72838.2518	185.6057599	2579079.225	279847.7976	5928.762979	0.7628494809	1.028857754	43062.23523	16209.82579	10213.26459	2112.642809	566.3905549	0.06186858665	0.09038399424	0.01388219065
13	1	66584.04321	305.6741652	1018410.74	2368326.146	8791.445562	0.6483421775	1.003628306	42070.37417	16039.28186	10038.2426	2119.317027	553.0675286	0.1018913884	0.03569026868	0.01000514528
13	1	65284.06359	512.7490784	671166.7881	3841479.782	7878.982337	0.6848407065	1.011663206	42393.55974	16094.37404	10094.38353	2119.325724	557.3740783	0.1709163595	0.02352108246	0.01
13	1	68051.3411	277.5057388	1405958.868	1382499.588	6879.730415	0.7248107834	1.020463282	42746.5189	16154.60574	10155.81572	2119.041893	562.0820172	0.09250191295	0.0492719173	0.01016476658
13	1	72372.87041	45.10782636	2565493.458	274441.3897	24940.5207	0.002379171873	0.8614234724	36351.07477	15064.299	9044.669315	2119.326836	476.8534368	0.01503594212	0.08990788018	0.01
13	1	64093.17087	334.1651793	350540.4302	6009439.214	24640.42845	0.01438286216	0.8640664723	36456.88071	15082.36745	9063.108706	2119.182863	478.2656613	0.1113883931	0.0122847115	0.01008364019
13	1	65748.78791	1060.215749	795354.0746	3231219.558	2762.72283	0.8894910868	1.056715736	44205.52537	16403.26361	10409.16232	2119.323292	581.5198786	0.3534052496	0.02787323375	0.01
13	1	66503.32069	255.0705452	996986.205	2439950.563	10932.68077	0.5626927693	0.9847730845	41312.06717	15910.00974	9906.504186	2119.326158	542.9623792	0.08502351506	0.03493944449	0.01000000169
13	1	73395.47233	135.3573529	2835940.491	188476.3384	6996.646891	0.7201341244	1.019433381	42705.48568	16147.58591	10148.6412	2119.155381	561.5334212	0.04511911764	0.09938571352	0.0100988512
13	1	64569.79578	241.2353972	480294.432	5011577.589	24909.41984	0.003623206338	0.861697339	36362.08938	15066.17669	9046.582801	2119.32683	477.0002148	0.08041179908	0.01683194869	0.01000000344
13	1	65068.03833	236.3131114	613438.8213	4163162.875	19755.60411	0.2097758354	0.9070805796	38187.35588	15377.33368	9363.672241	2119.326694	501.323259	0.07877103714	0.02149800221	0.01
13	1	63840.28181	1598.230314	285348.0753	6575292.329	5757.812667	0.7696874933	1.030341707	43144.78953	16222.43775	10224.88888	2119.325178	567.3847783	0.5327434379	0.01000004131	0.01
13	1	73504.54908	247.6835188	2749630.266	221243.5389	4114.871864	0.8354051255	1.044831885	43703.14914	16319.18268	10324.78963	2112.189281	574.9383833	0.08256117293	0.09636096625	0.01414510408
13	1	63853.08555	4342.945966	288769.5898	6544027.01	1606.992629	0.9357202949	1.066892813	44614.83679	16473.03978	10480.26883	2119.321291	586.97426	1.447648655	0.0101199485	0.01
13	1	73553.07081	86.22507363	2784423.081	209185.9667	12042.71397	0.5182914412	0.9750170312	40899.77507	15840.99774	9837.245737	2113.508037	537.560462	0.02874169121	0.09758028265	0.0133801945
13	1	72293.73775	110.6236326	2544347.008	282646.1041	9803.782488	0.6078487005	0.9947138866	41711.87584	15978.16596	9975.959857	2119.326029	548.2901294	0.03687454419	0.08916680149	0.01
13	1	73332.47096	275.6584444	2821925.458	192004.2229	3059.127631	0.8776348948	1.054105667	44100.55116	16385.36843	10390.92596	2119.323611	580.1210185	0.09188614815	0.0988945558	0.01
13	1	68885.4094	949.7429589	1630059.974	1011353.561	1171.587154	0.9531365139	1.070727561	44768.34644	16499.25488	10507.0224	2119.109532	589.0232236	0.3165809863	0.0571255547	0.0101221932
13	1	65039.2357	204.6373057	605740.9098	4208048.342	23233.1401	0.07067439617	0.8764582486	36955.75753	15167.38055	9149.716204	2119.326733	484.9112889	0.06821243525	0.02122822842	0.01000003669
13	1	63877.21859	4334.910386	295217.3663	6485514.426	1559.492764	0.9376202894	1.067311086	44631.65901	16475.90751	10483.19125	2119.321091	587.1984299	1.444970129	0.01034591124	0.01000004364
13	1	64093.17087	334.1651793	350540.4302	6009439.214	24640.42845	0.01438286216	0.8640664723	36456.88071	15082.36745	9063.108706	2119.182863	478.2656613	0.1113883931	0.0122847115	0.01008364019
13	1	73339.44104	68.88601871	2815404.117	194320.8459	14609.59199	0.4156163206	0.9523967228	40008.1928	15687.84615	9680.197816	2118.820722	525.5952888	0.02296200624	0.09866601502	0.01029381575
13	1	65337.4191	274.3015567	534879.6889	4893668.714	20161.75494	0.1935298024	0.903533189	38013.60167	15349.69925	9337.179957	2110.245549	499.1517364	0.09143385224	0.01874489246	0.01527586524
13	1	67046.00477	734.824079	1141454.673	1995548.002	2783.947426	0.888642103	1.056528944	44197.89885	16401.97078	10407.85096	2119.290023	581.4187769	0.2449413597	0.04000235105	0.01001934088
13	1	65748.78791	1060.215749	795354.0746	3231219.558	2762.72283	0.8894910868	1.056715736	44205.52537	16403.26361	10409.16232	2119.323292	581.5198786	0.3534052496	0.02787323375	0.01
13	1	64552.45244	381.9241414	474764.6115	5051900.994	15644.53716	0.3742185137	0.9432818025	39643.14636	15625.51714	9616.597432	2119.272511	520.7236141	0.1273080471	0.01663815578	0.01003137569
13	1	64093.17087	334.1651793	350540.4302	6009439.214	24640.42845	0.01438286216	0.8640664723	36456.88071	15082.36745	9063.108706	2119.182863	478.2656613	0.1113883931	0.0122847115	0.01008364019
13	1	73263.49661	45.42111798	2647896.56	258250.64	24642.20774	0.01431169026	0.8640803932	36425.80846	15079.09146	9061.46883	2109.940942	477.99803	0.01514037266	0.09279570211	0.01545290768
13	1	64973.71004	199.9624289	588231.6749	4311947.623	24525.20834	0.01899166624	0.8650806114	36498.16108	15089.37311	9070.221483	2119.326827	478.8134721	0.06665414296	0.02061461618	0.01
13	1	63877.21859	4334.910386	295217.3663	6485514.426	1559.492764	0.9376202894	1.067311086	44631.65901	16475.90751	10483.19125	2119.321091	587.1984299	1.444970129	0.01034591124	0.01000004364
13	1	64339.80502	281.5329173	418834.593	5459552.415	24462.69037	0.02149238513	0.8656311294	36520.30234	15093.14758	9074.067913	2119.326826	479.108521	0.09384430577	0.01467808475	0.01
13	1	64777.38847	442.6367576	535769.0805	4638876.695	11778.65482	0.5288538072	0.9773236439	41012.45847	15858.93482	9854.455481	2119.326245	538.9698686	0.1475455859	0.01877606125	0.01
13	1	64219.77716	303.1321784	386759.8056	5709025.327	24608.23509	0.01567059631	0.8643494982	36468.75647	15084.36045	9065.113247	2119.326829	478.4216337	0.1010440595	0.0135540218	0.01
13	1	73263.49661	45.42111798	2647896.56	258250.64	24642.20774	0.01431169026	0.8640803932	36425.80846	15079.09146	9061.46883	2109.940942	477.99803	0.01514037266	0.09279570211	0.01545290768
13	1	73887.37311	69.23419635	2815404.117	204447.5433	15166.18296	0.3933526818	0.9475237969	39781.97808	15651.21428	9644.490854	2109.988255	522.7207505	0.02307806545	0.09866601502	0.01542520894
13	1	72838.2518	185.6057599	2579079.225	279847.7976	5928.762979	0.7628494809	1.028857754	43062.23523	16209.82579	10213.26459	2112.642809	566.3905549	0.06186858665	0.09038399424	0.01388219065
13	1	66503.25951	3252.549574	996969.9033	2440005.932	152.3672779	0.9939053089	1.079701888	45130.00439	16560.86148	10569.76491	2119.311604	593.8392544	1.084183191	0.03493887319	0.01000000001
13	1	67548.27445	190.7631999	1276145.892	1653881.488	11454.87515	0.5418049939	0.9801747841	41127.1116	15878.48105	9874.375273	2119.321321	540.4977851	0.0635877333	0.04472261335	0.01000284272
13	1	66503.32069	255.0705452	996986.205	2439950.563	10932.68077	0.5626927693	0.9847730845	41312.06717	15910.00974	9906.504186	2119.326158	542.9623792	0.08502351506	0.03493944449	0.01000000169
13	1	65748.41708	346.011467	795085.613	3232618.136	10048.69885	0.598052046	0.9925572457	41625.10303	15963.37585	9960.889642	2119.315843	547.1339786	0.1153371557	0.0278638255	0.01000593544
13	1	64189.38019	4348.443802	378636.887	5773993.029	1041.726583	0.9583309367	1.071870408	44815.03043	16507.16721	10515.04692	2119.31938	589.6419904	1.449481267	0.01326935361	0.01
13	1	65685.36902	527.1125066	778381.8095	3308554.433	6485.362013	0.7405855195	1.02393509	42887.11695	16178.5121	10180.12602	2119.323895	563.9511219	0.1757041689	0.02727843965	0.01000087504
13	1	66001.12717	502.6284473	862786.1546	2941512.688	6094.603055	0.7562158778	1.027376013	43025.51243	16202.10433	10204.16779	2119.325288	565.7953216	0.1675428158	0.03023639525	0.01
13	1	67046.00477	734.824079	1141454.673	1995548.002	2783.947426	0.888642103	1.056528944	44197.89885	16401.97078	10407.85096	2119.290023	581.4187769	0.2449413597	0.04000235105	0.01001934088
13	1	66503.32431	161.2362238	996986.5887	2439949.752	17740.35184	0.2903859266	0.9248263983	38901.07402	15499.00271	9487.660994	2119.326579	510.8340888	0.05374540793	0.03493945794	0.01000002212
13	1	64797.7807	518.6277414	541218.4544	4603795.365	9832.925857	0.6066829657	0.9944572572	41701.55448	15976.40646	9974.166806	2119.326033	548.1525895	0.1728759138	0.0189670349	0.01
13	1	65957.59522	138.6810484	851134.3727	2989666.716	24437.02139	0.02251914457	0.8658571678	36529.38948	15094.69693	9075.647013	2119.325689	479.229632	0.04622701613	0.02982805782	0.01000065993
13	1	64777.38847	442.6367576	535769.0805	4638876.695	11778.65482	0.5288538072	0.9773236439	41012.45847	15858.93482	9854.455481	2119.326245	538.9698686	0.1475455859	0.01877606125	0.01
13	1	65068.03833	236.3131114	613438.8213	4163162.875	19755.60411	0.2097758354	0.9070805796	38187.35588	15377.33368	9363.672241	2119.326694	501.323259	0.07877103714	0.02149800221	0.01
13	1	66584.04321	305.6741652	1018410.74	2368326.146	8791.445562	0.6483421775	1.003628306	42070.37417	16039.28186	10038.2426	2119.317027	553.0675286	0.1018913884	0.03569026868	0.01000514528
13	1	64465.31051	689.009881	452373.1558	5210345.713	8778.923318	0.6488430673	1.003738546	42074.8382	16040.04091	10039.0145	2119.325882	553.1268748	0.2296699603	0.0158534458	0.01
13	1	63840.28181	1598.230314	285348.0753	6575292.329	5757.812667	0.7696874933	1.030341707	43144.78953	16222.43775	10224.88888	2119.325178	567.3847783	0.5327434379	0.01000004131	0.01
13	1	65686.16985	432.7387743	777674.9773	3312872.023	8078.544273	0.6768582291	1.009906095	42322.6953	16082.30611	10082.096	2119.268708	556.4306605	0.1442462581	0.02725366867	0.01003314581
13	1	66499.2802	161.1649914	995806.5633	2444048.122	17770.89924	0.2891640305	0.9245574246	38890.23567	15497.15639	9485.780567	2119.320589	510.6897546	0.05372166378	0.03489810387	0.01000350302
13	1	65984.88454	184.5631868	858432.8173	2959418.531	18010.82857	0.2795668573	0.9224446488	38805.28002	15482.67267	9471.019742	2119.325853	509.5575736	0.06152106228	0.03008383227	0.01000045046
13	1	64219.77716	303.1321784	386759.8056	5709025.327	24608.23509	0.01567059631	0.8643494982	36468.75647	15084.36045	9065.113247	2119.326829	478.4216337	0.1010440595	0.0135540218	0.01
13	1	65748.78791	1060.215749	795354.0746	3231219.558	2762.72283	0.8894910868	1.056715736	44205.52537	16403.26361	10409.16232	2119.323292	581.5198786	0.3534052496	0.02787323375	0.01
13	1	65748.41708	346.011467	795085.613	3232618.136	10048.69885	0.598052046	0.9925572457	41625.10303	15963.37585	9960.889642	2119.315843	547.1339786	0.1153371557	0.0278638255	0.01000593544
13	1	65748.78791	1060.215749	795354.0746	3231219.558	2762.72283	0.8894910868	1.056715736	44205.52537	16403.26361	10409.16232	2119.323292	581.5198786	0.3534052496	0.02787323375	0.01
13	1	67548.27445	190.7631999	1276145.892	1653881.488	11454.87515	0.5418049939	0.9801747841	41127.1116	15878.48105	9874.375273	2119.321321	540.4977851	0.0635877333	0.04472261335	0.01000284272
13	1	64339.80502	281.5329173	418834.593	5459552.415	24462.69037	0.02149238513	0.8656311294	36520.30234	15093.14758	9074.067913	2119.326826	479.108521	0.09384430577	0.01467808475	0.01
13	1	65686.44643	199.0315002	777898.6312	3311667.972	18451.85287	0.261925885	0.9185612479	38648.93199	15456.03003	9443.877819	2119.278626	507.4748675	0.06634383341	0.02726150664	0.01002789802
13	1	63877.21859	4334.910386	295217.3663	6485514.426	1559.492764	0.9376202894	1.067311086	44631.65901	16475.90751	10483.19125	2119.321091	587.1984299	1.444970129	0.01034591124	0.01000004364
13	1	66503.32069	563.5560645	996986.205	2439950.563	4529.475676	0.818820973	1.041158142	43579.81523	16296.59749	10300.46253	2119.32466	573.1818219	0.1878520215	0.03493944449	0.01000000169
13	1	63870.16528	4350	293333.7703	6502551.479	1566.298562	0.9373480575	1.067251155	44629.24893	16475.49665	10482.77254	2119.321184	587.1663125	1.45	0.0102799005	0.01
13	1	65069.36747	236.3131114	613438.8213	4163675.932	19757.14138	0.209714345	0.9070671114	38186.74087	15377.23352	9363.574113	2119.305269	501.315403	0.07877103714	0.02149800221	0.01001244746
13	1	64783.85665	452.2052657	530719.1549	4682624.488	11659.40325	0.5336238701	0.9783750531	41053.34556	15865.99434	9861.724747	2118.917346	539.5211983	0.1507350886	0.01859908629	0.01023754957
13	1	63877.21859	4334.910386	295217.3663	6485514.426	1559.492764	0.9376202894	1.067311086	44631.65901	16475.90751	10483.19125	2119.321091	587.1984299	1.444970129	0.01034591124	0.01000004364
13	1	64577.1955	268.0146616	482271.9414	4997790.763	22249.34765	0.1100260939	0.885121284	37304.17597	15226.77616	9210.244221	2119.32677	489.5542247	0.08933822052	0.01690125063	0.01
13	1	65679.0912	432.7446299	776729.1718	3316151.409	8085.09461	0.6765962156	1.009848232	42320.56337	16081.9302	10081.70244	2119.325763	556.401347	0.14424821	0.02722052286	0.01
13	1	67447.21924	403.5676708	1249221.827	1717042.402	5135.562531	0.7945774988	1.03582109	43365.16448	16260.00553	10263.17292	2119.324919	570.3214402	0.1345225569	0.04377905778	0.01000001454
13	1	73887.37311	69.23419635	2815404.117	204447.5433	15166.18296	0.3933526818	0.9475237969	39781.97808	15651.21428	9644.490854	2109.988255	522.7207505	0.02307806545	0.09866601502	0.01542520894
13	1	65284.06359	512.7490784	671166.7881	3841479.782	7878.982337	0.6848407065	1.011663206	42393.55974	16094.37404	10094.38353	2119.325724	557.3740783	0.1709163595	0.02352108246	0.01
13	1	65114.40895	317.4051371	624464.9067	4101648.774	14249.06201	0.4300375196	0.9555701062	40137.27202	15709.75797	9702.449595	2119.244069	527.3086582	0.1058017124	0.02188441207	0.01004785181
13	1	63853.08555	4342.945966	288769.5898	6544027.01	1606.992629	0.9357202949	1.066892813	44614.83679	16473.03978	10480.26883	2119.321291	586.97426	1.447648655	0.0101199485	0.01
13	1	63840.28181	1598.230314	285348.0753	6575292.329	5757.812667	0.7696874933	1.030341707	43144.78953	16222.43775	10224.88888	2119.325178	567.3847783	0.5327434379	0.01000004131	0.01
13	1	68543.26914	432.7911548	1542117.309	1141779.08	3692.110785	0.8523155686	1.048531773	43876.37494	16347.15264	10351.98156	2119.324149	577.1337023	0.1442637183	0.05404359844	0.01
13	1	66503.32069	563.5560645	996986.205	2439950.563	4529.475676	0.818820973	1.041158142	43579.81523	16296.59749	10300.46253	2119.32466	573.1818219	0.1878520215	0.03493944449	0.01000000169
13	1	63853.08555	4342.945966	288769.5898	6544027.01	1606.992629	0.9357202949	1.066892813	44614.83679	16473.03978	10480.26883	2119.321291	586.97426	1.447648655	0.0101199485	0.01
13	1	65284.06359	512.7490784	671166.7881	3841479.782	7878.982337	0.6848407065	1.011663206	42393.55974	16094.37404	10094.38353	2119.325724	557.3740783	0.1709163595	0.02352108246	0.01
13	1	66593.49849	222.9266897	1018942.319	2368211.742	12340.23685	0.5063905259	0.9723789036	40813.14395	15824.98551	9819.88265	2119.197087	536.3159004	0.07430889656	0.0357088979	0.0100750649
13	1	64850.49112	365.4148497	555304.1465	4514340.432	13894.93715	0.4442025138	0.9586881793	40262.95957	15731.16618	9724.25083	2119.326412	528.982234	0.1218049499	0.01946066887	0.01
13	1	65120.69036	215.6319075	624609.1965	4103007.914	21334.09685	0.1466361258	0.8931813186	37627.74346	15281.97363	9266.526226	2119.151828	493.8687754	0.07187730249	0.02188946872	0.01010162061
13	1	65750.06546	260.5161458	795695.4695	3229683.23	13585.52162	0.4565791351	0.9614128168	40372.54164	15749.84686	9743.287676	2119.32639	530.4424972	0.08683871526	0.02788519796	0.01
13	1	66216.68309	1394.361374	919411.8342	2719317.639	1559.6329	0.937614684	1.06731004	44631.41553	16475.87888	10483.17288	2119.262229	587.1961178	0.4647871245	0.03222084577	0.01003423437
13	1	65750.06546	260.5161458	795695.4695	3229683.23	13585.52162	0.4565791351	0.9614128168	40372.54164	15749.84686	9743.287676	2119.32639	530.4424972	0.08683871526	0.02788519796	0.01
13	1	65069.36747	236.3131114	613438.8213	4163675.932	19757.14138	0.209714345	0.9070671114	38186.74087	15377.23352	9363.574113	2119.305269	501.315403	0.07877103714	0.02149800221	0.01001244746
13	1	65363.32238	452.2052657	685568.5414	3774044.192	8859.729357	0.6456108257	1.003028297	42044.87324	16035.02214	10033.97519	2118.917005	552.7340477	0.1507350886	0.02402579281	0.01023754957
13	1	65284.06359	512.7490784	671166.7881	3841479.782	7878.982337	0.6848407065	1.011663206	42393.55974	16094.37404	10094.38353	2119.325724	557.3740783	0.1709163595	0.02352108246	0.01
13	1	66593.49849	222.9266897	1018942.319	2368211.742	12340.23685	0.5063905259	0.9723789036	40813.14395	15824.98551	9819.88265	2119.197087	536.3159004	0.07430889656	0.0357088979	0.0100750649
13	1	64569.81646	241.2353972	480294.432	5011587.201	24909.44377	0.003622249258	0.8616971293	36362.07981	15066.17513	9046.581273	2119.326496	477.0000926	0.08041179908	0.01683194869	0.01000019718
13	1	65363.32238	452.2052657	685568.5414	3774044.192	8859.729357	0.6456108257	1.003028297	42044.87324	16035.02214	10033.97519	2118.917005	552.7340477	0.1507350886	0.02402579281	0.01023754957
13	1	73261.35525	236.3131114	2802420.483	197327.025	3729.047355	0.8508381058	1.048206615	43863.19403	16344.91227	10349.70402	2119.29396	576.9585355	0.07877103714	0.09821100272	0.01001755324
13	1	63853.08555	4342.945966	288769.5898	6544027.01	1606.992629	0.9357202949	1.066892813	44614.83679	16473.03978	10480.26883	2119.321291	586.97426	1.447648655	0.0101199485	0.01
13	1	63877.21859	4334.910386	295217.3663	6485514.426	1559.492764	0.9376202894	1.067311086	44631.65901	16475.90751	10483.19125	2119.321091	587.1984299	1.444970129	0.01034591124	0.01000004364
13	1	64777.38847	442.6367576	535769.0805	4638876.695	11778.65482	0.5288538072	0.9773236439	41012.45847	15858.93482	9854.455481	2119.326245	538.9698686	0.1475455859	0.01877606125	0.01
13	1	67447.21924	403.5676708	1249221.827	1717042.402	5135.562531	0.7945774988	1.03582109	43365.16448	16260.00553	10263.17292	2119.324919	570.3214402	0.1345225569	0.04377905778	0.01000001454
13	1	63840.27751	1603.100606	285346.9246	6575302.873	5738.022298	0.7704791081	1.030515976	43151.79845	16223.63258	10226.10648	2119.325172	567.4781775	0.5343668686	0.01000000098	0.01000000006
13	1	64783.85665	452.2052657	530719.1549	4682624.488	11659.40325	0.5336238701	0.9783750531	41053.34556	15865.99434	9861.724747	2118.917346	539.5211983	0.1507350886	0.01859908629	0.01023754957
13	1	63980.39032	391.1122759	298842.5475	6506676.482	24789.67033	0.008413186666	0.8627564485	36399.74165	15072.91122	9053.711213	2117.882342	477.5248461	0.1303707586	0.01047295594	0.01083920401
13	1	64153.82942	334.1651793	366750.0838	5875262.378	23518.01355	0.05927945793	0.8739501833	36854.39323	15150.13224	9132.165484	2119.182836	483.5628136	0.1113883931	0.01285277984	0.01008364019
13	1	64823.95678	237.7398411	513589.935	4842258.277	23747.85161	0.0500859355	0.8719325113	36766.58889	15135.58928	9117.702645	2117.238258	482.4235651	0.0792466137	0.01799879169	0.01121338263
13	1	64777.38847	442.6367576	535769.0805	4638876.695	11778.65482	0.5288538072	0.9773236439	41012.45847	15858.93482	9854.455481	2119.326245	538.9698686	0.1475455859	0.01877606125	0.01
13	1	64569.79578	241.2353972	480294.432	5011577.589	24909.41984	0.003623206338	0.861697339	36362.08938	15066.17669	9046.582801	2119.32683	477.0002148	0.08041179908	0.01683194869	0.01000000344
13	1	64343.554	303.1321784	419836.4249	5451938.415	22609.21645	0.0956313418	0.8819523673	37176.72546	15205.0494	9188.103229	2119.32678	487.8558511	0.1010440595	0.01471319401	0.01
13	1	65685.36902	527.1125066	778381.8095	3308554.433	6485.362013	0.7405855195	1.02393509	42887.11695	16178.5121	10180.12602	2119.323895	563.9511219	0.1757041689	0.02727843965	0.01000087504
13	1	73091.19579	2970.246726	2757450.01	210047.6322	-401.7973209	1.016071893	1.084581726	45326.26637	16594.31866	10603.85999	2119.287503	596.4545924	0.9900822421	0.09663500965	0.01
13	1	65686.16985	432.7387743	777674.9773	3312872.023	8078.544273	0.6768582291	1.009906095	42322.6953	16082.30611	10082.096	2119.268708	556.4306605	0.1442462581	0.02725366867	0.01003314581
13	1	66593.49849	222.9266897	1018942.319	2368211.742	12340.23685	0.5063905259	0.9723789036	40813.14395	15824.98551	9819.88265	2119.197087	536.3159004	0.07430889656	0.0357088979	0.0100750649
13	1	63840.28181	1598.230314	285348.0753	6575292.329	5757.812667	0.7696874933	1.030341707	43144.78953	16222.43775	10224.88888	2119.325178	567.3847783	0.5327434379	0.01000004131	0.01
13	1	63853.08555	4342.945966	288769.5898	6544027.01	1606.992629	0.9357202949	1.066892813	44614.83679	16473.03978	10480.26883	2119.321291	586.97426	1.447648655	0.0101199485	0.01
13	1	68077.80517	1385.58882	1413030.807	1368946.758	774.7175143	0.9690112994	1.074222532	44908.65973	16523.19041	10531.42774	2119.034257	590.8941644	0.4618629401	0.04951975383	0.01016476658
13	1	64153.82942	334.1651793	366750.0838	5875262.378	23518.01355	0.05927945793	0.8739501833	36854.39323	15150.13224	9132.165484	2119.182836	483.5628136	0.1113883931	0.01285277984	0.01008364019
13	1	66593.49849	222.9266897	1018942.319	2368211.742	12340.23685	0.5063905259	0.9723789036	40813.14395	15824.98551	9819.88265	2119.197087	536.3159004	0.07430889656	0.0357088979	0.0100750649
13	1	64973.71004	199.9624289	588231.6749	4311947.623	24525.20834	0.01899166624	0.8650806114	36498.16108	15089.37311	9070.221483	2119.326827	478.8134721	0.06665414296	0.02061461618	0.01
13	1	67447.21924	403.5676708	1249221.827	1717042.402	5135.562531	0.7945774988	1.03582109	43365.16448	16260.00553	10263.17292	2119.324919	570.3214402	0.1345225569	0.04377905778	0.01000001454
13	1	67046.00477	734.824079	1141454.673	1995548.002	2783.947426	0.888642103	1.056528944	44197.89885	16401.97078	10407.85096	2119.290023	581.4187769	0.2449413597	0.04000235105	0.01001934088
13	1	65069.36747	236.3131114	613438.8213	4163675.932	19757.14138	0.209714345	0.9070671114	38186.74087	15377.23352	9363.574113	2119.305269	501.315403	0.07877103714	0.02149800221	0.01001244746
13	1	63964.48746	4052.555844	317648.5016	6287932.151	1549.714104	0.9380114358	1.067397366	44634.94546	16476.4795	10483.784	2119.267396	587.2430744	1.350851948	0.01113201179	0.01003121754
13	1	67447.21924	403.5676708	1249221.827	1717042.402	5135.562531	0.7945774988	1.03582109	43365.16448	16260.00553	10263.17292	2119.324919	570.3214402	0.1345225569	0.04377905778	0.01000001454
13	1	65039.2357	204.6373057	605740.9098	4208048.342	23233.1401	0.07067439617	0.8764582486	36955.75753	15167.38055	9149.716204	2119.326733	484.9112889	0.06821243525	0.02122822842	0.01000003669
13	1	65748.78791	1060.215749	795354.0746	3231219.558	2762.72283	0.8894910868	1.056715736	44205.52537	16403.26361	10409.16232	2119.323292	581.5198786	0.3534052496	0.02787323375	0.01
13	1	65748.78791	1060.215749	795354.0746	3231219.558	2762.72283	0.8894910868	1.056715736	44205.52537	16403.26361	10409.16232	2119.323292	581.5198786	0.3534052496	0.02787323375	0.01
13	1	66216.68309	1394.361374	919411.8342	2719317.639	1559.6329	0.937614684	1.06731004	44631.41553	16475.87888	10483.17288	2119.262229	587.1961178	0.4647871245	0.03222084577	0.01003423437
13	1	64339.65801	279.8840663	418795.3081	5459851.199	24613.69197	0.01545232104	0.8643014462	36466.82387	15084.03099	9064.777512	2119.326829	478.3958803	0.09329468876	0.01467670801	0.01
13	1	65748.78791	1060.215749	795354.0746	3231219.558	2762.72283	0.8894910868	1.056715736	44205.52537	16403.26361	10409.16232	2119.323292	581.5198786	0.3534052496	0.02787323375	0.01
13	1	65363.32238	452.2052657	685568.5414	3774044.192	8859.729357	0.6456108257	1.003028297	42044.87324	16035.02214	10033.97519	2118.917005	552.7340477	0.1507350886	0.02402579281	0.01023754957
13	1	65748.41708	346.011467	795085.613	3232618.136	10048.69885	0.598052046	0.9925572457	41625.10303	15963.37585	9960.889642	2119.315843	547.1339786	0.1153371557	0.0278638255	0.01000593544
13	1	67144.20872	300.8872863	1168176.337	1922311.156	7698.56237	0.6920575052	1.013251954	42457.44245	16105.26522	10105.48317	2119.321281	558.2254331	0.1002957621	0.04093881347	0.01000256008
13	1	64898.10073	535.3756082	426687.4158	5671562.44	12868.81918	0.4852472327	0.9677512195	40598.28435	15790.19408	9785.971097	2110.800463	533.5857722	0.1784585361	0.01495328742	0.01495324623
13	1	67141.00218	1246.605344	1167347.425	1924513.474	1279.379694	0.9488248123	1.069777701	44730.85466	16492.81818	10500.42482	2119.317592	588.5203282	0.4155351148	0.04090976421	0.01000158006
13	1	65957.59522	139.0191401	851134.3727	2989666.716	24375.73079	0.02497076858	0.8663968779	36551.09605	15098.3973	9079.417929	2119.325688	479.5188883	0.04633971336	0.02982805782	0.01000065993
13	1	66593.49849	222.9266897	1018942.319	2368211.742	12340.23685	0.5063905259	0.9723789036	40813.14395	15824.98551	9819.88265	2119.197087	536.3159004	0.07430889656	0.0357088979	0.0100750649
13	1	64101.50964	334.8434189	352826.8141	5990208.829	24424.50676	0.02301972961	0.8659678147	36533.36269	15095.40472	9076.393906	2119.186359	479.2847856	0.111614473	0.01236483797	0.01008160647
13	1	64569.79578	241.2353972	480294.432	5011577.589	24909.41984	0.003623206338	0.861697339	36362.08938	15066.17669	9046.582801	2119.32683	477.0002148	0.08041179908	0.01683194869	0.01000000344
13	1	67548.27445	190.7631999	1276145.892	1653881.488	11454.87515	0.5418049939	0.9801747841	41127.1116	15878.48105	9874.375273	2119.321321	540.4977851	0.0635877333	0.04472261335	0.01000284272
13	1	65068.03833	236.3131114	613438.8213	4163162.875	19755.60411	0.2097758354	0.9070805796	38187.35588	15377.33368	9363.672241	2119.326694	501.323259	0.07877103714	0.02149800221	0.01
13	1	73174.50246	129.6563895	2779711.875	203633.6668	7488.829834	0.7004468066	1.015098793	42531.73548	16117.92915	10118.38773	2119.325644	559.2153736	0.0432187965	0.09741517812	0.01
13	1	65679.0912	432.7446299	776729.1718	3316151.409	8085.09461	0.6765962156	1.009848232	42320.56337	16081.9302	10081.70244	2119.325763	556.401347	0.14424821	0.02722052286	0.01
13	1	64339.65801	279.8840663	418795.3081	5459851.199	24613.69197	0.01545232104	0.8643014462	36466.82387	15084.03099	9064.777512	2119.326829	478.3958803	0.09329468876	0.01467670801	0.01
13	1	66216.68309	1394.361374	919411.8342	2719317.639	1559.6329	0.937614684	1.06731004	44631.41553	16475.87888	10483.17288	2119.262229	587.1961178	0.4647871245	0.03222084577	0.01003423437
13	1	73850.64738	4311.75289	2853468.965	190694.7723	-60.4290533	1.002417162	1.081596371	45184.122	16571.49748	10581.78916	2112.817412	594.6626076	1.437250963	0.1	0.01374728688
13	1	66503.25951	3252.549574	996969.9033	2440005.932	152.3672779	0.9939053089	1.079701888	45130.00439	16560.86148	10569.76491	2119.311604	593.8392544	1.084183191	0.03493887319	0.01000000001
13	1	65748.41708	346.011467	795085.613	3232618.136	10048.69885	0.598052046	0.9925572457	41625.10303	15963.37585	9960.889642	2119.315843	547.1339786	0.1153371557	0.0278638255	0.01000593544
13	1	65734.45357	268.2715858	790834.4494	3252405.055	13259.30437	0.4696278252	0.9642855392	40487.93726	15769.52768	9763.351368	2119.284799	531.980889	0.08942386194	0.0277148432	0.0100241492
13	1	73850.64738	4311.75289	2853468.965	190694.7723	-60.4290533	1.002417162	1.081596371	45184.122	16571.49748	10581.78916	2112.817412	594.6626076	1.437250963	0.1	0.01374728688
13	1	73084.01125	4011.014619	2755530.101	210610.159	-495.8528332	1.019834113	1.085409956	45359.5769	16599.99718	10609.64677	2119.27356	596.8984803	1.337004873	0.09656772634	0.01
13	1	64261.83224	452.2052657	397998.0929	5620344.244	15763.46836	0.3694612655	0.9422343505	39601.20378	15618.35529	9609.289111	2119.326523	520.1638421	0.1507350886	0.01394786829	0.01
13	1	64777.38847	442.6367576	535769.0805	4638876.695	11778.65482	0.5288538072	0.9773236439	41012.45847	15858.93482	9854.455481	2119.326245	538.9698686	0.1475455859	0.01877606125	0.01
13	1	73553.07081	86.22507363	2784423.081	209185.9667	12042.71397	0.5182914412	0.9750170312	40899.77507	15840.99774	9837.245737	2113.508037	537.560462	0.02874169121	0.09758028265	0.0133801945
13	1	63877.21859	4334.910386	295217.3663	6485514.426	1559.492764	0.9376202894	1.067311086	44631.65901	16475.90751	10483.19125	2119.321091	587.1984299	1.444970129	0.01034591124	0.01000004364
13	1	64339.65801	279.8840663	418795.3081	5459851.199	24613.69197	0.01545232104	0.8643014462	36466.82387	15084.03099	9064.777512	2119.326829	478.3958803	0.09329468876	0.01467670801	0.01
13	1	65069.36747	236.3131114	613438.8213	4163675.932	19757.14138	0.209714345	0.9070671114	38186.74087	15377.23352	9363.574113	2119.305269	501.315403	0.07877103714	0.02149800221	0.01001244746
13	1	64146.73321	411.6923265	367217.4539	5866625.44	18911.83864	0.2435264544	0.9145105764	38486.17784	15428.27479	9415.584834	2119.325278	505.3053075	0.1372307755	0.01286915885	0.01000080511
13	1	64577.1955	268.0146616	482271.9414	4997790.763	22249.34765	0.1100260939	0.885121284	37304.17597	15226.77616	9210.244221	2119.32677	489.5542247	0.08933822052	0.01690125063	0.01
13	1	63840.28181	1598.230314	285348.0753	6575292.329	5757.812667	0.7696874933	1.030341707	43144.78953	16222.43775	10224.88888	2119.325178	567.3847783	0.5327434379	0.01000004131	0.01
13	1	66499.2802	161.1649914	995806.5633	2444048.122	17770.89924	0.2891640305	0.9245574246	38890.23567	15497.15639	9485.780567	2119.320589	510.6897546	0.05372166378	0.03489810387	0.01000350302
