#gen	Feasible	f1	f2	f3	f4	f5	c1	c2	c3	c4	c5	c6	c7	x1	x2	x3
5	1	73142.75436	4028.815833	2754257.469	212229.7662	-423.4691196	1.016938765	1.08477584	45330.56968	16595.27611	10605.02384	2118.249662	596.5281566	1.342938611	0.09652312685	0.01059472972
5	1	64342.1624	404.1939311	418834.593	5460745.794	16809.5521	0.3276179159	0.9330229147	39230.5994	15555.18589	9544.922328	2119.288575	515.225863	0.1347313104	0.01467808475	0.01002207693
5	1	63997.40984	469.0618763	285346.8965	6671795.439	21641.94894	0.1343220423	0.8904779979	37510.94803	15262.57891	9247.195101	2116.793831	492.3497492	0.1563539588	0.01	0.01147154798
5	1	65691.15315	340.497064	376778.1348	6658092.037	24167.26335	0.03330946587	0.8683104509	36544.82163	15102.64564	9088.216843	2095.006628	479.8205901	0.1134990213	0.01320421352	0.0241292697
5	1	65461.21414	178.263978	695380.0887	3743987.022	23332.44676	0.06670212958	0.8755882444	36915.9924	15160.90675	9143.375348	2117.931782	484.4034904	0.05942132599	0.0243696391	0.0108104613
5	1	65334.82257	292.557154	611638.3095	4280811.119	16175.66708	0.3529733167	0.9386187455	39440.69706	15591.95752	9583.198395	2114.917455	518.0948276	0.09751905134	0.02143490316	0.01256153801
5	1	64207.54261	341.5715222	378490.3089	5785199.369	22266.43825	0.1093424698	0.884971754	37297.1297	15225.64092	9209.142774	2119.025157	489.4651067	0.1138571741	0.01326421677	0.01017522827
5	1	67896.52223	294.8709213	1364586.954	1464517.652	6648.269502	0.7340692199	1.02250147	42828.4927	16168.57999	10170.0564	2119.041834	563.1743795	0.0982903071	0.04782203594	0.01016476658
5	1	64560.69686	1329.832517	470881.0779	5090042.991	4015.737089	0.8393705164	1.045683347	43760.37273	16327.4696	10332.00065	2118.903186	575.5945589	0.4432775058	0.0165020571	0.0102446835
5	1	67088.65259	1526.958435	1153403.244	1962231.551	924.0434944	0.9630382602	1.072906696	44856.70887	16514.27222	10522.2874	2119.318821	590.1973868	0.5089861448	0.0404210895	0.01
5	1	64358.50245	282.2264607	423831.0683	5421684.252	24104.02156	0.03583913768	0.8687894792	36647.32786	15114.80189	9096.135076	2119.326817	480.8012314	0.09407548689	0.01485318654	0.01
5	1	63840.2774	820.0468125	285346.8965	6575303.126	11947.68889	0.5220924445	0.9758351712	40952.59365	15848.72954	9844.05563	2119.32626	538.1721251	0.2733489375	0.01	0.01
5	1	65544.16263	528.4413308	627437.208	4246356.438	8696.943157	0.6521222737	1.004482312	42081.37289	16042.64856	10042.92725	2112.495244	553.3221784	0.1761471103	0.02198857656	0.01396833788
5	1	65461.21414	178.263978	695380.0887	3743987.022	23332.44676	0.06670212958	0.8755882444	36915.9924	15160.90675	9143.375348	2117.931782	484.4034904	0.05942132599	0.0243696391	0.0108104613
5	1	66629.36153	234.7857315	823014.3568	3341341.282	15528.39813	0.3788640749	0.9443444248	39643.19619	15628.25294	9621.677619	2106.800453	520.9218858	0.07826191051	0.02884259009	0.01727723069
5	1	74228.09564	86.76515218	2389017.075	443106.0545	16495.59849	0.3401760602	0.9359172195	39208.34243	15560.25084	9557.52969	2078.775498	515.5711629	0.02892171739	0.08372325419	0.03355884215
5	1	65734.56887	835.9117764	791554.349	3248368.313	3730.810881	0.8507675648	1.048190989	43862.66898	16344.81616	10349.60053	2119.324177	576.9510602	0.2786372588	0.02774007213	0.01
5	1	66516.6036	292.6229084	996969.9033	2443026.527	9447.114835	0.6221154066	0.9978553034	41837.48411	15999.6257	9997.868278	2119.110877	549.9673619	0.09754096946	0.03493887319	0.01012496768
5	1	64988.55646	675.452073	592199.0503	4288182.438	6671.81489	0.7331274044	1.022293227	42821.08808	16167.25569	10168.65473	2119.325451	563.0712139	0.225150691	0.0207536531	0.01
5	1	68346.81436	1316.519117	1458209.084	1297413.74	920.4827492	0.96318069	1.072944117	44851.72893	16513.8376	10522.19272	2117.423343	590.1610453	0.4388397056	0.05110302939	0.01110076671
5	1	74095.84678	463.8527223	2853468.965	195079.5522	2228.863173	0.9108454731	1.061450078	44360.33092	16431.92841	10440.28553	2108.918374	583.7475982	0.1546175741	0.1	0.01604358349
5	1	63840.2774	414.0863697	285346.8965	6575303.126	24410.90716	0.02356371352	0.8660871197	36538.64179	15096.27395	9077.253884	2119.326824	479.3529079	0.1380287899	0.01	0.01
5	1	63849.25304	3351.272571	287745.4371	6553369.952	2319.828464	0.9072068614	1.060615755	44362.38008	16430.00296	10436.41147	2119.322703	583.6100851	1.117090857	0.01008405701	0.01
5	1	74228.09564	86.76515218	2389017.075	443106.0545	16495.59849	0.3401760602	0.9359172195	39208.34243	15560.25084	9557.52969	2078.775498	515.5711629	0.02892171739	0.08372325419	0.03355884215
5	1	65544.16263	528.4413308	627437.208	4246356.438	8696.943157	0.6521222737	1.004482312	42081.37289	16042.64856	10042.92725	2112.495244	553.3221784	0.1761471103	0.02198857656	0.01396833788
5	1	64053.31329	3346.906151	341649.4833	6080617.347	1839.218188	0.9264312725	1.064848013	44532.46769	16459.00641	10465.97485	2119.284036	585.8772289	1.115635384	0.01197312771	0.01002195704
5	1	63985.14555	3502.261622	302985.714	6462786.797	2129.567061	0.9148173175	1.06229522	44425.57544	16441.05398	10447.90683	2118.051013	584.4723519	1.167420541	0.01061815347	0.01073853921
5	1	66596.19814	383.6075734	1021805.695	2357031.971	6824.160291	0.7270335884	1.020951711	42767.13369	16158.05797	10159.28165	2119.325491	562.3522313	0.1278691911	0.03580924507	0.01
5	1	67088.65259	1526.958435	1153403.244	1962231.551	924.0434944	0.9630382602	1.072906696	44856.70887	16514.27222	10522.2874	2119.318821	590.1973868	0.5089861448	0.0404210895	0.01
5	1	65757.75029	1019.344719	796772.2043	3225935.693	2901.865673	0.8839253731	1.055490666	44156.05269	16394.84278	10400.59177	2119.264517	580.8615516	0.339781573	0.0279229322	0.01003423437
5	1	65679.0912	432.7446299	776729.1718	3316151.409	8085.09461	0.6765962156	1.009848232	42320.56337	16081.9302	10081.70244	2119.325763	556.401347	0.14424821	0.02722052286	0.01
5	1	65697.08089	993.86667	781536.5188	3294017.893	3064.762255	0.8774095098	1.05405605	44098.55561	16385.02825	10390.57929	2119.323616	580.0944263	0.33128889	0.02738899663	0.01
5	1	65461.21414	178.263978	695380.0887	3743987.022	23332.44676	0.06670212958	0.8755882444	36915.9924	15160.90675	9143.375348	2117.931782	484.4034904	0.05942132599	0.0243696391	0.0108104613
5	1	73831.12709	110.6236326	2526511.108	336220.3832	11733.7009	0.5306519641	0.9778022843	40943.20496	15852.78353	9852.939344	2093.468001	538.4567113	0.03687454419	0.08854174126	0.02502273775
5	1	66516.6036	292.6229084	996969.9033	2443026.527	9447.114835	0.6221154066	0.9978553034	41837.48411	15999.6257	9997.868278	2119.110877	549.9673619	0.09754096946	0.03493887319	0.01012496768
5	1	63901.66753	3351.272571	301752.0505	6426741.364	2176.638055	0.9129344778	1.061876655	44413.09215	16438.64795	10445.22129	2119.322474	584.2858614	1.117090857	0.01057491966	0.01
5	1	65227.911	237.8461696	655578.4185	3926604.692	18315.32762	0.2673868953	0.9197634147	38697.32591	15464.27703	9452.27969	2119.291483	508.119549	0.07928205654	0.02297478706	0.01002042547
5	1	67896.52223	294.8709213	1364586.954	1464517.652	6648.269502	0.7340692199	1.02250147	42828.4927	16168.57999	10170.0564	2119.041834	563.1743795	0.0982903071	0.04782203594	0.01016476658
5	1	65544.16263	528.4413308	627437.208	4246356.438	8696.943157	0.6521222737	1.004482312	42081.37289	16042.64856	10042.92725	2112.495244	553.3221784	0.1761471103	0.02198857656	0.01396833788
5	1	74347.58507	134.1231968	2653496.329	282787.8245	9496.503365	0.6201398654	0.9975046281	41733.33602	15987.62427	9990.47318	2092.802477	548.9963386	0.04470773225	0.09299194635	0.02540917052
5	1	68074.74405	3895.787204	1391522.648	1420745.555	-106.3667144	1.004254669	1.08198514	45216.59197	16575.95718	10585.42993	2117.769323	595.0173669	1.298595735	0.04876599903	0.01088985392
5	1	66025.74361	1925.033267	869364.3524	2914680.673	1012.498118	0.9595000753	1.072127786	44825.38194	16508.93185	10516.84521	2119.319248	589.7799319	0.6416777558	0.03046692861	0.01
5	1	67088.65259	1526.958435	1153403.244	1962231.551	924.0434944	0.9630382602	1.072906696	44856.70887	16514.27222	10522.2874	2119.318821	590.1973868	0.5089861448	0.0404210895	0.01
5	1	63874.29915	3747.434901	285382.4816	6595667.824	2055.750857	0.9177699657	1.062942907	44454.10597	16445.75912	10452.56844	2118.775919	584.8410566	1.249144967	0.01000124708	0.01031736716
5	1	64988.55646	675.452073	592199.0503	4288182.438	6671.81489	0.7331274044	1.022293227	42821.08808	16167.25569	10168.65473	2119.325451	563.0712139	0.225150691	0.0207536531	0.01
5	1	73005.25431	4011.014619	2717513.626	223375.7163	-418.6384965	1.01674554	1.084733303	45328.85887	16594.98447	10604.72663	2118.250619	596.5053589	1.337004873	0.09523543655	0.01059472972
5	1	64834.61699	587.9688782	538582.4199	4640782.233	8682.843204	0.6526862718	1.004587014	42106.38611	16045.58357	10044.80119	2118.57306	553.5592018	0.1959896261	0.0188746549	0.01043735244
5	1	63840.2774	414.0863697	285346.8965	6575303.126	24410.90716	0.02356371352	0.8660871197	36538.64179	15096.27395	9077.253884	2119.326824	479.3529079	0.1380287899	0.01	0.01
5	1	73371.57293	134.7101387	2524303.734	323435.8188	9316.321586	0.6273471366	0.9990658445	41823.30209	16001.22473	10002.87369	2100.742396	550.0694043	0.04490337957	0.0884643837	0.02079636276
5	1	64339.80502	303.1321784	418834.593	5459552.415	22665.12644	0.0933949424	0.8814600377	37156.92447	15201.67389	9184.663357	2119.326782	487.5919882	0.1010440595	0.01467808475	0.01
5	1	64988.55646	675.452073	592199.0503	4288182.438	6671.81489	0.7331274044	1.022293227	42821.08808	16167.25569	10168.65473	2119.325451	563.0712139	0.225150691	0.0207536531	0.01
5	1	63849.25304	3351.272571	287745.4371	6553369.952	2319.828464	0.9072068614	1.060615755	44362.38008	16430.00296	10436.41147	2119.322703	583.6100851	1.117090857	0.01008405701	0.01
5	1	66025.92496	1565.462172	869412.8137	2914483.914	1420.649926	0.943174003	1.068533701	44680.8316	16484.29005	10491.7336	2119.32077	587.8536903	0.521820724	0.03046862694	0.01
5	1	71310.40817	186.3298735	2266613.284	418334.219	6343.263366	0.7462694653	1.025189261	42934.47471	16186.78229	10188.71948	2118.422891	564.5964744	0.06210995784	0.07943360561	0.01052429739
5	1	66596.19814	383.6075734	1021805.695	2357031.971	6824.160291	0.7270335884	1.020951711	42767.13369	16158.05797	10159.28165	2119.325491	562.3522313	0.1278691911	0.03580924507	0.01
5	1	65227.911	237.8461696	655578.4185	3926604.692	18315.32762	0.2673868953	0.9197634147	38697.32591	15464.27703	9452.27969	2119.291483	508.119549	0.07928205654	0.02297478706	0.01002042547
5	1	67896.52223	294.8709213	1364586.954	1464517.652	6648.269502	0.7340692199	1.02250147	42828.4927	16168.57999	10170.0564	2119.041834	563.1743795	0.0982903071	0.04782203594	0.01016476658
5	1	73073.09623	76.1033784	1839835.325	1035142.34	24431.03192	0.02275872316	0.8660861872	36350.15024	15076.18169	9066.898052	2064.26643	477.713498	0.0253677928	0.06447714512	0.0419883619
5	1	63840.2774	414.0863697	285346.8965	6575303.126	24410.90716	0.02356371352	0.8660871197	36538.64179	15096.27395	9077.253884	2119.326824	479.3529079	0.1380287899	0.01	0.01
5	1	65757.75029	1019.344719	796772.2043	3225935.693	2901.865673	0.8839253731	1.055490666	44156.05269	16394.84278	10400.59177	2119.264517	580.8615516	0.339781573	0.0279229322	0.01003423437
5	1	66516.6036	292.6229084	996969.9033	2443026.527	9447.114835	0.6221154066	0.9978553034	41837.48411	15999.6257	9997.868278	2119.110877	549.9673619	0.09754096946	0.03493887319	0.01012496768
5	1	71344.17066	178.263978	2239255.334	440105.0339	6909.363907	0.7236254437	1.020211344	42726.75696	16151.85209	10153.52664	2116.228487	561.8632498	0.05942132599	0.07847484455	0.01179924482
5	1	66392.11632	269.1484456	477566.722	5962268.086	24497.65833	0.02009366678	0.8654177844	36410.6168	15080.90884	9067.02491	2089.787096	478.1149089	0.08971614854	0.01673635592	0.02716165939
5	1	65544.16263	528.4413308	627437.208	4246356.438	8696.943157	0.6521222737	1.004482312	42081.37289	16042.64856	10042.92725	2112.495244	553.3221784	0.1761471103	0.02198857656	0.01396833788
5	1	63840.2774	820.0468125	285346.8965	6575303.126	11947.68889	0.5220924445	0.9758351712	40952.59365	15848.72954	9844.05563	2119.32626	538.1721251	0.2733489375	0.01	0.01
5	1	73967.47678	270.3033279	2819164.926	204628.1393	3885.090707	0.8445963717	1.046865744	43773.76424	16331.93516	10338.38583	2108.921109	575.9311574	0.0901011093	0.09879781278	0.01604358349
5	1	63849.25304	3351.272571	287745.4371	6553369.952	2319.828464	0.9072068614	1.060615755	44362.38008	16430.00296	10436.41147	2119.322703	583.6100851	1.117090857	0.01008405701	0.01
5	1	74380.28876	110.6236326	2526511.108	353782.2607	12368.85009	0.5052459964	0.9722376574	40689.1029	15811.40199	9812.395791	2084.615718	535.2108675	0.03687454419	0.08854174126	0.03016564621
5	1	72812.21819	113.7948084	2507687.108	316098.4089	10417.78683	0.5832885269	0.9893409526	41459.60736	15937.47242	9936.43295	2108.756911	545.0959207	0.0379316028	0.087882053	0.01614032664
5	1	72344.80799	282.2264607	2480373.963	317425.39	3820.411967	0.8471835213	1.047416974	43815.51324	16337.8013	10343.31246	2114.641796	576.3968598	0.09407548689	0.08692486212	0.01272021303
5	1	68855.88182	270.7247897	1493066.162	1280076.047	7168.253457	0.7132698617	1.017947317	42618.92532	16134.54155	10136.78683	2111.327384	560.5039656	0.09024159656	0.0523245979	0.01464662366
5	1	65151.87997	236.3131114	635843.6418	4035233.838	19032.53256	0.2386986977	0.9134477709	38443.43765	15420.98848	9408.159349	2119.326668	504.7357406	0.07877103714	0.02228318056	0.01
5	1	63901.66753	3351.272571	301752.0505	6426741.364	2176.638055	0.9129344778	1.061876655	44413.09215	16438.64795	10445.22129	2119.322474	584.2858614	1.117090857	0.01057491966	0.01
5	1	63840.2774	414.0863697	285346.8965	6575303.126	24410.90716	0.02356371352	0.8660871197	36538.64179	15096.27395	9077.253884	2119.326824	479.3529079	0.1380287899	0.01	0.01
5	1	74228.09564	86.76515218	2389017.075	443106.0545	16495.59849	0.3401760602	0.9359172195	39208.34243	15560.25084	9557.52969	2078.775498	515.5711629	0.02892171739	0.08372325419	0.03355884215
5	1	65344.58421	288.080899	604462.8601	4338517.649	16676.73485	0.3329306062	0.9342083549	39261.29573	15561.50366	9552.272379	2114.32729	515.7135214	0.09602696633	0.02118343909	0.01290442003
5	1	67088.65259	1526.958435	1153403.244	1962231.551	924.0434944	0.9630382602	1.072906696	44856.70887	16514.27222	10522.2874	2119.318821	590.1973868	0.5089861448	0.0404210895	0.01
5	1	65757.75029	1019.344719	796772.2043	3225935.693	2901.865673	0.8839253731	1.055490666	44156.05269	16394.84278	10400.59177	2119.264517	580.8615516	0.339781573	0.0279229322	0.01003423437
5	1	64648.95009	443.953461	501446.768	4866060.331	12597.47589	0.4961009645	0.9701133059	40722.46621	15809.49923	9804.077368	2119.326316	535.1055044	0.147984487	0.01757323364	0.01
5	1	63840.2774	414.0863697	285346.8965	6575303.126	24410.90716	0.02356371352	0.8660871197	36538.64179	15096.27395	9077.253884	2119.326824	479.3529079	0.1380287899	0.01	0.01
5	1	74228.09564	86.76515218	2389017.075	443106.0545	16495.59849	0.3401760602	0.9359172195	39208.34243	15560.25084	9557.52969	2078.775498	515.5711629	0.02892171739	0.08372325419	0.03355884215
5	1	65109.83927	236.3131114	624609.1965	4098882.183	19388.61809	0.2244552765	0.9103121688	38317.32702	15399.49013	9386.251122	2119.326681	503.0552218	0.07877103714	0.02188946872	0.01
5	1	63901.66753	3351.272571	301752.0505	6426741.364	2176.638055	0.9129344778	1.061876655	44413.09215	16438.64795	10445.22129	2119.322474	584.2858614	1.117090857	0.01057491966	0.01
5	1	64358.50245	282.2264607	423831.0683	5421684.252	24104.02156	0.03583913768	0.8687894792	36647.32786	15114.80189	9096.135076	2119.326817	480.8012314	0.09407548689	0.01485318654	0.01
5	1	64844.38186	508.4907174	541191.8664	4623943.304	10098.74503	0.5960501989	0.9921189288	41604.93276	15960.09977	9957.687575	2118.573262	546.8769601	0.1694969058	0.01896610312	0.01043735244
5	1	64300.02692	290.590716	408204.7761	5540997.754	24312.79802	0.02748807909	0.8669510447	36573.38795	15102.1972	9083.290066	2119.326822	479.8159266	0.09686357202	0.01430556214	0.01
5	1	73834.79641	86.33703857	2523426.113	338145.0336	14761.95364	0.4095218542	0.9511370165	39869.91639	15669.87141	9666.584939	2093.223061	524.1582222	0.02877901286	0.08843362741	0.02516521491
5	1	72712.88806	86.76515218	1843177.16	995338.8701	21355.51149	0.1457795404	0.8931492325	37459.16114	15263.92329	9257.11489	2070.27434	492.396708	0.02892171739	0.06459425992	0.03849789142
5	1	71157.85195	192.6751729	2216505.098	450034.4988	6305.717765	0.7477712894	1.025521682	42945.91581	16188.85589	10190.93617	2117.859408	564.757863	0.06422505762	0.07767756109	0.01085165031
5	1	66516.6036	292.6229084	996969.9033	2443026.527	9447.114835	0.6221154066	0.9978553034	41837.48411	15999.6257	9997.868278	2119.110877	549.9673619	0.09754096946	0.03493887319	0.01012496768
5	1	67566.40578	3911.318997	1261031.677	1700809.829	-75.14849065	1.00300594	1.081709207	45206.59903	16574.18308	10583.56268	2118.094495	594.8790891	1.303772999	0.04419293473	0.01070232156
5	1	66516.6036	292.6229084	996969.9033	2443026.527	9447.114835	0.6221154066	0.9978553034	41837.48411	15999.6257	9997.868278	2119.110877	549.9673619	0.09754096946	0.03493887319	0.01012496768
5	1	65732.75593	451.0564463	790408.6679	3254303.257	7581.714487	0.6967314205	1.014281002	42498.70823	16112.30764	10112.66639	2119.285778	558.7758927	0.1503521488	0.02769992166	0.01002317231
5	1	64368.41168	3913.391677	416051.9583	5500619.866	1107.170459	0.9557131816	1.071296139	44789.78113	16503.00045	10510.91632	2118.690487	589.3154901	1.304463892	0.01458056714	0.01036541949
5	1	65697.08089	993.86667	781536.5188	3294017.893	3064.762255	0.8774095098	1.05405605	44098.55561	16385.02825	10390.57929	2119.323616	580.0944263	0.33128889	0.02738899663	0.01
5	1	66025.74361	1925.033267	869364.3524	2914680.673	1012.498118	0.9595000753	1.072127786	44825.38194	16508.93185	10516.84521	2119.319248	589.7799319	0.6416777558	0.03046692861	0.01
5	1	67014.0882	3363.305744	1133477.561	2017460.76	15.31497418	0.999387401	1.080908737	45178.5426	16569.13589	10578.19708	2119.30883	594.4860624	1.121101915	0.03972279268	0.01
5	1	66572.57806	208.2084601	983517.8995	2513895.557	13900.1474	0.4439941041	0.9586484745	40254.76088	15730.19032	9723.610865	2117.397566	528.9035411	0.06940282002	0.03446744687	0.01112059577
5	1	64844.38186	508.4907174	541191.8664	4623943.304	10098.74503	0.5960501989	0.9921189288	41604.93276	15960.09977	9957.687575	2118.573262	546.8769601	0.1694969058	0.01896610312	0.01043735244
5	1	66316.21218	140.1081125	943429.0026	2632197.683	21755.27391	0.1297890436	0.8894726634	37478.44959	15256.53186	9240.60667	2119.112213	491.8799506	0.04670270416	0.03306252895	0.01012464282
5	1	64834.61699	587.9688782	538582.4199	4640782.233	8682.843204	0.6526862718	1.004587014	42106.38611	16045.58357	10044.80119	2118.57306	553.5592018	0.1959896261	0.0188746549	0.01043735244
5	1	65544.16263	528.4413308	627437.208	4246356.438	8696.943157	0.6521222737	1.004482312	42081.37289	16042.64856	10042.92725	2112.495244	553.3221784	0.1761471103	0.02198857656	0.01396833788
5	1	66596.19814	383.6075734	1021805.695	2357031.971	6824.160291	0.7270335884	1.020951711	42767.13369	16158.05797	10159.28165	2119.325491	562.3522313	0.1278691911	0.03580924507	0.01
5	1	64466.94996	689.009881	452373.1558	5211137.742	8780.819471	0.6487672212	1.003721933	42074.07961	16039.91737	10038.89346	2119.299454	553.1171848	0.2296699603	0.0158534458	0.01001535346
5	1	63840.2774	820.0468125	285346.8965	6575303.126	11947.68889	0.5220924445	0.9758351712	40952.59365	15848.72954	9844.05563	2119.32626	538.1721251	0.2733489375	0.01	0.01
5	1	65710.84787	827.817975	785215.4376	3277179.611	3811.416422	0.8475433431	1.047481196	43834.12186	16339.94967	10344.64126	2119.324234	576.5706484	0.275939325	0.02751792458	0.01
5	1	66316.21218	140.1081125	943429.0026	2632197.683	21755.27391	0.1297890436	0.8894726634	37478.44959	15256.53186	9240.60667	2119.112213	491.8799506	0.04670270416	0.03306252895	0.01012464282
5	1	65461.21414	178.263978	695380.0887	3743987.022	23332.44676	0.06670212958	0.8755882444	36915.9924	15160.90675	9143.375348	2117.931782	484.4034904	0.05942132599	0.0243696391	0.0108104613
5	1	64300.02692	290.590716	408204.7761	5540997.754	24312.79802	0.02748807909	0.8669510447	36573.38795	15102.1972	9083.290066	2119.326822	479.8159266	0.09686357202	0.01430556214	0.01
5	1	65757.75029	1019.344719	796772.2043	3225935.693	2901.865673	0.8839253731	1.055490666	44156.05269	16394.84278	10400.59177	2119.264517	580.8615516	0.339781573	0.0279229322	0.01003423437
5	1	65734.56887	835.9117764	791554.349	3248368.313	3730.810881	0.8507675648	1.048190989	43862.66898	16344.81616	10349.60053	2119.324177	576.9510602	0.2786372588	0.02774007213	0.01
5	1	65757.75029	1019.344719	796772.2043	3225935.693	2901.865673	0.8839253731	1.055490666	44156.05269	16394.84278	10400.59177	2119.264517	580.8615516	0.339781573	0.0279229322	0.01003423437
5	1	67461.70572	496.1822375	1253093.433	1707806.548	4019.367702	0.8392252919	1.045650028	43760.4742	16327.3948	10331.84702	2119.324371	575.589238	0.1653940792	0.04391473845	0.01
5	1	64358.50245	282.2264607	423831.0683	5421684.252	24104.02156	0.03583913768	0.8687894792	36647.32786	15114.80189	9096.135076	2119.326817	480.8012314	0.09407548689	0.01485318654	0.01
5	1	65873.13134	333.4151845	823014.3568	3115094.323	10099.77523	0.5960089908	0.9921085222	41605.94128	15960.18052	9957.693234	2118.990208	546.8837933	0.1111383948	0.02884259009	0.01019512202
5	1	63985.14555	3502.261622	302985.714	6462786.797	2129.567061	0.9148173175	1.06229522	44425.57544	16441.05398	10447.90683	2118.051013	584.4723519	1.167420541	0.01061815347	0.01073853921
5	1	66516.6036	292.6229084	996969.9033	2443026.527	9447.114835	0.6221154066	0.9978553034	41837.48411	15999.6257	9997.868278	2119.110877	549.9673619	0.09754096946	0.03493887319	0.01012496768
5	1	63849.25304	3351.272571	287745.4371	6553369.952	2319.828464	0.9072068614	1.060615755	44362.38008	16430.00296	10436.41147	2119.322703	583.6100851	1.117090857	0.01008405701	0.01
5	1	65334.82257	292.557154	611638.3095	4280811.119	16175.66708	0.3529733167	0.9386187455	39440.69706	15591.95752	9583.198395	2114.917455	518.0948276	0.09751905134	0.02143490316	0.01256153801
5	1	64725.95191	443.953461	510525.812	4824110.387	12409.60551	0.5036157797	0.971769867	40786.71747	15820.60395	9815.521274	2118.632718	535.9726898	0.147984487	0.01789140931	0.01040294769
5	1	63985.14555	3502.261622	302985.714	6462786.797	2129.567061	0.9148173175	1.06229522	44425.57544	16441.05398	10447.90683	2118.051013	584.4723519	1.167420541	0.01061815347	0.01073853921
5	1	64560.69686	1329.832517	470881.0779	5090042.991	4015.737089	0.8393705164	1.045683347	43760.37273	16327.4696	10332.00065	2118.903186	575.5945589	0.4432775058	0.0165020571	0.0102446835
5	1	65731.774	454.1073424	790807.4819	3251749.729	7518.615337	0.6992553865	1.01483651	42521.18669	16116.13087	10116.55518	2119.325651	559.0748032	0.1513691141	0.02771389812	0.01
5	1	67461.70572	496.1822375	1253093.433	1707806.548	4019.367702	0.8392252919	1.045650028	43760.4742	16327.3948	10331.84702	2119.324371	575.589238	0.1653940792	0.04391473845	0.01
5	1	75006.16483	124.745786	2842721.301	216265.5741	9469.34602	0.6212261592	0.9977412132	41745.58356	15989.53757	9992.276234	2093.600787	549.146898	0.04158192867	0.09962334744	0.02494538019
5	1	65227.911	237.8461696	655578.4185	3926604.692	18315.32762	0.2673868953	0.9197634147	38697.32591	15464.27703	9452.27969	2119.291483	508.119549	0.07928205654	0.02297478706	0.01002042547
5	1	66750.91872	337.1195447	637837.3001	4663881.603	14910.02909	0.4035988366	0.9498316673	39818.94869	15661.08496	9657.548695	2093.670701	523.4719472	0.1123731816	0.02235304845	0.02490515751
5	1	63849.25304	3351.272571	287745.4371	6553369.952	2319.828464	0.9072068614	1.060615755	44362.38008	16430.00296	10436.41147	2119.322703	583.6100851	1.117090857	0.01008405701	0.01
5	1	63840.2774	820.0468125	285346.8965	6575303.126	11947.68889	0.5220924445	0.9758351712	40952.59365	15848.72954	9844.05563	2119.32626	538.1721251	0.2733489375	0.01	0.01
5	1	68907.80878	85.5036796	1484504.091	1305559.55	23341.94723	0.066322111	0.8755300594	36886.41947	15157.60528	9141.473273	2109.975212	484.1354735	0.02850122653	0.05202453957	0.01543297892
5	1	66516.6036	292.6229084	996969.9033	2443026.527	9447.114835	0.6221154066	0.9978553034	41837.48411	15999.6257	9997.868278	2119.110877	549.9673619	0.09754096946	0.03493887319	0.01012496768
5	1	63849.25304	3351.272571	287745.4371	6553369.952	2319.828464	0.9072068614	1.060615755	44362.38008	16430.00296	10436.41147	2119.322703	583.6100851	1.117090857	0.01008405701	0.01
5	1	65227.911	237.8461696	655578.4185	3926604.692	18315.32762	0.2673868953	0.9197634147	38697.32591	15464.27703	9452.27969	2119.291483	508.119549	0.07928205654	0.02297478706	0.01002042547
5	1	66596.19814	383.6075734	1021805.695	2357031.971	6824.160291	0.7270335884	1.020951711	42767.13369	16158.05797	10159.28165	2119.325491	562.3522313	0.1278691911	0.03580924507	0.01
5	1	64844.38186	508.4907174	541191.8664	4623943.304	10098.74503	0.5960501989	0.9921189288	41604.93276	15960.09977	9957.687575	2118.573262	546.8769601	0.1694969058	0.01896610312	0.01043735244
5	1	66079.04783	226.544994	636285.5801	4394072.269	20942.24549	0.1623101804	0.8966790704	37717.95521	15300.57636	9288.19343	2104.407754	495.3045206	0.07551499799	0.02229866832	0.01866745523
5	1	66629.36153	234.7857315	823014.3568	3341341.282	15528.39813	0.3788640749	0.9443444248	39643.19619	15628.25294	9621.677619	2106.800453	520.9218858	0.07826191051	0.02884259009	0.01727723069
5	1	66270.18067	1172.857121	926230.7724	2700605.672	2009.913778	0.9196034489	1.063346421	44470.45917	16448.53894	10455.39458	2118.812151	585.0583998	0.3909523737	0.03245981589	0.01029626996
5	1	66629.36153	234.7857315	823014.3568	3341341.282	15528.39813	0.3788640749	0.9443444248	39643.19619	15628.25294	9621.677619	2106.800453	520.9218858	0.07826191051	0.02884259009	0.01727723069
5	1	65544.16263	528.4413308	627437.208	4246356.438	8696.943157	0.6521222737	1.004482312	42081.37289	16042.64856	10042.92725	2112.495244	553.3221784	0.1761471103	0.02198857656	0.01396833788
5	1	65363.32238	452.2052657	685568.5414	3774044.192	8859.729357	0.6456108257	1.003028297	42044.87324	16035.02214	10033.97519	2118.917005	552.7340477	0.1507350886	0.02402579281	0.01023754957
5	1	65227.911	237.8461696	655578.4185	3926604.692	18315.32762	0.2673868953	0.9197634147	38697.32591	15464.27703	9452.27969	2119.291483	508.119549	0.07928205654	0.02297478706	0.01002042547
5	1	66596.19814	383.6075734	1021805.695	2357031.971	6824.160291	0.7270335884	1.020951711	42767.13369	16158.05797	10159.28165	2119.325491	562.3522313	0.1278691911	0.03580924507	0.01
5	1	64358.50245	282.2264607	423831.0683	5421684.252	24104.02156	0.03583913768	0.8687894792	36647.32786	15114.80189	9096.135076	2119.326817	480.8012314	0.09407548689	0.01485318654	0.01
5	1	65363.32238	452.2052657	685568.5414	3774044.192	8859.729357	0.6456108257	1.003028297	42044.87324	16035.02214	10033.97519	2118.917005	552.7340477	0.1507350886	0.02402579281	0.01023754957
5	1	73967.47678	270.3033279	2819164.926	204628.1393	3885.090707	0.8445963717	1.046865744	43773.76424	16331.93516	10338.38583	2108.921109	575.9311574	0.0901011093	0.09879781278	0.01604358349
5	1	63849.25304	3351.272571	287745.4371	6553369.952	2319.828464	0.9072068614	1.060615755	44362.38008	16430.00296	10436.41147	2119.322703	583.6100851	1.117090857	0.01008405701	0.01
5	1	63985.14555	3502.261622	302985.714	6462786.797	2129.567061	0.9148173175	1.06229522	44425.57544	16441.05398	10447.90683	2118.051013	584.4723519	1.167420541	0.01061815347	0.01073853921
5	1	64844.38186	508.4907174	541191.8664	4623943.304	10098.74503	0.5960501989	0.9921189288	41604.93276	15960.09977	9957.687575	2118.573262	546.8769601	0.1694969058	0.01896610312	0.01043735244
5	1	67406.83639	365.6552673	1238430.819	1743048.258	5804.096357	0.7678361457	1.029934144	43128.39778	16219.64341	10222.04127	2119.325194	567.166346	0.1218850891	0.04340088622	0.01
5	1	63840.2774	820.0468125	285346.8965	6575303.126	11947.68889	0.5220924445	0.9758351712	40952.59365	15848.72954	9844.05563	2119.32626	538.1721251	0.2733489375	0.01	0.01
5	1	65289.78295	482.0376271	515347.3508	5040532.698	11890.81051	0.5243675795	0.9763664162	40941.47342	15848.9094	9845.98335	2109.834708	538.1743237	0.160679209	0.01806038044	0.01551426396
5	1	63840.2774	414.0863697	285346.8965	6575303.126	24410.90716	0.02356371352	0.8660871197	36538.64179	15096.27395	9077.253884	2119.326824	479.3529079	0.1380287899	0.01	0.01
5	1	65691.15315	340.497064	376778.1348	6658092.037	24167.26335	0.03330946587	0.8683104509	36544.82163	15102.64564	9088.216843	2095.006628	479.8205901	0.1134990213	0.01320421352	0.0241292697
5	1	66392.11632	269.1484456	477566.722	5962268.086	24497.65833	0.02009366678	0.8654177844	36410.6168	15080.90884	9067.02491	2089.787096	478.1149089	0.08971614854	0.01673635592	0.02716165939
5	1	64834.61699	587.9688782	538582.4199	4640782.233	8682.843204	0.6526862718	1.004587014	42106.38611	16045.58357	10044.80119	2118.57306	553.5592018	0.1959896261	0.0188746549	0.01043735244
5	1	64402.90422	282.2264607	423831.0683	5444049.437	24155.37574	0.03378497044	0.8683395584	36626.78277	15111.45604	9092.856978	2118.611077	480.5387928	0.09407548689	0.01485318654	0.01041582333
5	1	64339.80502	303.1321784	418834.593	5459552.415	22665.12644	0.0933949424	0.8814600377	37156.92447	15201.67389	9184.663357	2119.326782	487.5919882	0.1010440595	0.01467808475	0.01
5	1	65697.08089	993.86667	781536.5188	3294017.893	3064.762255	0.8774095098	1.05405605	44098.55561	16385.02825	10390.57929	2119.323616	580.0944263	0.33128889	0.02738899663	0.01
5	1	73005.25431	4011.014619	2717513.626	223375.7163	-418.6384965	1.01674554	1.084733303	45328.85887	16594.98447	10604.72663	2118.250619	596.5053589	1.337004873	0.09523543655	0.01059472972
5	1	65710.84787	827.817975	785215.4376	3277179.611	3811.416422	0.8475433431	1.047481196	43834.12186	16339.94967	10344.64126	2119.324234	576.5706484	0.275939325	0.02751792458	0.01
5	1	66596.20518	383.6075734	1021805.695	2357033.511	6824.168439	0.7270332624	1.020951639	42767.13044	16158.05744	10159.28113	2119.325377	562.3521896	0.1278691911	0.03580924507	0.01000006598
5	1	63840.2774	820.0468125	285346.8965	6575303.126	11947.68889	0.5220924445	0.9758351712	40952.59365	15848.72954	9844.05563	2119.32626	538.1721251	0.2733489375	0.01	0.01
5	1	63840.2774	3351.272571	285346.8965	6575303.126	2345.758609	0.9061696556	1.060387421	44353.1967	16428.43745	10434.81612	2119.322742	583.4877097	1.117090857	0.01	0.01
5	1	68077.80517	1385.58882	1413030.807	1368946.758	774.7175143	0.9690112994	1.074222532	44908.65973	16523.19041	10531.42774	2119.034257	590.8941644	0.4618629401	0.04951975383	0.01016476658
5	1	64207.54261	341.5715222	378490.3089	5785199.369	22266.43825	0.1093424698	0.884971754	37297.1297	15225.64092	9209.142774	2119.025157	489.4651067	0.1138571741	0.01326421677	0.01017522827
5	1	66596.19814	383.6075734	1021805.695	2357031.971	6824.160291	0.7270335884	1.020951711	42767.13369	16158.05797	10159.28165	2119.325491	562.3522313	0.1278691911	0.03580924507	0.01
5	1	66839.60317	213.6263612	694620.4145	4259996.856	20979.47843	0.1608208628	0.8963791916	37675.97664	15295.33163	9284.455207	2095.666717	494.8836184	0.07120878707	0.02434301627	0.02374572114
5	1	67461.70572	496.1822375	1253093.433	1707806.548	4019.367702	0.8392252919	1.045650028	43760.4742	16327.3948	10331.84702	2119.324371	575.589238	0.1653940792	0.04391473845	0.01
5	1	67014.0882	3363.305744	1133477.561	2017460.76	15.31497418	0.999387401	1.080908737	45178.5426	16569.13589	10578.19708	2119.30883	594.4860624	1.121101915	0.03972279268	0.01
5	1	65544.16263	528.4413308	627437.208	4246356.438	8696.943157	0.6521222737	1.004482312	42081.37289	16042.64856	10042.92725	2112.495244	553.3221784	0.1761471103	0.02198857656	0.01396833788
5	1	63874.29915	3747.434901	285382.4816	6595667.824	2055.750857	0.9177699657	1.062942907	44454.10597	16445.75912	10452.56844	2118.775919	584.8410566	1.249144967	0.01000124708	0.01031736716
5	1	67461.70572	496.1822375	1253093.433	1707806.548	4019.367702	0.8392252919	1.045650028	43760.4742	16327.3948	10331.84702	2119.324371	575.589238	0.1653940792	0.04391473845	0.01
5	1	66079.04783	226.544994	636285.5801	4394072.269	20942.24549	0.1623101804	0.8966790704	37717.95521	15300.57636	9288.19343	2104.407754	495.3045206	0.07551499799	0.02229866832	0.01866745523
5	1	65757.75029	1019.344719	796772.2043	3225935.693	2901.865673	0.8839253731	1.055490666	44156.05269	16394.84278	10400.59177	2119.264517	580.8615516	0.339781573	0.0279229322	0.01003423437
5	1	65757.75029	1019.344719	796772.2043	3225935.693	2901.865673	0.8839253731	1.055490666	44156.05269	16394.84278	10400.59177	2119.264517	580.8615516	0.339781573	0.0279229322	0.01003423437
5	1	66270.18067	1172.857121	926230.7724	2700605.672	2009.913778	0.9196034489	1.063346421	44470.45917	16448.53894	10455.39458	2118.812151	585.0583998	0.3909523737	0.03245981589	0.01029626996
5	1	64358.50245	282.2264607	423831.0683	5421684.252	24104.02156	0.03583913768	0.8687894792	36647.32786	15114.80189	9096.135076	2119.326817	480.8012314	0.09407548689	0.01485318654	0.01
5	1	65757.75029	1019.344719	796772.2043	3225935.693	2901.865673	0.8839253731	1.055490666	44156.05269	16394.84278	10400.59177	2119.264517	580.8615516	0.339781573	0.0279229322	0.01003423437
5	1	65363.32238	452.2052657	685568.5414	3774044.192	8859.729357	0.6456108257	1.003028297	42044.87324	16035.02214	10033.97519	2118.917005	552.7340477	0.1507350886	0.02402579281	0.01023754957
5	1	65732.75593	451.0564463	790408.6679	3254303.257	7581.714487	0.6967314205	1.014281002	42498.70823	16112.30764	10112.66639	2119.285778	558.7758927	0.1503521488	0.02769992166	0.01002317231
5	1	67179.31048	782.3142643	1177629.556	1897114.637	2463.934765	0.9014426094	1.05934679	44311.34364	16421.30267	10427.54531	2119.322912	582.9299863	0.2607714214	0.04127010214	0.01
5	1	64689.41109	469.0618763	422404.2062	5604495.205	14637.70535	0.414491786	0.9521648976	39982.04838	15684.46392	9677.654331	2113.90624	525.32476	0.1563539588	0.01480318207	0.01314896953
5	1	67088.65259	1526.958435	1153403.244	1962231.551	924.0434944	0.9630382602	1.072906696	44856.70887	16514.27222	10522.2874	2119.318821	590.1973868	0.5089861448	0.0404210895	0.01
5	1	66316.21218	140.1081125	943429.0026	2632197.683	21755.27391	0.1297890436	0.8894726634	37478.44959	15256.53186	9240.60667	2119.112213	491.8799506	0.04670270416	0.03306252895	0.01012464282
5	1	66596.19814	383.6075734	1021805.695	2357031.971	6824.160291	0.7270335884	1.020951711	42767.13369	16158.05797	10159.28165	2119.325491	562.3522313	0.1278691911	0.03580924507	0.01
5	1	63997.40984	469.0618763	285346.8965	6671795.439	21641.94894	0.1343220423	0.8904779979	37510.94803	15262.57891	9247.195101	2116.793831	492.3497492	0.1563539588	0.01	0.01147154798
5	1	64358.50245	282.2264607	423831.0683	5421684.252	24104.02156	0.03583913768	0.8687894792	36647.32786	15114.80189	9096.135076	2119.326817	480.8012314	0.09407548689	0.01485318654	0.01
5	1	67566.40578	3911.318997	1261031.677	1700809.829	-75.14849065	1.00300594	1.081709207	45206.59903	16574.18308	10583.56268	2118.094495	594.8790891	1.303772999	0.04419293473	0.01070232156
5	1	65544.16263	528.4413308	627437.208	4246356.438	8696.943157	0.6521222737	1.004482312	42081.37289	16042.64856	10042.92725	2112.495244	553.3221784	0.1761471103	0.02198857656	0.01396833788
5	1	73371.57293	134.7101387	2524303.734	323435.8188	9316.321586	0.6273471366	0.9990658445	41823.30209	16001.22473	10002.87369	2100.742396	550.0694043	0.04490337957	0.0884643837	0.02079636276
5	1	65731.774	454.1073424	790807.4819	3251749.729	7518.615337	0.6992553865	1.01483651	42521.18669	16116.13087	10116.55518	2119.325651	559.0748032	0.1513691141	0.02771389812	0.01
5	1	64358.50245	282.2264607	423831.0683	5421684.252	24104.02156	0.03583913768	0.8687894792	36647.32786	15114.80189	9096.135076	2119.326817	480.8012314	0.09407548689	0.01485318654	0.01
5	1	66270.18067	1172.857121	926230.7724	2700605.672	2009.913778	0.9196034489	1.063346421	44470.45917	16448.53894	10455.39458	2118.812151	585.0583998	0.3909523737	0.03245981589	0.01029626996
5	1	73142.75436	4028.815833	2754257.469	212229.7662	-423.4691196	1.016938765	1.08477584	45330.56968	16595.27611	10605.02384	2118.249662	596.5281566	1.342938611	0.09652312685	0.01059472972
5	1	66516.6036	292.6229084	996969.9033	2443026.527	9447.114835	0.6221154066	0.9978553034	41837.48411	15999.6257	9997.868278	2119.110877	549.9673619	0.09754096946	0.03493887319	0.01012496768
5	1	65734.56887	835.9117764	791554.349	3248368.313	3730.810881	0.8507675648	1.048190989	43862.66898	16344.81616	10349.60053	2119.324177	576.9510602	0.2786372588	0.02774007213	0.01
5	1	65950.58146	282.0747766	842493.7281	3032981.885	11781.88662	0.5287245351	0.9772964958	41009.96571	15858.59938	9854.188867	2118.916948	538.9431357	0.09402492553	0.02952524588	0.01023778788
5	1	74712.7248	4028.815833	2853468.965	206561.9692	953.6120013	0.9618555199	1.072711464	44779.21744	16505.51134	10517.09894	2098.924976	589.4871264	1.342938611	0.1	0.02182065671
5	1	71467.89794	4233.339948	2323659.601	384376.393	-462.5917988	1.018503672	1.085117067	45347.79723	16597.98908	10607.60038	2119.279482	596.7415073	1.411113316	0.08143279739	0.01
5	1	64207.92755	416.7152893	378593.1755	5784370.424	18112.095	0.2755162001	0.9215538845	38768.42474	15476.45566	9464.73949	2119.025018	509.0712159	0.1389050964	0.01326782174	0.01017522827
5	1	64844.38186	508.4907174	541191.8664	4623943.304	10098.74503	0.5960501989	0.9921189288	41604.93276	15960.09977	9957.687575	2118.573262	546.8769601	0.1694969058	0.01896610312	0.01043735244
5	1	74380.28876	110.6236326	2526511.108	353782.2607	12368.85009	0.5052459964	0.9722376574	40689.1029	15811.40199	9812.395791	2084.615718	535.2108675	0.03687454419	0.08854174126	0.03016564621
5	1	63901.66753	3351.272571	301752.0505	6426741.364	2176.638055	0.9129344778	1.061876655	44413.09215	16438.64795	10445.22129	2119.322474	584.2858614	1.117090857	0.01057491966	0.01
5	1	64300.02692	290.590716	408204.7761	5540997.754	24312.79802	0.02748807909	0.8669510447	36573.38795	15102.1972	9083.290066	2119.326822	479.8159266	0.09686357202	0.01430556214	0.01
5	1	65544.16263	528.4413308	627437.208	4246356.438	8696.943157	0.6521222737	1.004482312	42081.37289	16042.64856	10042.92725	2112.495244	553.3221784	0.1761471103	0.02198857656	0.01396833788
5	1	63877.36342	503.4248469	294339.5525	6495515.093	19314.45246	0.2274219014	0.9109654304	38343.41103	15403.94883	9390.805008	2119.271317	503.403688	0.1678082823	0.0103151482	0.01003216303
5	1	64560.69686	1329.832517	470881.0779	5090042.991	4015.737089	0.8393705164	1.045683347	43760.37273	16327.4696	10332.00065	2118.903186	575.5945589	0.4432775058	0.0165020571	0.0102446835
5	1	63840.2774	820.0468125	285346.8965	6575303.126	11947.68889	0.5220924445	0.9758351712	40952.59365	15848.72954	9844.05563	2119.32626	538.1721251	0.2733489375	0.01	0.01
5	1	66572.57806	208.2084601	983517.8995	2513895.557	13900.1474	0.4439941041	0.9586484745	40254.76088	15730.19032	9723.610865	2117.397566	528.9035411	0.06940282002	0.03446744687	0.01112059577
