#gen	Feasible	f1	f2	f3	f4	f5	c1	c2	c3	c4	c5	c6	c7	x1	x2	x3
40	1	66659.15093	230.98381	1038628.435	2302437.666	11634.59408	0.5346162369	0.9785922075	41063.47877	15867.63236	9863.318844	2119.326231	539.6497524	0.07699460334	0.03639879907	0.01
40	1	65849.57033	289.361132	822285.9448	3112239.09	11737.19174	0.5305123302	0.9776887576	41027.14296	15861.43812	9857.006504	2119.326241	539.1655505	0.09645371067	0.02881706284	0.01
40	1	64950.14909	406.0730242	581935.531	4349933.141	11823.39039	0.5270643845	0.9769297134	40996.615	15856.23395	9851.703117	2119.326249	538.7587425	0.1353576747	0.02039396742	0.01
40	1	66659.15093	230.98381	1038628.435	2302437.666	11634.59408	0.5346162369	0.9785922075	41063.47877	15867.63236	9863.318844	2119.326231	539.6497524	0.07699460334	0.03639879907	0.01
40	1	64019.83246	359.0302174	333042.1011	6153240.379	24114.44878	0.035422049	0.8686977151	36643.57797	15114.16642	9095.490673	2119.309511	480.7515354	0.1196767391	0.01167148146	0.01001005475
40	1	73484.75139	108.5598032	2853468.965	184334.2229	8877.604021	0.6448958392	1.002871355	42038.07154	16033.89392	10032.85175	2118.773944	552.6456767	0.03618660105	0.1	0.01032066465
40	1	64026.0167	4350	334978.0157	6136065.451	1276.48863	0.9489404548	1.069803151	44731.8868	16492.99359	10500.60311	2119.320085	588.5340425	1.45	0.0117393257	0.01000012603
40	1	65849.57033	289.361132	822285.9448	3112239.09	11737.19174	0.5305123302	0.9776887576	41027.14296	15861.43812	9857.006504	2119.326241	539.1655505	0.09645371067	0.02881706284	0.01
40	1	64836.29303	320.1242546	551510.0195	4538263.581	16084.12026	0.3566351897	0.9394107684	39487.64226	15598.99622	9589.560946	2119.32654	518.6505497	0.1067080849	0.01932770345	0.01
40	1	67625.88355	180.5243987	1296966.322	1606556.521	11940.29084	0.5223883665	0.9759003166	40955.21373	15849.17619	9844.510796	2119.326259	538.2070396	0.06017479956	0.04545226662	0.01
40	1	64836.29303	320.1242546	551510.0195	4538263.581	16084.12026	0.3566351897	0.9394107684	39487.64226	15598.99622	9589.560946	2119.32654	518.6505497	0.1067080849	0.01932770345	0.01
40	1	63840.27741	645.9399088	285346.898	6575303.113	15374.2721	0.3850291161	0.9456615177	39739.04086	15641.85266	9633.234481	2119.326502	522.0006245	0.2153133029	0.01000000005	0.01
40	1	67625.88355	180.5243987	1296966.322	1606556.521	11940.29084	0.5223883665	0.9759003166	40955.21373	15849.17619	9844.510796	2119.326259	538.2070396	0.06017479956	0.04545226662	0.01
40	1	64063.19635	335.716625	344631.3985	6054695.143	24947.38774	0.002104490345	0.8613630581	36348.586	15063.87851	9044.243966	2119.309605	476.820545	0.1119055417	0.01207762912	0.01001001064
40	1	68242.48285	241.8728408	1461738.833	1277056.953	7648.80276	0.6940478896	1.013690111	42475.07974	16108.27092	10108.54537	2119.325678	558.4603935	0.08062428027	0.05122672968	0.01
40	1	64070.00941	359.0302174	333975.616	6171899.305	24098.90356	0.03604385743	0.8688370117	36646.60469	15114.84695	9096.322482	2118.556986	480.8037917	0.1196767391	0.01170419655	0.01044724772
40	1	67254.23096	501.8445799	1197650.396	1844935.401	4184.369944	0.8326252023	1.044197059	43702.03729	16317.43294	10321.69522	2119.324472	574.8105224	0.1672815266	0.04197173373	0.01
40	1	63855.92708	4350	289528.9271	6537108.476	1596.935312	0.9361225875	1.066981375	44618.39867	16473.64698	10480.88761	2119.321265	587.0217247	1.45	0.01014655953	0.01
40	1	67254.23096	647.7673696	1197650.396	1844935.401	3069.423586	0.8772230566	1.054015004	44096.90476	16384.74682	10390.2925	2119.323621	580.0724275	0.2159224565	0.04197173373	0.01
40	1	64912.30682	202.7537691	571506.5443	4414074.938	24908.33243	0.003666702848	0.8617069756	36362.41163	15066.2358	9046.646544	2119.307745	477.0048115	0.06758458971	0.02002848292	0.01001109105
40	1	67673.09899	383.9158625	1309246.852	1579490.98	5154.684523	0.7938126191	1.035652771	43358.32544	16258.84411	10261.99308	2119.304638	570.2306263	0.1279719542	0.04588263859	0.01001180147
40	1	63854.45395	4325.964493	289135.2644	6540694.334	1613.292153	0.9354683139	1.066837341	44612.60576	16472.65945	10479.88125	2119.321307	586.9445298	1.441988164	0.01013276359	0.01
40	1	64387.73202	271.1785347	431639.9535	5363030.106	24648.96475	0.01404140981	0.8639908431	36454.33131	15081.90139	9062.607327	2119.326705	478.2294096	0.09039284491	0.01512684942	0.01000007254
40	1	66700.62234	231.8080537	1049710.75	2267165.324	11460.06148	0.5415975409	0.9801290989	41125.29094	15878.16961	9874.056994	2119.326215	540.4734458	0.07726935125	0.03678717949	0.01
40	1	66147.76583	374.3511421	901972.0887	2785246.406	8045.021252	0.6781991499	1.010201108	42334.75568	16084.34959	10084.16796	2119.325755	556.5904702	0.124783714	0.03160966878	0.01
40	1	66339.43309	942.9865189	951210.0472	2602397.393	2559.976389	0.8976009444	1.058501454	44276.93611	16415.46327	10421.61654	2119.203541	582.4733734	0.3143288396	0.03333521615	0.01006941986
40	1	63868.22157	4350	292805.3295	6507360.41	1570.545047	0.9371781981	1.067213763	44627.7432	16475.24008	10482.51118	2119.320651	587.1462563	1.45	0.01026138126	0.01000031637
40	1	73054.061	42.84168033	2747526.561	212971.4457	24507.07031	0.01971718755	0.8652403305	36504.58481	15090.46818	9071.337429	2119.326827	478.8990732	0.01428056011	0.09628724176	0.01
40	1	65849.51482	254.9613441	822271.1116	3112303.4	13424.26319	0.4630294723	0.9628328191	40429.65265	15759.58269	9753.20913	2119.326379	531.2035442	0.08498711469	0.02881654301	0.01
40	1	69025.34701	179.7364064	1670937.265	954218.8352	9139.986928	0.6344005229	1.000559109	41946.9636	16018.24192	10016.79995	2119.325655	551.4228545	0.05991213547	0.05855810192	0.0100001641
40	1	65158.35956	327.1868694	637575.1704	4025512.217	13495.07977	0.4601968091	0.9622092256	40404.57237	15755.30721	9748.852127	2119.326384	530.8693307	0.1090622898	0.02234386209	0.01
40	1	65158.35956	327.1868694	637575.1704	4025512.217	13495.07977	0.4601968091	0.9622092256	40404.57237	15755.30721	9748.852127	2119.326384	530.8693307	0.1090622898	0.02234386209	0.01
40	1	63861.82568	4350	291105.0881	6522771.216	1584.147303	0.9366341079	1.067093983	44622.92763	16474.41904	10481.67439	2119.321225	587.0820766	1.45	0.01020179619	0.01000000378
40	1	64112.93329	323.0482693	358208.1467	5940670.182	24941.70062	0.002331975362	0.8614130823	36350.6569	15064.22777	9044.596721	2119.326836	476.8478683	0.1076827564	0.01255342711	0.01
40	1	66659.15093	230.98381	1038628.435	2302437.666	11634.59408	0.5346162369	0.9785922075	41063.47877	15867.63236	9863.318844	2119.326231	539.6497524	0.07699460334	0.03639879907	0.01
40	1	67213.69798	445.9976697	1186818.856	1872984.31	4854.946612	0.8058021355	1.038292125	43464.54701	16276.94748	10280.43787	2119.324822	571.6457865	0.1486658899	0.04159214172	0.01
40	1	64387.73202	271.1785347	431639.9535	5363030.106	24648.96475	0.01404140981	0.8639908431	36454.33131	15081.90139	9062.607327	2119.326705	478.2294096	0.09039284491	0.01512684942	0.01000007254
40	1	64497.41437	250.9368347	460911.8579	5148809.086	24954.93511	0.001802595428	0.8612965504	36345.96177	15063.42791	9043.782063	2119.324403	476.7853408	0.08364561157	0.01615268515	0.0100014139
40	1	66659.15093	230.98381	1038628.435	2302437.666	11634.59408	0.5346162369	0.9785922075	41063.47877	15867.63236	9863.318844	2119.326231	539.6497524	0.07699460334	0.03639879907	0.01
40	1	66338.32878	2491.474076	951208.8952	2602136.177	497.5127076	0.9800994917	1.076662948	45007.4331	16539.98874	10548.51293	2119.214097	592.2075123	0.8304913588	0.03333517578	0.01005911834
40	1	65817.27894	354.0106175	813590.8425	3150237.813	9563.538633	0.6174584547	0.9968294279	41796.94709	15992.6691	9990.740244	2119.322019	549.4238306	0.1180035392	0.02851234243	0.01000231092
40	1	73186.17304	42.85105095	2782830.578	202750.9028	24181.00313	0.03275987482	0.8681115983	36620.0642	15110.15419	9091.398771	2119.326819	480.4379226	0.01428368365	0.09752447329	0.01
40	1	63846.77367	4350	287082.8536	6559421.61	1617.060174	0.935317593	1.066804161	44611.27128	16472.43196	10479.64942	2119.321315	586.9267469	1.45	0.01006083672	0.010000001
40	1	64836.29303	320.1242546	551510.0195	4538263.581	16084.12026	0.3566351897	0.9394107684	39487.64226	15598.99622	9589.560946	2119.32654	518.6505497	0.1067080849	0.01932770345	0.01
40	1	65131.50575	274.5889855	630399.0732	4065955.476	16420.0397	0.343198412	0.9364527439	39368.67361	15578.71538	9568.893442	2119.326556	517.0652033	0.09152966182	0.02209237531	0.01000000037
40	1	64416.13725	469.8380221	358208.1467	6110038.684	17260.93089	0.3095627643	0.9290637097	39054.76589	15526.27166	9516.348113	2114.439045	512.9595862	0.156612674	0.01255342711	0.01283951032
40	1	63915.25965	4350	305384.2419	6394305.515	1474.305449	0.9410277821	1.068061224	44661.82905	16481.05065	10488.43243	2119.320929	587.6004671	1.45	0.01070221003	0.01
40	1	64836.29303	320.1242546	551510.0195	4538263.581	16084.12026	0.3566351897	0.9394107684	39487.64226	15598.99622	9589.560946	2119.32654	518.6505497	0.1067080849	0.01932770345	0.01
40	1	73450.53142	129.3036002	2853468.965	183750.3201	7297.444486	0.7081022206	1.016784087	42599.51508	16129.48375	10130.1627	2119.325269	560.1185929	0.04310120008	0.1	0.01000019405
40	1	63840.27741	645.9399088	285346.898	6575303.113	15374.2721	0.3850291161	0.9456615177	39739.04086	15641.85266	9633.234481	2119.326502	522.0006245	0.2153133029	0.01000000005	0.01
40	1	65849.57033	289.361132	822285.9448	3112239.09	11737.19174	0.5305123302	0.9776887576	41027.14296	15861.43812	9857.006504	2119.326241	539.1655505	0.09645371067	0.02881706284	0.01
40	1	64063.19635	335.716625	344631.3985	6054695.143	24947.38774	0.002104490345	0.8613630581	36348.586	15063.87851	9044.243966	2119.309605	476.820545	0.1119055417	0.01207762912	0.01001001064
40	1	65131.50575	274.5889855	630399.0732	4065955.476	16420.0397	0.343198412	0.9364527439	39368.67361	15578.71538	9568.893442	2119.326556	517.0652033	0.09152966182	0.02209237531	0.01000000037
40	1	66700.62234	231.8080537	1049710.75	2267165.324	11460.06148	0.5415975409	0.9801290989	41125.29094	15878.16961	9874.056994	2119.326215	540.4734458	0.07726935125	0.03678717949	0.01
40	1	64365.40616	538.1316693	401269.8681	5642362.079	13116.6622	0.4753335121	0.9655461917	40533.74273	15777.64908	9771.890547	2117.854134	532.6139485	0.1793772231	0.01406252786	0.010855312
40	1	64026.46806	4350	334978.0157	6136322.237	1277.010671	0.9489195732	1.069798578	44731.67795	16492.95957	10500.56979	2119.312809	588.5313747	1.45	0.0117393257	0.01000435307
40	1	63868.22157	4350	292805.3295	6507360.41	1570.545047	0.9371781981	1.067213763	44627.7432	16475.24008	10482.51118	2119.320651	587.1462563	1.45	0.01026138126	0.01000031637
40	1	68242.48285	241.8728408	1461738.833	1277056.953	7648.80276	0.6940478896	1.013690111	42475.07974	16108.27092	10108.54537	2119.325678	558.4603935	0.08062428027	0.05122672968	0.01
40	1	66700.62234	231.8080537	1049710.75	2267165.324	11460.06148	0.5415975409	0.9801290989	41125.29094	15878.16961	9874.056994	2119.326215	540.4734458	0.07726935125	0.03678717949	0.01
40	1	64240.9299	4350	392379.4567	5664571.998	977.9672821	0.9608813087	1.072431863	44837.60477	16511.01594	10518.9694	2119.317098	589.9428418	1.45	0.01375096283	0.01000115476
40	1	66700.62234	231.8080537	1049710.75	2267165.324	11460.06148	0.5415975409	0.9801290989	41125.29094	15878.16961	9874.056994	2119.326215	540.4734458	0.07726935125	0.03678717949	0.01
40	1	73418.59638	259.7030317	2844940.57	185946.0103	3261.23388	0.8695506448	1.052325969	44028.97356	16373.16645	10378.49134	2119.323801	579.1671933	0.08656767724	0.09970112187	0.01
40	1	65158.35956	327.1868694	637575.1704	4025512.217	13495.07977	0.4601968091	0.9622092256	40404.57237	15755.30721	9748.852127	2119.326384	530.8693307	0.1090622898	0.02234386209	0.01
40	1	73268.82879	237.3845643	2802641.188	197387.9837	3716.109304	0.8513556278	1.048320887	43867.42318	16345.65666	10350.4823	2119.186788	577.0165899	0.0791281881	0.09821873735	0.01007980844
40	1	73054.061	42.84168033	2747526.561	212971.4457	24507.07031	0.01971718755	0.8652403305	36504.58481	15090.46818	9071.337429	2119.326827	478.8990732	0.01428056011	0.09628724176	0.01
40	1	68674.55932	521.7700266	1577201.702	1087317.479	2849.788174	0.8860084731	1.05594906	44174.69046	16398.00711	10403.80561	2119.323391	581.1089803	0.1739233422	0.05527313322	0.01
40	1	66147.76583	374.3511421	901972.0887	2785246.406	8045.021252	0.6781991499	1.010201108	42334.75568	16084.34959	10084.16796	2119.325755	556.5904702	0.124783714	0.03160966878	0.01
40	1	65158.35956	327.1868694	637575.1704	4025512.217	13495.07977	0.4601968091	0.9622092256	40404.57237	15755.30721	9748.852127	2119.326384	530.8693307	0.1090622898	0.02234386209	0.01
40	1	66338.32878	2491.474076	951208.8952	2602136.177	497.5127076	0.9800994917	1.076662948	45007.4331	16539.98874	10548.51293	2119.214097	592.2075123	0.8304913588	0.03333517578	0.01005911834
40	1	64659.5629	229.8733913	504282.806	4846873.824	24896.75494	0.004129802403	0.861808863	36366.57478	15066.94132	9047.362012	2119.326835	477.059986	0.07662446378	0.01767262277	0.01
40	1	64842.35245	269.0552944	553129.2674	4528038.252	19223.53827	0.2310584692	0.9117658213	38375.7914	15409.45668	9396.407688	2119.326675	503.8343036	0.08968509814	0.01938445009	0.01
40	1	63840.2845	652.7815871	285348.7926	6575285.759	15205.01345	0.3917994619	0.9471519679	39798.98521	15652.0715	9643.64815	2119.326493	522.7994279	0.2175938624	0.01000006645	0.01
40	1	65402.20141	167.9874498	697860.22	3707524.519	24630.98136	0.0147607457	0.8641501419	36459.7318	15082.88632	9063.665071	2119.032683	478.3060336	0.0559958166	0.02445655546	0.0101708897
40	1	73450.61002	4350	2853468.965	183751.6591	-525.2299583	1.021009198	1.085668649	45369.97578	16601.77025	10611.45394	2119.265334	597.0370785	1.45	0.1	0.01000093012
40	1	73625.05434	65.20506328	2853468.965	186747.706	15424.89583	0.383004167	0.9452247454	39711.84434	15637.83167	9629.653936	2116.512915	521.6827892	0.02173502109	0.1	0.01163460417
40	1	64112.93329	323.0482693	358208.1467	5940670.182	24941.70062	0.002331975362	0.8614130823	36350.6569	15064.22777	9044.596721	2119.326836	476.8478683	0.1076827564	0.01255342711	0.01
40	1	66659.15093	230.98381	1038628.435	2302437.666	11634.59408	0.5346162369	0.9785922075	41063.47877	15867.63236	9863.318844	2119.326231	539.6497524	0.07699460334	0.03639879907	0.01
40	1	64836.29303	320.1242546	551510.0195	4538263.581	16084.12026	0.3566351897	0.9394107684	39487.64226	15598.99622	9589.560946	2119.32654	518.6505497	0.1067080849	0.01932770345	0.01
40	1	67673.09899	383.9158625	1309246.852	1579490.98	5154.684523	0.7938126191	1.035652771	43358.32544	16258.84411	10261.99308	2119.304638	570.2306263	0.1279719542	0.04588263859	0.01001180147
40	1	73450.5107	203.6546939	2853468.965	183749.9671	4353.958861	0.8258416455	1.0427037	43641.97597	16307.19416	10311.26124	2119.324569	574.0101603	0.06788489797	0.1	0.01
40	1	65817.27894	354.0106175	813590.8425	3150237.813	9563.538633	0.6174584547	0.9968294279	41796.94709	15992.6691	9990.740244	2119.322019	549.4238306	0.1180035392	0.02851234243	0.01000231092
40	1	63873.63642	4344.012649	294261.3166	6494154.98	1562.153303	0.9375138679	1.067287657	44630.717	16475.74691	10483.02757	2119.321171	587.1858757	1.448004216	0.01031240642	0.01000000137
40	1	73450.61002	4350	2853468.965	183751.6591	-525.2299583	1.021009198	1.085668649	45369.97578	16601.77025	10611.45394	2119.265334	597.0370785	1.45	0.1	0.01000093012
40	1	66700.62234	231.8080537	1049710.75	2267165.324	11460.06148	0.5415975409	0.9801290989	41125.29094	15878.16961	9874.056994	2119.326215	540.4734458	0.07726935125	0.03678717949	0.01
40	1	73441.72583	42.85105095	2851121.404	184351.8589	23583.48977	0.05666040939	0.8733731549	36831.67851	15146.22853	9128.160888	2119.326805	483.2578418	0.01428368365	0.09991772957	0.01
40	1	73450.61002	4350	2853468.965	183751.6591	-525.2299583	1.021009198	1.085668649	45369.97578	16601.77025	10611.45394	2119.265334	597.0370785	1.45	0.1	0.01000093012
40	1	64659.5629	229.8733913	504282.806	4846873.824	24896.75494	0.004129802403	0.861808863	36366.57478	15066.94132	9047.362012	2119.326835	477.059986	0.07662446378	0.01767262277	0.01
40	1	65817.27894	354.0106175	813590.8425	3150237.813	9563.538633	0.6174584547	0.9968294279	41796.94709	15992.6691	9990.740244	2119.322019	549.4238306	0.1180035392	0.02851234243	0.01000231092
40	1	65158.61891	182.3015544	637644.4768	4025123.586	24825.58672	0.006976531125	0.8624355529	36391.77959	15071.23804	9051.740649	2119.326834	477.3958591	0.06076718479	0.02234629094	0.01
40	1	65817.27894	354.0106175	813590.8425	3150237.813	9563.538633	0.6174584547	0.9968294279	41796.94709	15992.6691	9990.740244	2119.322019	549.4238306	0.1180035392	0.02851234243	0.01000231092
40	1	64659.5629	229.8733913	504282.806	4846873.824	24896.75494	0.004129802403	0.861808863	36366.57478	15066.94132	9047.362012	2119.326835	477.059986	0.07662446378	0.01767262277	0.01
40	1	65849.57033	289.361132	822285.9448	3112239.09	11737.19174	0.5305123302	0.9776887576	41027.14296	15861.43812	9857.006504	2119.326241	539.1655505	0.09645371067	0.02881706284	0.01
40	1	73450.61002	4350	2853468.965	183751.6591	-525.2299583	1.021009198	1.085668649	45369.97578	16601.77025	10611.45394	2119.265334	597.0370785	1.45	0.1	0.01000093012
40	1	67625.88355	180.5243987	1296966.322	1606556.521	11940.29084	0.5223883665	0.9759003166	40955.21373	15849.17619	9844.510796	2119.326259	538.2070396	0.06017479956	0.04545226662	0.01
40	1	73279.54505	171.5750334	2807028.417	196081.6344	5414.845829	0.7834061669	1.033361935	43266.1043	16243.12848	10245.98244	2119.279586	569.0021091	0.05719167779	0.09837248805	0.01002641574
40	1	64425.00967	297.6137588	440066.5515	5303267.322	21954.82792	0.1218068834	0.8877150496	37408.17716	15244.52573	9228.349247	2119.234042	490.9415876	0.09920458627	0.01542216008	0.01005386764
40	1	64387.73202	271.1785347	431639.9535	5363030.106	24648.96475	0.01404140981	0.8639908431	36454.33131	15081.90139	9062.607327	2119.326705	478.2294096	0.09039284491	0.01512684942	0.01000007254
40	1	64643.61144	231.4342215	500020.1318	4875740.576	24940.97907	0.002360837214	0.8614194361	36350.91244	15064.27133	9044.641114	2119.326836	476.8512736	0.07714474051	0.01752323708	0.01
40	1	63909.86849	4304.018198	303943.575	6407151.187	1508.956491	0.9396417404	1.067756095	44649.5571	16478.95862	10486.30052	2119.321028	587.4369341	1.434672733	0.01065172177	0.01
40	1	65158.35956	327.1868694	637575.1704	4025512.217	13495.07977	0.4601968091	0.9622092256	40404.57237	15755.30721	9748.852127	2119.326384	530.8693307	0.1090622898	0.02234386209	0.01
40	1	65158.35956	327.1868694	637575.1704	4025512.217	13495.07977	0.4601968091	0.9622092256	40404.57237	15755.30721	9748.852127	2119.326384	530.8693307	0.1090622898	0.02234386209	0.01
40	1	65849.49583	145.2981842	822266.0363	3112325.405	24133.70032	0.03465198712	0.8685281353	36636.81688	15113.01006	9094.309085	2119.326818	480.6611647	0.04843272806	0.02881636515	0.01
40	1	64063.19635	335.716625	344631.3985	6054695.143	24947.38774	0.002104490345	0.8613630581	36348.586	15063.87851	9044.243966	2119.309605	476.820545	0.1119055417	0.01207762912	0.01001001064
40	1	65817.27894	354.0106175	813590.8425	3150237.813	9563.538633	0.6174584547	0.9968294279	41796.94709	15992.6691	9990.740244	2119.322019	549.4238306	0.1180035392	0.02851234243	0.01000231092
40	1	65849.57033	289.361132	822285.9448	3112239.09	11737.19174	0.5305123302	0.9776887576	41027.14296	15861.43812	9857.006504	2119.326241	539.1655505	0.09645371067	0.02881706284	0.01
40	1	64717.23836	466.7387312	519695.2951	4743919.494	11498.84324	0.5400462703	0.9797875962	41111.55605	15875.82819	9871.670939	2119.326218	540.2904182	0.1555795771	0.01821275442	0.01
40	1	73054.061	42.84168033	2747526.561	212971.4457	24507.07031	0.01971718755	0.8652403305	36504.58481	15090.46818	9071.337429	2119.326827	478.8990732	0.01428056011	0.09628724176	0.01
40	1	73627.32235	95.5252912	2842471.092	190395.7832	10442.66152	0.5822935393	0.9890993231	41474.0382	15938.38961	9936.070887	2115.812529	545.1764336	0.03184176373	0.09961457886	0.01204126526
40	1	65849.57033	289.361132	822285.9448	3112239.09	11737.19174	0.5305123302	0.9776887576	41027.14296	15861.43812	9857.006504	2119.326241	539.1655505	0.09645371067	0.02881706284	0.01
40	1	65849.57033	289.361132	822285.9448	3112239.09	11737.19174	0.5305123302	0.9776887576	41027.14296	15861.43812	9857.006504	2119.326241	539.1655505	0.09645371067	0.02881706284	0.01
40	1	67258.4103	3138.891839	1198675.676	1842360.763	26.02241037	0.9989591036	1.080814468	45174.73228	16568.48754	10577.53739	2119.303549	594.4353746	1.04629728	0.04200766472	0.0100032086
40	1	64115.41892	334.236635	358872.3747	5935175.839	24035.19743	0.03859210261	0.8693955276	36671.7025	15118.95708	9100.369492	2119.326816	481.1260416	0.1114122117	0.01257670502	0.01
40	1	64237.89391	306.8605496	391599.4577	5670668.716	23990.18646	0.04039254152	0.8697918836	36687.64318	15121.67455	9103.138784	2119.326715	481.3384647	0.1022868499	0.01372362772	0.01000005777
40	1	73229.53959	81.68466535	2794419.328	199504.0505	12267.1811	0.5093127561	0.973021801	40839.44284	15829.44049	9824.398814	2119.326288	536.6643058	0.02722822178	0.09793060175	0.01
40	1	63937.06792	4349.093455	311211.9751	6342605.041	1432.8306	0.942686776	1.068426441	44676.5177	16483.55465	10490.98418	2119.320804	587.7962044	1.449697818	0.01090644331	0.01000000158
40	1	73627.32235	95.5252912	2842471.092	190395.7832	10442.66152	0.5822935393	0.9890993231	41474.0382	15938.38961	9936.070887	2115.812529	545.1764336	0.03184176373	0.09961457886	0.01204126526
40	1	65395.78141	409.6016148	700770.5663	3686602.201	9599.708824	0.616011647	0.9965109577	41784.10048	15990.48155	9988.513025	2119.310901	549.2528161	0.1365338716	0.02455854873	0.01000877307
40	1	65659.15809	457.1699911	771402.4891	3340849.731	7670.104472	0.6931958211	1.013502533	42467.53556	16106.98485	10107.23478	2119.325682	558.3598616	0.152389997	0.02703384893	0.01
40	1	66052.23823	133.9715173	876444.4535	2886074.847	24569.50038	0.01721998493	0.8646905866	36482.47469	15086.69902	9067.496408	2119.326828	478.6044392	0.04465717244	0.0307150512	0.01
40	1	65158.61891	182.3015544	637644.4768	4025123.586	24825.58672	0.006976531125	0.8624355529	36391.77959	15071.23804	9051.740649	2119.326834	477.3958591	0.06076718479	0.02234629094	0.01
40	1	64717.23836	466.7387312	519695.2951	4743919.494	11498.84324	0.5400462703	0.9797875962	41111.55605	15875.82819	9871.670939	2119.326218	540.2904182	0.1555795771	0.01821275442	0.01
40	1	67254.23096	501.8445799	1197650.396	1844935.401	4184.369944	0.8326252023	1.044197059	43702.03729	16317.43294	10321.69522	2119.324472	574.8105224	0.1672815266	0.04197173373	0.01
40	1	63945.70952	4349.100059	313521.2954	6322233.703	1416.638417	0.9433344633	1.068569026	44682.25231	16484.53224	10491.9804	2119.320758	587.8726223	1.44970002	0.01098737359	0.01
40	1	63840.2845	652.7815871	285348.7926	6575285.759	15205.01345	0.3917994619	0.9471519679	39798.98521	15652.0715	9643.64815	2119.326493	522.7994279	0.2175938624	0.01000006645	0.01
40	1	66700.62234	231.8080537	1049710.75	2267165.324	11460.06148	0.5415975409	0.9801290989	41125.29094	15878.16961	9874.056994	2119.326215	540.4734458	0.07726935125	0.03678717949	0.01
40	1	73450.61002	4350	2853468.965	183751.6591	-525.2299583	1.021009198	1.085668649	45369.97578	16601.77025	10611.45394	2119.265334	597.0370785	1.45	0.1	0.01000093012
40	1	65424.61994	209.0007119	708697.4489	3645838.102	19318.6841	0.2272526358	0.9109279961	38342.08877	15403.71171	9390.553525	2119.324874	503.3852194	0.06966690396	0.02483634683	0.01000104826
40	1	64591.86885	399.4102391	486193.0695	4970565.787	14553.67701	0.4178529197	0.9528874773	40029.6614	15691.39535	9683.721742	2119.326454	525.873361	0.1331367464	0.01703866681	0.01
40	1	67625.88355	180.5243987	1296966.322	1606556.521	11940.29084	0.5223883665	0.9759003166	40955.21373	15849.17619	9844.510796	2119.326259	538.2070396	0.06017479956	0.04545226662	0.01
40	1	67213.69798	445.9976697	1186818.856	1872984.31	4854.946612	0.8058021355	1.038292125	43464.54701	16276.94748	10280.43787	2119.324822	571.6457865	0.1486658899	0.04159214172	0.01
40	1	63840.2845	652.7815871	285348.7926	6575285.759	15205.01345	0.3917994619	0.9471519679	39798.98521	15652.0715	9643.64815	2119.326493	522.7994279	0.2175938624	0.01000006645	0.01
40	1	65395.78141	409.6016148	700770.5663	3686602.201	9599.708824	0.616011647	0.9965109577	41784.10048	15990.48155	9988.513025	2119.310901	549.2528161	0.1365338716	0.02455854873	0.01000877307
40	1	73054.061	42.84168033	2747526.561	212971.4457	24507.07031	0.01971718755	0.8652403305	36504.58481	15090.46818	9071.337429	2119.326827	478.8990732	0.01428056011	0.09628724176	0.01
40	1	65815.69737	231.662722	813234.1461	3151731.426	15024.83009	0.3990067966	0.9487386185	39862.79864	15662.94991	9654.733964	2119.326482	523.6497897	0.07722090733	0.02849984199	0.01
40	1	64070.30396	4350	346816.4013	6035695.688	1206.788515	0.9517284594	1.070416913	44756.57238	16497.20174	10504.89146	2119.320051	588.8629931	1.45	0.01215420268	0.01
40	1	67673.09899	383.9158625	1309246.852	1579490.98	5154.684523	0.7938126191	1.035652771	43358.32544	16258.84411	10261.99308	2119.304638	570.2306263	0.1279719542	0.04588263859	0.01001180147
40	1	67625.88355	180.5243987	1296966.322	1606556.521	11940.29084	0.5223883665	0.9759003166	40955.21373	15849.17619	9844.510796	2119.326259	538.2070396	0.06017479956	0.04545226662	0.01
40	1	63840.2845	652.7815871	285348.7926	6575285.759	15205.01345	0.3917994619	0.9471519679	39798.98521	15652.0715	9643.64815	2119.326493	522.7994279	0.2175938624	0.01000006645	0.01
40	1	65158.35956	327.1868694	637575.1704	4025512.217	13495.07977	0.4601968091	0.9622092256	40404.57237	15755.30721	9748.852127	2119.326384	530.8693307	0.1090622898	0.02234386209	0.01
40	1	65850.08171	186.7541228	822417.9327	3111671.952	18603.09472	0.2558762111	0.9172292963	38595.52569	15446.9153	9434.580542	2119.32637	506.7624321	0.06225137427	0.02882168837	0.01000016358
40	1	63894.39085	4347.873263	299807.5177	6444173.813	1517.074521	0.9393170192	1.06768461	44646.68203	16478.4685	10485.80105	2119.32105	587.3986217	1.449291088	0.01050677338	0.01
40	1	63894.39085	4347.873263	299807.5177	6444173.813	1517.074521	0.9393170192	1.06768461	44646.68203	16478.4685	10485.80105	2119.32105	587.3986217	1.449291088	0.01050677338	0.01
40	1	68013.54264	417.169669	1399331.991	1393640.525	4336.15267	0.8265538932	1.042860734	43648.03825	16308.24381	10312.3445	2119.250503	574.0921181	0.1390565563	0.04903967796	0.01004302272
40	1	65849.57033	289.361132	822285.9448	3112239.09	11737.19174	0.5305123302	0.9776887576	41027.14296	15861.43812	9857.006504	2119.326241	539.1655505	0.09645371067	0.02881706284	0.01
40	1	65424.61994	209.0007119	708697.4489	3645838.102	19318.6841	0.2272526358	0.9109279961	38342.08877	15403.71171	9390.553525	2119.324874	503.3852194	0.06966690396	0.02483634683	0.01000104826
40	1	65158.35956	327.1868694	637575.1704	4025512.217	13495.07977	0.4601968091	0.9622092256	40404.57237	15755.30721	9748.852127	2119.326384	530.8693307	0.1090622898	0.02234386209	0.01
40	1	64643.76189	4088.565677	500060.3359	4875467.512	689.9760024	0.9724009599	1.074967837	44939.60581	16528.40383	10536.68844	2119.317441	591.3020507	1.362855226	0.01752464604	0.01
40	1	73279.54505	171.5750334	2807028.417	196081.6344	5414.845829	0.7834061669	1.033361935	43266.1043	16243.12848	10245.98244	2119.279586	569.0021091	0.05719167779	0.09837248805	0.01002641574
40	1	65395.78141	409.6016148	700770.5663	3686602.201	9599.708824	0.616011647	0.9965109577	41784.10048	15990.48155	9988.513025	2119.310901	549.2528161	0.1365338716	0.02455854873	0.01000877307
40	1	65077.46718	212.690086	615958.4735	4148575.873	21941.51774	0.1223392905	0.8878319589	37413.19648	15245.36111	9229.183512	2119.326762	491.0070048	0.07089669535	0.02158630359	0.01
40	1	67258.4103	3138.891839	1198675.676	1842360.763	26.02241037	0.9989591036	1.080814468	45174.73228	16568.48754	10577.53739	2119.303549	594.4353746	1.04629728	0.04200766472	0.0100032086
40	1	65424.61994	209.0007119	708697.4489	3645838.102	19318.6841	0.2272526358	0.9109279961	38342.08877	15403.71171	9390.553525	2119.324874	503.3852194	0.06966690396	0.02483634683	0.01000104826
40	1	64643.76189	4088.565677	500060.3359	4875467.512	689.9760024	0.9724009599	1.074967837	44939.60581	16528.40383	10536.68844	2119.317441	591.3020507	1.362855226	0.01752464604	0.01
40	1	63840.27741	645.9399088	285346.898	6575303.113	15374.2721	0.3850291161	0.9456615177	39739.04086	15641.85266	9633.234481	2119.326502	522.0006245	0.2153133029	0.01000000005	0.01
40	1	66659.15093	230.98381	1038628.435	2302437.666	11634.59408	0.5346162369	0.9785922075	41063.47877	15867.63236	9863.318844	2119.326231	539.6497524	0.07699460334	0.03639879907	0.01
40	1	64269.99606	443.0423193	398790.6349	5616848.83	16077.7926	0.356888296	0.9394667564	39489.60726	15599.34952	9589.936381	2119.242749	518.6780623	0.1476807731	0.01397564297	0.01004867966
40	1	67213.69798	445.9976697	1186818.856	1872984.31	4854.946612	0.8058021355	1.038292125	43464.54701	16276.94748	10280.43787	2119.324822	571.6457865	0.1486658899	0.04159214172	0.01
40	1	66147.76583	374.3511421	901972.0887	2785246.406	8045.021252	0.6781991499	1.010201108	42334.75568	16084.34959	10084.16796	2119.325755	556.5904702	0.124783714	0.03160966878	0.01
40	1	73397.96891	153.1798504	2839428.334	187379.3435	6074.3789	0.757024844	1.027554102	43032.67498	16203.32535	10205.41208	2119.325281	565.8907679	0.05105995014	0.0995079452	0.01
40	1	65817.27894	232.9548767	813590.8425	3150237.813	14930.6482	0.4027740722	0.9495679739	39896.14083	15668.63469	9660.527863	2119.322499	524.0941624	0.07765162558	0.02851234243	0.01000231092
40	1	68674.55932	4080.620898	1577201.702	1087317.479	-302.7938385	1.012111754	1.083709926	45291.20346	16588.34142	10597.76878	2119.296049	595.9873529	1.360206966	0.05527313322	0.01
40	1	66659.15093	230.98381	1038628.435	2302437.666	11634.59408	0.5346162369	0.9785922075	41063.47877	15867.63236	9863.318844	2119.326231	539.6497524	0.07699460334	0.03639879907	0.01
40	1	64234.90701	443.0423193	389787.0311	5687004.86	16465.08656	0.3413965378	0.9360562685	39352.51804	15575.97471	9566.111778	2119.265278	516.8508891	0.1476807731	0.01366011111	0.01003560199
40	1	64932.67995	522.2956361	574752.6167	4397512.442	9155.386422	0.6337845431	1.000423989	41941.01102	16017.26028	10015.82742	2119.174248	551.3459308	0.1740985454	0.02014224173	0.01008812689
40	1	65817.27894	232.9548767	813590.8425	3150237.813	14930.6482	0.4027740722	0.9495679739	39896.14083	15668.63469	9660.527863	2119.322499	524.0941624	0.07765162558	0.02851234243	0.01000231092
40	1	66659.15093	158.6715569	1038628.435	2302437.666	17285.52864	0.3085788543	0.92883146	39062.15354	15526.46227	9515.644079	2119.326597	512.9805936	0.05289051897	0.03639879907	0.01
40	1	64497.2634	256.3488648	460911.8579	5148737.016	24411.76564	0.02352937456	0.8660795602	36538.33775	15096.22212	9077.201066	2119.326824	479.3488564	0.08544962159	0.01615268515	0.01
40	1	64912.30682	202.7537691	571506.5443	4414074.938	24908.33243	0.003666702848	0.8617069756	36362.41163	15066.2358	9046.646544	2119.307745	477.0048115	0.06758458971	0.02002848292	0.01001109105
40	1	65849.57033	289.361132	822285.9448	3112239.09	11737.19174	0.5305123302	0.9776887576	41027.14296	15861.43812	9857.006504	2119.326241	539.1655505	0.09645371067	0.02881706284	0.01
40	1	66659.15093	158.6715569	1038628.435	2302437.666	17285.52864	0.3085788543	0.92883146	39062.15354	15526.46227	9515.644079	2119.326597	512.9805936	0.05289051897	0.03639879907	0.01
40	1	64509.79931	254.9984265	464261.8027	5124765.837	24362.46999	0.02550120033	0.8665136455	36555.79621	15099.1983	9080.233989	2119.326823	479.5815035	0.08499947551	0.01627008418	0.01
40	1	64233.36797	301.6264838	390391.6467	5680214.572	24497.66885	0.020093246	0.8653231175	36507.91442	15091.03579	9071.915855	2119.326826	478.9434427	0.1005421613	0.0136812999	0.01
40	1	65395.78141	409.6016148	700770.5663	3686602.201	9599.708824	0.616011647	0.9965109577	41784.10048	15990.48155	9988.513025	2119.310901	549.2528161	0.1365338716	0.02455854873	0.01000877307
40	1	64178.1701	324.9643879	375641.2402	5798138.592	23604.13877	0.0558344492	0.8731913248	36824.36549	15144.98186	9126.890454	2119.326805	483.1603904	0.1083214626	0.01316437098	0.01
40	1	63947.42372	369.3770814	313979.3775	6318200.6	24884.45535	0.004621786169	0.8619171702	36370.93078	15067.6839	9048.118747	2119.326835	477.118033	0.1231256938	0.01100342711	0.01
40	1	73450.53142	129.3036002	2853468.965	183750.3201	7297.444486	0.7081022206	1.016784087	42599.51508	16129.48375	10130.1627	2119.325269	560.1185929	0.04310120008	0.1	0.01000019405
40	1	64836.29303	320.1242546	551510.0195	4538263.581	16084.12026	0.3566351897	0.9394107684	39487.64226	15598.99622	9589.560946	2119.32654	518.6505497	0.1067080849	0.01932770345	0.01
40	1	66659.15093	230.98381	1038628.435	2302437.666	11634.59408	0.5346162369	0.9785922075	41063.47877	15867.63236	9863.318844	2119.326231	539.6497524	0.07699460334	0.03639879907	0.01
40	1	65849.57033	289.361132	822285.9448	3112239.09	11737.19174	0.5305123302	0.9776887576	41027.14296	15861.43812	9857.006504	2119.326241	539.1655505	0.09645371067	0.02881706284	0.01
40	1	64497.2634	256.3488648	460911.8579	5148737.016	24411.76564	0.02352937456	0.8660795602	36538.33775	15096.22212	9077.201066	2119.326824	479.3488564	0.08544962159	0.01615268515	0.01
40	1	63867.83803	4350	292711.8644	6508187.344	1571.25172	0.9371499312	1.067207539	44627.49472	16475.1976	10482.46779	2119.321197	587.1429365	1.45	0.01025810577	0.01
40	1	64875.4773	269.0552944	561981.1494	4472545.689	18908.69465	0.2436522142	0.9145382572	38487.29587	15428.46508	9415.778499	2119.326663	505.3201843	0.08968509814	0.01969466485	0.01
40	1	73475.93959	72.73748729	2853468.965	184183.6881	13596.77255	0.456129098	0.9613150562	40367.20684	15749.02706	9742.527583	2118.916485	530.3779016	0.0242458291	0.1	0.01023814197
40	1	65849.57033	289.361132	822285.9448	3112239.09	11737.19174	0.5305123302	0.9776887576	41027.14296	15861.43812	9857.006504	2119.326241	539.1655505	0.09645371067	0.02881706284	0.01
40	1	66659.15093	231.0070194	1038628.435	2302437.666	11633.34828	0.5346660687	0.9786031777	41063.91998	15867.70757	9863.395492	2119.326231	539.6556318	0.07700233981	0.03639879907	0.01
40	1	65158.35956	327.1868694	637575.1704	4025512.217	13495.07977	0.4601968091	0.9622092256	40404.57237	15755.30721	9748.852127	2119.326384	530.8693307	0.1090622898	0.02234386209	0.01
40	1	64497.41437	250.9368347	460911.8579	5148809.086	24954.93511	0.001802595428	0.8612965504	36345.96177	15063.42791	9043.782063	2119.324403	476.7853408	0.08364561157	0.01615268515	0.0100014139
40	1	73450.53142	129.3036002	2853468.965	183750.3201	7297.444486	0.7081022206	1.016784087	42599.51508	16129.48375	10130.1627	2119.325269	560.1185929	0.04310120008	0.1	0.01000019405
40	1	64912.30682	202.7537691	571506.5443	4414074.938	24908.33243	0.003666702848	0.8617069756	36362.41163	15066.2358	9046.646544	2119.307745	477.0048115	0.06758458971	0.02002848292	0.01001109105
40	1	65158.61891	182.3015544	637644.4768	4025123.586	24825.58672	0.006976531125	0.8624355529	36391.77959	15071.23804	9051.740649	2119.326834	477.3958591	0.06076718479	0.02234629094	0.01
40	1	64387.73202	271.1785347	431639.9535	5363030.106	24648.96475	0.01404140981	0.8639908431	36454.33131	15081.90139	9062.607327	2119.326705	478.2294096	0.09039284491	0.01512684942	0.01000007254
40	1	65849.57033	289.361132	822285.9448	3112239.09	11737.19174	0.5305123302	0.9776887576	41027.14296	15861.43812	9857.006504	2119.326241	539.1655505	0.09645371067	0.02881706284	0.01
40	1	65849.57033	289.361132	822285.9448	3112239.09	11737.19174	0.5305123302	0.9776887576	41027.14296	15861.43812	9857.006504	2119.326241	539.1655505	0.09645371067	0.02881706284	0.01
40	1	64233.36797	301.6264838	390391.6467	5680214.572	24497.66885	0.020093246	0.8653231175	36507.91442	15091.03579	9071.915855	2119.326826	478.9434427	0.1005421613	0.0136812999	0.01
40	1	68225.08532	199.0690963	1457089.728	1285354.519	9490.552816	0.6203778874	0.9974721105	41822.80872	15997.07692	9995.231369	2119.325987	549.7683932	0.06635636544	0.0510638015	0.01
40	1	65131.50575	274.5889855	630399.0732	4065955.476	16420.0397	0.343198412	0.9364527439	39368.67361	15578.71538	9568.893442	2119.326556	517.0652033	0.09152966182	0.02209237531	0.01000000037
40	1	65845.90303	270.9002185	821305.9395	3116490.783	12605.10747	0.4957957013	0.970046104	40719.76342	15809.03849	9803.607833	2119.326316	535.0694878	0.09030007285	0.0287827185	0.01
40	1	66700.62234	231.8080537	1049710.75	2267165.324	11460.06148	0.5415975409	0.9801290989	41125.29094	15878.16961	9874.056994	2119.326215	540.4734458	0.07726935125	0.03678717949	0.01
40	1	65158.35956	327.1868694	637575.1704	4025512.217	13495.07977	0.4601968091	0.9622092256	40404.57237	15755.30721	9748.852127	2119.326384	530.8693307	0.1090622898	0.02234386209	0.01
40	1	65102.15285	310.3834951	622555.1715	4110627.28	14629.75397	0.4148098412	0.9522175622	40002.71811	15686.80227	9679.041093	2119.326459	525.5143215	0.103461165	0.02181748528	0.01
40	1	65849.57033	289.361132	822285.9448	3112239.09	11737.19174	0.5305123302	0.9776887576	41027.14296	15861.43812	9857.006504	2119.326241	539.1655505	0.09645371067	0.02881706284	0.01
40	1	65395.78141	409.6016148	700770.5663	3686602.201	9599.708824	0.616011647	0.9965109577	41784.10048	15990.48155	9988.513025	2119.310901	549.2528161	0.1365338716	0.02455854873	0.01000877307
40	1	66700.62234	231.8080537	1049710.75	2267165.324	11460.06148	0.5415975409	0.9801290989	41125.29094	15878.16961	9874.056994	2119.326215	540.4734458	0.07726935125	0.03678717949	0.01
40	1	63984.22691	4350	323759.7354	6232820.209	1347.44594	0.9461021624	1.069178328	44706.74657	16488.70855	10496.23694	2119.317253	588.1990788	1.45	0.01134618036	0.0100019093
40	1	65158.35956	327.1868694	637575.1704	4025512.217	13495.07977	0.4601968091	0.9622092256	40404.57237	15755.30721	9748.852127	2119.326384	530.8693307	0.1090622898	0.02234386209	0.01
40	1	73450.61002	4350	2853468.965	183751.6591	-525.2299583	1.021009198	1.085668649	45369.97578	16601.77025	10611.45394	2119.265334	597.0370785	1.45	0.1	0.01000093012
40	1	65849.57033	289.361132	822285.9448	3112239.09	11737.19174	0.5305123302	0.9776887576	41027.14296	15861.43812	9857.006504	2119.326241	539.1655505	0.09645371067	0.02881706284	0.01
40	1	64112.93329	323.0482693	358208.1467	5940670.182	24941.70062	0.002331975362	0.8614130823	36350.6569	15064.22777	9044.596721	2119.326836	476.8478683	0.1076827564	0.01255342711	0.01
40	1	73450.5107	2710.803629	2853468.965	183749.9671	-380.427695	1.015217108	1.08439355	45318.69814	16593.02849	10602.54522	2119.28972	596.3537401	0.9036012097	0.1	0.01
40	1	63894.39357	4329.270536	299808.2454	6444167.281	1526.874954	0.9389250018	1.06759831	44643.21112	16477.87681	10485.19808	2119.321077	587.3523693	1.443090179	0.01050679889	0.01
