#gen	Feasible	f1	f2	f3	f4	f5	c1	c2	c3	c4	c5	c6	c7	x1	x2	x3
21	1	64339.95063	540.5343057	418873.5026	5459256.5	12373.41775	0.5050632902	0.972086307	40801.81826	15823.02654	9817.862585	2119.326297	536.1629299	0.1801781019	0.01467944834	0.01
21	1	67189.17195	778.872916	1180264.817	1890163.045	2470.960065	0.9011615974	1.059284927	44308.85557	16420.87852	10427.11307	2119.322922	582.8968309	0.2596243053	0.04136245503	0.01
21	1	65460.69767	430.7111166	718041.7244	3599058.374	8855.048819	0.6457980472	1.003068266	42047.81282	16035.43815	10034.3276	2119.306192	552.7670537	0.1435703722	0.02516381756	0.01001144611
21	1	64363.06515	282.2573611	424566.2732	5417044.065	24060.33409	0.03758663646	0.8691742739	36662.70396	15117.42947	9098.81812	2119.297616	481.006592	0.09408578704	0.01487895185	0.01001696437
21	1	63928.63813	375.3938872	308959.3462	6362539.329	24883.42393	0.004663042786	0.8619262526	36371.29607	15067.74617	9048.182205	2119.326835	477.1229007	0.1251312957	0.01082749979	0.01
21	1	65087.67207	188.9697179	618499.0344	4134187.023	24687.57625	0.01249695015	0.8636508754	36440.62009	15079.56644	9060.229906	2119.315583	478.0468736	0.06298990596	0.0216753377	0.01000653478
21	1	63841.5801	4349.99966	285695.0145	6572115.254	1628.631725	0.934854731	1.066702265	44607.17312	16471.73334	10478.93748	2119.321346	586.8721359	1.449999887	0.01001219982	0.01
21	1	66631.36116	739.6065369	1031202.233	2326380.027	3135.359439	0.8745856225	1.053434389	44073.55304	16380.76601	10386.23578	2119.323685	579.7612483	0.2465355123	0.03613854734	0.01
21	1	65044.79825	215.0055975	596304.0596	4279921.585	22484.61591	0.1006153636	0.883051679	37218.68316	15212.34612	9195.660177	2118.6678	488.4254098	0.07166853251	0.02089751341	0.01038284508
21	1	68130.50569	198.1011258	1431815.417	1331415.588	9722.578849	0.611096846	0.995428946	41740.63478	15983.06856	9980.955925	2119.326018	548.6733639	0.0660337086	0.05017806168	0.01
21	1	67594.09463	328.9960485	1288471.437	1625681.003	6252.521305	0.7498991478	1.025985424	42969.58437	16192.57016	10194.45184	2119.325335	565.0500383	0.1096653495	0.04515456284	0.01
21	1	67189.17195	778.872916	1180264.817	1890163.045	2470.960065	0.9011615974	1.059284927	44308.85557	16420.87852	10427.11307	2119.322922	582.8968309	0.2596243053	0.04136245503	0.01
21	1	63887.7048	4347.993624	298020.8193	6460232.982	1530.692494	0.9387723003	1.067564693	44641.85911	16477.64633	10484.96321	2119.321088	587.3343527	1.449331208	0.01044415843	0.01
21	1	63840.2774	838.905823	285346.8965	6575303.126	11661.90146	0.5335239415	0.9783517454	41053.80763	15865.9837	9861.638752	2119.326234	539.5208773	0.2796352743	0.01	0.01
21	1	65159.07637	181.0615033	637766.7217	4024438.197	24995.91241	0.0001635037845	0.8609357066	36331.45734	15060.95478	9041.261331	2119.326837	476.5920199	0.06035383444	0.02235057502	0.01
21	1	63887.7048	4347.993624	298020.8193	6460232.982	1530.692494	0.9387723003	1.067564693	44641.85911	16477.64633	10484.96321	2119.321088	587.3343527	1.449331208	0.01044415843	0.01
21	1	64140.16185	332.3566088	364730.253	5888480.761	23778.18206	0.04887271747	0.8716588878	36762.57678	15134.45856	9116.174876	2119.28132	482.3377302	0.1107855363	0.01278199474	0.0100264283
21	1	68222.20171	827.2208244	1456319.148	1286735.023	1704.284888	0.9318286045	1.066036081	44580.37993	16467.16585	10474.2829	2119.321532	586.5150965	0.2757402748	0.05103679647	0.01
21	1	64469.0852	256.4882196	452299.3999	5212838.416	24881.91444	0.004723422586	0.8619397539	36371.61559	15067.81492	9048.264264	2119.261539	477.1281931	0.0854960732	0.01585086102	0.01003793482
21	1	65187.78289	808.2460182	645437.9022	3981660.932	4937.314658	0.8025074137	1.037566812	43435.37569	16271.97458	10275.37017	2119.324859	571.2570567	0.2694153394	0.02261941203	0.01
21	1	73476.69479	232.7820531	2853468.965	184196.5846	3743.72202	0.8502511192	1.048078648	43856.7061	16343.89195	10348.73627	2118.902086	576.8782878	0.07759401769	0.1	0.01024521446
21	1	73492.99599	44.65412376	2735791.458	226392.972	24143.77262	0.0342490954	0.8684643603	36607.61196	15109.73346	9092.400509	2111.543455	480.3953075	0.01488470792	0.09587598434	0.01452189109
21	1	65064.03118	307.6199451	448265.3586	5547255.579	21517.70078	0.1392919689	0.8915956799	37530.68843	15267.55486	9253.619721	2109.427784	492.729513	0.1025399817	0.01570948779	0.01575098736
21	1	65886.75394	495.13822	832222.4396	3069456.422	6454.104762	0.7418358095	1.024210329	42898.19192	16180.39974	10182.04938	2119.325393	564.0986804	0.1650460733	0.02916528793	0.01
21	1	73391.62685	130.1712726	2837733.56	187822.2481	7288.088096	0.7084764762	1.016866476	42602.82982	16130.04875	10130.73841	2119.325601	560.1627591	0.0433904242	0.09944855175	0.01
21	1	66745.05005	369.7800224	1061583.072	2229977.868	6812.950919	0.7274819632	1.021050418	42771.10359	16158.73473	10159.97131	2119.325488	562.4051331	0.1232600075	0.03720324576	0.01
21	1	64531.08072	255.0609757	469948.7898	5084326.772	24052.30767	0.03790769332	0.8692448591	36665.64277	15117.92407	9099.316782	2119.326816	481.0452912	0.08502032523	0.01646938501	0.01
21	1	63869.76925	4349.99966	293227.9403	6503510.192	1567.140142	0.9373143943	1.067243744	44628.95087	16475.44584	10482.72076	2119.321187	587.1623408	1.449999887	0.01027619168	0.01
21	1	66168.89288	136.7635286	855868.372	3023802.054	24872.91162	0.005083535342	0.8620288156	36364.73674	15067.31061	9048.312056	2116.205217	477.084952	0.04558784286	0.02999396112	0.01181356288
21	1	65372.08592	459.6795407	694688.8066	3717645.396	8550.447898	0.6579820841	1.005750444	42155.75466	16053.83491	10053.07149	2119.325844	554.2051473	0.1532265136	0.02434541308	0.01
21	1	64951.99263	530.618855	582423.5983	4346983.54	8860.614618	0.6455754153	1.003019193	42045.90564	16035.10878	10033.98838	2119.325618	552.7413312	0.1768729517	0.02041107177	0.01000016045
21	1	65372.08592	459.6795407	694688.8066	3717645.396	8550.447898	0.6579820841	1.005750444	42155.75466	16053.83491	10053.07149	2119.325844	554.2051473	0.1532265136	0.02434541308	0.01
21	1	65372.08592	459.6795407	694688.8066	3717645.396	8550.447898	0.6579820841	1.005750444	42155.75466	16053.83491	10053.07149	2119.325844	554.2051473	0.1532265136	0.02434541308	0.01
21	1	67315.5423	708.2230917	1213500.219	1804981.191	2698.612641	0.8920554944	1.057280377	44228.12437	16407.12315	10413.10137	2119.290985	581.8215378	0.2360743639	0.04252719179	0.01001872373
21	1	65886.75394	495.13822	832222.4396	3069456.422	6454.104762	0.7418358095	1.024210329	42898.19192	16180.39974	10182.04938	2119.325393	564.0986804	0.1650460733	0.02916528793	0.01
21	1	64662.44271	385.0801986	505052.3721	4841680.579	14530.42732	0.4187829072	0.9530922084	40037.89547	15692.79903	9685.152183	2119.326453	525.9830862	0.1283600662	0.01769959226	0.01
21	1	63915.60754	4350	305477.2093	6393477.459	1473.62395	0.941055042	1.068067225	44662.07041	16481.09179	10488.47436	2119.320927	587.6036834	1.45	0.01070546808	0.01
21	1	66745.05005	369.7800224	1061583.072	2229977.868	6812.950919	0.7274819632	1.021050418	42771.10359	16158.73473	10159.97131	2119.325488	562.4051331	0.1232600075	0.03720324576	0.01
21	1	64140.16185	332.3566088	364730.253	5888480.761	23778.18206	0.04887271747	0.8716588878	36762.57678	15134.45856	9116.174876	2119.28132	482.3377302	0.1107855363	0.01278199474	0.0100264283
21	1	65798.56222	1066.682881	808655.1566	3171899.698	2683.661204	0.8926535518	1.057411933	44233.5257	16408.03688	10414.0266	2119.323198	581.893004	0.3555609604	0.02833937101	0.01
21	1	67189.17195	778.872916	1180264.817	1890163.045	2470.960065	0.9011615974	1.059284927	44308.85557	16420.87852	10427.11307	2119.322922	582.8968309	0.2596243053	0.04136245503	0.01
21	1	73800.12624	162.2276007	2853468.965	189803.6466	6065.515016	0.7573793994	1.027650199	43017.25074	16201.92833	10205.0242	2113.689472	565.7745206	0.05407586691	0.1	0.01327415557
21	1	64531.08072	255.0609757	469948.7898	5084326.772	24052.30767	0.03790769332	0.8692448591	36665.64277	15117.92407	9099.316782	2119.326816	481.0452912	0.08502032523	0.01646938501	0.01
21	1	72626.14749	181.9764882	2633176.148	249748.1328	5443.033113	0.7822786755	1.033113579	43256.27131	16241.44228	10244.25575	2119.325066	568.8703567	0.06065882941	0.09227982434	0.01
21	1	65886.75394	495.13822	832222.4396	3069456.422	6454.104762	0.7418358095	1.024210329	42898.19192	16180.39974	10182.04938	2119.325393	564.0986804	0.1650460733	0.02916528793	0.01
21	1	65886.75394	495.13822	832222.4396	3069456.422	6454.104762	0.7418358095	1.024210329	42898.19192	16180.39974	10182.04938	2119.325393	564.0986804	0.1650460733	0.02916528793	0.01
21	1	64685.55355	227.5753358	511201.8638	4800425.407	24805.16525	0.007793390122	0.8626153845	36399.00679	15072.47042	9052.996821	2119.325243	477.4921921	0.07585844526	0.01791510159	0.0100009241
21	1	64502.2426	409.3264256	462242.4398	5139202.386	14957.06608	0.4017173568	0.9493353318	39886.79782	15667.0411	9658.903157	2119.326478	523.9695968	0.1364421419	0.01619931548	0.01
21	1	65187.78289	808.2460182	645437.9022	3981660.932	4937.314658	0.8025074137	1.037566812	43435.37569	16271.97458	10275.37017	2119.324859	571.2570567	0.2694153394	0.02261941203	0.01
21	1	64700.49932	284.2141314	513843.5394	4785036.892	19610.10467	0.2155958131	0.9083620783	38238.61179	15386.08957	9372.61035	2119.243528	502.0076	0.0947380438	0.01800767928	0.01004831375
21	1	64656.34041	478.8251929	503421.6679	4852691.628	11575.71494	0.5369714024	0.9791106828	41084.3313	15871.18713	9866.941394	2119.326226	539.9276281	0.1596083976	0.01764244413	0.01
21	1	64930.62648	697.8412392	576718.5465	4381661.321	6626.433405	0.7349426638	1.022692845	42837.16031	16169.99556	10171.44683	2119.32544	563.2853884	0.2326137464	0.02021113787	0.01
21	1	63865.32312	4349.999655	292021.2943	6514493.032	1576.856793	0.9369257283	1.067158185	44625.50596	16474.85882	10482.12275	2119.320095	587.1164524	1.449999885	0.01023390469	0.01000064886
21	1	65784.14597	213.9063044	804802.7321	3188967.729	16514.69969	0.3394120122	0.9356191912	39335.14899	15573.00037	9563.069468	2119.326561	516.6184626	0.07130210145	0.02820436255	0.01
21	1	65370.45101	167.975072	694251.9149	3719908.674	24743.63942	0.01025442325	0.8631571608	36420.80191	15076.18553	9056.782472	2119.326832	477.7826032	0.05599169067	0.02433010218	0.01
21	1	66120.83444	506.1098816	894775.2708	2813310.236	5803.866374	0.767845345	1.029936169	43128.47923	16219.6573	10222.05541	2119.325194	567.1674314	0.1687032939	0.03135745585	0.01
21	1	65886.75394	495.13822	832222.4396	3069456.422	6454.104762	0.7418358095	1.024210329	42898.19192	16180.39974	10182.04938	2119.325393	564.0986804	0.1650460733	0.02916528793	0.01
21	1	64085.06448	332.3566088	350006.7001	6010503.643	24810.49026	0.007580389736	0.8625686343	36396.97629	15072.13388	9052.661929	2119.281343	477.4658297	0.1107855363	0.0122660069	0.0100264283
21	1	65886.75394	356.3115187	832222.4396	3069456.422	9266.824665	0.6293270134	0.9994422058	41902.0439	16010.58431	10008.99628	2119.325956	550.8242613	0.1187705062	0.02916528793	0.01
21	1	64987.68599	221.3692752	591966.4383	4289572.198	21935.46686	0.1225813256	0.8878852415	37415.33945	15245.72643	9229.555794	2119.326762	491.0355614	0.07378975839	0.0207455012	0.01
21	1	66631.24984	168.9179535	1031172.48	2326476.456	16313.1999	0.3474720038	0.937393549	39406.51181	15585.16574	9575.466779	2119.326551	517.5694256	0.05630598449	0.03613750464	0.01000000021
21	1	64860.8744	338.8352286	558078.8465	4496924.959	14966.31757	0.4013472972	0.9492538654	39883.52133	15666.48255	9658.333957	2119.326479	523.9259351	0.1129450762	0.0195579084	0.01
21	1	65535.17453	485.9901453	738270.6289	3498657.185	7525.985645	0.6989605742	1.014771608	42518.57644	16115.6859	10116.10172	2119.325652	559.0400195	0.1619967151	0.02587274079	0.01
21	1	63840.2774	838.905823	285346.8965	6575303.126	11661.90146	0.5335239415	0.9783517454	41053.80763	15865.9837	9861.638752	2119.326234	539.5208773	0.2796352743	0.01	0.01
21	1	64685.45577	227.5753358	511201.8638	4800381.888	24805.05216	0.007797913776	0.8626163753	36399.05203	15072.47779	9053.00404	2119.326819	477.49277	0.07585844526	0.01791510159	0.01000000838
21	1	65112.43874	291.2361258	625303.8468	4094917.709	15569.76427	0.3772094292	0.9439400614	39669.80569	15630.05	9621.20679	2119.326513	521.0780139	0.0970787086	0.02191381278	0.01
21	1	73103.07576	44.65412376	2744478.732	215079.0467	23578.12211	0.05687511568	0.8734235394	36830.37139	15146.21868	9128.329854	2118.352853	483.2558549	0.01488470792	0.09618043042	0.01056583538
21	1	68627.51969	729.6395756	1561075.418	1113392.821	1862.05242	0.9255179032	1.064647506	44523.7987	16457.56723	10464.54071	2119.107349	585.7645078	0.2432131919	0.05470798657	0.01012461976
21	1	66631.36116	332.4512081	1031202.233	2326380.027	7912.157029	0.6835137189	1.011371078	42381.81065	16092.37115	10092.34245	2119.32573	557.2175129	0.1108170694	0.03613854734	0.01
21	1	63964.89008	363.2850596	318646.8758	6277252.814	24932.56746	0.002697301778	0.8614935067	36353.89148	15064.77917	9045.15864	2119.326836	476.8909716	0.1210950199	0.01116699988	0.01
21	1	65187.78289	808.2460182	645437.9022	3981660.932	4937.314658	0.8025074137	1.037566812	43435.37569	16271.97458	10275.37017	2119.324859	571.2570567	0.2694153394	0.02261941203	0.01
21	1	64662.44271	385.0801986	505052.3721	4841680.579	14530.42732	0.4187829072	0.9530922084	40037.89547	15692.79903	9685.152183	2119.326453	525.9830862	0.1283600662	0.01769959226	0.01
21	1	66745.05005	369.7800224	1061583.072	2229977.868	6812.950919	0.7274819632	1.021050418	42771.10359	16158.73473	10159.97131	2119.325488	562.4051331	0.1232600075	0.03720324576	0.01
21	1	64140.16185	332.3566088	364730.253	5888480.761	23778.18206	0.04887271747	0.8716588878	36762.57678	15134.45856	9116.174876	2119.28132	482.3377302	0.1107855363	0.01278199474	0.0100264283
21	1	73359.73729	4246.420563	2829211.782	190065.2084	-517.3942335	1.020695769	1.085599644	45367.20597	16601.29772	10610.97211	2119.268877	597.0001433	1.415473521	0.09914990549	0.01
21	1	73391.62685	130.1712726	2837733.56	187822.2481	7288.088096	0.7084764762	1.016866476	42602.82982	16130.04875	10130.73841	2119.325601	560.1627591	0.0433904242	0.09944855175	0.01
21	1	64739.64701	439.8150189	407076.803	5782846.503	16363.43172	0.345462731	0.936974126	39365.15526	15579.68012	9571.191506	2112.171974	517.1316762	0.1466050063	0.01426603226	0.01415657964
21	1	68055.94786	198.1011258	1410634.702	1371883.173	9885.489556	0.6045804177	0.9939946368	41682.68889	15973.20698	9970.920261	2119.250227	547.9023926	0.0660337086	0.04943578219	0.01004404416
21	1	64027.05316	4349.999991	325681.7197	6236725.361	1376.194401	0.944952224	1.068927015	44694.67302	16486.77595	10494.37307	2118.742806	588.0472906	1.449999997	0.01141353642	0.01033562179
21	1	65643.72106	194.5962755	767277.284	3360103.463	19158.34946	0.2336660216	0.912339858	38398.87855	15413.39239	9400.418441	2119.326673	504.1419572	0.06486542516	0.02688928085	0.01
21	1	63964.89008	363.2850596	318646.8758	6277252.814	24932.56746	0.002697301778	0.8614935067	36353.89148	15064.77917	9045.15864	2119.326836	476.8909716	0.1210950199	0.01116699988	0.01
21	1	73450.5107	2396.227381	2853468.965	183749.9671	-329.9411203	1.013197645	1.083948978	45300.8179	16589.98041	10599.43902	2119.294092	596.1154725	0.7987424604	0.1	0.01
21	1	65113.87287	1278.759935	625687.0883	4092732.134	2952.945363	0.8818821855	1.055040683	44138.15649	16391.77909	10397.45884	2119.323502	580.6221377	0.4262533115	0.02192724351	0.01
21	1	63937.9498	4350	305083.0826	6411129.93	1504.062357	0.9398375057	1.067800421	44650.02578	16479.12247	10486.53805	2118.937012	587.4492626	1.45	0.01069165589	0.0102230478
21	1	64355.97565	282.2573611	422065.8883	5437088.068	24210.01313	0.03159947471	0.8678563538	36609.5735	15108.3802	9089.603038	2119.261072	480.2991679	0.09408578704	0.0147913257	0.01003819723
21	1	63865.32312	4349.999655	292021.2943	6514493.032	1576.856793	0.9369257283	1.067158185	44625.50596	16474.85882	10482.12275	2119.320095	587.1164524	1.449999885	0.01023390469	0.01000064886
21	1	64140.16185	332.3566088	364730.253	5888480.761	23778.18206	0.04887271747	0.8716588878	36762.57678	15134.45856	9116.174876	2119.28132	482.3377302	0.1107855363	0.01278199474	0.0100264283
21	1	65886.75394	495.13822	832222.4396	3069456.422	6454.104762	0.7418358095	1.024210329	42898.19192	16180.39974	10182.04938	2119.325393	564.0986804	0.1650460733	0.02916528793	0.01
21	1	67315.5423	708.2230917	1213500.219	1804981.191	2698.612641	0.8920554944	1.057280377	44228.12437	16407.12315	10413.10137	2119.290985	581.8215378	0.2360743639	0.04252719179	0.01001872373
21	1	73359.73729	4246.420563	2829211.782	190065.2084	-517.3942335	1.020695769	1.085599644	45367.20597	16601.29772	10610.97211	2119.268877	597.0001433	1.415473521	0.09914990549	0.01
21	1	64092.58843	340.1445778	352484.1659	5988825.759	24047.34519	0.0381061922	0.8692886129	36667.34319	15118.21773	9099.61923	2119.309488	481.0682251	0.1133815259	0.01235282984	0.01001006725
21	1	63887.7048	4347.993624	298020.8193	6460232.982	1530.692494	0.9387723003	1.067564693	44641.85911	16477.64633	10484.96321	2119.321088	587.3343527	1.449331208	0.01044415843	0.01
21	1	65372.08592	459.6795407	694688.8066	3717645.396	8550.447898	0.6579820841	1.005750444	42155.75466	16053.83491	10053.07149	2119.325844	554.2051473	0.1532265136	0.02434541308	0.01
21	1	64267.15359	340.1445778	350006.7001	6112835.226	24435.58772	0.02257649138	0.8658793318	36520.08278	15093.76196	9075.241823	2116.346121	479.1528218	0.1133815259	0.0122660069	0.01173169599
21	1	64710.45464	280.0664054	425428.1356	5585971.788	24601.89729	0.01592410851	0.8644231627	36452.63086	15082.83103	9064.579664	2113.749818	478.2951104	0.09335546848	0.01490915587	0.01324006897
21	1	72626.14749	181.9764882	2633176.148	249748.1328	5443.033113	0.7822786755	1.033113579	43256.27131	16241.44228	10244.25575	2119.325066	568.8703567	0.06065882941	0.09227982434	0.01
21	1	66631.36116	739.6065369	1031202.233	2326380.027	3135.359439	0.8745856225	1.053434389	44073.55304	16380.76601	10386.23578	2119.323685	579.7612483	0.2465355123	0.03613854734	0.01
21	1	65886.75394	495.13822	832222.4396	3069456.422	6454.104762	0.7418358095	1.024210329	42898.19192	16180.39974	10182.04938	2119.325393	564.0986804	0.1650460733	0.02916528793	0.01
21	1	73867.12844	86.27240888	2722224.379	239982.5091	12951.29182	0.4819483272	0.9670445371	40548.9607	15783.12117	9779.885706	2104.69364	533.0252543	0.02875746963	0.0954005252	0.01850110706
21	1	65109.82172	212.3041034	624604.5075	4098908.957	21667.9152	0.1332833919	0.8902412359	37510.09508	15261.87962	9246.016957	2119.326754	492.2982513	0.07076803448	0.02188930439	0.01
21	1	73307.65575	253.838274	2798986.561	199363.5512	3492.467838	0.8603012865	1.050292929	43943.83991	16358.86865	10364.10173	2118.340239	578.0483095	0.08461275799	0.0980906607	0.01057150024
21	1	63840.2774	838.905823	285346.8965	6575303.126	11661.90146	0.5335239415	0.9783517454	41053.80763	15865.9837	9861.638752	2119.326234	539.5208773	0.2796352743	0.01	0.01
21	1	66631.36116	739.6065369	1031202.233	2326380.027	3135.359439	0.8745856225	1.053434389	44073.55304	16380.76601	10386.23578	2119.323685	579.7612483	0.2465355123	0.03613854734	0.01
21	1	65798.56222	1066.682881	808655.1566	3171899.698	2683.661204	0.8926535518	1.057411933	44233.5257	16408.03688	10414.0266	2119.323198	581.893004	0.3555609604	0.02833937101	0.01
21	1	64685.45577	227.5753358	511201.8638	4800381.888	24805.05216	0.007797913776	0.8626163753	36399.05203	15072.47779	9053.00404	2119.326819	477.49277	0.07585844526	0.01791510159	0.01000000838
21	1	64860.8744	338.8352286	558078.8465	4496924.959	14966.31757	0.4013472972	0.9492538654	39883.52133	15666.48255	9658.333957	2119.326479	523.9259351	0.1129450762	0.0195579084	0.01
21	1	66368.63663	4276.35218	960994.9211	2565401.778	-41.13986374	1.001645595	1.081405865	45198.53654	16572.5443	10581.67047	2119.307381	594.7524968	1.425450727	0.03367812767	0.01
21	1	66745.05005	369.7800224	1061583.072	2229977.868	6812.950919	0.7274819632	1.021050418	42771.10359	16158.73473	10159.97131	2119.325488	562.4051331	0.1232600075	0.03720324576	0.01
21	1	68222.20171	827.2208244	1456319.148	1286735.023	1704.284888	0.9318286045	1.066036081	44580.37993	16467.16585	10474.2829	2119.321532	586.5150965	0.2757402748	0.05103679647	0.01
21	1	69038.37695	874.3815535	1674423.91	949593.8497	1266.808689	0.9493276524	1.06988839	44735.31574	16493.57808	10501.1987	2119.320268	588.5797324	0.2914605178	0.05868029163	0.01
21	1	66631.36116	739.6065369	1031202.233	2326380.027	3135.359439	0.8745856225	1.053434389	44073.55304	16380.76601	10386.23578	2119.323685	579.7612483	0.2465355123	0.03613854734	0.01
21	1	65113.87287	1278.759935	625687.0883	4092732.134	2952.945363	0.8818821855	1.055040683	44138.15649	16391.77909	10397.45884	2119.323502	580.6221377	0.4262533115	0.02192724351	0.01
21	1	73504.43977	46.58358055	2853468.965	184671.0106	21676.50316	0.1329398737	0.8901683957	37504.19013	15261.06309	9245.344628	2118.457436	492.2333369	0.01552786018	0.1	0.01050504665
21	1	63841.5801	4349.99966	285695.0145	6572115.254	1628.631725	0.934854731	1.066702265	44607.17312	16471.73334	10478.93748	2119.321346	586.8721359	1.449999887	0.01001219982	0.01
21	1	64075.17513	342.4795279	348118.1133	6024760.845	24186.00135	0.03255994607	0.8680675853	36618.29404	15109.85243	9091.091254	2119.326819	480.4143339	0.1141598426	0.01219982126	0.01
21	1	64232.36193	4312.854554	390122.8066	5682342.241	1003.003274	0.9598798691	1.072211396	44828.74461	16509.50509	10517.42938	2119.319204	589.8247421	1.437618185	0.01367187838	0.01
21	1	64092.58843	340.1445778	352484.1659	5988825.759	24047.34519	0.0381061922	0.8692886129	36667.34319	15118.21773	9099.61923	2119.309488	481.0682251	0.1133815259	0.01235282984	0.01001006725
21	1	66631.36116	332.4512081	1031202.233	2326380.027	7912.157029	0.6835137189	1.011371078	42381.81065	16092.37115	10092.34245	2119.32573	557.2175129	0.1108170694	0.03613854734	0.01
21	1	65044.79825	215.0055975	596304.0596	4279921.585	22484.61591	0.1006153636	0.883051679	37218.68316	15212.34612	9195.660177	2118.6678	488.4254098	0.07166853251	0.02089751341	0.01038284508
21	1	67594.09728	328.9547085	1288472.146	1625679.396	6253.399338	0.7498640265	1.025977692	42969.27341	16192.51715	10194.39782	2119.325335	565.0458945	0.1096515695	0.04515458771	0.01
21	1	64149.76468	442.1091899	368050.5188	5859774.5	17516.51741	0.2993393037	0.9267974295	38980.34696	15512.51653	9501.432453	2119.326607	511.8904596	0.14736973	0.01289835366	0.01
21	1	65460.69767	430.7111166	718041.7244	3599058.374	8855.048819	0.6457980472	1.003068266	42047.81282	16035.43815	10034.3276	2119.306192	552.7670537	0.1435703722	0.02516381756	0.01001144611
21	1	65784.14597	213.9063044	804802.7321	3188967.729	16514.69969	0.3394120122	0.9356191912	39335.14899	15573.00037	9563.069468	2119.326561	516.6184626	0.07130210145	0.02820436255	0.01
21	1	65798.56222	1066.682881	808655.1566	3171899.698	2683.661204	0.8926535518	1.057411933	44233.5257	16408.03688	10414.0266	2119.323198	581.893004	0.3555609604	0.02833937101	0.01
21	1	65187.78289	808.2460182	645437.9022	3981660.932	4937.314658	0.8025074137	1.037566812	43435.37569	16271.97458	10275.37017	2119.324859	571.2570567	0.2694153394	0.02261941203	0.01
21	1	73690.97755	107.0921501	2825409.279	197293.8068	9465.846532	0.6213661387	0.9977074972	41813.21533	15996.65928	9995.82926	2113.757083	549.7287874	0.03569738336	0.09901664652	0.01323532961
21	1	66745.05005	376.9470748	1061583.072	2229977.868	6668.868168	0.7332452733	1.022319175	42822.13169	16167.43359	10168.83602	2119.325451	563.0851207	0.1256490249	0.03720324576	0.01
21	1	67315.5423	708.2230917	1213500.219	1804981.191	2698.612641	0.8920554944	1.057280377	44228.12437	16407.12315	10413.10137	2119.290985	581.8215378	0.2360743639	0.04252719179	0.01001872373
21	1	65886.75394	356.3115187	832222.4396	3069456.422	9266.824665	0.6293270134	0.9994422058	41902.0439	16010.58431	10008.99628	2119.325956	550.8242613	0.1187705062	0.02916528793	0.01
21	1	64496.58548	256.8453379	457567.2132	5178462.681	24560.46858	0.01758125672	0.8647707293	36485.04481	15087.17888	9068.020491	2119.136001	478.6417114	0.08561511263	0.01603547187	0.0101108646
21	1	67594.09728	328.9547085	1288472.146	1625679.396	6253.399338	0.7498640265	1.025977692	42969.27341	16192.51715	10194.39782	2119.325335	565.0458945	0.1096515695	0.04515458771	0.01
21	1	65187.78289	808.2460182	645437.9022	3981660.932	4937.314658	0.8025074137	1.037566812	43435.37569	16271.97458	10275.37017	2119.324859	571.2570567	0.2694153394	0.02261941203	0.01
21	1	67728.64889	741.8259553	1324428.085	1546257.837	2262.741622	0.9094903351	1.061118448	44382.59785	16433.44952	10439.92375	2119.322614	583.8795021	0.2472753184	0.04641466584	0.01
21	1	65784.14597	213.9063044	804802.7321	3188967.729	16514.69969	0.3394120122	0.9356191912	39335.14899	15573.00037	9563.069468	2119.326561	516.6184626	0.07130210145	0.02820436255	0.01
21	1	65187.78289	808.2460182	645437.9022	3981660.932	4937.314658	0.8025074137	1.037566812	43435.37569	16271.97458	10275.37017	2119.324859	571.2570567	0.2694153394	0.02261941203	0.01
21	1	65187.77045	211.2910226	645434.5792	3981679.363	21048.02731	0.1580789078	0.8956998171	37729.63351	15299.30479	9284.155672	2119.326736	495.2237654	0.07043034086	0.02261929557	0.01
21	1	65187.78289	808.2460182	645437.9022	3981660.932	4937.314658	0.8025074137	1.037566812	43435.37569	16271.97458	10275.37017	2119.324859	571.2570567	0.2694153394	0.02261941203	0.01
21	1	66368.63663	4276.35218	960994.9211	2565401.778	-41.13986374	1.001645595	1.081405865	45198.53654	16572.5443	10581.67047	2119.307381	594.7524968	1.425450727	0.03367812767	0.01
21	1	64086.40813	4350	345001.1243	6063836.946	1243.645777	0.9502541689	1.070093538	44742.30331	16494.84997	10502.56269	2118.950996	588.678695	1.45	0.01209058618	0.01021443231
21	1	66379.97092	369.7800224	964023.7571	2554600.398	7579.84042	0.6968063832	1.014297376	42499.50333	16112.43446	10112.78829	2119.325664	558.785856	0.1232600075	0.03378427342	0.01
21	1	66631.24984	168.9179535	1031172.48	2326476.456	16313.1999	0.3474720038	0.937393549	39406.51181	15585.16574	9575.466779	2119.326551	517.5694256	0.05630598449	0.03613750464	0.01000000021
21	1	63841.5801	4349.99966	285695.0145	6572115.254	1628.631725	0.934854731	1.066702265	44607.17312	16471.73334	10478.93748	2119.321346	586.8721359	1.449999887	0.01001219982	0.01
21	1	65802.95188	157.0294608	809821.9447	3166755.197	22627.6293	0.09489482797	0.8817902295	37170.20316	15203.93761	9186.970313	2119.326404	487.7689425	0.05234315359	0.02838026117	0.01000021902
21	1	65886.75394	4210.540738	832222.4396	3069456.422	83.93007927	0.9966427968	1.080304529	45154.24199	16564.99331	10573.97552	2119.310331	594.1622386	1.403513579	0.02916528793	0.01
21	1	72847.5874	219.8733953	2691936.887	230152.125	4262.667313	0.8294933075	1.043507671	43674.22533	16312.69724	10316.87383	2119.299533	574.4403031	0.07329113177	0.09433909815	0.01001451475
21	1	63841.5801	4349.99966	285695.0145	6572115.254	1628.631725	0.934854731	1.066702265	44607.17312	16471.73334	10478.93748	2119.321346	586.8721359	1.449999887	0.01001219982	0.01
21	1	66631.36116	332.4512081	1031202.233	2326380.027	7912.157029	0.6835137189	1.011371078	42381.81065	16092.37115	10092.34245	2119.32573	557.2175129	0.1108170694	0.03613854734	0.01
21	1	63840.2774	838.905823	285346.8965	6575303.126	11661.90146	0.5335239415	0.9783517454	41053.80763	15865.9837	9861.638752	2119.326234	539.5208773	0.2796352743	0.01	0.01
21	1	64410.87002	398.6910794	436905.1927	5325533.488	16316.5287	0.3473388519	0.9373644141	39405.1501	15584.94574	9575.252785	2119.271059	517.5521591	0.1328970265	0.01531137006	0.0100322396
21	1	74013.66142	72.67920177	2732953.626	238765.7388	15384.30535	0.3846277861	0.9456255054	39681.64025	15635.64223	9629.910142	2102.978965	521.4947294	0.02422640059	0.09577653233	0.01949738386
21	1	64668.75457	384.1096449	505081.0841	4844272.721	14575.37945	0.4169848221	0.9526966911	40021.64587	15690.0508	9682.369934	2119.226442	525.7681327	0.1280365483	0.01770059848	0.0100581045
21	1	73359.73729	4246.420563	2829211.782	190065.2084	-517.3942335	1.020695769	1.085599644	45367.20597	16601.29772	10610.97211	2119.268877	597.0001433	1.415473521	0.09914990549	0.01
21	1	66745.05005	369.7800224	1061583.072	2229977.868	6812.950919	0.7274819632	1.021050418	42771.10359	16158.73473	10159.97131	2119.325488	562.4051331	0.1232600075	0.03720324576	0.01
21	1	73649.01623	72.66869974	2836356.367	192819.7549	13971.13414	0.4411546345	0.9580307568	40222.03359	15725.11489	9718.861987	2115.0943	528.5039184	0.02422289991	0.09940028792	0.0124587198
21	1	65886.75394	495.13822	832222.4396	3069456.422	6454.104762	0.7418358095	1.024210329	42898.19192	16180.39974	10182.04938	2119.325393	564.0986804	0.1650460733	0.02916528793	0.01
21	1	73405.76736	2510.814303	2841512.297	186836.1613	-348.0489391	1.013921958	1.084108431	45307.23093	16591.07365	10600.55311	2119.292646	596.200931	0.8369381011	0.09958097783	0.01
21	1	73476.69479	98.2682168	2853468.965	184196.5846	9874.004017	0.6050398393	0.9940968843	41685.61602	15973.78169	9971.569571	2118.903956	547.946885	0.03275607227	0.1	0.01024521446
21	1	64044.13153	4350	339769.9469	6095344.744	1247.908251	0.95008367	1.070054832	44741.99907	16494.71809	10502.36103	2119.317036	588.6688428	1.45	0.01190725924	0.01000183818
21	1	65187.77045	211.2910226	645434.5792	3981679.363	21048.02731	0.1580789078	0.8956998171	37729.63351	15299.30479	9284.155672	2119.326736	495.2237654	0.07043034086	0.02261929557	0.01
21	1	63840.2774	838.905823	285346.8965	6575303.126	11661.90146	0.5335239415	0.9783517454	41053.80763	15865.9837	9861.638752	2119.326234	539.5208773	0.2796352743	0.01	0.01
21	1	73391.62685	130.1712726	2837733.56	187822.2481	7288.088096	0.7084764762	1.016866476	42602.82982	16130.04875	10130.73841	2119.325601	560.1627591	0.0433904242	0.09944855175	0.01
21	1	73103.07576	44.65412376	2744478.732	215079.0467	23578.12211	0.05687511568	0.8734235394	36830.37139	15146.21868	9128.329854	2118.352853	483.2558549	0.01488470792	0.09618043042	0.01056583538
21	1	65886.74118	194.6101144	832219.0308	3069470.998	17602.33581	0.2959065676	0.9260417336	38949.95366	15507.33532	9496.152461	2119.326611	511.4854461	0.06487003814	0.02916516847	0.01
21	1	66745.05005	369.7800224	1061583.072	2229977.868	6812.950919	0.7274819632	1.021050418	42771.10359	16158.73473	10159.97131	2119.325488	562.4051331	0.1232600075	0.03720324576	0.01
21	1	64093.60927	342.1416329	348118.1133	6035066.549	24231.96321	0.03072147148	0.8676638077	36601.03748	15106.97565	9088.214236	2119.029668	480.1890853	0.114047211	0.01219982126	0.01017263603
21	1	63840.2774	838.905823	285346.8965	6575303.126	11661.90146	0.5335239415	0.9783517454	41053.80763	15865.9837	9861.638752	2119.326234	539.5208773	0.2796352743	0.01	0.01
21	1	65861.85635	282.0217208	791940.2644	3284723.95	12699.62807	0.4920148773	0.9692202733	40679.6063	15802.63641	9797.456521	2117.297764	534.5665045	0.09400724027	0.02775359656	0.01117852508
21	1	64710.45464	280.0664054	425428.1356	5585971.788	24601.89729	0.01592410851	0.8644231627	36452.63086	15082.83103	9064.579664	2113.749818	478.2951104	0.09335546848	0.01490915587	0.01324006897
21	1	67728.64889	741.8259553	1324428.085	1546257.837	2262.741622	0.9094903351	1.061118448	44382.59785	16433.44952	10439.92375	2119.322614	583.8795021	0.2472753184	0.04641466584	0.01
21	1	65091.01032	188.9697179	618499.0344	4135466.758	24691.4372	0.01234251197	0.8636170491	36439.07545	15079.31489	9059.983449	2119.261771	478.0271427	0.06298990596	0.0216753377	0.01003779757
21	1	64140.16185	332.3566088	364730.253	5888480.761	23778.18206	0.04887271747	0.8716588878	36762.57678	15134.45856	9116.174876	2119.28132	482.3377302	0.1107855363	0.01278199474	0.0100264283
21	1	66120.83444	506.1098816	894775.2708	2813310.236	5803.866374	0.767845345	1.029936169	43128.47923	16219.6573	10222.05541	2119.325194	567.1674314	0.1687032939	0.03135745585	0.01
21	1	65372.08592	459.6795407	694688.8066	3717645.396	8550.447898	0.6579820841	1.005750444	42155.75466	16053.83491	10053.07149	2119.325844	554.2051473	0.1532265136	0.02434541308	0.01
21	1	66120.83444	506.1098816	894775.2708	2813310.236	5803.866374	0.767845345	1.029936169	43128.47923	16219.6573	10222.05541	2119.325194	567.1674314	0.1687032939	0.03135745585	0.01
21	1	63955.54354	4350	316149.2212	6299131.524	1398.056401	0.9440777439	1.068732654	44688.83328	16485.65411	10493.12367	2119.320701	587.9603187	1.45	0.01107946941	0.01
21	1	73450.5107	46.58358055	2853468.965	183749.9671	21614.12989	0.1354348042	0.8907148562	37529.1436	15265.12686	9249.326108	2119.326752	492.552087	0.01552786018	0.1	0.01
21	1	67594.09728	328.9547085	1288472.146	1625679.396	6253.399338	0.7498640265	1.025977692	42969.27341	16192.51715	10194.39782	2119.325335	565.0458945	0.1096515695	0.04515458771	0.01
21	1	65187.78289	808.2460182	645437.9022	3981660.932	4937.314658	0.8025074137	1.037566812	43435.37569	16271.97458	10275.37017	2119.324859	571.2570567	0.2694153394	0.02261941203	0.01
21	1	73492.99599	44.65412376	2735791.458	226392.972	24143.77262	0.0342490954	0.8684643603	36607.61196	15109.73346	9092.400509	2111.543455	480.3953075	0.01488470792	0.09587598434	0.01452189109
21	1	63887.7048	4347.993624	298020.8193	6460232.982	1530.692494	0.9387723003	1.067564693	44641.85911	16477.64633	10484.96321	2119.321088	587.3343527	1.449331208	0.01044415843	0.01
21	1	65187.77045	211.2910226	645434.5792	3981679.363	21048.02731	0.1580789078	0.8956998171	37729.63351	15299.30479	9284.155672	2119.326736	495.2237654	0.07043034086	0.02261929557	0.01
21	1	65459.89279	296.8858204	718041.7959	3598789.363	13189.84604	0.4724061582	0.9648970607	40512.65127	15773.73311	9767.630574	2119.319638	532.3096697	0.09896194014	0.02516382006	0.01000390593
21	1	67594.09728	328.9547085	1288472.146	1625679.396	6253.399338	0.7498640265	1.025977692	42969.27341	16192.51715	10194.39782	2119.325335	565.0458945	0.1096515695	0.04515458771	0.01
21	1	65886.75394	495.13822	832222.4396	3069456.422	6454.104762	0.7418358095	1.024210329	42898.19192	16180.39974	10182.04938	2119.325393	564.0986804	0.1650460733	0.02916528793	0.01
21	1	63865.32312	4349.999655	292021.2943	6514493.032	1576.856793	0.9369257283	1.067158185	44625.50596	16474.85882	10482.12275	2119.320095	587.1164524	1.449999885	0.01023390469	0.01000064886
21	1	67728.64889	741.8259553	1324428.085	1546257.837	2262.741622	0.9094903351	1.061118448	44382.59785	16433.44952	10439.92375	2119.322614	583.8795021	0.2472753184	0.04641466584	0.01
21	1	65886.75394	495.13822	832222.4396	3069456.422	6454.104762	0.7418358095	1.024210329	42898.19192	16180.39974	10182.04938	2119.325393	564.0986804	0.1650460733	0.02916528793	0.01
21	1	64531.08072	255.0609757	469948.7898	5084326.772	24052.30767	0.03790769332	0.8692448591	36665.64277	15117.92407	9099.316782	2119.326816	481.0452912	0.08502032523	0.01646938501	0.01
21	1	73450.5107	46.58358055	2853468.965	183749.9671	21614.12989	0.1354348042	0.8907148562	37529.1436	15265.12686	9249.326108	2119.326752	492.552087	0.01552786018	0.1	0.01
21	1	65886.74118	194.6101144	832219.0308	3069470.998	17602.33581	0.2959065676	0.9260417336	38949.95366	15507.33532	9496.152461	2119.326611	511.4854461	0.06487003814	0.02916516847	0.01
21	1	65784.14597	213.9063044	804802.7321	3188967.729	16514.69969	0.3394120122	0.9356191912	39335.14899	15573.00037	9563.069468	2119.326561	516.6184626	0.07130210145	0.02820436255	0.01
21	1	63937.9498	4350	305083.0826	6411129.93	1504.062357	0.9398375057	1.067800421	44650.02578	16479.12247	10486.53805	2118.937012	587.4492626	1.45	0.01069165589	0.0102230478
21	1	65866.9643	149.7343514	817736.2844	3142037.398	23569.67444	0.05721302255	0.8734965856	36834.74376	15146.87239	9128.919002	2118.771976	483.3074794	0.04991145048	0.02865761971	0.01032233797
21	1	66631.36116	739.6065369	1031202.233	2326380.027	3135.359439	0.8745856225	1.053434389	44073.55304	16380.76601	10386.23578	2119.323685	579.7612483	0.2465355123	0.03613854734	0.01
21	1	66631.36116	739.6065369	1031202.233	2326380.027	3135.359439	0.8745856225	1.053434389	44073.55304	16380.76601	10386.23578	2119.323685	579.7612483	0.2465355123	0.03613854734	0.01
21	1	65663.31356	269.966775	570057.4474	4744320.82	19440.72524	0.2223709906	0.9098924254	38258.64599	15392.15721	9381.022912	2107.114198	502.4667487	0.08998892501	0.01997769923	0.01709506569
21	1	73418.59547	4246.420563	2844940.326	185946.0735	-518.7631473	1.020750526	1.085611699	45367.69078	16601.38037	10611.05633	2119.268551	597.0066038	1.415473521	0.09970111332	0.01
21	1	67315.5423	708.2230917	1213500.219	1804981.191	2698.612641	0.8920554944	1.057280377	44228.12437	16407.12315	10413.10137	2119.290985	581.8215378	0.2360743639	0.04252719179	0.01001872373
21	1	63840.2774	838.905823	285346.8965	6575303.126	11661.90146	0.5335239415	0.9783517454	41053.80763	15865.9837	9861.638752	2119.326234	539.5208773	0.2796352743	0.01	0.01
21	1	65886.74118	194.6101144	832219.0308	3069470.998	17602.33581	0.2959065676	0.9260417336	38949.95366	15507.33532	9496.152461	2119.326611	511.4854461	0.06487003814	0.02916516847	0.01
21	1	68627.51969	729.6395756	1561075.418	1113392.821	1862.05242	0.9255179032	1.064647506	44523.7987	16457.56723	10464.54071	2119.107349	585.7645078	0.2432131919	0.05470798657	0.01012461976
21	1	67315.5423	708.2230917	1213500.219	1804981.191	2698.612641	0.8920554944	1.057280377	44228.12437	16407.12315	10413.10137	2119.290985	581.8215378	0.2360743639	0.04252719179	0.01001872373
21	1	64860.8744	338.8352286	558078.8465	4496924.959	14966.31757	0.4013472972	0.9492538654	39883.52133	15666.48255	9658.333957	2119.326479	523.9259351	0.1129450762	0.0195579084	0.01
21	1	64860.8744	338.8352286	558078.8465	4496924.959	14966.31757	0.4013472972	0.9492538654	39883.52133	15666.48255	9658.333957	2119.326479	523.9259351	0.1129450762	0.0195579084	0.01
21	1	64860.8744	338.8352286	558078.8465	4496924.959	14966.31757	0.4013472972	0.9492538654	39883.52133	15666.48255	9658.333957	2119.326479	523.9259351	0.1129450762	0.0195579084	0.01
21	1	66745.05005	369.7800224	1061583.072	2229977.868	6812.950919	0.7274819632	1.021050418	42771.10359	16158.73473	10159.97131	2119.325488	562.4051331	0.1232600075	0.03720324576	0.01
21	1	65152.892	317.6839865	630446.8612	4073686.699	14112.22803	0.4355108789	0.9567758635	40184.87816	15717.93023	9710.82536	2118.984568	527.9471571	0.1058946622	0.02209405005	0.01019860827
21	1	64860.8744	338.8352286	558078.8465	4496924.959	14966.31757	0.4013472972	0.9492538654	39883.52133	15666.48255	9658.333957	2119.326479	523.9259351	0.1129450762	0.0195579084	0.01
21	1	73476.69479	98.2682168	2853468.965	184196.5846	9874.004017	0.6050398393	0.9940968843	41685.61602	15973.78169	9971.569571	2118.903956	547.946885	0.03275607227	0.1	0.01024521446
21	1	64870.13697	469.6227695	527380.959	4747729.602	11389.47744	0.5444209024	0.9807570513	41143.69753	15881.745	9878.068326	2117.325137	540.7504325	0.1565409232	0.018482099	0.01116255358
