#gen	Feasible	f1	f2	c1	c2	c3	c4	c5	x1	x2	x3	x4
0	0	0.4646143048	17.77406755	-2.546352078	15	0.2550585012	0.8965164959	13796.24211	59.18107579	76.63472371	1078.844624	5.804385186
0	0	0.5989640435	3.088878105	-11.91604083	2.5	-0.191132143	0.48036125	83665.3312	79.96358507	88.04754424	2521.020548	10.99601394
0	0	2.899582359	4.402104585	15.30332518	-2.5	0.3053981318	0.9232857265	58437.9814	58.5388815	93.84220668	1597.997313	12.21715863
0	0	1.635777091	2.603524729	-3.889180426	-7.5	0.1214503513	0.7670889838	99430.1398	71.64068845	87.75150802	2246.037239	14.21177218
0	0	1.837980472	5.591098115	-0.002560585325	-10	0.262513526	0.9029804373	45819.26598	56.99165263	76.98909205	1156.661817	15.21787771
0	0	1.087643642	3.41736172	-0.3773005447	7.5	0.1038007012	0.7485271987	75536.74314	70.98723571	90.60993516	2949.213271	8.265552385
0	0	4.559319739	2.96707599	19.05599685	-12.5	0.3126088118	0.9259707926	87136.84196	59.88562058	98.94161743	1702.197715	16.64968538
0	0	0.1275179249	25.67422906	-4.259376915	22.5	0.2118281942	0.8368594589	9274.093227	74.79498753	90.53561062	1537.656603	2.454183995
0	0	0.8896923691	3.725087488	-5.862733356	2.5	0.01244927833	0.7099140405	69222.3799	64.28331414	78.42058079	2455.045097	10.72944362
0	0	3.03841762	3.222623317	10.94750463	-5	0.2859466056	0.8992972281	80155.70348	68.01241187	98.9599165	1850.580591	13.46598749
0	0	0.6205027648	4.710896909	-4.780733491	12.5	0.05094406189	0.6954686731	54548.46449	75.59622771	90.81549422	2775.890402	6.187590976
0	0	1.504807803	2.463305238	-2.250211896	-7.5	0.01768879406	0.7324058629	105141.2636	57.67056629	75.4203544	2835.882797	14.09475743
0	0	4.337757387	1.629422417	13.67028424	-17.5	0.2262147397	0.8572625238	159409.5657	60.49405093	94.16433518	2841.599341	18.63765202
0	0	2.126937503	4.712594528	7.438077019	-2.5	0.2716300139	0.9023084101	54528.49029	58.18980387	85.62788089	1590.593143	12.81299515
0	0	1.017323326	3.347408764	-7.034959252	0	0.06012494438	0.7148324492	77134.09096	73.58549074	86.55053148	2215.704615	11.79783119
0	0	0.06356513095	27.17525307	-15.94718672	20	-0.09261060306	0.5877347401	8712.127596	77.99501812	82.04783139	1003.289516	3.362930666
0	0	3.546390701	2.123558315	6.949745602	-17.5	0.2393566958	0.866036592	122106.7468	65.51236241	92.46210801	2147.503373	18.72709338
0	0	7.702922501	1.754702448	31.1153554	-22.5	0.3141332144	0.9249198491	147963.9856	55.37510391	106.4904593	2230.800334	20.44789833
0	0	2.705369719	4.811204217	2.162498576	-12.5	0.3119120076	0.9230601381	53392.43662	71.95936808	94.12186666	1018.088767	16.72063378
0	0	3.896319798	2.281265137	15.07318237	-12.5	0.2599318513	0.8873317731	113603.1306	58.03561262	93.10879499	2331.504688	16.49534323
0	0	0.04426979099	7.301200763	-19.18240726	7.5	-3.103827669	-1.891790543	34876.58093	78.52197202	79.33956475	1419.991476	8.941985974
0	0	2.892824998	2.072802951	10.61797866	-5	0.2065889365	0.8355559153	125118.7322	65.03221249	95.65019115	2987.829402	13.61866799
0	0	0.1391452128	11.64068051	-13.7081385	17.5	-0.2285015689	0.505376021	21539.58159	72.07553377	78.36739527	1868.043343	4.454015082
0	0	0.9737008876	3.670060629	-5.19703902	5	0.09790101865	0.734289195	70273.75607	76.49831628	91.30127726	2356.233942	9.179643187
0	0	1.404486085	2.971953323	-5.135146323	-5	0.1195996551	0.7637678454	86992.36291	72.91083888	87.77569256	2103.043745	13.13910472
0	0	2.766980135	1.823464822	1.672012463	-15	0.167331649	0.800736308	142350.3643	70.58955134	92.2615638	2578.439458	17.93700779
0	0	0.6665560865	1.613768992	-14.77971125	-17.5	-0.7699032996	0.06209490833	160964.5551	74.03191678	79.25220553	2939.485424	18.41237447
0	0	2.50697231	6.412354646	9.510661161	-5	0.3199067607	0.9386617523	39835.73818	57.48226393	86.9929251	1072.254105	13.14997612
0	0	0.1373762134	1.691852291	-19.03151376	-22.5	-5.081406617	-3.36626572	153494.0931	75.6953084	76.66379464	2539.706488	20.34642873
0	0	2.452005802	1.647453941	-2.459734598	-22.5	0.08143440346	0.7487827991	157654.9638	66.30665055	83.84691595	2634.512922	20.06635432
0	0	1.002388564	7.670355928	-1.892658753	5	0.2336420211	0.8765030023	33154.74302	61.55618999	79.66353124	1335.74427	9.797574522
0	0	0.7506808245	4.047609095	-6.992109381	5	-0.004966544281	0.6874970406	63634.8881	67.10530308	80.1131937	2435.107002	9.027228334
0	0	5.080126524	2.684597303	17.14301525	-20	0.3101897042	0.9257962646	96400.25418	58.96367093	96.10668618	1624.283074	19.52139549
0	0	2.272406631	3.36292085	-0.3010854375	-10	0.2522766857	0.8695348178	76774.14448	74.22994969	93.92886426	1536.528511	15.92758297
0	0	6.482055937	3.252434173	31.17988135	-15	0.3453642728	0.9523118677	79412.77072	55.18328771	106.3631691	1418.414256	17.98514559
0	0	0.563586929	6.302186912	-3.296478115	15	0.1335002365	0.7593984961	40547.83448	77.72121022	94.42473211	2406.197752	5.89870393
0	0	2.902513793	5.424282635	7.982159317	-10	0.3207976296	0.9366741955	47256.04525	61.61190761	89.59406692	1052.247746	15.47152981
0	0	0.4943289022	4.911829413	-9.792964032	7.5	-0.1205798274	0.6150455747	52280.18563	65.49445674	75.70149271	2355.802435	8.933836061
0	0	4.355475199	3.434048231	12.18129661	-20	0.316879279	0.9323391404	75165.32652	60.63373849	92.8150351	1288.860488	19.87967161
0	0	5.853072335	1.670935095	25.0778616	-17.5	0.2768505016	0.8968442392	155426.8381	55.39841084	100.4762724	2717.072239	18.58253803
0	0	2.603553756	1.95604319	1.084213606	-15	0.1616784927	0.8025820605	132641.0186	68.2101636	89.29437721	2485.09715	17.20797453
0	0	2.737246878	3.305610286	2.50945376	-17.5	0.2550576786	0.8885009061	78120.80929	61.73706343	84.24651719	1495.52552	18.34245616
0	0	0.1326419809	2.588289837	-18.29834431	0	-3.0009502	-1.828615723	100020.6914	78.68874102	80.39039671	2890.778657	11.56307159
0	0	0.7800301695	5.311419007	-0.1911170587	10	0.086679479	0.7790002467	48279.32471	57.06460089	76.87348383	2610.252726	7.922845189
0	0	0.5817879905	3.669806486	-10.25195431	5	-0.1579587019	0.5552662343	70278.68503	71.25164809	80.99969378	2600.22176	9.647658117
0	0	4.19248325	2.175141854	7.060594854	-17.5	0.2870226415	0.8893686945	119189.639	79.46457435	106.5251692	1785.448793	18.9372364
0	0	1.084641471	6.307155541	-6.805047222	-5	0.2033717063	0.8558619345	40515.18285	63.30153666	76.49648944	1138.897234	13.72280629
0	0	6.117166467	2.531720056	18.86018285	-20	0.3310580934	0.9346548341	102275.7043	69.80730248	108.6674853	1501.393916	19.76695367
0	0	4.938875903	3.596142425	12.00333021	-22.5	0.3348777995	0.9428627742	71736.72266	66.87900708	98.88233729	1084.768707	20.2726403
0	0	2.858015448	1.958909507	3.715699824	-17.5	0.1638664706	0.8197986614	132445.6186	60.47800693	84.19370675	2543.940076	18.60706357
0	0	0.1759096227	19.86443053	-0.01022497727	22.5	0.2378766755	0.8471502157	12249.73513	79.80082795	99.79060298	1827.547468	2.027447649
0	0	1.570011017	3.107489899	-9.293810318	-22.5	0.1478021009	0.7919959831	83158.84122	73.40371021	84.1098999	1335.439234	20.51900905
0	0	0.5095203927	4.18340251	-10.88147905	5	-0.1969388137	0.5545317083	61540.08301	66.71309431	75.83161526	2436.323587	9.004023296
0	0	5.810711945	1.804255024	15.96680567	-22.5	0.2948133961	0.9032041188	143875.5426	68.78224256	104.7490482	2061.435483	20.92526685
0	0	2.161735484	1.865306945	-3.980213671	-15	0.1237178413	0.7506675842	139137.0061	78.04979613	94.06958246	2392.042972	17.7779585
0	0	0.578131237	7.945752717	-4.509541045	12.5	0.1575157614	0.8062160448	31974.41849	68.42163367	83.91209263	1796.691503	6.415667965
0	0	3.197750742	1.766541411	4.186696352	-12.5	0.212617369	0.8227185123	146966.3327	77.8462041	102.0329005	2559.860211	16.82943806
0	0	2.073817735	3.061572168	-3.450436986	-12.5	0.223593663	0.8422691175	84419.56317	76.96978735	93.51935036	1562.885188	16.82085012
0	0	4.112215669	2.792339592	9.832626689	-12.5	0.3117938229	0.9127856997	92645.92856	78.85436445	108.6869911	1549.591382	16.54423482
0	0	1.270723212	3.047029799	-4.898226834	0	0.1213550343	0.7491926888	84826.76252	78.31031162	93.41208479	2269.00646	11.22808087
0	0	3.388554859	2.074184997	10.1330908	-12.5	0.2241416556	0.8575147827	125034.7649	61.43205792	91.56514872	2545.773786	16.30136554
0	0	5.549536593	2.985402861	12.57681128	-22.5	0.3366396496	0.9387474063	86596.39903	75.20050804	107.7773193	1185.916896	20.83198302
0	0	5.288545476	2.035160478	22.14591634	-12.5	0.2978294736	0.9069541698	127449.5836	64.28881103	106.4347274	2308.363418	16.60982659
0	0	5.844830624	2.083172264	27.94409575	-12.5	0.3077192865	0.9177502278	124491.4544	58.95944124	106.903537	2304.226586	16.25489141
0	0	0.6078950259	3.211877796	-9.924922407	5	-0.2034795994	0.5136819187	80426.87997	71.92229614	81.99737373	2938.561364	9.586082289
0	0	0.06213730941	36.55550461	-11.13782781	22.5	0.08608625707	0.7648606468	6245.62698	67.11505002	75.9772222	1249.96065	2.943159698
