#gen	Feasible	f1	f2	c1	c2	c3	c4	c5	x1	x2	x3	x4
35	1	0.4373741004	7.851656984	4.22572151	20	0.1859256568	0.7926257145	32368.3917	80	104.2257215	3000	3.376959983
35	1	0.2222447822	11.75361003	4.573456475	22.5	0.1893525951	0.795530895	21323.9805	80	104.5734565	3000	2.829257325
35	1	0.1922410776	11.95998809	1.603579158	22.5	0.1564761537	0.7676976478	20940.48998	80	101.6035792	3000	2.609017021
35	1	0.2183826239	11.77953568	4.195912789	22.5	0.1856272363	0.7923727772	21275.0676	80	104.1959128	3000	2
35	1	0.4450148853	7.834569	4.599083254	20	0.1896012553	0.7957417365	32440.95341	80	104.5990833	3000	3.409248921
35	1	0.1926041324	11.9574207	1.640034331	22.5	0.1569351911	0.768085749	20945.17938	80	101.6400343	3000	2.609017021
35	1	0.4354911902	7.855886369	4.133508799	20	0.1850000749	0.7918412284	32350.48094	80	104.1335088	3000	3.283991885
35	1	0.4379911874	7.850272476	4.255924678	20	0.1862272668	0.7928813628	32374.25905	80	104.2559247	3000	3.309930458
35	1	0.4373741004	7.851656984	4.22572151	20	0.1859256568	0.7926257145	32368.3917	80	104.2257215	3000	3.188006834
35	1	1.367364327	2.984536573	1.914105598	7.5	0.1603367297	0.7709620518	86621.79564	80	101.9141056	3000	8.528172153
35	1	0.8950387207	4.018267518	0.265748524	12.5	0.1384734004	0.7524866515	64106.12486	79.99997387	100.2657224	3000	6.528624419
35	1	0.5375372444	6.026778186	0.2831787907	17.5	0.1387234813	0.7526977673	42441.8971	80	100.2831788	3000	4.838202419
35	1	0.3695463447	8.008797071	0.8507861541	20	0.1466337454	0.7593792463	31715.63474	80	100.8507862	3000	3.716076765
35	1	0.4013219963	7.933932114	2.445704697	20	0.1666946389	0.7763402479	32023.39741	80	102.4457047	3000	3.823276403
35	1	0.4535418495	7.815639348	5.014180261	20	0.1935569268	0.7990965449	32521.70594	80	105.0141803	3000	3.670957733
35	1	0.3366706672	8.518002952	0.2092629728	20	0.121892691	0.7516716989	29765.87338	74.89141651	95.10067948	3000	3.601719281
35	1	1.522860266	2.946284768	4.114484341	7.5	0.1848082233	0.7916786317	87758.09675	80	104.1144843	3000	8.154847624
35	1	0.3880535049	7.964918347	1.782757093	20	0.1587173622	0.7695926415	31895.31423	80	101.7827571	3000	3.38438124
35	1	0.1939081788	11.94821357	1.770868971	22.5	0.1585698194	0.7694678809	20962.01297	80	101.770869	3000	2.856878756
35	1	1.303929719	3.000632329	1.002873182	7.5	0.1486774006	0.7611079884	86152.31811	79.99914248	101.0020157	3000	8.167539013
35	1	0.4622023653	7.796562609	5.434105801	20	0.1974251534	0.8023786104	32603.48264	80	105.4341058	3000	3.162336645
35	1	0.4209611323	7.888771772	3.419155665	20	0.1775790541	0.7855540283	32211.87186	80	103.4191557	3000	3.264083267
35	1	1.445096921	2.965216131	3.019952224	7.5	0.1732283547	0.7818700672	87192.06091	80	103.0199522	3000	8.943973662
35	1	0.4209047632	7.888900213	3.416374736	20	0.1775492667	0.7855288009	32211.33275	80	103.4163747	3000	3.507560499
35	1	0.2048769724	11.87166173	2.86477872	22.5	0.1714956147	0.7804032614	21102.98543	80	102.8647787	3000	2.93801155
35	1	1.251454686	3.384628848	3.231044711	10	0.1755478302	0.7838339075	76275.96574	80	103.2310447	3000	7.925329559
35	1	0.2009286745	11.89903503	2.472363071	22.5	0.1670054474	0.7766032327	21052.36835	80	102.4723631	3000	2.005304345
35	1	0.4245212324	7.880673412	3.594639389	20	0.1794443102	0.7871338836	32245.89837	80	103.5946394	3000	3.38438124
35	1	0.652628061	5.892599153	4.113623862	17.5	0.1847995386	0.7916712714	43428.82557	80	104.1136239	3000	4.449638693
35	1	0.4451425912	7.83428441	4.605312193	20	0.1896616161	0.7957929179	32442.16456	80	104.6053122	3000	3.687369838
35	1	0.4559957741	7.810218828	5.133334879	20	0.1946678926	0.800039017	32544.90158	80	105.1333349	3000	3.803443418
35	1	0.2222447822	11.75361003	4.573456475	22.5	0.1893525951	0.795530895	21323.9805	80	104.5734565	3000	2.827658181
35	1	0.4618868187	7.797255052	5.418835143	20	0.1972867606	0.8022611636	32600.50732	80	105.4188351	3000	3.145981456
35	1	0.4508964181	7.821496432	4.88557507	20	0.1923457151	0.7980691625	32496.67828	80	104.8855751	3000	3.219807818
35	1	0.4097539447	7.914441151	2.86477872	20	0.1714956147	0.7804032614	32104.47814	80	102.8647787	3000	3.834428534
35	1	0.206399444	11.8611605	3.015695655	22.5	0.1731811399	0.7818300958	21122.46568	80	103.0156957	3000	2.876246331
35	1	0.4111140324	7.911311626	2.932216271	20	0.1722515753	0.781043173	32117.53392	80	102.9322163	3000	3.999788408
35	1	0.4121082985	7.909026363	2.981487264	20	0.1728010487	0.7815083219	32127.07413	80	102.9814873	3000	3.688809354
35	1	0.5086191409	6.38539467	0.34515709	17.5	0.1238683161	0.7533157851	40007.72982	74.85979896	95.20495605	3000	4.659461047
35	1	0.4374049301	7.851587795	4.227230669	20	0.1859407455	0.7926385036	32368.68486	80	104.2272307	3000	3.834428534
35	1	0.4373741004	7.851656984	4.22572151	20	0.1859256568	0.7926257145	32368.3917	80	104.2257215	3000	3.188006834
35	1	0.4292899386	7.869867504	3.829232771	20	0.1818943217	0.7892094424	32291.41013	80	103.8292328	3000	3.55804846
35	1	0.2310961687	11.69487692	5.433620541	22.5	0.1974207582	0.8023748804	21435.59206	80	105.4336205	3000	2.874245041
35	1	0.6032319268	5.949000437	2.487162853	17.5	0.1671776747	0.7767489625	43008.55283	80	102.4871629	3000	4.286542139
35	1	0.2109743631	11.82978383	3.467865775	22.5	0.1780996424	0.7859949345	21180.87685	80	103.4678658	3000	2.816895259
35	1	0.4618868187	7.797255052	5.418835143	20	0.1972867606	0.8022611636	32600.50732	80	105.4188351	3000	3.264407114
35	1	0.3695463447	8.008797071	0.8507861541	20	0.1466337454	0.7593792463	31715.63474	80	100.8507862	3000	3.716076765
35	1	0.6109812038	5.940037269	2.744025225	17.5	0.1701306374	0.7792479293	43074.80826	80	102.7440252	3000	4.444424526
35	1	0.2293695903	11.70625968	5.266386116	22.5	0.195895844	0.8010808687	21413.8737	80	105.2663861	3000	2.873382484
35	1	0.4507830167	7.821747821	4.880058643	20	0.1922934765	0.7980248554	32495.60492	80	104.8800586	3000	3.64486869
35	1	0.4220026473	7.886400961	3.4705281	20	0.1781279955	0.7860189796	32221.82595	79.99998459	103.4705127	3000	3.267163719
35	1	0.4120543978	7.909150196	2.978816811	20	0.1727713288	0.7814831625	32126.55703	80	102.9788168	3000	3.318666806
35	1	0.4109338938	7.911725892	2.923286954	20	0.1721517386	0.78095866	32115.80509	80	102.923287	3000	3.55804846
35	1	0.3366706672	8.518002952	0.2092629728	20	0.121892691	0.7516716989	29765.87338	74.89141651	95.10067948	3000	3.601719281
35	1	0.2062025351	11.86251699	2.996189259	22.5	0.1729645438	0.7816467307	21119.94738	80	102.9961893	3000	2.85518135
35	1	0.1926119517	11.95736542	1.640819347	22.5	0.1569450587	0.7680940918	20945.28036	80	101.6408193	3000	2.465890342
35	1	0.3809013938	7.981783352	1.423611235	20	0.1541868452	0.765762305	31826.0198	80	101.4236112	3000	3.38438124
35	1	0.4831259479	7.751082652	6.441799174	20	0.2061984175	0.8098280096	32800.06639	80	106.4417992	3000	3.219807818
35	1	0.2009286745	11.89903503	2.472363071	22.5	0.1670054474	0.7766032327	21052.36835	80	102.4723631	3000	2.005304345
35	1	1.389058656	2.979103721	2.223938929	7.5	0.1640797924	0.7741280058	86781.40504	80	102.2239389	3000	8.154847624
35	1	0.4173478873	7.897018435	3.240747342	20	0.1756534151	0.7839233132	32177.29394	80	103.2407473	3000	3.314990696
35	1	1.38458697	2.980220949	2.160152236	7.5	0.1633178605	0.7734834742	86748.53496	80	102.1601522	3000	8.154847624
35	1	0.1775001946	12.06575497	0.1122018082	22.5	0.1362521955	0.7506110471	20749.03901	80	100.1122018	3000	2
35	1	0.8262105422	4.296373674	0.01178029006	12.5	0.1166867025	0.7492236845	59898.24983	74.25167911	94.2634594	3000	6.836920919
35	1	0.4116783551	7.910014302	2.960184257	20	0.1725637696	0.7813074539	32122.94914	80	102.9601843	3000	3.534577463
35	1	0.4362251431	7.854236897	4.169462755	20	0.1853618144	0.7921478155	32357.46389	80	104.1694628	3000	3.711638547
35	1	0.4067558652	7.921353737	2.715967859	20	0.1698113752	0.7789777216	32075.67672	80	102.7159679	3000	3.60454204
35	1	0.4364921555	7.853637094	4.182539742	20	0.1854931135	0.792259099	32360.00385	80	104.1825397	3000	3.71622177
35	1	0.4288255413	7.870917739	3.806410348	20	0.1816581238	0.7890093232	32286.98132	80	103.8064103	3000	3.419723282
35	1	0.5615027659	6.004715927	1.116720014	17.5	0.1498750346	0.7623830379	42601.14196	79.88529564	101.0020157	3000	4.634770446
35	1	0.1922562924	11.95988046	1.60510718	22.5	0.1564954258	0.7677139414	20940.68653	80	101.6051072	3000	2.816758998
35	1	1.396247528	2.97731044	2.326401776	7.5	0.1652944769	0.7751556091	86834.21692	80	102.3264018	3000	8.943973662
35	1	0.4123388899	7.908496665	2.992910886	20	0.1729281047	0.7816158825	32129.28623	80	102.9929109	3000	3.318666806
35	1	0.3880535049	7.964918347	1.782757093	20	0.1587173622	0.7695926415	31895.31423	80	101.7827571	3000	3.38438124
35	1	0.3720705662	8.002963903	0.9789327266	20	0.1483526466	0.760837486	31739.4075	79.99746355	100.9763963	3000	3.702243432
35	1	0.3937901528	7.95147368	2.069911655	20	0.1622323144	0.7725652584	31950.76585	80	102.0699117	3000	3.757531447
35	1	0.3924283302	7.954658695	2.001817219	20	0.1614072021	0.7718673841	31937.61253	80	102.0018172	3000	3.628483149
35	1	0.4354911902	7.855886369	4.133508799	20	0.1850000749	0.7918412284	32350.48094	80	104.1335088	3000	3.716213005
35	1	0.4336382473	7.860055593	4.042683906	20	0.184081377	0.7910626486	32332.84383	80	104.0426839	3000	3.716213005
35	1	0.4368900656	7.852743523	4.202024423	20	0.1856884818	0.7924246875	32363.78854	80	104.2020244	3000	3.311411233
35	1	0.2293695903	11.70625968	5.266386116	22.5	0.195895844	0.8010808687	21413.8737	80	105.2663861	3000	2.873382484
35	1	0.3678812011	8.012783288	0.7665113376	20	0.1454869317	0.758410369	31699.40905	80	100.7665113	3000	3.192876392
35	1	0.2086787993	11.84549435	3.241227263	22.5	0.1756586353	0.7839277336	21151.59129	80	103.2412273	3000	2.875631882
35	1	0.2103169376	11.83427632	3.40300963	22.5	0.1774060085	0.7854074741	21172.49459	80	103.4030096	3000	2.970173341
35	1	1.239578916	3.388852597	3.037553635	10	0.173397469	0.7820349342	76179.77627	79.98952487	103.0270785	3000	7.820974558
35	1	0.4757507658	7.767016348	6.087697925	20	0.2031940672	0.8072761034	32730.93217	80	106.0876979	3000	3.224026925
35	1	0.682507586	5.859304342	5.08524515	17.5	0.1942208076	0.7996597247	43680.71893	80	105.0852451	3000	4.449638693
35	1	0.4450483023	7.834494528	4.600713223	20	0.1896170533	0.795755132	32441.27034	80	104.6007132	3000	3.309930458
35	1	1.286476624	3.373250459	3.806410348	10	0.1816581238	0.7890093232	76536.28976	80	103.8064103	3000	7.742784402
35	1	1.030913868	3.954257989	2.994470609	12.5	0.1729427837	0.7816305332	65158.41114	79.99892866	102.9933993	3000	6.895640116
35	1	0.4362251431	7.854236897	4.169462755	20	0.1853618144	0.7921478155	32357.46389	80	104.1694628	3000	3.311411233
35	1	0.652628061	5.892599153	4.113623862	17.5	0.1847995386	0.7916712714	43428.82557	80	104.1136239	3000	4.449638693
35	1	0.1922541623	11.95989553	1.604893256	22.5	0.1564927279	0.7677116605	20940.65901	80	101.6048933	3000	2.609017021
35	1	0.419556346	7.891974686	3.349829239	20	0.1768343295	0.7849233292	32198.43359	80	103.3498292	3000	3.702243432
35	1	0.4362251431	7.854236897	4.169462755	20	0.1853618144	0.7921478155	32357.46389	80	104.1694628	3000	3.834428534
35	1	0.4111467599	7.91123637	2.933838467	20	0.1722697042	0.7810585194	32117.84801	80	102.9338385	3000	3.759080974
35	1	0.2103084692	11.83433422	3.402173938	22.5	0.1773970454	0.7853998832	21172.38659	80	103.4021739	3000	2.821592753
35	1	0.2293695903	11.70625968	5.266386116	22.5	0.195895844	0.8010808687	21413.8737	80	105.2663861	3000	2.876058502
35	1	0.4003296434	7.93623617	2.396271228	20	0.1661163124	0.7758509254	32013.83906	80	102.3962712	3000	3.649047278
35	1	0.4136763526	7.905426591	3.059144531	20	0.1736622539	0.7822374079	32142.11316	80	103.0591445	3000	3.264083267
