#gen	Feasible	f1	f2	c1	c2	c3	c4	c5	x1	x2	x3	x4
16	1	0.4035372749	7.939308701	0.1194636787	17.5	0.05196310577	0.749933532	32001.10132	58.1615581	78.28102178	3000	4.576577915
16	1	0.2517141052	11.56163327	7.410532794	22.5	0.2140140514	0.8164713778	21693.00168	80	107.4105328	3000	2.735757452
16	1	0.8918	4.163731246	0	7.5	0.03253307202	0.7482795858	61835.07692	55	75	3000	8.762863363
16	1	0.6317349696	5.658362503	1.024461492	15	0.1035764118	0.7609301306	45263.88573	66.13985381	87.1643153	3000	5.877265645
16	1	0.1900526335	11.97550167	1.383554745	22.5	0.153671992	0.7653271006	20912.19687	80	101.3835547	3000	2.972107033
16	1	1.000967308	3.706894262	0.3415868266	10	0.1193797265	0.7532349434	69566.53655	73.51615629	93.85774311	3000	7.506014247
16	1	0.4331543546	7.413604865	0.1476538122	17.5	0.07576024947	0.750511986	34334.14112	63.0520142	83.19966801	3000	4.965348447
16	1	0.6068330905	5.72499735	0.429235499	15	0.09141243377	0.7540164955	44726.57134	65.56127696	85.99051246	3000	5.72487703
16	1	0.3491428939	8.584829547	1.133440133	20	0.1318273552	0.7624065852	29527.16207	73.72345153	94.85689166	3000	3.221990019
16	1	0.1908307449	11.96997832	1.461840103	22.5	0.1546763932	0.7661761337	20922.26175	80	101.4618401	3000	2.605812792
16	1	0.3719953039	8.013014144	1.001470594	20	0.1483017332	0.7610891263	31698.46985	79.87080394	100.8722745	3000	3.11126418
16	1	0.9923772669	3.737636129	0.3358875801	10	0.1169506708	0.7531461378	68986.95288	72.82407874	93.15996632	3000	7.390474869
16	1	1.153294924	3.248216731	0.1161090151	7.5	0.1158515141	0.7504927234	79517.04775	73.51615629	93.6322653	3000	8.029073281
16	1	0.7271910016	4.813843439	0.5492823012	15	0.1424869861	0.7558762281	53362.67043	80	100.5492823	3000	5.057573212
16	1	0.5775391395	5.930883892	0.1476538122	15	0.07576024947	0.750511986	43142.6764	63.0520142	83.19966801	3000	5.04424987
16	1	0.1449135151	14.69762632	0.04116552272	22.5	0.0769432679	0.7492306501	16872.3936	63.7630171	83.80418263	3000	2
16	1	0.4359268565	7.35866395	0.1241612215	17.5	0.07782241958	0.750247865	34597.20463	63.61773112	83.74189234	3000	4.795144744
16	1	0.4139296888	7.91100941	0.5697257943	17.5	0.06070116816	0.7553397993	32118.79526	58.1615581	78.7312839	3000	4.821005908
16	1	0.3267704296	8.685098556	0.001503474997	20	0.113466811	0.7490704642	29175.88208	73.35278573	93.3542892	3000	3.842481947
16	1	0.8694503553	4.224134325	0.1618736312	10	0.07693184776	0.7506948539	60937.99564	63.25833184	83.42020547	3000	7.506014247
16	1	0.577475234	5.930969607	0.145694358	15	0.07572436797	0.7504879828	43142.03989	63.0520142	83.19770855	3000	5.04424987
16	1	1.167795193	3.243532479	0.3415868266	7.5	0.1193797265	0.7532349434	79633.18463	73.51615629	93.85774311	3000	8.073137236
16	1	0.9415869748	3.96965435	0.1194636787	7.5	0.05196310577	0.749933532	64902.20265	58.1615581	78.28102178	3000	8.354363196
16	1	0.2000374113	11.90524225	2.383573627	22.5	0.1659673442	0.775724887	21040.92271	80	102.3835736	3000	2.474109006
16	1	0.3605324152	8.580554082	1.819434851	20	0.140299154	0.7697977138	29542.32313	73.3936163	95.21305115	3000	3.50472911
16	1	0.5556163847	6.307615383	0.6386598108	15	0.06296683888	0.7561570064	40512.16357	58.35706427	78.99572408	3000	5.623348028
16	1	0.3297127281	8.642494399	0.08243088798	20	0.1160237829	0.7500837684	29324.14455	73.7239326	93.80636349	3000	3.829331884
16	1	0.8269812604	4.36057562	0.3358933164	12.5	0.1169507408	0.7531462066	59003.10058	72.82407301	93.15996632	3000	6.260975061
16	1	0.2517141052	11.56163327	7.410532794	22.5	0.2140140514	0.8164713778	21693.00168	80	107.4105328	3000	2.832499084
16	1	0.9919269123	3.737738023	0.3271305664	10	0.1168221607	0.7530407937	68985.04769	72.82653141	93.15366197	3000	7.36443011
16	1	0.1461450186	14.63932912	0.131441329	22.5	0.07966553301	0.7503535726	16943.1674	64.0112257	84.14266703	3000	2.175252291
16	1	0.2000374113	11.90524225	2.383573627	22.5	0.1659673442	0.775724887	21040.92271	80	102.3835736	3000	2.886435625
16	1	0.4598384802	7.168161262	0.6787108489	17.5	0.09457566969	0.7569426674	35540.58643	65.29768379	85.97639464	3000	4.605794178
16	1	1.359447909	2.855507463	0.2885905074	2.5	0.09006713919	0.7523392515	90576.56009	65.82570175	86.11429226	3000	10.17949427
16	1	1.129718394	3.5358757	1.486673916	7.5	0.1099215096	0.7660077864	72974.76885	65.90043876	87.38711268	3000	8.448552825
16	1	1.615220071	2.572689237	1.70909652	2.5	0.1391454037	0.7686422673	100632.6672	73.50249865	95.21159517	3000	10.57255388
16	1	0.3645685036	8.045399655	0.6631132456	20	0.1431742668	0.7572034479	31567.24976	79.68602028	100.3491335	3000	3.11126418
16	1	2.535048782	2.116279651	7.800046285	0	0.2153278668	0.818987536	122529.8122	79.14962307	106.9496694	3000	11.02809945
16	1	0.1654945362	13.08868625	0.3591460606	22.5	0.1171188385	0.7534239852	19057.08316	72.76691953	93.12606559	3000	2.953491427
16	1	0.3267704296	8.685098556	0.001503474997	20	0.113466811	0.7490704642	29175.88208	73.35278573	93.3542892	3000	3.842481947
16	1	0.2517141052	11.56163327	7.410532794	22.5	0.2140140514	0.8164713778	21693.00168	80	107.4105328	3000	2.735757452
16	1	0.4227723838	7.871210732	0.9070593855	17.5	0.06779793275	0.7592459203	32285.74599	58.3271285	79.23418789	3000	4.734957983
16	1	0.3135702063	9.45474007	0.9243856278	20	0.1014047528	0.7597934211	26727.62361	65.99634793	86.92073356	3000	3.575992957
16	1	2.118430195	2.167179047	3.748334928	0	0.1790095386	0.7884763626	119630.8811	79.14962307	102.897958	3000	11.05741392
16	1	0.5556163847	6.307615383	0.6386598108	15	0.06296683888	0.7561570064	40512.16357	58.35706427	78.99572408	3000	5.607254863
16	1	1.231773394	3.19884754	0.8602349431	5	0.09594870719	0.7590185247	80758.15867	64.88732444	85.74755938	3000	9.752911533
16	1	0.6068330905	5.72499735	0.429235499	15	0.09141243377	0.7540164955	44726.57134	65.56127696	85.99051246	3000	5.877265645
16	1	1.449135151	2.672295695	0.04116552272	0	0.0769432679	0.7492306501	96848.16482	63.7630171	83.80418263	3000	11.46507418
16	1	1.167812501	3.243526901	0.3418556511	7.5	0.1193838857	0.7532381764	79633.32314	73.51615629	93.85801194	3000	8.707058658
16	1	0.1345619458	15.8793788	0.1279742292	22.5	0.05209118847	0.7500375462	15549.76187	58.15356242	78.28153665	3000	2.155130478
16	1	0.1409241279	15.74242146	0.9070593855	22.5	0.06779793275	0.7592459203	15692.873	58.3271285	79.23418789	3000	2.084862758
16	1	0.9869159683	3.739945655	0.2355941173	10	0.1153843602	0.7519334052	68943.79563	72.82656859	93.0621627	3000	7.539127858
16	1	1.64856364	2.357043927	0.08243088798	0	0.1160237829	0.7500837684	109921.8633	73.7239326	93.80636349	3000	11.6137181
16	1	0.2488982887	11.57954438	7.142694161	22.5	0.2119099698	0.8146821879	21658.05508	80	107.1426942	3000	2.735757452
16	1	1.053633106	3.608098508	0.4411332746	7.5	0.08897426959	0.7541326835	71496.02783	64.91755301	85.35868629	3000	8.673683773
16	1	0.2085660544	11.84626769	3.230083262	22.5	0.1755373627	0.7838250441	21150.15173	80	103.2300833	3000	2.703082801
16	1	0.2548	11.10328332	0	20	0.03253307202	0.7482795858	22625.65385	55	75	3000	3.60205729
16	1	0.1461450186	14.63932912	0.131441329	22.5	0.07966553301	0.7503535726	16943.1674	64.0112257	84.14266703	3000	2.175252291
16	1	0.1805040298	12.04395749	0.4179053284	22.5	0.1406413216	0.7543173825	20788.22002	80	100.4179053	3000	2.834443143
16	1	0.9884078778	3.739385765	0.2633975065	10	0.115813961	0.7522707521	68954.2532	72.82407301	93.08747051	3000	7.986969584
16	1	0.2466179507	11.62800569	7.006244794	22.5	0.2101708068	0.8137481367	21564.04129	79.67938855	106.6856333	3000	2.510981835
16	1	0.2548	11.10328332	0	20	0.03253307202	0.7482795858	22625.65385	55	75	3000	3.478201912
16	1	2.793	2.071040071	10	0	0.2323835065	0.8321163435	125226	80	110	3000	11.2284
16	1	1.472319681	2.62705211	0.1956793543	2.5	0.1138273806	0.7514394239	98531.60206	72.55828994	92.75396929	3000	10.0844129
16	1	0.5267935562	6.371317132	1.032141908	17.5	0.1333948789	0.7613001594	40098.11618	74.67804883	95.71019074	3000	4.707820969
16	1	2.732532425	2.091031007	9.63247107	0	0.2286743601	0.8300418246	124020.1944	79.27981154	108.9122826	3000	11.02809945
16	1	0.8694810906	4.199321806	0.04116552272	10	0.0769432679	0.7492306501	61303.37761	63.7630171	83.80418263	3000	7.710825075
16	1	1.320694445	2.907686603	0.3019925824	5	0.1164201801	0.7527376041	88934.99108	72.82407301	93.12606559	3000	9.954845503
16	1	0.1287499329	16.62943124	0.1834400099	22.5	0.0363859339	0.7505370008	14807.81323	55	75.18344001	3000	2
16	1	0.5775391395	5.930883892	0.1476538122	15	0.07576024947	0.750511986	43142.6764	63.0520142	83.19966801	3000	5.04424987
16	1	0.1805040298	12.04395749	0.4179053284	22.5	0.1406413216	0.7543173825	20788.22002	80	100.4179053	3000	2.834443143
16	1	2.535048782	2.116279651	7.800046285	0	0.2153278668	0.818987536	122529.8122	79.14962307	106.9496694	3000	11.02809945
16	1	0.9884078778	3.739385765	0.2633975065	10	0.115813961	0.7522707521	68954.2532	72.82407301	93.08747051	3000	7.986969584
16	1	1.013085238	3.694064043	0.1247630048	7.5	0.07652573155	0.7502427018	69811.28085	63.31988087	83.44464388	3000	8.022962594
16	1	0.7989101752	4.747896641	1.424687159	12.5	0.1070053175	0.7653178341	54116.36193	65.3881342	86.81282136	3000	6.011663917
16	1	0.9224264172	4.095754853	0.7395685529	10	0.09548604147	0.7576471864	62876.27797	65.27076756	86.01033611	3000	7.971540452
16	1	0.3849525427	7.996446663	1.694199677	20	0.1567737244	0.7686523748	31766.00917	79.68602028	101.38022	3000	3.052911171
16	1	0.2548	11.10328332	0	20	0.03253307202	0.7482795858	22625.65385	55	75	3000	3.647180662
16	1	0.7213175449	4.923175404	0.05020131796	12.5	0.0754876756	0.7493270389	52157.62613	63.39444256	83.44464388	3000	6.373017221
16	1	0.2419349425	11.64188963	6.518803928	22.5	0.2064963823	0.8103693774	21537.25102	79.83393325	106.3527372	3000	2.549086766
16	1	0.6818485335	5.167569353	0.6990054228	15	0.1253625442	0.7574639476	49648.32982	73.68398048	94.3829859	3000	5.193643595
16	1	0.4467597135	7.32219626	0.5258992094	17.5	0.08563445711	0.7550900461	34773.99599	63.76990258	84.29580179	3000	4.767609251
16	1	0.1388344962	15.7806672	0.6438403685	22.5	0.06279787863	0.7562145415	15652.65881	58.30283698	78.94667735	3000	2
16	1	2.56279764	2.113023814	8.064471608	0	0.2173274164	0.8206715685	122719.9981	79.14962307	107.2140947	3000	11.17164461
16	1	1.480675877	2.599003018	0.09029063745	2.5	0.1154423961	0.7501747866	99604.69283	73.51615629	93.60644692	3000	10.56628509
16	1	1.057151177	3.569468764	0.2852523343	7.5	0.09000932555	0.7522989133	72279.51698	65.82570175	86.11095409	3000	8.833654167
16	1	1.167795193	3.243532479	0.3415868266	7.5	0.1193797265	0.7532349434	79633.18463	73.51615629	93.85774311	3000	8.073137236
16	1	0.555526809	6.321899706	0.6834596018	15	0.06291249413	0.7566687398	40418.59285	58.17486531	78.85832491	3000	5.652000882
16	1	0.998945795	3.734387852	0.4537147471	10	0.1188118503	0.7545560068	69047.74253	72.83323354	93.28694829	3000	7.914539294
16	1	1.179533225	3.229542998	0.4577110744	7.5	0.1221722972	0.7546323262	79982.03197	73.8194616	94.27717268	3000	8.376486897
16	1	0.5775391395	5.930883892	0.1476538122	15	0.07576024947	0.750511986	43142.6764	63.0520142	83.19966801	3000	5.04424987
16	1	0.1422476011	15.72129843	1.077318392	22.5	0.07088874425	0.7611654328	15715.16707	58.3271285	79.40444689	3000	2.084862758
16	1	0.1347950588	15.85576956	0.1324945171	22.5	0.05269285791	0.750098278	15574.25557	58.25413808	78.3866326	3000	2.225663146
16	1	0.3404127734	8.59942781	0.6353403635	20	0.1249498827	0.7567270171	29475.50937	73.84861125	94.48395161	3000	3.901670431
16	1	0.6305476778	5.659746129	0.9897063324	15	0.10301826	0.7605385281	45252.60014	66.13985381	87.12956014	3000	5.877265645
16	1	0.5775391395	5.930883892	0.1476538122	15	0.07576024947	0.750511986	43142.6764	63.0520142	83.19966801	3000	5.04424987
16	1	0.1388344962	15.7806672	0.6438403685	22.5	0.06279787863	0.7562145415	15652.65881	58.30283698	78.94667735	3000	2
16	1	0.2548	11.10328332	0	20	0.03253307202	0.7482795858	22625.65385	55	75	3000	3.478201912
16	1	0.2482814538	11.58347988	7.083931782	22.5	0.2114426756	0.8142848993	21650.39097	80	107.0839318	3000	2.564687455
16	1	1.167795193	3.243532479	0.3415868266	7.5	0.1193797265	0.7532349434	79633.18463	73.51615629	93.85774311	3000	8.073137236
