#gen	Feasible	f1	f2	c1	c2	c3	c4	c5	x1	x2	x3	x4
27	1	0.1780673132	12.0616299	0.1699895151	22.5	0.137092194	0.7513202955	20756.44297	80	100.1699895	3000	2.628716027
27	1	0.3972608791	7.943374911	2.243251316	20	0.1643096057	0.7743224164	31984.25926	80	102.2432513	3000	3.358892494
27	1	0.361362773	8.028449641	0.4359260153	20	0.1408959078	0.7545323949	31635.79603	80	100.435926	3000	3.409646189
27	1	0.4587939579	7.117337242	0.4812364651	17.5	0.09388031934	0.7546497124	35800.80412	65.95222632	86.43346278	3000	4.420279866
27	1	0.7282140212	4.813105275	0.5752338266	15	0.1428487491	0.7561817939	53370.99244	80	100.5752338	3000	5.448875944
27	1	0.7271910016	4.813843439	0.5492823012	15	0.1424869861	0.7558762281	53362.67043	80	100.5492823	3000	5.561852571
27	1	0.2548	11.10328332	0	20	0.03253307202	0.7482795858	22625.65385	55	75	3000	3.478201912
27	1	0.5733069369	5.986487809	1.498155474	17.5	0.1550250122	0.7665668629	42733.59758	79.95747601	101.4556315	3000	4.707616376
27	1	0.2431131312	11.61662366	6.590301965	22.5	0.2074341505	0.8108779312	21586.05169	80	106.590302	3000	2.735757452
27	1	0.233155266	11.68134826	5.632716216	22.5	0.1992098252	0.8038933387	21461.45985	80	105.6327162	3000	2.143176781
27	1	0.1847353072	12.01346734	0.8469548841	22.5	0.146581813	0.75933537	20843.26468	80	100.8469549	3000	2.143176781
27	1	0.1853950118	12.00873596	0.9136842543	22.5	0.1474835695	0.7600972614	20851.83141	80	100.9136843	3000	2.143176781
27	1	0.1845962849	12.01446517	0.832887099	22.5	0.1463909599	0.7591741246	20841.45885	80	100.8328871	3000	2.848273703
27	1	0.726872116	4.814073606	0.5411915795	15	0.1423740127	0.7557808058	53360.07605	80	100.5411916	3000	5.782426335
27	1	0.908988752	4.011536199	0.5492823012	12.5	0.1424869861	0.7558762281	64215.20451	80	100.5492823	3000	6.141406828
27	1	0.2517078089	11.56176871	7.410167618	22.5	0.2140093991	0.816468937	21692.73702	79.99908706	107.4092547	3000	2.735757452
27	1	0.2668032411	11.01296838	0.7821168572	20	0.04906508303	0.7576328311	22818.58258	55.10953687	75.89165373	3000	3.800286999
27	1	0.1449135151	14.69762632	0.04116552272	22.5	0.0769432679	0.7492306501	16872.3936	63.7630171	83.80418263	3000	2
27	1	0.2668032411	11.01296838	0.7821168572	20	0.04906508303	0.7576328311	22818.58258	55.10953687	75.89165373	3000	3.800286999
27	1	0.1813218101	12.03804519	0.5009706628	22.5	0.1418110563	0.7553053177	20798.87185	80	100.5009707	3000	2.74778606
27	1	0.181718029	12.03518402	0.5411915795	22.5	0.1423740127	0.7557808058	20804.03042	80	100.5411916	3000	2.934368373
27	1	0.1826751713	12.02828134	0.6382865501	22.5	0.1437238663	0.7569209973	20816.48573	80	100.6382866	3000	2.518635447
27	1	1.543786217	2.69394231	1.987663009	5	0.1574001576	0.771685986	96062.72969	78.56161929	100.5492823	3000	9.285036973
27	1	0.2013186094	11.89632259	2.511184998	22.5	0.1674567356	0.7769850937	21057.37363	80	102.511185	3000	2.886435625
27	1	0.4640242533	7.067204473	0.568110412	17.5	0.09733077768	0.755694374	36061.14935	66.45190911	87.02001952	3000	4.420279866
27	1	0.3972519433	7.943395728	2.242805412	20	0.1643043041	0.7743179315	31984.17308	80	102.2428054	3000	3.358892494
27	1	0.7539943224	4.812476652	1.307543757	15	0.1516411716	0.7644875783	53378.08152	79.61730422	100.924848	3000	5.557985644
27	1	0.9919269123	3.737738023	0.3271305664	10	0.1168221607	0.7530407937	68985.04769	72.82653141	93.15366197	3000	7.380484916
27	1	0.1449135151	14.69762632	0.04116552272	22.5	0.0769432679	0.7492306501	16872.3936	63.7630171	83.80418263	3000	2.019210582
27	1	0.3972608791	7.943374911	2.243251316	20	0.1643096057	0.7743224164	31984.25926	80	102.2432513	3000	3.358892494
27	1	0.1824527311	12.02988438	0.6157300023	22.5	0.1434114231	0.7566570747	20813.59189	80	100.61573	3000	2.582456743
27	1	0.908988752	4.011536199	0.5492823012	12.5	0.1424869861	0.7558762281	64215.20451	80	100.5492823	3000	6.141406828
27	1	0.2434382577	11.61452971	6.621422374	22.5	0.2076913339	0.8110964644	21590.10564	80	106.6214224	3000	2.735757452
27	1	0.5833171762	5.85320851	0.07853557102	15	0.0789719999	0.7497052333	43727.14758	64.0724131	84.15094867	3000	5.982922066
27	1	0.7271910016	4.813843439	0.5492823012	15	0.1424869861	0.7558762281	53362.67043	80	100.5492823	3000	5.561852571
27	1	0.2431103591	11.61921375	6.596087136	22.5	0.2074319547	0.8109179332	21581.03923	79.97575031	106.5718374	3000	2.73582718
27	1	0.6094565634	5.764335616	0.6632166027	15	0.09274078293	0.756746828	44415.19631	64.91012008	85.57333668	3000	5.363954577
27	1	0.2681772918	10.95452036	0.7763255614	20	0.05086315621	0.7575881111	22945.13347	55.46811604	76.2444416	3000	3.478201912
27	1	0.5833171762	5.85320851	0.07853557102	15	0.0789719999	0.7497052333	43727.14758	64.0724131	84.15094867	3000	5.964088711
27	1	0.1848231982	12.01283664	0.8558476394	22.5	0.1467023237	0.7594371865	20844.40624	80	100.8558476	3000	2.886435625
27	1	0.2000374113	11.90524225	2.383573627	22.5	0.1659673442	0.775724887	21040.92271	80	102.3835736	3000	2.886435625
27	1	0.3624956797	8.025719726	0.4934600193	20	0.141705685	0.7552163203	31646.86295	80	100.49346	3000	3.528547124
27	1	0.726872116	4.814073606	0.5411915795	15	0.1423740127	0.7557808058	53360.07605	80	100.5411916	3000	5.782426335
27	1	0.726872116	4.814073606	0.5411915795	15	0.1423740127	0.7557808058	53360.07605	80	100.5411916	3000	5.984702392
27	1	0.7080072526	4.827753529	0.06139066135	15	0.1355095646	0.7499840402	53206.3247	80	100.0613907	3000	5.561852571
27	1	1.636179754	2.406921719	0.5492823012	2.5	0.1424869861	0.7558762281	107625.3409	80	100.5492823	3000	10.37820625
27	1	0.2548	11.10328332	0	20	0.03253307202	0.7482795858	22625.65385	55	75	3000	3.666275331
27	1	0.1274	16.65492498	0	22.5	0.03253307202	0.7482795858	14783.76923	55	75	3000	2.317327272
27	1	0.3972608791	7.943374911	2.243251316	20	0.1643096057	0.7743224164	31984.25926	80	102.2432513	3000	3.358892494
27	1	0.1449135151	14.69762632	0.04116552272	22.5	0.0769432679	0.7492306501	16872.3936	63.7630171	83.80418263	3000	2
27	1	0.1847313281	12.01349589	0.8465522617	22.5	0.1465763543	0.7593307581	20843.21299	80	100.8465523	3000	2.886435625
27	1	0.2783398396	10.48097436	0.614462271	20	0.06361059428	0.7558862446	24022.49203	58.58135805	79.19582032	3000	3.743257059
27	1	0.1675091891	12.96798631	0.4156280794	22.5	0.1205210837	0.7541221725	19242.83435	73.51615629	93.93178437	3000	2.052373015
27	1	1.64856364	2.357043927	0.08243088798	0	0.1160237829	0.7500837684	109921.8633	73.7239326	93.80636349	3000	11.6137181
27	1	0.1449135151	14.69762632	0.04116552272	22.5	0.0769432679	0.7492306501	16872.3936	63.7630171	83.80418263	3000	2
27	1	0.1817923949	12.03464725	0.5487388075	22.5	0.1424793999	0.7558698205	20804.99846	80	100.5487388	3000	2.017451137
27	1	0.2333251673	11.68023421	5.649127341	22.5	0.1993560353	0.8040174476	21463.59265	80	105.6491273	3000	2.15955928
27	1	0.1986033004	11.91525204	2.240542736	22.5	0.1642773985	0.7742951705	21022.49052	80	102.2405427	3000	2.696099494
27	1	0.726872116	4.814073606	0.5411915795	15	0.1423740127	0.7557808058	53360.07605	80	100.5411916	3000	5.708842087
27	1	0.258875081	11.0776623	0.2767059556	20	0.03831755117	0.7516690136	22680.06526	55	75.27670596	3000	3.147056829
27	1	0.3699352757	8.008002483	0.8708199151	20	0.1469001217	0.7596083723	31718.871	79.99826173	100.8690816	3000	3.039679251
27	1	1.636179754	2.406921719	0.5492823012	2.5	0.1424869861	0.7558762281	107625.3409	80	100.5492823	3000	10.22368124
27	1	0.2333251673	11.68023421	5.649127341	22.5	0.1993560353	0.8040174476	21463.59265	80	105.6491273	3000	2.15955928
27	1	0.9229814246	4.004821722	0.832887099	12.5	0.1463909599	0.7591741246	64324.37655	80	100.8328871	3000	6.69383054
27	1	0.1381569569	15.73763497	0.4838381139	22.5	0.06114419671	0.7543491224	15697.9196	58.58135805	79.06519617	3000	2.211676003
27	1	0.6094565634	5.764335616	0.6632166027	15	0.09274078293	0.756746828	44415.19631	64.91012008	85.57333668	3000	5.363954577
27	1	1.62756791	2.569106663	1.845783557	2.5	0.1411244243	0.770077328	100774.2527	73.54718849	95.39297205	3000	10.653692
27	1	0.4628508099	7.068936783	0.5206160264	17.5	0.09656343501	0.7551350189	36052.09167	66.45875738	86.9793734	3000	4.388265559
27	1	0.413149062	7.896424196	0.4913313191	17.5	0.06006007809	0.7544247675	32179.78314	58.33303704	78.82436836	3000	4.734957983
27	1	0.7271910016	4.813843439	0.5492823012	15	0.1424869861	0.7558762281	53362.67043	80	100.5492823	3000	5.561852571
27	1	0.1274	16.65492498	0	22.5	0.03253307202	0.7482795858	14783.76923	55	75	3000	2.129465344
27	1	1.028805725	3.6430046	0.1514052021	7.5	0.08146852387	0.7506120283	70802.35249	64.3467402	84.4981454	3000	8.234317058
27	1	0.8831574442	4.160627139	0.1680930873	10	0.08194604305	0.7508179117	61881.88151	64.38845991	84.556553	3000	7.924170219
27	1	0.3580984162	8.036332398	0.2699629588	20	0.1385339644	0.7525377307	31603.882	80	100.269963	3000	3.5380108
27	1	0.8739353118	4.180163844	0.0509246887	10	0.07858980412	0.7493653218	61588.45973	64.10002398	84.15094867	3000	7.402736409
27	1	0.1992000713	11.91108342	2.300085914	22.5	0.164983585	0.7748925901	21030.16293	80	102.3000859	3000	2.023475579
27	1	0.2517141052	11.56163327	7.410532794	22.5	0.2140140514	0.8164713778	21693.00168	80	107.4105328	3000	2.735757452
27	1	0.4318209849	7.419699283	0.1017726453	17.5	0.07475906732	0.7499471792	34305.20038	63.01624492	83.11801757	3000	4.795144744
27	1	0.2414734016	11.62720267	6.433211943	22.5	0.2061265286	0.8097669355	21565.59275	80	106.4332119	3000	2.735757452
27	1	0.2548	11.10328332	0	20	0.03253307202	0.7482795858	22625.65385	55	75	3000	3.478201912
27	1	0.4318209849	7.419699283	0.1017726453	17.5	0.07475906732	0.7499471792	34305.20038	63.01624492	83.11801757	3000	4.795144744
27	1	0.726915629	4.814042197	0.5422956241	15	0.1423894342	0.7557938313	53360.43007	80	100.5422956	3000	5.448875944
27	1	0.1826751713	12.02828134	0.6382865501	22.5	0.1437238663	0.7569209973	20816.48573	80	100.6382866	3000	2.518635447
27	1	0.1734939338	12.94831148	1.119997237	22.5	0.1301618241	0.7622431084	19273.44118	73.26322558	94.38322281	3000	2.945113703
27	1	0.1494940718	14.60402382	0.5477897447	22.5	0.08684185222	0.7553562963	16986.30333	63.96521946	84.5130092	3000	2.028560129
27	1	0.1449135151	14.69762632	0.04116552272	22.5	0.0769432679	0.7492306501	16872.3936	63.7630171	83.80418263	3000	2
27	1	1.606305078	2.570796651	1.571709837	2.5	0.1376976607	0.7671869642	100707.4142	73.63988533	95.21159517	3000	10.72366377
27	1	0.233155266	11.68134826	5.632716216	22.5	0.1992098252	0.8038933387	21461.45985	80	105.6327162	3000	2.143176781
27	1	0.2410145598	11.6301685	6.389212259	22.5	0.2057574336	0.8094533752	21559.86376	80	106.3892123	3000	2.144998116
27	1	0.4643454235	7.066039264	0.5790438168	17.5	0.09754012256	0.7558230921	36067.24434	66.45875738	87.03780119	3000	4.38708967
27	1	0.1986681663	11.91479871	2.247016457	22.5	0.1643543629	0.7743602792	21023.32463	80	102.2470165	3000	2.326422834
27	1	0.2027721389	11.88622916	2.655769032	22.5	0.1691236731	0.7783957091	21076.01918	80	102.655769	3000	2.963097317
27	1	0.2000744354	11.90498418	2.38726358	22.5	0.1660106524	0.7757615288	21041.39833	80	102.3872636	3000	2.863570469
27	1	0.3621985939	8.028397059	0.4834681124	20	0.1414938246	0.7550972397	31636.00913	79.97502023	100.4584883	3000	3.655203317
27	1	0.908988752	4.011536199	0.5492823012	12.5	0.1424869861	0.7558762281	64215.20451	80	100.5492823	3000	6.141406828
27	1	0.1847313281	12.01349589	0.8465522617	22.5	0.1465763543	0.7593307581	20843.21299	80	100.8465523	3000	2.886435625
27	1	0.5122517343	6.460836232	0.7388946341	17.5	0.1258264824	0.7579251701	39530.06054	73.64432818	94.38322281	3000	4.728672542
27	1	1.263588821	3.01097371	0.4187852021	7.5	0.1406537625	0.7543278895	85853.33136	80	100.4187852	3000	8.290357829
27	1	0.2000374113	11.90524225	2.383573627	22.5	0.1659673442	0.775724887	21040.92271	80	102.3835736	3000	2.326422834
27	1	0.1769561033	12.06971683	0.05672914381	22.5	0.1354412436	0.7499263578	20741.93276	80	100.0567291	3000	2.735757452
