#gen	Feasible	f1	f2	c1	c2	c3	c4	c5	x1	x2	x3	x4
31	1	0.7648516395	4.78700945	1.50073435	15	0.1551667058	0.7665955981	53666.84444	79.99779565	101.49853	3000	5.641029635
31	1	0.1541874362	14.38434134	0.8742539377	22.5	0.09637418082	0.7591805395	17259.46895	64.93520444	85.80945838	3000	2.298543157
31	1	0.2006999697	11.90062685	2.449586377	22.5	0.1667399417	0.7763785796	21049.43201	80	102.4495864	3000	2.741363294
31	1	0.727487475	4.81362948	0.556803801	15	0.1425919305	0.7559648695	53365.08233	80	100.5568038	3000	5.567584731
31	1	0.2277201053	11.71716897	5.106373698	22.5	0.1944174206	0.7998265485	21393.09832	79.99998599	105.1063597	3000	2.491874999
31	1	0.1979682283	11.91969338	2.177139934	22.5	0.1635212124	0.7736554893	21014.3221	80	102.1771399	3000	2.932459521
31	1	0.2004315434	11.90249602	2.422847358	22.5	0.1664275501	0.776114261	21045.98507	80	102.4228474	3000	2.326422834
31	1	0.1842806895	12.01673134	0.8009444256	22.5	0.1459566341	0.7588071848	20837.35874	80	100.8009444	3000	2.405601242
31	1	0.2000374113	11.90524225	2.383573627	22.5	0.1659673442	0.775724887	21040.92271	80	102.3835736	3000	2.886435625
31	1	0.1274	16.65492498	0	22.5	0.03253307202	0.7482795858	14783.76923	55	75	3000	2.317327272
31	1	0.2429876963	11.61743332	6.578296679	22.5	0.2073347444	0.8107934903	21584.48455	79.99998599	106.5782827	3000	2.607708964
31	1	0.9213292079	4.005612663	0.7994413645	12.5	0.1459361636	0.7587898907	64311.49746	80	100.7994414	3000	6.345261758
31	1	0.7282140212	4.813105275	0.5752338266	15	0.1428487491	0.7561817939	53370.99244	80	100.5752338	3000	5.448875944
31	1	0.2500587723	11.57224766	7.253391615	22.5	0.2127828662	0.8154259115	21672.27876	79.99908706	107.2524787	3000	2.735757452
31	1	0.2003284364	11.90321425	2.412574602	22.5	0.1663073328	0.7760125453	21044.66087	80	102.4125746	3000	2.886435625
31	1	0.1822783175	12.0311418	0.5980400573	22.5	0.1431659055	0.7564496882	20811.32253	80	100.5980401	3000	2.721319862
31	1	1.088527146	3.439236382	0.5110605197	10	0.1419524899	0.7554247748	75050.5806	80	100.5110605	3000	7.313990135
31	1	0.2013922741	11.8958104	2.518517398	22.5	0.1675417945	0.7770570686	21058.31905	80	102.5185174	3000	2.747318351
31	1	0.9306780513	4.003606541	1.001697048	12.5	0.1484882847	0.7610932423	64344.17355	79.93674599	100.938443	3000	6.011457058
31	1	1.759966127	2.20232998	0.01949126204	0	0.1339989337	0.749457644	117707.1126	79.6970196	99.71651086	3000	11.75419595
31	1	0.2271987108	11.72062213	5.055739414	22.5	0.1939456326	0.7994262847	21386.53027	80	105.0557394	3000	2.732356221
31	1	0.2738762852	10.88549152	1.087172568	20	0.05812821954	0.7611271392	23096.34408	55.72077331	76.80794587	3000	3.666275331
31	1	0.1274	16.65492498	0	22.5	0.03253307202	0.7482795858	14783.76923	55	75	3000	2
31	1	0.2496793532	11.57456722	7.217055562	22.5	0.2124983663	0.815182473	21667.75524	80	107.2170556	3000	2.331547904
31	1	0.4025838704	7.935414878	2.521302182	20	0.1674259201	0.7770829562	32017.24554	79.94186118	102.4631634	3000	3.59851305
31	1	0.1449135151	14.69762632	0.04116552272	22.5	0.0769432679	0.7492306501	16872.3936	63.7630171	83.80418263	3000	2
31	1	0.2414734016	11.62720267	6.433211943	22.5	0.2061265286	0.8097669355	21565.59275	80	106.4332119	3000	2.735757452
31	1	0.182271579	12.03119039	0.5973565364	22.5	0.1431564104	0.7564416679	20811.23484	80	100.5973565	3000	2.628453109
31	1	0.1854377255	12.00842983	0.9180032398	22.5	0.1475417341	0.7601464061	20852.38593	80	100.9180032	3000	2.115439439
31	1	0.2681772918	10.95452036	0.7763255614	20	0.05086315621	0.7575881111	22945.13347	55.46811604	76.2444416	3000	3.478201912
31	1	1.10770568	3.43266059	0.8350454641	10	0.1464202587	0.759198878	75196.07567	80	100.8350455	3000	7.362828681
31	1	0.2165247362	11.79207279	4.013807577	22.5	0.1837878136	0.7908138739	21251.49149	80	104.0138076	3000	2.323055383
31	1	0.9214034473	4.005577113	0.8009444256	12.5	0.1459566341	0.7588071848	64312.07622	80	100.8009444	3000	6.011457058
31	1	0.2333251673	11.68023421	5.649127341	22.5	0.1993560353	0.8040174476	21463.59265	80	105.6491273	3000	2.15955928
31	1	0.1782333988	12.06042269	0.1869068438	22.5	0.137337183	0.7515271575	20758.6107	80	100.1869068	3000	2.326849056
31	1	0.2324737005	11.68582071	5.566856701	22.5	0.1986211493	0.8033936689	21452.90155	80	105.5668567	3000	2.317624905
31	1	0.2336686415	11.67798309	5.682296467	22.5	0.1996509659	0.804267803	21467.9036	80	105.6822965	3000	2.15955928
31	1	0.7371227578	4.806692535	0.8009444256	15	0.1459566341	0.7588071848	53443.39685	80	100.8009444	3000	5.795982239
31	1	0.364273647	8.021441466	0.5836867033	20	0.1429663825	0.7562811554	31664.22192	80	100.5836867	3000	3.04802356
31	1	0.1882454127	11.98836181	1.201497596	22.5	0.1513071582	0.7633283146	20888.79852	80	101.2014976	3000	2.037180031
31	1	0.1778015159	12.06356434	0.1429125446	22.5	0.1366991705	0.7509884782	20752.97027	79.99998591	100.1428984	3000	2.732261793
31	1	0.1989673013	11.91270883	2.276865271	22.5	0.1647086415	0.7746599894	21027.1707	80	102.2768653	3000	2.66522338
31	1	0.3851365126	7.971782879	1.636432513	20	0.1568899074	0.7680474625	31867.07406	80	101.6364325	3000	3.402799419
31	1	0.2416372479	11.6261442	6.448919237	22.5	0.2062579879	0.8098786188	21567.63808	80	106.4489192	3000	2.610204798
31	1	0.726872116	4.814073606	0.5411915795	15	0.1423740127	0.7557808058	53360.07605	80	100.5411916	3000	5.984702392
31	1	0.1986033004	11.91525204	2.240542736	22.5	0.1642773985	0.7742951705	21022.49052	80	102.2405427	3000	2.696099494
31	1	0.2142057954	11.8077814	3.786062862	22.5	0.1814471521	0.7888305807	21222.02201	80	103.7860629	3000	2.886435625
31	1	0.182271579	12.03119039	0.5973565364	22.5	0.1431564104	0.7564416679	20811.23484	80	100.5973565	3000	2.546226989
31	1	0.9306780513	4.003606541	1.001697048	12.5	0.1484882847	0.7610932423	64344.17355	79.93674599	100.938443	3000	6.011457058
31	1	1.421659264	3.345342615	6.117340291	10	0.2024198013	0.8074792121	77182.28635	79.51537592	105.6327162	3000	7.680875902
31	1	0.1854377255	12.00842983	0.9180032398	22.5	0.1475417341	0.7601464061	20852.38593	80	100.9180032	3000	2.115439439
31	1	0.1449135151	14.69762632	0.04116552272	22.5	0.0769432679	0.7492306501	16872.3936	63.7630171	83.80418263	3000	2.150487005
31	1	0.2579118127	11.08370156	0.2113900344	20	0.03696671252	0.7508773438	22667.21701	55	75.21139003	3000	3.37240756
31	1	0.233155266	11.68134826	5.632716216	22.5	0.1992098252	0.8038933387	21461.45985	80	105.6327162	3000	2.331547904
31	1	0.2000374113	11.90524225	2.383573627	22.5	0.1659673442	0.775724887	21040.92271	80	102.3835736	3000	2.326422834
31	1	0.3694626561	8.008997262	0.8465522617	20	0.1465763543	0.7593307581	31714.81949	80	100.8465523	3000	3.41280312
31	1	0.7339204799	4.808994445	0.7198701576	15	0.1448481796	0.7578707554	53417.38443	80	100.7198702	3000	5.961676701
31	1	0.2325966403	11.68501487	5.578742308	22.5	0.1987275889	0.8034840344	21454.44309	79.99998796	105.5787303	3000	2.268440098
31	1	0.2454560451	11.60156128	6.814357851	22.5	0.2092722198	0.8124399344	21615.24547	80	106.8143579	3000	2.602489495
31	1	0.7271910016	4.813843439	0.5492823012	15	0.1424869861	0.7558762281	53362.67043	80	100.5492823	3000	5.561852571
31	1	0.7408517828	4.804016452	0.8952726076	15	0.1472353434	0.7598875313	53473.66891	80	100.8952726	3000	5.930260807
31	1	0.2159892424	11.79569429	3.961260677	22.5	0.183251767	0.7903596301	21244.69057	80	103.9612607	3000	2.954898513
31	1	0.7271910016	4.813843439	0.5492823012	15	0.1424869861	0.7558762281	53362.67043	80	100.5492823	3000	5.561852571
31	1	0.2159892424	11.79569429	3.961260677	22.5	0.183251767	0.7903596301	21244.69057	80	103.9612607	3000	2.954898513
31	1	0.7398486304	4.804735878	0.8699058693	15	0.1468926226	0.759597967	53465.52739	80	100.8699059	3000	5.960871225
31	1	0.7167484138	4.821399272	0.2839950461	15	0.1387351784	0.7527076448	53277.63293	80	100.283995	3000	5.649150165
31	1	1.01193288	3.966602261	2.638610125	12.5	0.168683835	0.7782268661	64952.83393	79.90401352	102.5426236	3000	6.006380535
31	1	0.7648516395	4.78700945	1.50073435	15	0.1551667058	0.7665955981	53666.84444	79.99779565	101.49853	3000	5.645071992
31	1	0.1285477019	16.61703705	0.135708436	22.5	0.03581389679	0.7499581857	14819.52925	55.0756816	75.21139003	3000	2.534705812
31	1	0.179667253	12.05001683	0.3328392572	22.5	0.1394333924	0.7532972645	20777.31411	80	100.3328393	3000	2.037180031
31	1	0.3990543828	7.939200249	2.332709816	20	0.1653688889	0.7752185637	32001.55076	80	102.3327098	3000	3.582924294
31	1	0.3663586932	8.016433651	0.6893937435	20	0.1444292302	0.757516842	31684.56458	80	100.6893937	3000	3.399261082
31	1	0.1986033004	11.91525204	2.240542736	22.5	0.1642773985	0.7742951705	21022.49052	80	102.2405427	3000	2.696099494
31	1	0.2490050589	11.59400296	7.189385936	22.5	0.2119906205	0.8149926557	21629.92352	79.85603646	107.0454224	3000	2.150541184
31	1	0.4032689871	7.929417815	2.542623645	20	0.1678210419	0.7772933646	32042.14104	80	102.5426236	3000	3.59851305
31	1	0.1972410057	11.92478571	2.104488865	22.5	0.162649321	0.7729179768	21004.96386	80	102.1044889	3000	2.518635447
31	1	0.1780673132	12.0616299	0.1699895151	22.5	0.137092194	0.7513202955	20756.44297	80	100.1699895	3000	2.628716027
31	1	0.363436058	8.023456011	0.5411915795	20	0.1423740127	0.7557808058	31656.04563	80	100.5411916	3000	3.451556131
31	1	0.8739353118	4.180163844	0.0509246887	10	0.07858980412	0.7493653218	61588.45973	64.10002398	84.15094867	3000	7.402736409
31	1	0.233155266	11.68134826	5.632716216	22.5	0.1992098252	0.8038933387	21461.45985	80	105.6327162	3000	2.143176781
31	1	0.4006568728	7.935476167	2.412574602	20	0.1663073328	0.7760125453	32016.99131	80	102.4125746	3000	3.146935315
31	1	0.22371382	11.75957667	4.750725855	22.5	0.190735831	0.796976624	21312.70437	79.85603646	104.6067623	3000	2.150541184
31	1	0.7564344034	4.792885533	1.288494909	15	0.1524423193	0.764287725	53599.94542	80	101.2884949	3000	5.873975839
31	1	0.7220451644	4.817561981	0.4186431893	15	0.1406517546	0.7543261937	53320.78658	80	100.4186432	3000	5.984702392
31	1	0.726872116	4.814073606	0.5411915795	15	0.1423740127	0.7557808058	53360.07605	80	100.5411916	3000	5.782426335
31	1	0.1847313281	12.01349589	0.8465522617	22.5	0.1465763543	0.7593307581	20843.21299	80	100.8465523	3000	2.886435625
31	1	0.4587939579	7.117337242	0.4812364651	17.5	0.09388031934	0.7546497124	35800.80412	65.95222632	86.43346278	3000	4.420279866
31	1	0.6706416775	5.172301215	0.3744013301	15	0.1207731748	0.7536366045	49602.08585	73.78192207	94.1563234	3000	5.953197036
31	1	0.2004465593	11.90239143	2.424343337	22.5	0.1664450475	0.7761290656	21046.17791	80	102.4243433	3000	2.326422834
31	1	0.7417300794	4.803386854	0.91747688	15	0.1475346468	0.7601404178	53480.79588	80	100.9174769	3000	5.984702392
31	1	0.1890708141	11.98248275	1.284688097	22.5	0.1523928437	0.7642459079	20899.48892	80	101.2846881	3000	2.115439439
31	1	0.2000374113	11.90524225	2.383573627	22.5	0.1659673442	0.775724887	21040.92271	80	102.3835736	3000	2.326422834
31	1	1.090373444	3.438601569	0.5422956241	10	0.1423894342	0.7557938313	75064.6021	80	100.5422956	3000	7.362828681
31	1	0.2454560451	11.60156128	6.814357851	22.5	0.2092722198	0.8124399344	21615.24547	80	106.8143579	3000	2.610204798
31	1	0.233155266	11.68134826	5.632716216	22.5	0.1992098252	0.8038933387	21461.45985	80	105.6327162	3000	2.331547904
31	1	0.1986033004	11.91525204	2.240542736	22.5	0.1642773985	0.7742951705	21022.49052	80	102.2405427	3000	2.696099494
31	1	0.1782333988	12.06042269	0.1869068438	22.5	0.137337183	0.7515271575	20758.6107	80	100.1869068	3000	2.628716027
31	1	0.2898270302	9.798417547	0.04116552272	20	0.0769432679	0.7492306501	25758.59041	63.7630171	83.80418263	3000	3.483074289
31	1	0.7931742963	4.766966971	2.209625936	15	0.1639092096	0.7739837034	53896.26806	80	102.2096259	3000	5.75800407
31	1	0.2517078089	11.56176871	7.410167618	22.5	0.2140093991	0.816468937	21692.73702	79.99908706	107.4092547	3000	2.941531418
