#gen	Feasible	f1	f2	c1	c2	c3	c4	c5	x1	x2	x3	x4
25	1	1.700012362	2.38410086	0.9584270102	0	0.1246179636	0.7603976059	108664.1566	72.28971239	93.2481394	3000	11.826873
25	1	0.1636961043	13.18407244	0.2854079351	22.5	0.1140109911	0.7525185671	18912.69453	72.20064432	92.48605225	3000	2.302705896
25	1	1.838680322	2.190000939	0.8036560244	0	0.1453864815	0.7588333072	118374.8347	79.78445502	100.588111	3000	11.04846608
25	1	0.3831746843	7.976410364	1.537903063	20	0.1556452003	0.7669951367	31848.06436	80	101.5379031	3000	3.004228008
25	1	0.325966966	8.784582226	0.1849459605	20	0.1127605463	0.7513006898	28835.27861	72.30045335	92.48539931	3000	3.823957325
25	1	0.5932708647	5.976532891	0.8676309727	15	0.08435809402	0.7589827125	42806.27666	62.09219791	82.95982888	3000	5.602453184
25	1	1.353955038	2.827756432	0.00466584296	2.5	0.08880977013	0.7488941618	91474.29258	66.73458573	86.73925157	3000	10.46332147
25	1	1.716405266	2.367307292	1.010439456	0	0.12724806	0.7610024864	109441.3996	72.85495695	93.86539641	3000	11.38146362
25	1	0.1524999918	14.04714399	0.1473726196	22.5	0.09301449744	0.7506710591	17695.3814	67.1633011	87.31067372	3000	2.393892673
25	1	0.3227317909	8.797226332	0.01194621964	20	0.1098811586	0.7491686765	28792.5406	72.2744184	92.28636462	3000	3.782702675
25	1	0.567205786	6.058934418	0.2209860529	15	0.0698532506	0.7513355936	42211.87116	61.44652857	81.66751463	3000	5.682729303
25	1	0.8096438161	4.413914687	0.1537352438	12.5	0.1108896178	0.7509070946	58279.21359	71.90963753	92.06337278	3000	6.484593956
25	1	1.455160942	2.638563019	0.04717295274	2.5	0.1104529351	0.7496056349	98097.82501	72.2744184	92.32159135	3000	10.99230071
25	1	0.1701267722	13.11398048	0.9764020234	22.5	0.1248211671	0.760600438	19018.58997	72.27086653	93.24726855	3000	2.737520757
25	1	0.7054223882	5.052610833	0.1316840171	12.5	0.06817549737	0.7502449902	50798.42061	61.44519134	81.57687535	3000	6.538792982
25	1	1.290055223	2.934477644	0.0126859365	5	0.1096850691	0.7491761019	88114.82024	72.21543407	92.22812001	3000	9.989297667
25	1	0.1701267722	13.11398048	0.9764020234	22.5	0.1248211671	0.760600438	19018.58997	72.27086653	93.24726855	3000	2.737520757
25	1	0.7150774721	4.996866852	0.1797622577	12.5	0.07265584186	0.7508686263	51375.15716	62.22721365	82.40697591	3000	6.585173277
25	1	0.1636961043	13.18407244	0.2854079351	22.5	0.1140109911	0.7525185671	18912.69453	72.20064432	92.48605225	3000	2.265438884
25	1	1.084070058	3.519138272	0.5076717841	7.5	0.09770680043	0.7549950185	73326.12577	66.80401197	87.31168376	3000	8.339399835
25	1	1.113012177	3.510032419	1.006159617	7.5	0.1055674564	0.7607469121	73518.68587	66.73458573	87.74074534	3000	8.339399835
25	1	0.6179975134	5.666350363	0.5913628272	15	0.09698721688	0.7559603591	45198.80845	66.266724	86.85808683	3000	5.652144072
25	1	0.4588274176	7.056911782	0.3046791465	17.5	0.09390264296	0.7525669232	36115.05816	66.70863733	87.01331648	3000	4.473335889
25	1	0.7548058415	4.71519834	0.08474310891	12.5	0.08988523903	0.7498825006	54497.88173	66.65365968	86.73840278	3000	6.591573384
25	1	1.700012362	2.38410086	0.9584270102	0	0.1246179636	0.7603976059	108664.1566	72.28971239	93.2481394	3000	11.83886474
25	1	1.487091393	2.590834699	0.1135367957	2.5	0.1166700167	0.7504683222	99921.56153	73.76959595	93.88313274	3000	10.4199724
25	1	1.057092326	3.520835945	0.001291502328	7.5	0.08999206759	0.7488634719	73290.33551	67.04192485	87.04321635	3000	8.953132314
25	1	0.4251232666	7.515467417	0.04803022087	17.5	0.06963497201	0.74924423	33856.58738	62.10264719	82.15067741	3000	4.62586696
25	1	0.1401044938	15.1716429	0.008681561698	22.5	0.06585449658	0.7487269744	16317.12024	61.44652857	81.45521014	3000	2.610863766
25	1	0.4437429765	7.473431596	0.8179989624	17.5	0.08349727812	0.7584148419	34052.08281	62.09219791	82.91019687	3000	4.456521925
25	1	0.1705207396	13.10772147	1.015253983	22.5	0.1254569342	0.7610394911	19028.1012	72.28973286	93.30498684	3000	2.485235196
25	1	0.2997724705	9.56560734	0.2327775248	20	0.08766120151	0.7516495297	26407.41402	65.47636552	85.70914305	3000	3.221046104
25	1	0.1634310772	13.18658179	0.2561626082	22.5	0.1135472187	0.7521644113	18908.92426	72.20064432	92.45680693	3000	2.265438884
25	1	0.7070011511	5.050592855	0.1690721045	12.5	0.06891647524	0.750703136	50819.07685	61.45368269	81.6227548	3000	6.766420872
25	1	1.132007203	3.314592703	0.1526873054	7.5	0.1105080201	0.7508911051	77906.66598	71.80634759	91.9590349	3000	8.515585718
25	1	0.7070751	5.011877942	0.01249156594	12.5	0.06895110136	0.7488036834	51218.58769	62.09923911	82.11173067	3000	6.64593547
25	1	0.6282192553	5.648034369	0.8668556132	15	0.1019175313	0.7591526042	45348.30214	66.36780046	87.23465607	3000	5.860363506
25	1	0.352305588	8.73818438	1.716569007	20	0.1342347767	0.7686718167	28993.16643	71.91158071	93.62814972	3000	3.216330333
25	1	0.1639280719	13.18187737	0.3109976244	22.5	0.1144156819	0.7528276148	18915.99378	72.20064432	92.51164194	3000	2.760449577
25	1	1.455160942	2.638563019	0.04717295274	2.5	0.1104529351	0.7496056349	98097.82501	72.2744184	92.32159135	3000	10.99230071
25	1	0.169307365	13.1190126	0.8824616199	22.5	0.1234893673	0.7595340733	19010.94971	72.28973286	93.17219448	3000	2.533630282
25	1	0.7438341697	4.787237359	0.0989171965	12.5	0.08531099717	0.7500125477	53664.24665	65.4784369	85.5773541	3000	6.570137744
25	1	0.4549036934	7.068065091	0.1615689671	17.5	0.09126243223	0.7508265288	36056.64891	66.66381197	86.82538093	3000	4.452685179
25	1	0.2987584798	9.569722587	0.172396047	20	0.08660111905	0.7509137847	26395.67107	65.47636552	85.64876157	3000	3.409425059
25	1	1.082442705	3.520260687	0.483205088	7.5	0.09725233047	0.7547049119	73302.4592	66.79247543	87.27568052	3000	8.641950802
25	1	0.2910963116	9.959129175	0.4689215889	20	0.0783519079	0.7543531411	25328.39762	62.32360031	82.7925219	3000	3.776836149
25	1	0.7514207747	4.781190714	0.280138675	12.5	0.08848820661	0.7522235474	53733.2526	65.47636552	85.7565042	3000	6.335027328
25	1	0.1464491174	14.95228224	0.6166086893	22.5	0.0803307016	0.7560862397	16569.70768	62.17591321	82.7925219	3000	2.488712575
25	1	1.289399067	2.935234843	0.007669756127	5	0.1095373321	0.7491131989	88091.85721	72.19672556	92.20439531	3000	9.668899068
25	1	0.7150774721	4.996866852	0.1797622577	12.5	0.07265584186	0.7508686263	51375.15716	62.22721365	82.40697591	3000	6.701159429
25	1	0.7070011511	5.050592855	0.1690721045	12.5	0.06891647524	0.750703136	50819.07685	61.45368269	81.6227548	3000	6.712345872
25	1	0.3062976405	9.412357186	0.3393486257	20	0.09431506848	0.7529827786	26852.02798	66.66381197	87.00316059	3000	3.463694723
25	1	0.1705207396	13.10772147	1.015253983	22.5	0.1254569342	0.7610394911	19028.1012	72.28973286	93.30498684	3000	2.485235196
25	1	0.4443745926	7.184946558	0.02282075706	17.5	0.08394714235	0.7490720471	35455.45483	65.47636552	85.49918628	3000	4.133831536
25	1	1.128586328	3.315769496	0.09844391661	7.5	0.1096305366	0.7502247061	77878.69686	71.80634759	91.90479151	3000	8.515585718
25	1	1.451312126	2.64102988	0.0126859365	2.5	0.1096850691	0.7491761019	98005.35583	72.21543407	92.22812001	3000	10.51471568
25	1	0.7150774721	4.996866852	0.1797622577	12.5	0.07265584186	0.7508686263	51375.15716	62.22721365	82.40697591	3000	6.669880114
25	1	1.61405785	2.400007196	0.02344152619	0	0.1099528582	0.7493104581	107938.007	72.24176221	92.26520373	3000	11.08703035
25	1	1.152264134	3.29386001	0.3860931976	7.5	0.1155973213	0.7537300549	78402.70237	72.2006377	92.5867309	3000	8.806516235
25	1	0.813393776	4.402969885	0.19680358	12.5	0.1122224929	0.7514391438	58426.31993	72.09219295	92.28899653	3000	6.484593956
25	1	0.6467517782	5.547827786	1.099524339	15	0.1104590156	0.7618284262	46183.65329	67.64522264	88.74474698	3000	5.084057293
25	1	1.053076141	3.53469554	0.00466584296	7.5	0.08880977013	0.7488941618	72999.43407	66.73458573	86.73925157	3000	8.339399835
25	1	0.3222823492	8.832553684	0.06566681467	20	0.1094765708	0.7498235205	28673.78006	71.91299552	91.97866233	3000	3.216330333
25	1	0.8063023125	4.422434795	0.109242759	12.5	0.1096914774	0.7503566783	58165.20099	71.77416468	91.88340744	3000	6.711485784
25	1	0.1712406612	13.10103695	1.093953337	22.5	0.1266111547	0.7619227053	19038.26908	72.28973286	93.3836862	3000	2.485235196
25	1	2.783467599	2.091590139	10.20282515	0	0.2318094788	0.8331965223	123986.8003	78.93856701	109.1413922	3000	11.57882248
25	1	0.1498862352	14.34841101	0.2327775248	22.5	0.08766120151	0.7516495297	17304.94268	65.47636552	85.70914305	3000	2.9939703
25	1	2.866594511	2.082244153	10.97726552	0	0.2366867499	0.8373065979	124547.3447	78.93856701	109.9158325	3000	11.65690728
25	1	0.3831746843	7.976410364	1.537903063	20	0.1556452003	0.7669951367	31848.06436	80	101.5379031	3000	3.004228008
25	1	0.9920815173	3.753426438	0.02705058719	7.5	0.06967733937	0.7489886682	68692.9451	62.19795505	82.22500564	3000	8.925179845
25	1	0.4549036934	7.068065091	0.1615689671	17.5	0.09126243223	0.7508265288	36056.64891	66.66381197	86.82538093	3000	4.449382289
25	1	0.1481248642	14.36989312	0.02282075706	22.5	0.08394714235	0.7490720471	17277.72741	65.47636552	85.49918628	3000	2.892787011
25	1	1.596291425	2.442287324	0.1568427571	0	0.1067246877	0.7509084925	106053.8369	70.73129773	90.88814048	3000	11.34943647
25	1	1.128586328	3.315769496	0.09844391661	7.5	0.1096305366	0.7502247061	77878.69686	71.80634759	91.90479151	3000	8.515585718
25	1	0.708009782	5.010523981	0.03373743003	12.5	0.0693881369	0.7490675118	51232.67135	62.1073631	82.14110053	3000	6.701159429
25	1	0.4508524648	7.17178607	0.280138675	17.5	0.08848820661	0.7522235474	35522.1684	65.47636552	85.7565042	3000	4.569933365
25	1	0.1634310772	13.18658179	0.2561626082	22.5	0.1135472187	0.7521644113	18908.92426	72.20064432	92.45680693	3000	2.265438884
25	1	0.1498862352	14.34841101	0.2327775248	22.5	0.08766120151	0.7516495297	17304.94268	65.47636552	85.70914305	3000	2.9939703
25	1	0.3215885441	8.840939587	0.04142740788	20	0.1088497866	0.7495215941	28645.72842	71.8476006	91.88902801	3000	3.216330333
25	1	0.700615801	5.057205812	0.01134842029	12.5	0.06589900945	0.7487600258	50751.4474	61.44519134	81.45653976	3000	6.494252064
25	1	0.4519186097	7.07394913	0.0447941972	17.5	0.08922311041	0.749389278	36025.90874	66.66275682	86.70755101	3000	4.473335889
25	1	0.9675517334	3.77287413	0.01276240682	10	0.1096881644	0.7491770677	68334.22065	72.21595831	92.22872072	3000	7.225044119
25	1	0.7051911945	5.052831542	0.1259000169	12.5	0.06806671022	0.7501740221	50796.1624	61.44519134	81.57109135	3000	6.520391206
25	1	0.3062976405	9.412357186	0.3393486257	20	0.09431506848	0.7529827786	26852.02798	66.66381197	87.00316059	3000	3.463694723
25	1	1.084049067	3.519146752	0.5073205298	7.5	0.09770094707	0.7549908648	73325.94691	66.80401538	87.31133591	3000	8.339399835
25	1	0.7150774721	4.996866852	0.1797622577	12.5	0.07265584186	0.7508686263	51375.15716	62.22721365	82.40697591	3000	6.585173277
25	1	0.3453888437	8.738905452	1.287180504	20	0.1289125722	0.7640587168	28990.69986	72.1380622	93.4252427	3000	3.719236205
25	1	0.2031731672	11.95471611	2.834621949	22.5	0.1695793826	0.7801001524	20950.12153	79.37445199	102.2090739	3000	2.032930459
25	1	1.478584429	2.59253533	0.01074551118	2.5	0.1150398912	0.7491972813	99855.42537	73.76959595	93.78034146	3000	10.03493439
25	1	0.459785173	7.031911743	0.2737841462	17.5	0.09454025898	0.7522044903	36246.65507	67.00189637	87.27568052	3000	4.452685179
25	1	0.3774912275	8.114252996	1.589173736	20	0.1519662275	0.7675048621	31291.74952	78.41566611	100.0048398	3000	3.211376112
25	1	0.709422597	5.002371506	0.04072135417	12.5	0.07004655036	0.749159108	51317.63311	62.22260866	82.26333002	3000	6.494252064
25	1	1.31429727	2.880594812	0.01074551118	5	0.1150398912	0.7491972813	89779.88283	73.76959595	93.78034146	3000	9.911688141
25	1	0.4519176425	7.074676449	0.04685949697	17.5	0.08922244525	0.749414506	36022.11253	66.65365968	86.70051917	3000	4.145783211
25	1	1.040573528	3.741786627	0.9526860734	7.5	0.08507078299	0.7599416573	68909.43225	61.91872013	82.87140621	3000	8.794680644
25	1	0.1636961043	13.18407244	0.2854079351	22.5	0.1140109911	0.7525185671	18912.69453	72.20064432	92.48605225	3000	2.265438884
25	1	0.5679396203	6.007064956	0.06955190932	15	0.07027983293	0.7495125138	42584.13108	62.15545373	82.22500564	3000	5.222835773
25	1	0.1634310772	13.18658179	0.2561626082	22.5	0.1135472187	0.7521644113	18908.92426	72.20064432	92.45680693	3000	2.265438884
25	1	0.3222823492	8.832553684	0.06566681467	20	0.1094765708	0.7498235205	28673.78006	71.91299552	91.97866233	3000	3.216330333
25	1	1.12859073	3.315194112	0.09496429201	7.5	0.1096316692	0.7501823295	77892.36966	71.82258076	91.91754505	3000	8.480636111
