#gen	Feasible	f1	f2	c1	c2	c3	c4	c5	x1	x2	x3	x4
3	1	2.027653252	2.433104257	5.587687444	0	0.1691159148	0.8031599575	106457.504	68.0666848	93.65437225	3000	11.73293736
3	1	0.1551138778	14.39641115	1.019415976	22.5	0.09818763297	0.7608195657	17244.24423	64.79184528	85.81126125	3000	2
3	1	1.047226104	3.75444939	1.162017529	7.5	0.08707139257	0.7622711543	68673.98353	61.55618999	82.71820752	3000	8.711515648
3	1	0.3014889753	9.558653888	0.334895726	20	0.08943947897	0.7528838603	26427.27883	65.47636552	85.81126125	3000	3.221046104
3	1	0.2943940709	10.03425426	0.8645941458	20	0.08195496274	0.758923364	25132.02921	61.55618999	82.42078414	3000	3.567821357
3	1	0.1807172871	13.63736738	3.212072143	22.5	0.1409473804	0.7832793433	18254.13677	67.83770935	91.04978149	3000	2.83401015
3	1	1.756803075	2.653723553	4.402475388	2.5	0.1601680088	0.793783083	97532.25747	69.42327742	93.82575281	3000	10.78549684
3	1	3.653799693	2.204522185	22.22035188	0	0.2718723232	0.8794384984	117589.1682	67.1971656	109.4175175	3000	11.36742949
3	1	0.1551138778	14.39641115	1.019415976	22.5	0.09818763297	0.7608195657	17244.24423	64.79184528	85.81126125	3000	2
3	1	3.653799693	2.204522185	22.22035188	0	0.2718723232	0.8794384984	117589.1682	67.1971656	109.4175175	3000	11.39569999
3	1	0.8735711563	4.541162488	2.406931505	12.5	0.132046518	0.7756045904	56620.95431	68.36112246	90.76805396	3000	6.673557089
3	1	0.305693465	9.541690045	0.5845170765	20	0.09371090992	0.7558493843	26475.86306	65.47636552	86.0608826	3000	3.221533387
3	1	0.4341121741	8.067475622	4.720208143	20	0.1843170986	0.7966567988	31478.40587	77.23695831	101.9571664	3000	3.934198196
3	1	3.653799693	2.204522185	22.22035188	0	0.2718723232	0.8794384984	117589.1682	67.1971656	109.4175175	3000	11.37021942
3	1	0.8403149172	5.440840872	6.980277311	15	0.1771536091	0.8130857417	47109.49084	65.96273273	92.94301004	3000	5.417120646
3	1	0.172678178	13.73088696	2.321597999	22.5	0.1288870709	0.7747345966	18123.68002	67.77719747	90.09879547	3000	2.903375767
3	1	1.793758095	2.476026633	3.003895586	0	0.1390100328	0.781350408	104596.442	68.06568004	91.06957562	3000	11.41370968
3	1	1.820126702	2.471069185	3.298870469	0	0.1427910564	0.7840857375	104808.0885	68.06568004	91.36455051	3000	11.39569999
3	1	0.4675248334	7.1937449	1.105909396	17.5	0.09959700566	0.7617888485	35410.99012	64.79184528	85.89775467	3000	4.070265837
3	1	0.3515378472	8.743787882	1.682912771	20	0.133654359	0.7683151794	28974.00924	71.87623307	93.55914584	3000	3.565664816
3	1	0.3240560117	8.834947503	0.1828077113	20	0.1110666988	0.7512602307	28665.76707	71.82717864	92.00998635	3000	3.565664816
3	1	1.232926333	3.33770215	1.812855799	5	0.09623303274	0.7692597744	77361.02757	61.18913506	83.00199085	3000	9.797130744
3	1	0.9252453678	4.519587691	3.635685917	12.5	0.147011505	0.7871255399	56895.53752	68.07219532	91.70788124	3000	6.538156186
3	1	3.289029224	2.253709607	18.76397635	0	0.2576622966	0.8689906872	115003.1311	67.1971656	105.961142	3000	11.39569999
3	1	0.890068094	4.520799871	2.730714464	12.5	0.137012893	0.7787716496	56880.04058	68.54702304	91.2777375	3000	6.538156186
3	1	0.5154568201	6.576290296	1.251109103	17.5	0.1275312802	0.763653846	38820.26603	71.87623307	93.12734218	3000	4.341641877
3	1	0.1864266763	12.99099341	2.790028869	22.5	0.1488809673	0.7794636781	19207.1613	72.07627181	94.86630068	3000	2.554432788
3	1	0.8559417185	4.562195568	2.053150029	12.5	0.1265276034	0.7720386588	56355.76558	68.18296337	90.23611339	3000	6.538156186
3	1	0.1571461996	14.39106111	1.290406825	22.5	0.1020908762	0.7638250421	17250.98956	64.67194116	85.96234798	3000	2.115786292
3	1	0.5768229112	6.05695791	0.5617194469	15	0.07535764815	0.7554016791	42225.93944	61.28353557	81.84525502	3000	5.299079365
3	1	0.1736358849	13.72070722	2.429997285	22.5	0.1303824227	0.7758108633	18137.79418	67.77719747	90.20719475	3000	2.93245738
3	1	1.132471862	3.362446218	0.1635955999	5	0.0692877716	0.7506408819	76785.10871	61.55618999	81.71978559	3000	9.797574522
3	1	3.653799693	2.204522185	22.22035188	0	0.2718723232	0.8794384984	117589.1682	67.1971656	109.4175175	3000	11.39569999
3	1	0.9375407718	4.41101916	3.362560563	12.5	0.1503293295	0.7847465164	58318.06062	70.21678516	93.57934572	3000	6.415999876
3	1	0.6186985781	5.986858752	1.814264203	15	0.09733056914	0.7692868231	42730.89407	61.44519134	83.25945554	3000	5.792612325
3	1	0.5273067709	6.557840912	1.682912771	17.5	0.133654359	0.7683151794	38932.01232	71.87623307	93.55914584	3000	4.57604957
3	1	0.9344472312	4.508051811	3.811530083	12.5	0.1495027806	0.7886824261	57043.43342	68.18296337	91.99449345	3000	6.538156186
3	1	1.442057278	2.753162686	0.5617194469	0	0.07535764815	0.7554016791	93977.06677	61.28353557	81.84525502	3000	11.23452723
3	1	0.8559417185	4.562195568	2.053150029	12.5	0.1265276034	0.7720386588	56355.76558	68.18296337	90.23611339	3000	6.538156186
3	1	1.263000242	3.032722428	0.0309112956	2.5	0.06639944659	0.7490039107	85231.19275	61.47270793	81.50361922	3000	10.31604158
3	1	0.990912879	3.782751995	0.1635955999	7.5	0.0692877716	0.7506408819	68153.42997	61.55618999	81.71978559	3000	8.699660384
3	1	3.289029224	2.253709607	18.76397635	0	0.2576622966	0.8689906872	115003.1311	67.1971656	105.961142	3000	11.39569999
3	1	0.3014889753	9.558653888	0.334895726	20	0.08943947897	0.7528838603	26427.27883	65.47636552	85.81126125	3000	3.221046104
3	1	0.3247896649	8.832597563	0.2234804859	20	0.1117193576	0.7517560696	28673.63314	71.82717864	92.05065913	3000	3.565664816
3	1	0.1470035286	14.49705248	0.04950800413	22.5	0.08153630683	0.7493757582	17118.2834	64.79184528	84.84135328	3000	2.087608363
3	1	1.852348893	2.465054127	3.658039152	0	0.1472652868	0.7873239395	105066.0302	68.06568004	91.72371919	3000	11.39569999
3	1	0.1853971602	13.5910718	3.73893956	22.5	0.1474864957	0.7880303113	18319.38194	67.82270656	91.56164612	3000	2.754662252
3	1	0.3514271552	8.744131029	1.676876231	20	0.1335704659	0.7682512985	28972.83689	71.87623307	93.55310931	3000	3.565664816
3	1	1.274030844	3.026201596	0.1635955999	2.5	0.0692877716	0.7506408819	85416.78746	61.55618999	81.71978559	3000	10.41927327
3	1	0.9258286346	4.513895633	3.620135054	12.5	0.1471708863	0.7869913823	56968.41815	68.18296337	91.80309842	3000	6.538156186
3	1	0.1806631502	13.64674425	3.221437476	22.5	0.1408697536	0.783363358	18240.97569	67.77719747	90.99863494	3000	2.899319841
3	1	0.3869757006	8.636102148	3.59588076	20	0.1580453421	0.7869076703	29346.51579	71.87623307	95.47211383	3000	3.565664816
3	1	2.994318631	2.414844651	18.14310432	2.5	0.2592876606	0.8670415812	107269.277	69.93324028	108.0763446	3000	10.78895278
3	1	0.4502836166	8.577722596	7.329581739	20	0.1920631135	0.8156211336	29552.37207	70.39670018	97.72628192	3000	3.081427114
3	1	1.264135428	3.03311964	0.05185193796	2.5	0.06669901783	0.7492621441	85219.91315	61.45176728	81.50361922	3000	10.30713378
3	1	0.3357557589	8.854702395	0.9672136035	20	0.1211348703	0.7604634206	28599.80568	71.21726289	92.18447649	3000	3.565664816
3	1	0.9683847323	4.43269653	4.264559361	12.5	0.1582815741	0.7926216748	58028.46447	69.31553656	93.58009592	3000	6.538156186
3	1	0.3356674756	8.885487134	1.036155861	20	0.1210615265	0.7612305393	28497.60038	70.89361974	91.9297756	3000	3.081427114
3	1	0.5592343729	6.772890904	3.788836784	17.5	0.1488604659	0.7884788162	37667.28297	68.06568004	91.85451682	3000	4.53393803
3	1	2.042755684	2.703633453	8.781286892	0	0.1708228792	0.8241656914	95715.1679	58.03296233	86.81424922	3000	11.72762274
3	1	1.144314434	3.807111355	3.938073931	10	0.1545327478	0.7898289969	67711.59963	69.32877289	93.26684682	3000	7.00831164
3	1	1.027130062	3.910453344	2.053150029	10	0.1265276034	0.7720386588	65898.39318	68.18296337	90.23611339	3000	7.109430895
3	1	3.012236136	2.418120205	18.4341962	2.5	0.2601246514	0.8680114823	107122.7523	69.6421484	108.0763446	3000	10.74150794
3	1	0.3122935201	9.589169478	1.142151414	20	0.1001840666	0.7621926268	26340.31529	64.79184528	85.93399669	3000	3.484068842
3	1	1.297464627	3.028343978	0.554561519	2.5	0.07526083491	0.7553178309	85355.72323	61.2906935	81.84525502	3000	10.34379871
3	1	0.2475281945	12.99523506	10.41893121	22.5	0.2108688721	0.8339565559	19200.59832	67.82428352	98.24321473	3000	2.062960522
3	1	0.9683847323	4.43269653	4.264559361	12.5	0.1582815741	0.7926216748	58028.46447	69.31553656	93.58009592	3000	6.538156186
3	1	0.1652608484	14.53541338	2.637673555	22.5	0.1167188292	0.7776520236	17070.73074	63.1735877	85.81126125	3000	2.030684468
3	1	0.3120142815	9.592803004	1.131212395	20	0.09991574493	0.7620699564	26329.99731	64.76890703	85.90011943	3000	3.901569123
3	1	0.846742835	6.048618938	10.39209363	15	0.1788453132	0.8331436366	42285.39532	55.8769855	86.26907913	3000	5.770180072
3	1	0.3102277556	9.597607434	1.019415976	20	0.09818763297	0.7608195657	26316.36635	64.79184528	85.81126125	3000	3.068934414
3	1	0.1513604385	14.99596442	1.382156085	22.5	0.09070328356	0.7646881664	16518.81967	61.54178118	82.92393726	3000	2.828570817
3	1	0.9311604645	4.515559472	3.767222866	12.5	0.1486185872	0.7882891082	56947.0955	68.07219532	91.83941819	3000	6.538156186
3	1	0.3102277556	9.597607434	1.019415976	20	0.09818763297	0.7608195657	26316.36635	64.79184528	85.81126125	3000	3.027044356
3	1	1.442435474	2.753270647	0.5680169704	0	0.07544276708	0.7554753997	93973.34646	61.27723804	81.84525502	3000	11.23413128
3	1	0.637181884	6.064430587	4.239229291	17.5	0.1795827794	0.792667036	42172.79905	77.2926886	101.5319179	3000	4.430853945
3	1	2.190709436	2.435661803	7.715448407	0	0.1863007943	0.818002219	106344.7741	66.7982969	94.51374531	3000	11.18495105
3	1	0.2460408492	13.00873787	10.26481225	22.5	0.2097255526	0.8331261958	19179.7343	67.82270656	98.08751881	3000	2.806680027
3	1	0.3102277556	9.597607434	1.019415976	20	0.09818763297	0.7608195657	26316.36635	64.79184528	85.81126125	3000	3.162337575
3	1	0.5823431664	6.653330467	4.336348789	17.5	0.1588262935	0.7932222873	38360.33755	69.22279706	93.55914584	3000	4.504014362
3	1	0.879531166	4.545707905	2.585090596	12.5	0.1338622642	0.7773480325	56563.43704	68.18296337	90.76805396	3000	6.538156186
3	1	0.2424352766	13.04116795	9.88900324	22.5	0.206895732	0.8310655413	19129.80108	67.82270656	97.7117098	3000	2.74686652
3	1	0.187394926	13.56839205	3.957394303	22.5	0.1501784727	0.7899395288	18351.50741	67.83770935	91.79510365	3000	2.899319841
3	1	3.867434063	2.252229063	25.86327938	0	0.278950007	0.8885109074	115079.3221	63.11456858	108.977848	3000	11.14053899
3	1	0.3102277556	9.597607434	1.019415976	20	0.09818763297	0.7608195657	26316.36635	64.79184528	85.81126125	3000	3.162337575
3	1	0.6371053306	6.064524314	4.236664687	17.5	0.1795562945	0.7926453279	42172.13336	77.2926886	101.5293533	3000	4.430853945
3	1	1.160455255	3.800192468	4.235360425	10	0.1579469622	0.7923749451	67836.51854	69.31553656	93.55089699	3000	7.020642137
3	1	0.1513604385	14.99596442	1.382156085	22.5	0.09070328356	0.7646881664	16518.81967	61.54178118	82.92393726	3000	2.828570817
3	1	3.025659023	2.420584786	18.65306718	2.5	0.2607451876	0.8687308211	107012.7662	69.42327742	108.0763446	3000	10.78939205
3	1	2.460696586	2.543635602	12.67976495	0	0.2097478296	0.844848887	101792.3824	60.49405093	93.17381588	3000	11.45309
3	1	0.4694444545	8.642291388	8.73831858	20	0.2005502624	0.8244680551	29324.85453	68.97339122	97.7117098	3000	3.177338531
3	1	0.6484369646	6.079580598	4.73612024	17.5	0.1834086156	0.796773461	42065.46378	76.79579765	101.5319179	3000	4.430853945
3	1	0.4711848367	8.63714082	8.829150845	20	0.2012869559	0.8250121171	29342.87845	68.97339122	97.80254206	3000	3.456720127
3	1	0.374789852	9.045594698	3.957394303	20	0.1501784727	0.7899395288	27977.26111	67.83770935	91.79510365	3000	3.089279058
3	1	2.290348177	2.582540008	11.08594749	2.5	0.2160377606	0.8374621597	100245.3837	67.99209116	99.07803864	3000	10.83676959
3	1	0.3109986844	9.601070791	1.080151311	20	0.09893578995	0.7614985304	26306.5487	64.73110994	85.81126125	3000	3.051028016
3	1	0.3605896519	9.103687128	3.188761319	20	0.1403403765	0.7830604673	27792.98959	67.74332508	90.9320864	3000	3.083351259
3	1	0.8971046531	4.594345221	3.296554721	12.5	0.1390756671	0.7840204849	55955.10936	66.93955867	90.23611339	3000	6.412045509
3	1	0.6123311019	7.823762528	13.9849496	20	0.2470915932	0.8513491817	32487.00517	74.93463739	108.919587	3000	3.501560518
3	1	0.1799955294	15.24683428	5.952933581	22.5	0.1399086145	0.8053792472	16232.21218	57.7935319	83.74646549	3000	2.616651811
