#gen	Feasible	f1	f2	c1	c2	c3	c4	c5	x1	x2	x3	x4
22	1	0.3970741271	7.943810012	2.233931778	20	0.1641987557	0.7742286423	31982.45812	80	102.2339318	3000	3.426030281
22	1	0.3222996807	8.862598501	0.1364132983	20	0.1094921936	0.7506850434	28573.52291	71.59410836	91.73052166	3000	3.789520611
22	1	1.92245375	2.174537761	1.604010747	0	0.1564815974	0.7677022502	119223.0002	80	101.6040107	3000	11.911967
22	1	0.4060888797	7.922894229	2.682832442	20	0.1694332991	0.778657746	32069.26507	80	102.6828324	3000	3.979711603
22	1	0.3930682946	7.954014661	2.036233328	20	0.1617956611	0.7722203708	31940.27138	79.98883778	102.0250711	3000	3.44220635
22	1	1.790295957	2.191752892	0.2679670597	0	0.1385053212	0.7525135432	118279.4937	80	100.2679671	3000	11.4270497
22	1	0.4869327447	6.641724419	0.2667297941	17.5	0.1115703115	0.7522737814	38428.94283	71.58844431	91.85517411	3000	4.876289723
22	1	0.1807767497	12.04198477	0.4456142508	22.5	0.1410325902	0.7546478323	20791.77299	80	100.4456143	3000	2.933851228
22	1	0.4952574349	6.628428971	0.5747596843	17.5	0.1164184725	0.7559492229	38507.82969	71.58716567	92.16192536	3000	4.060773457
22	1	0.3314692432	8.672331669	0.2615542405	20	0.1175286239	0.752263403	29220.15799	73.33614688	93.59770112	3000	3.272293876
22	1	0.2347997015	11.69908033	5.856094022	22.5	0.2006160727	0.8055619384	21427.567	79.73542025	105.5915143	3000	2.691322928
22	1	0.7304841364	4.811468568	0.632797235	15	0.1436478944	0.7568568229	53389.45369	80	100.6327972	3000	5.379138694
22	1	0.7636029561	4.78779275	1.468879216	15	0.1547663416	0.7662521712	53657.91711	80	101.4688792	3000	5.939611894
22	1	0.5896024419	5.965510996	2.036233328	17.5	0.1617956611	0.7722203708	42887.0285	79.98883778	102.0250711	3000	4.727086736
22	1	0.3782451851	7.988076175	1.289904461	20	0.1524606342	0.7643032049	31800.23899	80	101.2899045	3000	3.446590392
22	1	0.1730246852	12.81931364	0.8480569132	22.5	0.1294300141	0.7591993218	19476.44194	74.26290516	95.11096207	3000	2.306574972
22	1	0.1620998462	13.22586677	0.150561348	22.5	0.1111947499	0.750871278	18850.08553	72.01077315	92.1613345	3000	2.143379069
22	1	1.258287738	3.0123451	0.3418065876	7.5	0.139561154	0.7534052042	85813.83635	79.99998085	100.3417874	3000	8.634030574
22	1	0.3894877222	7.961550189	1.854624402	20	0.1596058414	0.7703439589	31909.18839	80	101.8546244	3000	3.733648393
22	1	0.3311808946	8.834671912	0.6306155446	20	0.1172826851	0.7566039184	28666.68936	71.58716567	92.21778122	3000	3.388659889
22	1	0.3930682946	7.954014661	2.036233328	20	0.1617956611	0.7722203708	31940.27138	79.98883778	102.0250711	3000	3.753403761
22	1	0.3702507864	8.007112619	0.8864175651	20	0.1471158018	0.7597865301	31722.49608	80	100.8864176	3000	3.446862298
22	1	0.1926158741	11.95916589	1.644585486	22.5	0.1569500082	0.7681337275	20941.99152	79.98416344	101.6287489	3000	2.898893822
22	1	1.809006097	2.190809285	0.4726503589	0	0.1412099013	0.7549677467	118330.8257	79.92906894	100.4017193	3000	11.72957465
22	1	0.1999924389	11.90555573	2.37909135	22.5	0.1659147172	0.7756803609	21040.34499	80	102.3790913	3000	2.933851228
22	1	1.209212882	3.130809936	0.02754284251	5	0.09027596501	0.7491878614	82532.72359	66.99834045	87.0258833	3000	9.644888493
22	1	0.7409098795	4.802570212	0.08461607969	12.5	0.08406895412	0.7498271434	53490.04293	65.24222678	85.32684286	3000	6.998081467
22	1	1.769014772	2.208175068	0.177612646	0	0.1353595496	0.7513989862	117393.157	79.37257578	99.55018842	3000	11.57474189
22	1	1.652756362	2.35412474	0.1085824455	0	0.1167441753	0.7504086396	110059.2859	73.81467805	93.9232605	3000	11.09441367
22	1	0.3930682946	7.954014661	2.036233328	20	0.1617956611	0.7722203708	31940.27138	79.98883778	102.0250711	3000	3.540390792
22	1	0.1967702686	11.92812162	2.057501307	22.5	0.1620815027	0.7724383838	20998.83775	79.99968706	102.0571884	3000	2.896508235
22	1	0.7772101477	4.782524161	1.830648262	15	0.1590598282	0.7700915708	53718.01994	79.90556787	101.7362161	3000	5.945395701
22	1	1.784159016	2.192563021	0.2054931053	0	0.1376058624	0.7517540265	118235.4582	80	100.2054931	3000	11.4270497
22	1	0.5022354642	6.427375323	0.2219782623	17.5	0.1203585372	0.7518120062	39740.53939	74.36560707	94.58758533	3000	4.060572256
22	1	0.3303165475	8.836088377	0.5795651072	20	0.1165428921	0.7560061378	28661.94968	71.60157419	92.1811393	3000	3.713507573
22	1	0.3782065711	7.988167774	1.287959429	20	0.152435361	0.7642818438	31799.86402	80	101.2879594	3000	3.446862298
22	1	0.3301716232	8.837905295	0.5747596843	20	0.1164184725	0.7559492229	28655.87227	71.58716567	92.16192536	3000	3.405760495
22	1	1.541461754	2.658441262	1.659217998	5	0.1570343266	0.7682881753	97357.57812	79.94699226	101.6062103	3000	9.216924255
22	1	0.1694031256	12.87806912	0.5027488621	22.5	0.1236456738	0.7551735273	19383.47553	74.05943355	94.56218241	3000	2.394158473
22	1	1.794444197	2.191212295	0.3102349258	0	0.1391098218	0.7530247443	118308.8967	79.99969924	100.3099342	3000	11.63824666
22	1	1.159445953	3.214106647	0.007981306692	7.5	0.1173589631	0.7491825182	80370.48311	74.47002122	94.47800253	3000	8.773381851
22	1	0.3633549251	8.023651236	0.5370743419	20	0.1423164879	0.7557322179	31655.2535	80	100.5370743	3000	3.979711603
22	1	0.8109810407	4.434979207	0.2857044431	12.5	0.1113663312	0.7524989721	57998.13409	71.44481722	91.73052166	3000	6.994173213
22	1	0.8077666511	4.437064808	0.2141629567	12.5	0.1102177556	0.7516308764	57970.44957	71.44481722	91.65898017	3000	6.994173213
22	1	1.650858116	2.410337808	0.5747596843	0	0.1164184725	0.7559492229	107471.5316	71.58716567	92.16192536	3000	11.47086104
22	1	0.3249563224	8.854674311	0.2855894274	20	0.1118672055	0.7525019963	28599.89924	71.58716567	91.8727551	3000	3.388659889
22	1	1.604683619	2.418451563	0.06206391853	0	0.1082584625	0.7497690388	107107.9519	71.58730358	91.6493675	3000	11.069593
22	1	0.3963784958	7.946269782	2.201599526	20	0.1637849322	0.7739024313	31972.27934	79.98900041	102.1905999	3000	3.00295966
22	1	0.3935356304	7.952068642	2.057188369	20	0.1620785362	0.7724351905	31948.308	80	102.0571884	3000	3.184722172
22	1	0.3406076005	8.596311158	0.6396353708	20	0.125107211	0.756778019	29486.52222	73.87710967	94.51674504	3000	3.272293876
22	1	1.354161415	2.919435284	0.6726793995	2.5	0.08885719619	0.7568166908	88573.46819	63.93223349	84.60491289	3000	10.75992268
22	1	0.1872745579	11.99532383	1.103622331	22.5	0.1500179035	0.7622394541	20876.15242	79.99969924	101.1033216	3000	2.907048868
22	1	0.2280220937	11.74398904	5.199080079	22.5	0.1946896905	0.8005481908	21342.18696	79.73542025	104.9345003	3000	2.691322928
22	1	0.4245493841	7.88060948	3.596025852	20	0.1794589351	0.7871462719	32246.16727	80	103.5960259	3000	3.020525688
22	1	0.9019329808	4.024975782	0.4578874979	12.5	0.1404724762	0.754787979	63997.78179	79.74513363	100.2030211	3000	6.524416705
22	1	0.8014038443	4.762556231	2.421224143	15	0.1663336059	0.7760974749	53947.01646	79.97074131	102.3919655	3000	5.945395701
22	1	0.6050813472	5.94685736	2.548523349	17.5	0.167889292	0.777351118	43024.37622	80	102.5485233	3000	4.02371571
22	1	0.381969098	7.981349241	1.483041695	20	0.1548739577	0.7664043563	31827.79979	79.97291131	101.455953	3000	3.310810066
22	1	1.605759639	2.418375461	0.0750095469	0	0.1084539586	0.7499288495	107111.3507	71.58289197	91.65790151	3000	11.069593
22	1	0.6441058808	5.327419003	0.1589178488	15	0.1092696216	0.7509558129	48131.62298	71.42924404	91.58816189	3000	5.651098387
22	1	0.3930682946	7.954014661	2.036233328	20	0.1617956611	0.7722203708	31940.27138	79.98883778	102.0250711	3000	3.44220635
22	1	0.4849775235	6.656255636	0.2295872145	17.5	0.1104074868	0.751818045	38343.08414	71.4283143	91.65790151	3000	4.89944593
22	1	0.3311808946	8.834671912	0.6306155446	20	0.1172826851	0.7566039184	28666.68936	71.58716567	92.21778122	3000	3.388659889
22	1	2.306252383	2.126905107	5.388033075	0	0.197007097	0.8020238333	121913.1895	80	105.3880331	3000	11.33623557
22	1	0.5957892743	5.958456594	2.24292805	17.5	0.1642692376	0.7743188194	42938.86932	79.98588145	102.2288095	3000	4.483222333
22	1	0.8254290581	4.418952648	0.5747596843	12.5	0.1164184725	0.7559492229	58211.74453	71.58716567	92.16192536	3000	6.000951932
22	1	0.8109810407	4.434979207	0.2857044431	12.5	0.1113663312	0.7524989721	57998.13409	71.44481722	91.73052166	3000	6.994173213
22	1	1.981021909	2.167582763	2.196118464	0	0.1636811263	0.7738467206	119608.432	79.97421228	102.1703307	3000	11.92861049
22	1	0.4060888797	7.922894229	2.682832442	20	0.1694332991	0.778657746	32069.26507	80	102.6828324	3000	3.979711603
22	1	0.3782065711	7.988167774	1.287959429	20	0.152435361	0.7642818438	31799.86402	80	101.2879594	3000	3.426030281
22	1	1.142657379	3.308077401	0.3034389156	7.5	0.1132062398	0.7527268825	78061.87674	71.88764922	92.19108813	3000	8.922062484
22	1	0.9373329194	3.997972557	1.122938301	12.5	0.1502739653	0.7624551509	64436.11631	80	101.1229383	3000	6.403759423
22	1	0.8269670401	4.320932671	0.1469961909	12.5	0.1169458736	0.7508771311	59552.68924	73.6952097	93.84220589	3000	6.186801189
22	1	0.449839253	7.861046915	4.955166342	20	0.1918577078	0.7986129475	32328.65298	79.49127803	104.4464444	3000	3.181036286
22	1	0.4579670348	7.814468668	5.257438326	20	0.1955517185	0.8010080027	32526.71282	79.88131587	105.1387542	3000	3.00295966
22	1	0.8651234258	4.273104546	0.8480569132	12.5	0.1294300141	0.7591993218	60229.32581	74.26290516	95.11096207	3000	6.465364048
22	1	0.3568563401	8.091994254	0.3413773088	20	0.1376239043	0.7533845389	31380.29974	79.33630909	99.6776864	3000	3.181036286
22	1	0.4627320864	7.79540062	5.459736313	20	0.1976570547	0.8025754172	32608.4767	80	105.4597363	3000	3.426030281
22	1	0.6699219482	5.167893398	0.3346301099	15	0.120473188	0.7531615696	49645.16026	73.8757461	94.21037621	3000	5.69703666
22	1	0.3956045143	7.948437901	2.163980393	20	0.1633227886	0.773521876	31963.31267	79.98425076	102.1482311	3000	3.360350079
22	1	1.836517452	2.187138929	0.7513244032	0	0.1450866227	0.7582333311	118530.9134	79.9317015	100.6830259	3000	11.81701596
22	1	1.61150783	2.414983099	0.1187696858	0	0.1094938928	0.7504708189	107263.0758	71.67502388	91.79379357	3000	11.93437861
22	1	0.6603432465	5.302743177	0.5747596843	15	0.1164184725	0.7559492229	48359.78711	71.58716567	92.16192536	3000	5.813802822
22	1	0.4923149524	6.633060311	0.4658150576	17.5	0.1147235541	0.7546619928	38480.31433	71.58844431	92.05425937	3000	4.984364574
22	1	0.3930682946	7.954014661	2.036233328	20	0.1617956611	0.7722203708	31940.27138	79.98883778	102.0250711	3000	3.446590392
22	1	2.20174711	2.139542375	4.371267352	0	0.1873720991	0.7938518082	121187.7899	80	104.3712674	3000	11.33623557
22	1	0.3311808946	8.834671912	0.6306155446	20	0.1172826851	0.7566039184	28666.68936	71.58716567	92.21778122	3000	3.388659889
22	1	0.8109810407	4.434979207	0.2857044431	12.5	0.1113663312	0.7524989721	57998.13409	71.44481722	91.73052166	3000	6.994173213
22	1	0.6699219482	5.167893398	0.3346301099	15	0.120473188	0.7531615696	49645.16026	73.8757461	94.21037621	3000	5.69703666
22	1	0.3930682946	7.954014661	2.036233328	20	0.1617956611	0.7722203708	31940.27138	79.98883778	102.0250711	3000	3.302102154
22	1	0.8109810407	4.434979207	0.2857044431	12.5	0.1113663312	0.7524989721	57998.13409	71.44481722	91.73052166	3000	6.994173213
22	1	0.7253172089	4.815196428	0.501731352	15	0.1418217241	0.7553143279	53347.42353	80	100.5017314	3000	5.460259341
22	1	0.8030061122	4.760107175	2.454721513	15	0.1667998492	0.7764292688	53975.23503	80	102.4547215	3000	5.351516104
22	1	1.17188275	3.213687662	0.2219782623	7.5	0.1203585372	0.7518120062	80381.07878	74.36560707	94.58758533	3000	8.566798659
22	1	0.3524519874	8.521927236	1.176239836	20	0.1343451687	0.7629000307	29751.75198	74.32895881	95.50519865	3000	3.522420495
22	1	0.3301716232	8.837905295	0.5747596843	20	0.1164184725	0.7559492229	28655.87227	71.58716567	92.16192536	3000	3.388659889
22	1	1.813223234	2.188734815	0.5010227823	0	0.1418117872	0.7553059351	118443.832	80	100.5010228	3000	11.6166523
22	1	0.3930682946	7.954014661	2.036233328	20	0.1617956611	0.7722203708	31940.27138	79.98883778	102.0250711	3000	3.44220635
22	1	1.935914569	2.172987669	1.740933424	0	0.1581748319	0.7691529085	119308.6895	79.9914568	101.7323902	3000	11.6522737
22	1	0.9964339619	3.983824567	2.387092216	12.5	0.1650858541	0.775750972	64668.14829	79.64177445	102.0288667	3000	6.994173213
