#gen	Feasible	f1	f2	c1	c2	c3	c4	c5	x1	x2	x3	x4
40	1	0.9513307352	3.991335352	1.405080145	12.5	0.1539484172	0.7655611677	64544.76396	79.99982045	101.4049006	3000	6.477749974
40	1	1.525161954	2.660287629	1.443182476	5	0.1544376897	0.7659743491	97289.38265	80	101.4431825	3000	9.663152757
40	1	0.3812419094	7.980977791	1.440739178	20	0.1544063993	0.7659478985	31829.323	80	101.4407392	3000	3.754294017
40	1	0.9545599409	3.989800698	1.470010466	12.5	0.1547807915	0.7662643865	64569.93691	80	101.4700105	3000	6.58018747
40	1	0.9269553945	4.002921383	0.9132865683	12.5	0.1474782125	0.7600927352	64355.34104	80	100.9132866	3000	6.384568312
40	1	0.763257998	4.788037421	1.460206284	15	0.1546555071	0.7661584778	53655.12918	80	101.4602063	3000	5.259401322
40	1	1.448194658	2.67559884	0.4707625528	5	0.1413867736	0.7549469684	96727.49036	80	100.4707626	3000	9.542560857
40	1	0.5742568805	5.982904185	1.520980054	17.5	0.1554302532	0.7668134213	42759.73312	80	101.5209801	3000	4.654428929
40	1	0.5719369251	5.985645756	1.443222454	17.5	0.1544382017	0.7659747819	42739.7359	80	101.4432225	3000	4.918450369
40	1	0.5749427456	5.982094449	1.543956689	17.5	0.1557220072	0.7670600696	42765.6429	80	101.5439567	3000	4.795149929
40	1	0.5600273654	5.999783701	1.043109458	17.5	0.1492160767	0.7615611806	42636.90283	80	101.0431095	3000	4.803252085
40	1	0.5714515396	5.986219865	1.426946317	17.5	0.1542296238	0.7657984663	42735.55063	80	101.4269463	3000	4.799728968
40	1	0.7759391772	4.779069337	1.778550556	15	0.1586651738	0.7695485114	53757.50371	80	101.7785506	3000	5.253202375
40	1	0.9555954007	3.989311227	1.490834022	12.5	0.1550465051	0.7664890094	64577.96979	80	101.490834	3000	6.928644218
40	1	1.000875825	3.968094288	2.39730328	12.5	0.1661283975	0.7758611633	64928.07288	79.99999396	102.3972972	3000	6.926944525
40	1	1.532969618	2.658750161	1.541305785	5	0.1556883786	0.7670316397	97346.16235	80	101.5413058	3000	9.942828519
40	1	0.7837753092	4.773554616	1.97476952	15	0.1610780229	0.7715889789	53820.64761	80	101.9747695	3000	5.810625467
40	1	0.5916396131	5.962490264	2.101710429	17.5	0.1626158615	0.7728896752	42909.212	80	102.1017104	3000	4.777573876
40	1	1.080685462	3.931564682	3.975771578	12.5	0.1834000351	0.7904852698	65539.70559	79.99999986	103.9757714	3000	6.597207218
40	1	0.7152925519	4.822455717	0.2469540458	15	0.1382034162	0.7522586054	53265.76436	80	100.246954	3000	5.745156048
40	1	0.7519121489	4.796158919	1.174766856	15	0.1509534235	0.763031913	53562.74913	79.99889079	101.1736576	3000	5.405949737
40	1	0.7616268637	4.789194892	1.419186279	15	0.1541300663	0.7657143091	53641.94408	80	101.4191863	3000	5.338767245
40	1	0.75220394	4.795899201	1.18189168	15	0.1510500324	0.7631110087	53565.69852	80	101.1818917	3000	5.405388807
40	1	0.3819011655	7.979418927	1.473891562	20	0.1548303548	0.7663062848	31835.71702	80	101.4738916	3000	3.79673421
40	1	0.7517378665	4.796231593	1.170140249	15	0.1508956847	0.762980566	53561.9239	80	101.1701402	3000	5.403233349
40	1	0.3557628363	8.041987697	0.1510510378	20	0.1368174422	0.7510883063	31581.02457	80	100.151051	3000	3.156902117
40	1	0.7611766978	4.789514494	1.407862518	15	0.1539846569	0.7655913937	53638.30452	80	101.4078625	3000	5.277564982
40	1	1.448194658	2.67559884	0.4707625528	5	0.1413867736	0.7549469684	96727.49036	80	100.4707626	3000	9.542560857
40	1	0.7152925519	4.822455717	0.2469540458	15	0.1382034162	0.7522586054	53265.76436	80	100.246954	3000	5.738590331
40	1	1.833170974	2.37597993	2.746534159	2.5	0.1701591474	0.7792720592	109038.6391	80	102.7465342	3000	10.0877087
40	1	0.4140014617	7.904680899	3.07523811	20	0.1738399936	0.782387887	32145.23021	80	103.0752381	3000	3.787780118
40	1	0.5727264431	5.984712302	1.469691298	17.5	0.1547767148	0.7662609402	42746.54253	80	101.4696913	3000	4.804176387
40	1	0.5823892129	5.973336104	1.79311964	17.5	0.1588453619	0.7697012762	42829.66722	79.99982045	101.7929401	3000	4.916394221
40	1	1.408790148	2.986810404	2.602409582	7.5	0.1673840871	0.7778662062	86555.16611	79.55768997	102.1600996	3000	8.082703265
40	1	0.9548452237	3.989665844	1.475748169	12.5	0.1548540566	0.7663263224	64572.14986	79.99999947	101.4757476	3000	6.45028763
40	1	0.8615995934	4.719881647	3.903440328	15	0.1826587339	0.7898574803	54442.91314	79.99981971	103.90326	3000	5.35519189
40	1	0.7862752051	4.771799607	2.037288229	15	0.1618376552	0.7722314528	53840.77319	80	102.0372882	3000	5.773383605
40	1	0.7858240211	4.772116199	2.026007616	15	0.1617009133	0.7721157979	53837.14157	80	102.0260076	3000	5.809282655
40	1	0.3553059798	8.043095418	0.1277744791	20	0.136479039	0.7508025777	31576.55118	80	100.1277745	3000	3.754294017
40	1	0.7759517529	4.77906047	1.778865758	15	0.158669085	0.7695518187	53757.60512	80	101.7788658	3000	5.253217231
40	1	1.532402066	2.658861826	1.534176241	5	0.1555978935	0.7669551435	97342.03629	80	101.5341762	3000	9.214840876
40	1	0.7665903275	4.78567556	1.543956689	15	0.1557220072	0.7670600696	53682.05362	80	101.5439567	3000	5.591802367
40	1	1.015527292	3.961312933	2.688935647	12.5	0.1695025679	0.7787167482	65040.76369	79.99982045	102.6887561	3000	6.477749974
40	1	0.5784474852	5.977962435	1.661285917	17.5	0.1572020564	0.7683113886	42795.82493	79.99999659	101.6612825	3000	4.580133449
40	1	0.9555954007	3.989311227	1.490834022	12.5	0.1550465051	0.7664890094	64577.96979	80	101.490834	3000	6.644222779
40	1	0.7580400018	4.791743345	1.328924941	15	0.1529666692	0.7647309185	53612.93636	80	101.3289249	3000	5.98715644
40	1	0.5882710007	5.966428776	1.989428581	17.5	0.1612565302	0.7717399516	42880.293	80	101.9894286	3000	4.583517187
40	1	0.5676883421	5.990676983	1.300668659	17.5	0.1526004157	0.764421351	42703.08539	79.99999967	101.3006683	3000	4.69390035
40	1	0.9555954007	3.989311227	1.490834022	12.5	0.1550465051	0.7664890094	64577.96979	80	101.490834	3000	6.928644218
40	1	0.7463375342	4.800088394	1.033878289	15	0.1490932213	0.7614573657	53518.16454	80	101.0338783	3000	5.649630973
40	1	1.341930422	2.990946728	1.549660714	7.5	0.1557943385	0.7671212191	86434.22015	80	101.5496607	3000	8.455967057
40	1	0.6115248799	5.939410058	2.762022152	17.5	0.1703350027	0.7794208979	43079.45207	80	102.7620222	3000	4.053271314
40	1	0.7152925519	4.822455717	0.2469540458	15	0.1382034162	0.7522586054	53265.76436	80	100.246954	3000	5.745156048
40	1	1.448194658	2.67559884	0.4707625528	5	0.1413867736	0.7549469684	96727.49036	80	100.4707626	3000	9.542560857
40	1	0.5786789256	5.977689686	1.669028374	17.5	0.1572991625	0.7683934843	42797.81868	80	101.6690284	3000	4.618145723
40	1	0.7908445257	4.768597153	2.151461319	15	0.1632137033	0.7733953689	53877.53553	80	102.1514613	3000	5.632356032
40	1	0.635870985	5.911539638	3.564728355	17.5	0.1791283717	0.7868662672	43286.79667	80	103.5647284	3000	4.371845253
40	1	0.839866836	4.73466873	3.368442367	15	0.1770347173	0.7850930312	54270.06888	80	103.3684424	3000	5.21860377
40	1	0.5727264431	5.984712302	1.469691298	17.5	0.1547767148	0.7662609402	42746.54253	80	101.4696913	3000	4.777573876
40	1	0.9818160171	3.976980603	2.016725662	12.5	0.1615882925	0.7720205452	64780.98417	80	102.0167257	3000	6.602522021
40	1	0.839866836	4.73466873	3.368442367	15	0.1770347173	0.7850930312	54270.06888	80	103.3684424	3000	5.794161767
40	1	1.083059159	3.930494926	4.022352988	12.5	0.1838747485	0.7908875565	65557.78838	79.99999392	104.0223469	3000	6.597207218
40	1	0.7253107324	4.815201106	0.501566958	15	0.1418194187	0.7553123807	53347.37082	80	100.501567	3000	5.649630973
40	1	0.5600273654	5.999783701	1.043109458	17.5	0.1492160767	0.7615611806	42636.90283	80	101.0431095	3000	4.803252085
40	1	0.8116664524	4.75409097	2.670128904	15	0.1692880543	0.7785348243	54044.67851	80	102.6701289	3000	5.970677513
40	1	0.839866836	4.73466873	3.368442367	15	0.1770347173	0.7850930312	54270.06888	80	103.3684424	3000	5.21860377
40	1	0.5329589697	6.032321563	0.1277744791	17.5	0.136479039	0.7508025777	42402.06824	80	100.1277745	3000	4.583517187
40	1	0.3823581968	7.978338815	1.496868194	20	0.1551234051	0.7665540183	31840.1488	80	101.4968682	3000	3.62816071
40	1	0.8135123467	4.752811815	2.715983165	15	0.1698115496	0.7789778691	54059.46613	80	102.7159832	3000	5.601279852
40	1	0.6092522897	5.942033245	2.686773245	17.5	0.1694783225	0.7786958499	43060.03678	80	102.6867732	3000	4.053271314
40	1	0.9213983209	4.005579568	0.800840637	12.5	0.1459552207	0.7588059907	64312.03626	80	100.8008406	3000	6.597207218
40	1	0.3804491078	7.982853735	1.400856768	20	0.1538946174	0.7655152834	31821.63172	80	101.4008568	3000	3.282427593
40	1	0.5722430031	5.985283822	1.453484637	17.5	0.1545695463	0.7660858118	42742.37483	80	101.4534846	3000	4.465796034
40	1	0.7375750904	4.806367669	0.812391185	15	0.1461124312	0.7589388087	53447.06997	80	100.8123912	3000	5.104000136
40	1	0.7967948419	4.764437167	2.299950173	15	0.1649819795	0.7748912318	53925.3636	80	102.2999502	3000	5.25137712
40	1	0.9555954007	3.989311227	1.490834022	12.5	0.1550465051	0.7664890094	64577.96979	80	101.490834	3000	6.644222779
40	1	0.7491938147	4.798047255	1.105971249	15	0.1500497964	0.7622657113	53541.31458	80	101.1059712	3000	5.253589267
40	1	0.7651790071	4.786675405	1.508494848	15	0.1552714532	0.7666791743	53670.65246	80	101.5084948	3000	5.765866451
40	1	1.724301418	2.392920695	1.538074332	2.5	0.1556473739	0.7669969743	108260.3247	80	101.5380743	3000	10.04031432
40	1	0.6468401067	5.899119211	3.924361121	17.5	0.1828739152	0.7900394542	43379.83071	80	103.9243611	3000	4.777573876
40	1	0.4013300512	7.93391342	2.44610585	20	0.1666993215	0.7763442099	32023.47498	80	102.4461059	3000	3.790127828
40	1	1.726025259	2.392649417	1.557321137	2.5	0.1558914174	0.767203291	108272.7013	80	101.5573211	3000	10.28170749
40	1	0.9896578154	3.973316947	2.173479912	12.5	0.1634774066	0.7736184506	64841.5463	79.99999227	102.1734722	3000	6.077645904
40	1	0.7616268637	4.789194892	1.419186279	15	0.1541300663	0.7657143091	53641.94408	80	101.4191863	3000	5.338767245
40	1	1.276045221	3.007760471	0.5994456084	7.5	0.1431854286	0.7564661791	85946.01134	80	100.5994456	3000	8.418858871
40	1	1.532718109	2.658799643	1.538146404	5	0.1556482886	0.7669977475	97344.33392	80	101.5381464	3000	9.731419883
40	1	0.9469607626	3.993405774	1.317094436	12.5	0.1528129545	0.7646014029	64510.83346	79.99982045	101.3169149	3000	6.477749974
40	1	1.341002702	2.991181382	1.536342606	7.5	0.1556253945	0.7669783928	86427.3689	80	101.5363426	3000	8.887909889
40	1	1.801238745	2.380908738	2.39356229	2.5	0.1660845455	0.7758240481	108811.051	80	102.3935623	3000	10.37312129
40	1	1.146714481	3.419409623	1.490834022	10	0.1550465051	0.7664890094	75490.96475	80	101.490834	3000	7.307713447
40	1	0.7858240211	4.772116199	2.026007616	15	0.1617009133	0.7721157979	53837.14157	80	102.0260076	3000	5.809282655
40	1	0.7558686017	4.793288242	1.274243803	15	0.1522570112	0.764131102	53595.36661	80	101.2742438	3000	5.909942397
40	1	0.9883737527	3.973915865	2.147827106	12.5	0.1631701242	0.773358506	64831.63822	80	102.1478271	3000	6.582227057
40	1	0.8109204673	4.754608412	2.65159279	15	0.1690758169	0.7783552173	54038.69891	79.99999604	102.6515888	3000	5.046648758
40	1	0.9566800131	3.988798729	1.512641478	12.5	0.1553242151	0.7667237782	64586.38268	80	101.5126415	3000	6.983613368
40	1	0.5727264431	5.984712302	1.469691298	17.5	0.1547767148	0.7662609402	42746.54253	80	101.4696913	3000	4.777573876
40	1	0.5785361589	5.977857808	1.664251968	17.5	0.1572392707	0.7683428456	42796.58971	80	101.664252	3000	4.659405519
40	1	0.8069323652	4.757376634	2.552434701	15	0.1679345202	0.7773893903	54006.73118	80	102.5524347	3000	5.405388807
40	1	0.9886683132	3.973778382	2.153711975	12.5	0.1632406845	0.7734181919	64833.91239	80	102.153712	3000	6.644222779
40	1	0.8747591663	4.710986808	4.2259899	15	0.1859283404	0.792627989	54547.40639	80	104.2259899	3000	5.405388807
