#gen	Feasible	f1	f2	c1	c2	c3	c4	c5	x1	x2	x3	x4
45	1	0.1998362196	11.90664489	2.36351985	22.5	0.1657317241	0.7755255376	21038.338	80	102.3635199	3000	2.214605777
45	1	0.2005568315	11.90162347	2.435328673	22.5	0.1665734631	0.776237719	21047.59401	80	102.4353287	3000	2.214573249
45	1	0.1795148662	12.05112137	0.3173399689	22.5	0.1392122023	0.7531104737	20775.3273	80	100.31734	3000	2
45	1	0.5929705444	5.960936471	2.146038725	17.5	0.1631486737	0.7733403615	42920.63142	80	102.1460387	3000	4.738159419
45	1	0.5963442295	5.957003702	2.258317345	17.5	0.1644886076	0.7744738456	42949.56147	80	102.2583173	3000	4.602932271
45	1	0.5955558991	5.957921926	2.232092193	17.5	0.1641768639	0.774210123	42942.80346	80	102.2320922	3000	4.606546474
45	1	1.40357546	2.975486041	2.430741159	7.5	0.1665198518	0.776192358	86888.01056	80	102.4307412	3000	8.038270445
45	1	0.910693808	4.010717156	0.5838889711	12.5	0.1429691175	0.7562835313	64228.50193	79.99997239	100.5838614	3000	6.919646131
45	1	0.7727039592	4.78135213	1.697429361	15	0.157654734	0.7686941256	53731.40821	80	101.6974294	3000	5.21625735
45	1	0.3879632175	7.965130534	1.778231179	20	0.1586612106	0.7695451602	31894.44058	80	101.7782312	3000	3.533294165
45	1	0.7831685687	4.773980882	1.959590051	15	0.160892924	0.7714324335	53815.76164	80	101.9595901	3000	5.380016429
45	1	0.7812725243	4.775313737	1.912140137	15	0.1603126429	0.7709416816	53800.48972	80	101.9121401	3000	5.878937446
45	1	0.1787766674	12.05647664	0.242223724	22.5	0.1381353658	0.7522011422	20765.69951	80	100.2422237	3000	2.214573249
45	1	0.5440555937	6.018914043	0.5040221121	17.5	0.1418538445	0.7553414572	42498.5264	80	100.5040221	3000	4.878307279
45	1	0.5994271328	5.953417194	2.360810848	17.5	0.1656998621	0.7754985807	42975.97769	80	102.3608108	3000	4.661554927
45	1	0.3550958521	8.04360507	0.1170667868	20	0.1363231006	0.7506709141	31574.49343	80	100.1170668	3000	3.593125976
45	1	0.9048506406	4.013528866	0.4652572828	12.5	0.1413093138	0.7548815469	64182.87563	80	100.4652573	3000	6.931053681
45	1	0.3611145555	8.02904816	0.4233160354	20	0.1407178088	0.7543819799	31633.37068	80	100.423316	3000	3.56821698
45	1	0.5994271328	5.953417194	2.360810848	17.5	0.1656998621	0.7754985807	42975.97769	80	102.3608108	3000	4.661554927
45	1	0.7791572303	4.776802133	1.859177257	15	0.159661928	0.7703913886	53783.44569	80	101.8591773	3000	5.753293654
45	1	0.3919758095	7.955717955	1.979180024	20	0.1611317562	0.7716344236	31933.24038	80	101.97918	3000	3.282952058
45	1	0.7981628562	4.76348241	2.334058213	15	0.1653847895	0.7752320161	53936.35238	80	102.3340582	3000	5.794466219
45	1	0.3892636756	7.962076045	1.843400975	20	0.1594674789	0.7702269532	31907.0215	80	101.843401	3000	3.527658756
45	1	0.2066941736	11.85913105	3.044885561	22.5	0.1735045656	0.7821039068	21126.23437	80	103.0448856	3000	2.420061839
45	1	0.7992724917	4.762708432	2.361715872	15	0.1657105075	0.7755075872	53945.26372	80	102.3617159	3000	5.380016429
45	1	0.5929705444	5.960936471	2.146038725	17.5	0.1631486737	0.7733403615	42920.63142	80	102.1460387	3000	4.738159419
45	1	0.779464868	4.776585575	1.866881622	15	0.1597567842	0.7704716044	53785.92489	80	101.8668816	3000	5.828923896
45	1	0.3695591565	8.008766425	0.8514343027	20	0.1466425291	0.7593866674	31715.75955	80	100.8514343	3000	3.883581592
45	1	0.5823806994	5.97333577	1.792796728	17.5	0.1588418366	0.7696978968	42829.66966	80	101.7927967	3000	4.613831158
45	1	0.410716998	7.91222478	2.91253459	20	0.1720314141	0.7808568049	32113.72335	80	102.9125346	3000	3.767769026
45	1	0.182640136	12.02853378	0.634734139	22.5	0.1436747057	0.7568794707	20816.02997	80	100.6347341	3000	2.421690239
45	1	0.3975628197	7.942671602	2.258317345	20	0.1644886076	0.7744738456	31987.1711	80	102.2583173	3000	3.529439406
45	1	0.3824911028	7.978024804	1.503548886	20	0.1552084936	0.7666259497	31841.43744	80	101.5035489	3000	3.74591594
45	1	0.5918662784	5.962225552	2.109261155	17.5	0.1627067718	0.7729665716	42911.15705	80	102.1092612	3000	4.008300856
45	1	1.251753845	3.38453113	3.235973094	10	0.1756014725	0.7838793299	76278.19396	80	103.2359731	3000	7.517445859
45	1	0.6015323399	5.950972082	2.430741159	17.5	0.1665198518	0.776192358	42994.00528	80	102.4307412	3000	4.878307279
45	1	0.3610880681	8.029112037	0.4219703223	20	0.1406987892	0.7543659169	31633.11186	80	100.4219703	3000	3.149642749
45	1	0.3550958521	8.04360507	0.1170667868	20	0.1363231006	0.7506709141	31574.49343	80	100.1170668	3000	3.593125976
45	1	0.1939455551	11.9493308	1.777181727	22.5	0.1586163467	0.769533858	20959.96893	79.98801112	101.7651929	3000	2.677816581
45	1	0.548485332	6.013588588	0.6538262625	17.5	0.1439387132	0.7571024833	42536.95884	79.99999983	100.6538261	3000	4.913513015
45	1	0.4102687065	7.91325623	2.890307477	20	0.1717823179	0.7806459473	32109.42019	80	102.8903075	3000	3.348151495
45	1	1.175900108	3.409602566	1.978724534	10	0.1611262064	0.7716297312	75710.68848	79.99999943	101.978724	3000	7.504287465
45	1	0.8020431199	4.760777666	2.430741159	15	0.1665198518	0.776192358	53967.5066	80	102.4307412	3000	5.598464733
45	1	0.7436199879	4.802032992	0.9652392159	15	0.1481762869	0.7606825674	53496.12774	80	100.9652392	3000	5.297680073
45	1	0.2027676139	11.88626054	2.655319243	22.5	0.1691185208	0.7783913488	21075.96116	80	102.6553192	3000	2.686377195
45	1	0.5393643798	6.024570473	0.3451316236	17.5	0.1396085742	0.753445204	42457.7798	80	100.3451316	3000	4.265240143
45	1	0.5879637143	5.966788466	1.979180024	17.5	0.1611317562	0.7716344236	42877.65384	80	101.97918	3000	4.569803293
45	1	0.3932910941	7.952640396	2.044962782	20	0.1619306039	0.7723100686	31945.94638	80	102.0449628	3000	3.66171154
45	1	0.6000997998	5.952635568	2.383160545	17.5	0.165962495	0.7757207842	42981.73894	80	102.3831605	3000	4.699755535
45	1	0.4102687065	7.91325623	2.890307477	20	0.1717823179	0.7806459473	32109.42019	80	102.8903075	3000	3.177336065
45	1	0.1981084856	11.91871204	2.191145987	22.5	0.1636886351	0.7737971141	21016.12643	80	102.191146	3000	2.788766473
45	1	0.5670324019	5.991454948	1.278641766	17.5	0.1523142251	0.7641794591	42697.42371	80	101.2786418	3000	4.977511708
45	1	1.057204116	3.480176028	0.1570073809	10	0.1343070127	0.7511408026	74157.12294	79.11956769	99.27657507	3000	7.439330001
45	1	0.9737883727	3.980742677	1.856008263	12.5	0.1596228917	0.7703583775	64718.91114	80	101.8560083	3000	6.958437409
45	1	0.5577149909	6.002541239	0.9652392159	17.5	0.1481762869	0.7606825674	42616.90219	80	100.9652392	3000	4.867371661
45	1	0.3919822876	7.955702787	1.979504125	20	0.1611357038	0.7716377623	31933.30298	80	101.9795041	3000	3.888733712
45	1	0.197611349	11.92219153	2.141493402	22.5	0.1630941398	0.7732942324	21009.73022	80	102.1414934	3000	2.240979712
45	1	0.7257458475	4.814886817	0.5126108325	15	0.1419742088	0.755443119	53350.91179	80	100.5126108	3000	5.794466219
45	1	0.3727957131	8.001036724	1.015037933	20	0.1488421407	0.7612452009	31747.26922	80	101.0150379	3000	3.527800253
45	1	1.116312657	3.429722642	0.9801060893	10	0.1483754054	0.760850816	75261.26063	80	100.9801061	3000	7.749670494
45	1	0.1913663806	11.96618093	1.515695033	22.5	0.1553630555	0.7667566133	20929.18691	80	101.515695	3000	2.755536776
45	1	0.3725939912	8.001517783	1.004848905	20	0.1487061642	0.7611303014	31745.30644	80	101.0048489	3000	3.527800253
45	1	0.3919287703	7.95582809	1.976826613	20	0.1611030872	0.7716101769	31932.78586	80	101.9768266	3000	3.888733712
45	1	0.7727039592	4.78135213	1.697429361	15	0.157654734	0.7686941256	53731.40821	80	101.6974294	3000	5.22044354
45	1	0.6021853344	5.950214312	2.452422488	17.5	0.1667730318	0.7764065779	42999.59526	80	102.4524225	3000	4.861731198
45	1	1.70004218	2.396748876	1.266830349	2.5	0.1521605142	0.7640495432	108085.9695	80	101.2668303	3000	10.13486799
45	1	1.16706071	3.413890555	1.839861741	10	0.1593169597	0.7701890541	75614.46225	79.95963369	101.7994954	3000	7.760464959
45	1	0.3952226981	7.948127686	2.141493402	20	0.1630941398	0.7732942324	31964.59533	80	102.1414934	3000	3.431508598
45	1	0.5810345177	5.974917927	1.747804728	17.5	0.1582831044	0.7692254418	42818.09005	80	101.7478047	3000	4.661554927
45	1	0.5879637143	5.966788466	1.979180024	17.5	0.1611317562	0.7716344236	42877.65384	80	101.97918	3000	4.408359686
45	1	0.7762752277	4.778832418	1.786973117	15	0.1587696479	0.769636854	53760.21345	80	101.7869731	3000	5.380016429
45	1	0.1908272453	11.97012344	1.461707915	22.5	0.1546718942	0.7661746804	20921.99718	79.99896104	101.460669	3000	2.430937276
45	1	0.2276797323	11.71743484	5.102450728	22.5	0.194380966	0.7997955956	21392.5925	80	105.1024507	3000	2.227219025
45	1	1.445543084	2.679174172	0.4607351696	5	0.1409123968	0.7548250859	96597.20744	79.88393861	100.3446738	3000	9.82357937
45	1	0.7790306982	4.776891213	1.856008263	15	0.1596228917	0.7703583775	53782.42595	80	101.8560083	3000	5.814361971
45	1	0.3699567332	8.007815616	0.8715455716	20	0.1469148015	0.7596167057	31719.63218	80	100.8715456	3000	3.537905958
45	1	0.1784664601	12.05872933	0.2106414239	22.5	0.1376801971	0.7518167943	20761.65213	80	100.2106414	3000	2
45	1	0.7748591907	4.779830993	1.751477719	15	0.1583288051	0.7692640849	53748.79415	80	101.7514777	3000	5.878937446
45	1	0.3611145555	8.02904816	0.4233160354	20	0.1407178088	0.7543819799	31633.37068	80	100.423316	3000	3.586844896
45	1	0.1917440569	11.96350572	1.553650938	22.5	0.1558449144	0.7671639767	20934.06822	80	101.5536509	3000	2.183163312
45	1	0.6861721086	5.855262371	5.203790206	17.5	0.1953197775	0.8005920888	43711.49364	80	105.2037902	3000	4.661554927
45	1	0.1826050237	12.02878679	0.6311737785	22.5	0.1436254179	0.7568378368	20815.57319	80	100.6311738	3000	2.885527855
45	1	0.3824911028	7.978024804	1.503548886	20	0.1552084936	0.7666259497	31841.43744	80	101.5035489	3000	3.8552603
45	1	0.3699283589	8.007883462	0.8701103993	20	0.1468953893	0.7596003045	31719.35582	80	100.8701104	3000	3.153505561
45	1	0.3652802721	8.019022518	0.634734139	20	0.1436747057	0.7568794707	31674.04495	80	100.6347341	3000	3.699719488
45	1	0.7186440536	4.820024822	0.3322046705	15	0.1394243429	0.7532896223	53293.08191	80	100.3322047	3000	5.513168639
45	1	0.1797836242	12.04917357	0.3446737769	22.5	0.1396020531	0.753439697	20778.83121	80	100.3446738	3000	2.214611345
45	1	0.5440555937	6.018914043	0.5040221121	17.5	0.1418538445	0.7553414572	42498.5264	80	100.5040221	3000	4.878307279
45	1	0.5857336505	5.96940093	1.90477249	17.5	0.1602223131	0.7708652904	42858.49487	80	101.9047725	3000	4.689840015
45	1	0.5943254568	5.95935602	2.191145987	17.5	0.1636886351	0.7737971141	42932.25287	80	102.191146	3000	4.951649901
45	1	0.197003952	11.92644718	2.080795531	22.5	0.1623637183	0.7726764032	21001.91228	80	102.0807955	3000	2.142046018
45	1	1.092255754	3.437955666	0.5741354955	10	0.1428333806	0.7561688766	75078.87389	79.99997313	100.5741086	3000	7.647257659
45	1	0.3952226981	7.948127686	2.141493402	20	0.1630941398	0.7732942324	31964.59533	80	102.1414934	3000	3.431508598
45	1	0.7261113502	4.814622861	0.5218868988	15	0.1421040913	0.7555528208	53353.88603	80	100.5218869	3000	5.794466219
45	1	0.9048680146	4.013520493	0.465610211	12.5	0.1413142808	0.754885742	64183.01141	80	100.4656102	3000	6.621280389
45	1	0.7261113502	4.814622861	0.5218868988	15	0.1421040913	0.7555528208	53353.88603	80	100.5218869	3000	5.794466219
45	1	0.3975628197	7.942671602	2.258317345	20	0.1644886076	0.7744738456	31987.1711	80	102.2583173	3000	3.529439406
45	1	0.7803904819	4.775934192	1.890058845	15	0.1600417345	0.7707125779	53793.38343	80	101.8900588	3000	5.796479894
45	1	0.5541174089	6.00683954	0.8439694917	17.5	0.1465413329	0.7593011695	42585.7629	80	100.8439695	3000	4.179332994
45	1	0.3537454236	8.046882947	0.04822427199	20	0.1353165101	0.7498210479	31561.26503	80	100.0482243	3000	3.359588012
