#gen	Feasible	f1	f2	c1	c2	c3	c4	c5	x1	x2	x3	x4
6	1	0.6588800803	5.390091405	0.8743504139	15	0.1157887268	0.7593709694	47561.51584	70.08348762	90.95783803	3000	5.230457264
6	1	0.7476771999	4.825914492	1.187458764	15	0.1495427886	0.7631590636	53226.94328	79.42838308	100.6158418	3000	5.485968171
6	1	0.6536191065	5.401745116	0.7515750647	15	0.113501113	0.7579574597	47456.96509	69.97453164	90.7261067	3000	5.093759025
6	1	0.8804864246	4.625630262	2.427441367	10	0.08098120323	0.7751876462	55570.57486	55.55385515	77.98129651	3000	7.425085125
6	1	0.1494978762	16.16145664	2.814640517	22.5	0.08684982144	0.7789375279	15262.65204	55.45713599	78.2717765	3000	2.195753472
6	1	0.3248376377	9.129221238	0.9210331253	20	0.1117619316	0.7598574004	27712.73631	68.75808017	89.6791133	3000	3.985789493
6	1	1.693267124	2.406434425	1.26848585	2.5	0.1511688654	0.7640589305	107647.3169	79.6309508	100.8994366	3000	10.06916252
6	1	0.3284610364	9.006281879	0.8656288526	20	0.114941613	0.7592646382	28103.31163	69.88212006	90.74774892	3000	3.607323993
6	1	0.7534283591	4.721023334	0.07300628712	12.5	0.08931826058	0.7497343838	54429.52954	66.56432456	86.63733084	3000	6.650373863
6	1	0.1765193029	12.29024799	0.3787451558	22.5	0.134786588	0.7538058683	20353.59881	78.19768773	98.57643288	3000	2.65469748
6	1	0.1683878637	13.9506531	2.117385818	22.5	0.1219794492	0.7726341579	17823.99795	66.62876624	88.74615206	3000	2.209186372
6	1	1.769401569	2.249709426	0.5685186771	0	0.1354174008	0.7560420243	115209.217	77.49609245	98.06461112	3000	11.73123592
6	1	0.1497194583	15.71186519	2.189837979	22.5	0.08731327815	0.772948406	15725.14264	57.754145	79.94398298	3000	2.202564383
6	1	1.284560035	3.079083042	0.9306623778	5	0.1084431379	0.7599331402	83934.34725	67.81548968	88.74615206	3000	9.54103676
6	1	0.2763538604	10.6827563	0.8716163474	20	0.06119317773	0.758776049	23551.74192	57.11855138	77.99016773	3000	3.975392082
6	1	0.9007657024	4.6136722	2.892614861	10	0.08816339364	0.7796793642	55716.93954	55.47110105	78.36371591	3000	7.14871454
6	1	0.740852564	5.33810752	3.273774943	15	0.1472356099	0.7839116149	48033.44673	69.56738708	92.84116202	3000	5.782057226
6	1	0.7746079419	4.703948498	0.5676469403	12.5	0.09781302198	0.755693629	54630.36988	66.57633166	87.1439786	3000	6.528128136
6	1	0.6368200528	5.441098155	0.3629005865	15	0.1059433891	0.7533692416	47107.2207	69.59799685	89.96089744	3000	5.959359852
6	1	0.7522845249	4.813069629	1.261440771	15	0.1510767	0.7639813855	53371.39438	79.6309508	100.8923916	3000	5.639919626
6	1	0.5129498075	6.234768512	0.02706286592	17.5	0.1261996051	0.7494891151	40996.0222	77.1049466	97.13200947	3000	4.885826272
6	1	1.151792199	3.626675877	2.179372105	5	0.07483518867	0.7726865447	71125.18472	55.14855981	77.32793191	3000	9.470177924
6	1	0.3549306138	8.184473157	0.4659697426	20	0.1362003457	0.7548481955	31015.55461	78.24904171	98.71501145	3000	3.608570525
6	1	1.548432234	2.59905931	1.019726819	2.5	0.1278940787	0.761111822	99602.51606	73.01130304	94.03102985	3000	10.28602664
6	1	0.5174567031	6.228749175	0.1847569509	17.5	0.128584326	0.7514310111	41036.50967	77.1049466	97.28970355	3000	4.885826272
6	1	0.3184432508	10.47057747	3.61635828	20	0.1059740691	0.7864170405	24047.23913	56.98779881	80.60415709	3000	3.919531401
6	1	1.200904237	3.149072978	0.007047896101	5	0.0881330904	0.7489172264	82048.85568	66.55777664	86.56482454	3000	9.088861132
6	1	0.5639363946	6.101818642	1.558710275	17.5	0.1509544317	0.7671735123	41908.87639	78.19401005	99.75272032	3000	4.375870329
6	1	0.6368200528	5.441098155	0.3629005865	15	0.1059433891	0.7533692416	47107.2207	69.59799685	89.96089744	3000	5.959359852
6	1	0.4291625403	7.965552832	1.491146655	17.5	0.07274436445	0.7656396835	31892.70196	57.17711851	78.66826517	3000	4.217525882
6	1	0.2923132578	10.59425803	1.908768305	20	0.07969097963	0.7700410994	23755.99754	57.11855138	79.02731969	3000	3.985789493
6	1	0.3034136714	10.53406434	2.622195937	20	0.09140951089	0.7771882082	23896.88671	57.11855138	79.74074732	3000	3.985789493
6	1	0.5264019761	6.184940378	0.3898304249	17.5	0.1331965565	0.7539242727	41333.55183	77.61763028	98.00746071	3000	4.885826272
6	1	0.9041140309	4.046591429	0.07300628712	10	0.08931826058	0.7497343838	63651.1178	66.56432456	86.63733084	3000	7.931895301
6	1	0.7525631662	4.81286885	1.26848585	15	0.1511688654	0.7640589305	53373.65843	79.6309508	100.8994366	3000	5.639919626
6	1	1.550827535	2.562748538	0.7523675056	2.5	0.1283143547	0.7581012891	101026.5043	74.35187739	95.1042449	3000	10.04307164
6	1	1.527004121	2.602196905	0.7513330854	2.5	0.1240756761	0.7580516378	99481.33527	73.05498255	93.80631564	3000	10.28602664
6	1	0.5129498075	6.234768512	0.02706286592	17.5	0.1261996051	0.7494891151	40996.0222	77.1049466	97.13200947	3000	4.885826272
6	1	0.4443876912	7.868579878	1.986602322	17.5	0.0839564582	0.7708797753	32296.84162	57.754145	79.74074732	3000	4.468840615
6	1	0.3151390566	10.47164994	3.368923242	20	0.1028912435	0.7841997533	24044.68411	57.11855138	80.48747463	3000	3.985789493
6	1	1.424552939	2.703998883	0.1179720238	2.5	0.1042317149	0.7504153046	95702.11089	70.22442348	90.3423955	3000	10.13938587
6	1	0.9197177749	4.015300781	0.8138559701	12.5	0.1454910196	0.7589502791	64154.15516	79.77218412	100.5860401	3000	6.110712249
6	1	0.3195338557	10.46483609	3.685361296	20	0.1069776126	0.7870292439	24060.92607	56.98779881	80.6731601	3000	3.985789493
6	1	0.6505435784	5.426978363	0.7514973044	15	0.1121466529	0.7579438926	47232.12483	69.59679119	90.3482885	3000	5.37846002
6	1	0.1765866252	12.29013026	0.3863884027	22.5	0.1348876985	0.7538973706	20353.80239	78.19442519	98.58081359	3000	2.547998425
6	1	0.5285949852	6.120463499	0.258281909	17.5	0.1343034577	0.7523636155	41778.46708	78.6218269	98.88010881	3000	4.809822404
6	1	0.6979877802	5.378748656	2.081026428	15	0.1317128583	0.7723742135	47663.71188	69.59799685	91.67902328	3000	5.68858914
6	1	0.3754270291	7.994770177	1.147852435	20	0.1506024714	0.7627327685	31772.85916	80	101.1478524	3000	3.973913826
6	1	1.000512933	3.991126653	1.929111473	10	0.119252285	0.7707044977	64548.18611	66.62876624	88.55787772	3000	7.269530037
6	1	0.7439158758	5.331030922	3.339508737	15	0.1482764482	0.7845157659	48098.40272	69.64063663	92.98014537	3000	5.782057226
6	1	1.284560035	3.079083042	0.9306623778	5	0.1084431379	0.7599331402	83934.34725	67.81548968	88.74615206	3000	9.54103676
6	1	0.9016463842	4.605479568	2.873124879	10	0.08846797961	0.7795030191	55817.65473	55.60334689	78.47647177	3000	7.425085125
6	1	0.7525631662	4.81286885	1.26848585	15	0.1511688654	0.7640589305	53373.65843	79.6309508	100.8994366	3000	5.639919626
6	1	0.2980011364	10.56327807	2.275131201	20	0.08580464361	0.7737687211	23828.3086	57.11855138	79.39368258	3000	3.985789493
6	1	1.118995797	3.649772613	1.678426661	5	0.06530500478	0.7675049256	70669.39012	55	76.67842666	3000	9.470177924
6	1	1.289548338	3.053190825	1.139710812	7.5	0.145874585	0.7626020192	84653.77472	78.35321875	99.49292956	3000	8.752488168
6	1	0.6389963828	5.438839797	0.4245936039	15	0.1069449037	0.7541071714	47127.15464	69.59799685	90.02259045	3000	5.652696554
6	1	1.76481464	2.252130201	0.5371880691	0	0.1347297243	0.7556708609	115084.4133	77.41776593	97.95495399	3000	11.73123592
6	1	0.3507372896	8.185877592	0.225560277	20	0.1330464253	0.751959787	31010.07892	78.36318507	98.58874535	3000	3.608570525
6	1	0.1683878637	13.9506531	2.117385818	22.5	0.1219794492	0.7726341579	17823.99795	66.62876624	88.74615206	3000	2.226167787
6	1	0.6510172257	5.409336444	0.6977399749	15	0.1123560804	0.7573311371	47389.10213	69.88975658	90.58749656	3000	5.73850856
6	1	0.6505435784	5.426978363	0.7514973044	15	0.1121466529	0.7579438926	47232.12483	69.59679119	90.3482885	3000	5.37846002
6	1	1.609218214	2.456021759	0.4385797722	0	0.1090805571	0.7542912019	105455.7353	70.12187962	90.56045939	3000	11.70717876
6	1	1.351017266	2.834165681	0.007047896101	2.5	0.0881330904	0.7489172264	91265.39519	66.55777664	86.56482454	3000	10.39890645
6	1	0.3052321386	10.53076898	2.752951991	20	0.09324798602	0.7784463352	23904.64632	57.0676903	79.82064229	3000	3.985789493
6	1	0.7534283591	4.721023334	0.07300628712	12.5	0.08931826058	0.7497343838	54429.52954	66.56432456	86.63733084	3000	6.650373863
6	1	0.3578220313	8.177103125	0.6152984028	20	0.1383320057	0.7566099995	31044.32014	78.24904171	98.86434011	3000	3.608570525
6	1	0.5917811087	6.067279342	2.503681264	17.5	0.1626726203	0.7768655032	42152.57518	78.19401005	100.6976913	3000	4.37438574
6	1	1.335084688	2.897966568	0.4554574018	5	0.1194767521	0.7545823271	89236.30553	73.02214	93.4775974	3000	9.810477442
6	1	1.76481464	2.252130201	0.5371880691	0	0.1347297243	0.7556708609	115084.4133	77.41776593	97.95495399	3000	11.73123592
6	1	0.7123087154	5.357403607	2.44822724	15	0.1371067594	0.7760619432	47857.20016	69.72277142	92.17099866	3000	5.84039596
6	1	0.3488305842	8.642810341	1.260022146	20	0.131587259	0.763789203	29323.03969	73.08334851	94.34337066	3000	3.602689263
6	1	0.4769460536	6.76387385	0.2195215738	17.5	0.1055309321	0.7516540701	37718.69777	70.12287393	90.3423955	3000	4.275101356
6	1	0.1705285294	13.10758938	1.016008086	22.5	0.1254694755	0.7610479989	19028.30202	72.29016712	93.30617521	3000	2
6	1	0.3419384249	9.006104403	1.731774542	20	0.1261770938	0.7687485848	28103.88318	69.41213132	91.14390586	3000	3.559847332
6	1	0.5961372191	6.080417875	2.721295465	17.5	0.1644068255	0.7789746224	42059.54741	77.88063779	100.6019333	3000	4.372127355
6	1	0.6702071936	5.399540392	1.275521485	15	0.1205921568	0.7638517944	47476.71006	69.72277142	90.99829291	3000	5.938965586
6	1	0.6702071936	5.399540392	1.275521485	15	0.1205921568	0.7638517944	47476.71006	69.72277142	90.99829291	3000	5.938965586
6	1	0.52607088	6.231646906	0.5336226402	17.5	0.133028637	0.7556149103	41017.00909	76.8759577	97.40958034	3000	4.829451633
6	1	0.3385510031	9.011987491	1.528247279	20	0.1234373185	0.7665872378	28084.94924	69.47004563	90.99829291	3000	3.663016303
6	1	0.9161453949	4.618772017	3.31837334	10	0.09339831723	0.7836171564	55654.42594	55.15809843	78.47647177	3000	7.472699425
6	1	1.572788978	2.567365868	1.088013696	2.5	0.1321080034	0.7619079845	100843.1926	74.0162312	95.1042449	3000	10.23020399
6	1	0.7536253212	4.812103746	1.295336532	15	0.1515195665	0.7643540037	53382.28771	79.6309508	100.9262873	3000	5.803623958
6	1	0.7519151929	4.881454914	1.558710275	15	0.1509544317	0.7671735123	52611.09548	78.19401005	99.75272032	3000	5.290527302
6	1	0.6730297264	5.396682165	1.354613198	15	0.1217639293	0.7647176001	47502.33165	69.72277142	91.07738462	3000	5.203784298
6	1	0.461068684	7.941521545	5.855230792	20	0.1969270599	0.8055088076	31991.93368	78.05556955	103.9108003	3000	3.854090997
6	1	0.7498369972	5.320718799	3.481111651	15	0.1502641945	0.785803013	48193.36687	69.72277142	93.20388307	3000	5.124329617
6	1	0.6687644351	5.401003274	1.235066607	15	0.1199893764	0.7634064398	47463.60705	69.72277142	90.95783803	3000	5.230457264
6	1	1.701874115	2.488569435	2.122365948	2.5	0.1524272942	0.7730000006	104064.7224	76.16106502	98.28343097	3000	10.21376558
6	1	1.768921533	2.355355746	1.54870776	0	0.1353456005	0.7669211979	110001.294	72.99038936	94.53909712	3000	11.63099071
6	1	1.419661589	2.888587777	1.693799431	5	0.1361890356	0.768453821	89528.96397	72.62362599	94.31742543	3000	9.991392107
6	1	1.583133594	2.566481253	1.220719535	2.5	0.1338584809	0.7633822117	100878.2614	73.97376776	95.19448729	3000	10.63438073
6	1	0.65899382	5.418228633	0.9894997098	15	0.1158377806	0.7606618882	47309.85191	69.59799685	90.58749656	3000	5.782057226
6	1	1.754142561	2.47939083	2.723490681	2.5	0.1598042548	0.7789486483	104453.2976	76.16106502	98.8845557	3000	10.5427902
6	1	0.6569710049	5.420372683	0.932796383	15	0.1149628445	0.7600199283	47290.78231	69.59679119	90.52958758	3000	5.37846002
6	1	1.572788978	2.567365868	1.088013696	2.5	0.1321080034	0.7619079845	100843.1926	74.0162312	95.1042449	3000	10.08467714
6	1	0.5247092568	6.486751362	1.335742708	17.5	0.1323358449	0.764616602	39368.53897	72.98168272	94.31742543	3000	4.042259811
6	1	0.396246508	8.085466876	2.591082705	20	0.1637062501	0.7777208471	31406.35955	78.19401005	100.7850928	3000	3.552147436
6	1	0.5247198763	6.486735417	1.336125678	17.5	0.1323412621	0.7646207873	39368.63795	72.98168272	94.3178084	3000	4.042259811
6	1	0.6702071936	5.399540392	1.275521485	15	0.1205921568	0.7638517944	47476.71006	69.72277142	90.99829291	3000	5.203784298
