#gen	Feasible	f1	f2	c1	c2	c3	c4	c5	x1	x2	x3	x4
16	1	0.1767345064	12.07459313	0.03412747766	22.5	0.1351810796	0.7497139237	20733.19271	80	100.0341275	2999.189658	2.308226895
16	1	1.172378885	3.197889731	0.1292677702	7.5	0.1204768778	0.7506914787	80782.61633	74.83697011	94.96623788	3000	8.363890679
16	1	1.067331522	3.741683614	1.113290767	10	0.1462358806	0.7707299345	68911.35419	75.41714632	96.53043709	2892.756439	7.362249333
16	1	0.7655782501	5.271033048	2.894512956	15	0.163995589	0.7882296261	48656.1302	73.8572767	96.75178966	2894.564848	5.64709763
16	0	1.460310468	2.285524007	-3.14726665	0	0.0862372064	0.7090375994	113389.7643	79.99327965	96.846013	2936.163324	11.49737727
16	1	2.603196647	2.092261571	8.224979638	0	0.220162312	0.8217026442	123946.7226	80	108.2249796	3000	11.00954266
16	0	1.475574579	2.236874275	-2.970143157	0	0.08273181645	0.7057847921	115875.45	79.89969299	96.92954983	3000	11.49754494
16	1	0.353618592	8.0472026	0.04175646294	20	0.1352219539	0.749741258	31559.9756	79.9999986	100.0417551	2999.995726	3.805547875
16	1	0.7297873332	5.807830934	6.604595032	17.5	0.2075523464	0.8109783635	44075.82712	80	106.604595	3000	4.073872134
16	1	2.793	2.071040071	10	0	0.2323835065	0.8321163435	125226	80	110	3000	11.97312509
16	1	1.008834064	3.658097833	0.2278759832	10	0.1215679666	0.7518931822	70506.51013	74.70486312	94.9327391	3000	7.318424467
16	1	1.45183076	2.708906077	0.7826921493	5	0.142034469	0.7585661951	95527.11579	78.71284388	99.49553603	3000	9.306327293
16	1	0.5181059906	7.676909797	8.1054847	20	0.219282975	0.8209541614	33125.67008	80	108.1054847	3000	3.799469524
16	1	0.5865370397	5.968459355	1.931584355	17.5	0.1605507404	0.7711430414	42865.39814	80	101.9315844	3000	4.171976543
16	1	1.138523969	3.559823385	2.230205111	10	0.1532843159	0.7740860115	72477.79765	75.98554464	98.21574976	3000	7.335168671
16	1	0.8337074996	4.482879629	0.04204913255	12.5	0.1329167503	0.7618182344	57368.79631	74.87268393	94.91473306	2853.802564	6.04415256
16	1	0.3753301085	8.104717065	1.438614603	20	0.1505384254	0.7658910481	31329.62602	78.60314046	100.0417551	2999.995726	3.805547875
16	1	0.1790565207	12.05770453	0.2707071284	22.5	0.1386153095	0.7526136301	20763.49319	80	100.2707071	2999.189151	2.742748624
16	1	1.542325785	2.592226905	0.1623188189	2.5	0.1360258155	0.7595338676	99867.41333	76.64838329	96.81070211	2898.869299	10.84206717
16	0	0.9766912305	3.781240223	-0.4970790419	10	0.122812026	0.7520739306	68181.03812	75.41729508	94.92021604	2891.438705	7.362249333
16	1	0.4418956441	7.852727085	4.44682487	20	0.188418207	0.7947755698	32363.85817	80	104.4468249	2995.722534	3.799469524
16	1	0.632415851	5.915469353	3.451189681	17.5	0.177921664	0.7858441954	43257.44287	80	103.4511897	3000	4.070446944
16	1	1.713695317	2.367861218	0.1623188189	0	0.137284594	0.7606805464	109415.5869	76.64838329	96.81070211	2885.045848	11.85492108
16	1	1.172378885	3.197889731	0.1292677702	7.5	0.1204768778	0.7506914787	80782.61633	74.83697011	94.96623788	3000	8.363890679
16	1	2.793	2.115996885	10	0	0.2359447138	0.8356832269	122546.3065	80	110	2936.261512	11.36760949
16	1	2.793	2.071040071	10	0	0.2323835065	0.8321163435	125226	80	110	3000	11.97312509
16	1	1.76484593	2.317410836	0.3192201806	0	0.144898887	0.7625577351	111817.1738	78.46894836	98.78816854	2885.045848	11.85473464
16	1	0.4036644709	7.928513149	2.562299181	20	0.168048846	0.7774861714	32045.89983	80	102.5622992	2999.995726	3.799379153
16	0	0.7880745683	4.839567076	-0.9442736828	12.5	0.1366429717	0.7665975181	53074.24933	74.87277415	93.92850046	2659.964187	6.429539201
16	1	2.793	2.071040071	10	0	0.2323835065	0.8321163435	125226	80	110	3000	11.59271761
16	1	0.3910246931	7.957946605	1.931584355	20	0.1605507644	0.7711430644	31924.04532	80	101.9315844	2999.999699	3.518977496
16	1	1.138523969	3.559823385	2.230205111	10	0.1532843159	0.7740860115	72477.79765	75.98554464	98.21574976	3000	7.335168671
16	1	1.499982597	2.700005356	1.398084637	5	0.1504140448	0.7655462552	95844.99329	78.71284388	100.1109285	2998.816863	9.80652466
16	1	0.1773516134	12.06683647	0.09705631316	22.5	0.1360312335	0.750424485	20747.0987	79.99999996	100.0970563	3000	2
16	1	0.9198685117	4.369287587	1.876911175	12.5	0.1544842056	0.7785157173	58883.65919	74.87268393	96.7495951	2894.468	6.430170206
16	1	1.631056524	2.783745109	3.054391869	5	0.1795649713	0.7908732728	92934.74051	78.71284388	101.7672358	2880.00473	9.306327293
16	1	0.5865370397	5.968459368	1.931584355	17.5	0.1605507409	0.7711430419	42865.39805	80	101.9315844	2999.999994	4.171976543
16	0	1.15267356	3.191320656	-0.2535867831	7.5	0.1156983401	0.745907515	80950.75339	75.21982467	94.96623788	3000	8.363890679
16	1	2.793	2.071040071	10	0	0.2323835065	0.8321163435	125226	80	110	3000	11.97312509
16	1	0.1799849793	13.07813521	1.334643341	22.5	0.1491971155	0.7730927037	19073.18393	75.41714632	96.75178966	2892.693087	2.293687357
16	1	0.3547032261	8.327087101	0.09705627412	20	0.1449874204	0.7588923238	30468.95253	80	100.0970563	2898.213101	3.801394179
16	1	2.793	2.071040071	10	0	0.2323835065	0.8321163435	125226	80	110	3000	11.97312509
16	0	0.8172236787	4.308632376	-0.164585366	12.5	0.113772062	0.7471872842	59725.26974	74.16439819	93.99981282	2997.895755	6.853837783
16	1	0.195685507	11.9388835	1.948917485	22.5	0.1608263886	0.7713831848	20979.09782	80	101.9489175	2999.200441	2.668963135
16	1	0.1780726964	12.0851169	0.2049974642	22.5	0.1371711548	0.751811099	20714.35443	79.82913001	100.0341275	2999.189658	2.65710544
16	1	0.6528464734	5.892362141	4.120759085	17.5	0.1848718478	0.7917325917	43430.60863	80	104.1207591	2999.995635	4.438435346
16	1	2.70544702	2.080867421	9.186595954	0	0.2269591447	0.8275018615	124630.3425	79.99327965	109.1798756	3000	11.49822692
16	1	2.793	2.071040071	10	0	0.2323835065	0.8321163435	125226	80	110	3000	11.97312509
16	1	1.637696285	2.813258067	4.060120354	5	0.1744197378	0.7939061259	91950.35137	74.78988469	98.85000505	2959.225373	9.273037999
16	1	1.76582473	2.22854145	0.327181108	0	0.134916724	0.7532259173	116312.0896	78.47939244	98.80657354	2999.601015	11.87457834
16	1	0.4216105674	7.887292471	3.451189681	20	0.177921664	0.7858441954	32218.08215	80	103.4511897	3000	3.931212623
16	1	2.321478837	2.155574987	5.907996403	0	0.1983653364	0.805938228	120279.7323	78.47939244	104.3873888	2999.601015	11.51094459
16	0	1.813927636	2.026762002	-1.177059663	-2.5	0.1161034761	0.7336521039	127981.4374	79.98363321	98.80657354	2999.997655	12.09809672
16	0	0.8136506121	4.406978997	-0.5026631111	12.5	0.1224333823	0.7517436534	58372.34964	75.41739617	94.91473306	2894.468	6.168466647
16	0	1.493253809	2.487194972	-1.075467865	2.5	0.1243047061	0.7411431932	104122.7276	80	98.92453213	2931.257981	10.8588078
16	1	1.079678021	3.638746461	1.332666689	10	0.1423651288	0.7669400248	70886.26012	75.4076272	96.74029389	2970.853412	7.318424467
16	1	0.8337074996	4.427427789	0.04204913255	12.5	0.1295716347	0.7588350988	58098.5907	74.87268393	94.91473306	2889.545349	6.429491948
16	0	1.288689809	2.829360671	-0.7378725418	5	0.1093774697	0.7395818117	91421.91663	75.70411042	94.96623788	3000	9.820613165
16	1	1.333166794	2.840828418	0.01524963831	5	0.1190731912	0.7492860333	91049.23506	74.95098824	94.96623788	3000	9.820613165
16	1	0.8188320573	5.71469204	9.40880268	17.5	0.2284802621	0.828788025	44808.84978	80	109.4088027	3000	4.605896916
16	1	1.062739521	3.743831008	1.033842685	10	0.1451393889	0.7698713528	68871.31165	75.41032287	96.44416556	2892.756439	7.362249333
16	1	2.702322246	2.081092377	9.155592428	0	0.2267590525	0.8273210647	124616.7732	80	109.1555924	3000	11.4867175
16	1	0.7020881734	5.83781012	5.717122657	17.5	0.1999597982	0.8045299684	43844.8606	80	105.7171227	3000	4.546743283
16	0	0.5026068123	6.416632632	-0.9086584944	17.5	0.1356825641	0.7515801705	39808.57956	80	99.09134151	2837.700108	4.070446944
16	1	1.408960556	2.718951369	0.2315795355	5	0.1342902272	0.7521392584	95170.86136	78.71284388	98.94442342	2998.816863	9.306327293
16	1	1.819787562	2.482778902	3.050334683	2.5	0.1738991547	0.7872133815	104309.5294	77.9855158	101.0358505	2929.637843	10.90900915
16	1	1.817045495	2.188376729	0.5411965337	0	0.1423549011	0.755780708	118463.3603	79.99327965	100.5344762	3000	11.65065643
16	1	1.003299937	3.655621877	0.101980911	10	0.1200321566	0.7503556739	70554.87383	74.83081388	94.93279479	3000	7.307749636
16	1	1.176242259	3.199183188	0.204559101	7.5	0.121394973	0.7516108004	80749.59136	74.76167878	94.96623788	3000	8.341258934
16	1	0.696465799	5.857045989	5.594750572	17.5	0.19834494	0.8035991437	43697.90832	79.75798221	105.3527328	2999.999842	4.621665976
16	1	0.4017542069	8.110513424	2.467227562	20	0.1720484844	0.7814451227	31306.5924	79.99999999	102.4672276	2934.313351	3.791955967
16	1	0.9208403693	4.369479395	1.90126208	12.5	0.1547433236	0.7787591847	58881.03485	74.85565962	96.7569217	2894.468	6.430474189
16	0	0.7142751826	5.121342408	-1.70161783	12.5	0.1091333293	0.7566508004	50104.59591	70.51383271	88.81221488	2662.705188	6.430474189
16	1	1.333166794	2.840828418	0.01524963831	5	0.1190731912	0.7492860333	91049.23506	74.95098824	94.96623788	3000	9.820613165
16	1	1.339861583	2.84256865	0.1292677702	5	0.1204768778	0.7506914787	90992.94337	74.83697011	94.96623788	3000	9.611008141
16	1	0.8337041896	4.809556172	0.04195891143	12.5	0.1510568149	0.7779952274	53411.04049	74.87277415	94.91473306	2659.964187	6.429554472
16	1	1.542325785	2.504842331	0.1623188189	2.5	0.1268167442	0.7511449042	103382.8113	76.64838329	96.81070211	3000	10.84458637
16	1	0.4008617924	7.983067074	2.561429788	20	0.1664268193	0.7774616617	31820.75727	79.37015457	101.9315844	2999.999699	3.591764441
16	1	0.1887127373	11.98827021	1.248606677	22.5	0.1519900244	0.7639126001	20888.965	80	101.2486067	2999.189673	2.81008049
16	1	1.735349597	2.47490324	2.42667498	2.5	0.1572988096	0.7761496137	104644.3283	76.51774844	98.94442342	2998.816863	10.88869786
16	1	0.7437704	5.793010455	7.050423312	17.5	0.2111704281	0.814057527	44190.89049	79.99758699	107.0480103	2999.999708	4.414445548
16	0	0.7946270427	4.443484947	-0.8019951704	12.5	0.1157883683	0.7478887405	57885.391	74.87268393	94.07068876	2894.468	6.430474189
16	1	0.632415851	5.915469353	3.451189681	17.5	0.177921664	0.7858441954	43257.44287	80	103.4511897	3000	4.070446944
16	1	0.2437521033	11.61251029	6.651454403	22.5	0.2079389549	0.8113068811	21594.01667	79.99999989	106.6514543	2999.999814	2.518455615
16	0	3.0723	1.898453398	10	-2.5	0.2323835065	0.8321163435	136692	80	110	3000	12.04512085
16	1	1.058134127	5.170992435	8.621573321	15	0.2428261289	0.8438162287	49614.86794	79.99995307	108.6215264	2664.370693	5.142223134
16	0	1.316316745	2.836464838	-0.2709567538	5	0.1154770732	0.7456860347	91190.68857	75.23719464	94.96623788	3000	9.820613165
16	1	1.062436947	3.743695908	1.027019237	10	0.1450668065	0.7697975068	68873.8295	75.41714632	96.44416556	2892.756439	7.362249333
16	1	0.1767345064	12.07459313	0.03412747766	22.5	0.1351810796	0.7497139237	20733.19271	80	100.0341275	2999.189658	2.65710544
16	1	1.146383994	3.679452518	2.316977281	10	0.1636510052	0.7829296852	70092.0834	76.20247507	98.51945235	2893.784532	7.335168671
16	1	1.172378885	3.197889731	0.1292677702	7.5	0.1204768778	0.7506914787	80782.61633	74.83697011	94.96623788	3000	8.307488968
16	1	2.737242513	2.077202786	9.481547351	0	0.2289691673	0.8292047909	124851.8052	80	109.4815474	3000	11.97312509
16	1	0.1767345064	12.07459313	0.03412747766	22.5	0.1351810796	0.7497139237	20733.19271	80	100.0341275	2999.189658	2.65710544
16	1	1.499982597	2.700005356	1.398084637	5	0.1504140448	0.7655462552	95844.99329	78.71284388	100.1109285	2998.816863	9.306327293
16	1	1.512183576	2.930776205	2.549670071	5	0.1618280158	0.7857499924	88227.24196	74.26103204	96.81070211	2884.953202	9.695158508
16	1	0.5539147069	7.603281449	9.782470763	20	0.2309657208	0.8309071204	33455.16648	80	109.7824708	3000	3.573765064
16	1	1.012142306	4.392044105	3.951758387	12.5	0.1793487828	0.7997506913	58573.90185	74.26399137	98.21574976	2862.275738	6.02678825
16	1	0.7936005951	5.74060051	8.621573321	17.5	0.2230270297	0.8241418519	44602.55666	79.99995307	108.6215264	2999.999886	4.576646538
16	1	1.064637032	3.744678638	1.076648182	10	0.1455936291	0.7703335112	68855.51849	75.36751737	96.44416556	2892.756439	7.362249333
16	1	0.813260813	5.720380066	9.235463485	17.5	0.2273052659	0.827786547	44763.39946	80	109.2354635	3000	4.401725401
