#gen	Feasible	f1	f2	c1	c2	c3	c4	c5	x1	x2	x3	x4
35	0	1.531221779	2.58905827	-0.2907570798	2.5	0.1377946753	0.7574936421	99990.73818	78.2298941	97.93913702	2858.713701	10.91499544
35	1	2.370009331	2.119311866	6.003555298	0	0.2024679227	0.8066594581	122353.2145	80	106.0035553	3000	11.87057633
35	1	0.4195682253	8.212154961	1.675978078	17.5	0.0652609721	0.7674790551	30907.9726	55	76.67597808	3000	4.323261963
35	0	1.75110785	2.216334726	-0.08381100512	0	0.1343649505	0.7497813878	116957.6489	79.76011138	99.67630038	2980.793159	11.69753999
35	1	0.1274	20.26614419	0	22.5	0.09801191281	0.793133584	11989.08228	55	75	2465.430744	2
35	1	1.588676846	2.522985335	0.01220839577	2.5	0.1461825778	0.7601428001	102632.9046	80	100.0122084	2871.098245	10.4860761
35	1	0.9453833527	3.896290689	0.2025887531	10	0.1028806156	0.7514267152	66141.19915	69.48230935	89.6848981	3000	7.569763394
35	1	0.5311146225	6.289826275	0.9297198408	17.5	0.1355639368	0.760174755	40629.28691	75.84839869	96.77811853	3000	4.81007378
35	1	0.1761325596	14.35959863	3.850490865	22.5	0.1342042451	0.7888220356	17290.75914	63.43047894	87.28096981	3000	2.547886281
35	1	2.052198369	2.158053494	2.898784914	0	0.1718773812	0.7807264169	120140.5584	80	102.8987849	3000	11.86798985
35	1	0.304658592	10.02459637	1.581617778	20	0.09267049841	0.7668212568	25157.10897	61.23254856	82.81416634	3000	3.71875122
35	1	0.4150179332	7.84243772	0.4404570297	17.5	0.06159086479	0.7538477194	32407.50072	58.84014627	79.28060329	3000	4.506210717
35	1	0.6776824534	5.234557482	0.8435080493	15	0.1236741994	0.7590958314	49001.44838	72.51926362	93.36277167	3000	5.710059943
35	1	0.2548	12.75560727	0	20	0.08013365989	0.7808867098	19578.20966	55	75	2611.388801	3.41344534
35	1	1.068424806	3.446172726	0.170344817	10	0.1370973436	0.7513246437	74897.70975	80	100.1703448	3000	7.423081877
35	0	0.2565694701	11.24483277	-0.5721333197	20	0.05205137746	0.7531624057	22329.51398	57.66494721	77.09281389	2860.379594	3.793987666
35	1	0.1274	19.67737367	0	22.5	0.08897606858	0.7869438938	12374.73902	55	75	2539.199376	2
35	1	0.3989458198	8.019087423	0.02700827308	17.5	0.04907993495	0.7495719691	31673.78131	57.7429252	77.76993347	2990.435457	4.209560961
35	1	1.523522136	3.644384704	10.62020674	10	0.215630037	0.8350923629	70775.1993	69.30800723	99.92821397	3000	7.430411439
35	1	0.6562140526	5.308715787	0.2867087281	15	0.1171137366	0.7546898445	48304.36703	72.37448836	92.66119709	2973.931509	5.948117057
35	1	0.6431248144	5.408704117	0.4415977956	15	0.1088261216	0.7543243926	47394.74756	70.03831503	90.47991283	3000	5.824775383
35	1	0.4217435395	7.746040534	0.5137580703	17.5	0.06698752505	0.7547587044	32822.00273	59.67188926	80.18564733	3000	4.506210717
35	1	1.413788151	2.682550561	0.03300668609	5	0.1350945046	0.7496337607	96474.4927	80	100.0330067	2999.98364	9.103953677
35	1	0.5419810852	6.148194092	0.8718884692	17.5	0.140865754	0.7595691974	41585.97167	77.88730843	98.7591969	3000	4.042606068
35	1	0.9377930677	3.892181814	0.01705323389	10	0.1004757985	0.749150283	66211.97278	69.66784487	89.6848981	3000	7.351514116
35	1	0.1274	20.26614419	0	22.5	0.09801191281	0.793133584	11989.08228	55	75	2465.430744	2
35	1	1.362829044	2.985676368	1.849214623	7.5	0.1595391676	0.7702875763	86588.38379	80	101.8492146	3000	8.508084526
35	1	0.1809858915	14.62954231	4.562074223	22.5	0.1456788093	0.7982771544	16955.10404	62.90784126	87.46991548	2949.584467	2.000155651
35	1	0.3834486812	10.1804046	6.696580783	20	0.164521735	0.8175696899	24758.31225	59.93340955	86.62999033	2893.088028	3.915550775
35	1	0.7832172476	4.540358321	0.05625279069	12.5	0.1011793388	0.7496734435	56631.14216	69.66784487	89.72409766	2999.552231	6.919970143
35	1	0.6260439457	5.468284526	0.04131902728	15	0.1019801768	0.7503712479	46868.54583	69.66725322	89.70857225	2988.983718	5.588001215
35	1	0.9847562273	5.469504228	11.79943797	15	0.2104813559	0.8413376688	46857.89343	63.09957765	94.89901562	2989.883407	5.49698628
35	1	1.252384982	3.022923626	0.3178848197	7.5	0.1383336505	0.7531099604	85510.38687	79.69460783	100.0124926	3000	8.064176961
35	1	0.7822444355	4.642664661	0.1618867556	12.5	0.1055306321	0.7548852207	55363.37871	69.09900812	89.26089487	2952.202681	6.022932406
35	1	0.1274	18.04712684	0	22.5	0.06088041756	0.7676979471	13573.88287	55	75	2768.572271	2
35	1	0.1356066102	19.66674661	0.6594891385	22.5	0.1162875596	0.7997294159	12381.91211	56.64872285	77.30821198	2465.430744	2
35	1	0.6260439457	5.466175912	0.04131902728	15	0.1018652137	0.750274952	46886.97287	69.66725322	89.70857225	2990.136739	5.715264178
35	1	2.044376988	2.15903585	2.821193995	0	0.1710046293	0.7799876703	120085.4853	80	102.821194	3000	11.86797553
35	1	0.9581793242	3.866525289	0.3191911317	10	0.1068484858	0.7528582587	66657.29769	70.03831503	90.35750617	3000	7.243239075
35	1	1.765190228	2.195084417	0.01214444261	0	0.1347875241	0.749374581	118098.6125	80	100.0121444	2999.984649	11.69753999
35	0	3.0723	1.898453398	10	-2.5	0.2323835065	0.8321163435	136692	80	110	3000	12.50635977
35	1	0.4997312429	9.83263001	15.13489001	20	0.2126536433	0.855068401	25665.83231	55	90.13489001	2999.751825	3.41344534
35	0	1.030086568	3.488068622	-0.319045215	10	0.127312511	0.7451673866	73987.28817	79.17186597	98.85282076	3000	7.878702699
35	1	0.1895482006	14.20060537	5.406431746	22.5	0.1530164545	0.8015715126	17494.42708	63.42574751	88.83217926	3000	2.525625309
35	0	0.2530837652	12.8302643	-0.1589756984	20	0.08018380872	0.7806844661	19459.05059	55.1589757	75	2593.392833	3.79225799
35	1	0.8018128639	4.557026515	0.6148222319	12.5	0.108109924	0.7563733906	56420.71103	69.07007587	89.6848981	2999.548669	6.919970143
35	1	0.4828370483	7.459119056	2.636580289	17.5	0.1091236881	0.7775493494	34119.14878	61.23254856	83.86912885	3000	4.291445124
35	0	2.013665213	2.004261566	0.6773462098	-2.5	0.1442646154	0.7573779235	129428.2987	80	100.6773462	2999.984242	12.0586495
35	1	0.6515967126	5.541811884	0.8466146351	15	0.1177577982	0.763342722	46234.76485	69.31321301	90.15982765	2946.28268	5.665818794
35	0	0.3064564839	6.494895703	-7.567751799	17.5	-0.05828973203	0.5974861673	39318.04382	77.62784168	90.06008988	3000	4.221070099
35	1	1.084365799	4.347488131	6.680825501	12.5	0.1841351752	0.811172571	59183.43028	69.60272653	96.28355203	3000	6.907546482
35	1	0.3986240738	8.30030777	0.008058855924	17.5	0.06073782881	0.7578613669	30570.15837	57.76187461	77.76993347	2888.758748	4.573081736
35	0	0.232883758	13.32870885	-1.996799226	20	0.06959239553	0.7705743339	18697.6972	56.99679923	75	2465.430744	3.517567332
35	1	0.1276026839	20.23814999	0.0165390556	22.5	0.09830512833	0.7931764789	12006.91097	55.04134764	75.05788669	2466.955439	2.031424204
35	1	0.1274	20.41482018	0	22.5	0.1002112159	0.79464014	11895.21434	55	75	2447.475633	2.348927127
35	0	1.1956036	3.028708477	-0.573017837	7.5	0.1259066414	0.7418786618	85345.34252	80	99.42698216	3000	8.190390302
35	1	0.6772194145	5.234091773	0.8272214943	15	0.1234852657	0.7589096674	49005.88842	72.53555017	93.36277167	3000	5.710085114
35	0	0.1632481883	7.431682859	-12.42932406	17.5	-0.4603210934	0.3396316244	34248.43205	69.55896461	77.12964055	3000	4.210515833
35	1	0.8689209737	4.341597738	1.283410643	12.5	0.1306125181	0.7640339983	59264.94751	72.6770888	93.96049945	3000	6.918373306
35	1	0.2862779958	10.58212963	0.64638825	20	0.08444515777	0.7649240295	23784.2563	60.42051182	81.06690007	2894.45225	3.907790621
35	1	0.6308130254	5.424469782	0.1057704218	15	0.1031431836	0.7502574265	47254.38383	69.98467952	90.09044994	3000	5.588001215
35	0	0.8483000905	2.814965214	-7.415830358	5	-0.04149741018	0.6023642035	91894.04191	79.69018118	92.27435082	3000	9.742238881
35	1	0.4217435395	7.746040534	0.5137580703	17.5	0.06698752505	0.7547587044	32822.00273	59.67188926	80.18564733	3000	4.506210717
35	1	0.1274	19.80193783	0	22.5	0.0909325657	0.7882841239	12291.23422	55	75	2523.226534	2
35	1	0.9275024726	4.002659999	0.9243497769	12.5	0.14762716	0.7602185848	64359.60237	80	100.9243498	3000	6.510523044
35	0	0.3755211753	7.922402468	-1.336713029	17.5	0.02599749602	0.7307036465	32071.31155	59.10661775	77.76990473	3000	4.504430217
35	1	1.520678514	3.623692471	10.38056335	10	0.2152852709	0.833840564	71184.48346	69.93611702	100.3166804	3000	7.63354707
35	1	0.8199416501	5.391528627	5.96771795	15	0.1724517352	0.8066894012	47548.59743	67.56568669	93.53340465	2989.028476	5.588001215
35	0	0.422235275	4.270551786	-9.870042242	12.5	-0.154374414	0.5063253912	60265.86641	80	90.12995776	3000	6.499588394
35	1	0.2855034317	10.21363315	0.5976254853	20	0.07205097088	0.755781986	24674.8367	60.42051182	81.01813731	3000	3.439556288
35	1	0.8978519514	4.032325861	0.402352281	12.5	0.1392928391	0.754122412	63879.48683	79.60959155	100.0119438	3000	6.520859344
35	1	0.5419810852	6.148194092	0.8718884692	17.5	0.140865754	0.7595691974	41585.97167	77.88730843	98.7591969	3000	4.206952359
35	1	0.5419810852	6.148194092	0.8718884692	17.5	0.140865754	0.7595691974	41585.97167	77.88730843	98.7591969	3000	4.206952359
35	1	0.1274	16.65492498	0	22.5	0.03253307202	0.7482795858	14783.76923	55	75	3000	2
35	1	0.6272345924	6.14535756	1.913401263	15	0.1117840635	0.7782960808	41605.58205	62.06200727	83.97540854	2896.153455	5.165407781
35	0	0.1858320763	7.823419183	-11.39652349	17.5	-0.3165314335	0.4489328462	32488.47042	69.16645696	77.76993347	2844.253098	4.513385258
35	0	3.058659917	1.89971477	9.884911268	-2.5	0.231636878	0.8314796354	136600.6417	80	109.8849113	2999.984736	12.30250819
35	1	0.6578507077	7.266684116	10.21779574	17.5	0.1865080052	0.8324061115	35046.51919	58.93976739	89.15756312	3000	4.802318436
35	1	2.440999605	2.297257847	9.121807032	0	0.2082136229	0.8268229233	112805.9997	70.97005	100.091857	2999.984649	11.69753999
35	0	0.7552910744	4.565077389	-0.5557763991	12.5	0.09008447068	0.7418234462	56319.62143	69.55132115	88.99554475	3000	6.503888633
35	0	0.1176996499	18.93548414	-1.771175153	22.5	0.05433685712	0.7603491565	12894.84137	56.77117515	75	2607.124756	2
35	1	1.765190228	2.195084417	0.01214444261	0	0.1347875241	0.749374581	118098.6125	80	100.0121444	2999.984649	11.69753999
35	1	0.9229315678	5.022220174	7.319447121	15	0.1971018079	0.8156321122	51111.26015	72.52127616	99.84072329	3000	5.948117057
35	0	0.09068281745	15.51450657	-6.803834305	22.5	-0.116253111	0.6203638382	15936.62956	63.52341254	76.71957824	3000	2.230955866
35	1	0.3986240738	7.992528892	0.008058855924	17.5	0.04767341183	0.7485370144	31782.02136	57.76187461	77.76993347	3000	4.513385258
35	1	0.6124446223	6.006951863	1.664007496	15	0.09425450017	0.7677105146	42584.94977	61.28571181	82.94971931	2999.856468	5.270688654
35	1	0.6776819467	5.807527308	1.966215338	15	0.1378410733	0.7828632404	44078.17852	67.71868277	89.6848981	2846.191671	5.467635465
35	1	0.1274	18.0224543	0	22.5	0.06041616662	0.7673799281	13593.69745	55	75	2772.362416	2
35	1	1.34754796	2.947097002	1.006070316	5	0.1220712702	0.7609056254	87733.66214	71.32146357	92.32753389	3000	9.996700013
35	0	0.7102297121	4.572440988	-1.696578822	12.5	0.07042151415	0.7258852848	56227.47321	70.03831503	88.34173621	3000	6.500506073
35	1	0.7814942231	4.540882214	0.01705323389	12.5	0.1004760248	0.7491504725	56624.50464	69.66784487	89.6848981	2999.997734	6.907347901
35	1	0.6260362331	5.44871517	0.04109970724	15	0.1009056962	0.7494716064	47040.10915	69.66725322	89.70835293	2999.723244	5.495802315
35	1	0.9377930677	3.892181814	0.01705323389	10	0.1004757985	0.749150283	66211.97278	69.66784487	89.6848981	3000	7.569763394
35	1	0.5232469036	6.509520716	1.351959806	17.5	0.131587786	0.7647843981	39227.6855	72.6770888	94.02904861	3000	4.64684893
35	1	0.6759885166	6.577529338	7.626116181	17.5	0.1948344812	0.8198145605	38812.78372	69.4154585	97.04157468	2962.483939	4.815006041
35	1	0.1274	20.41650107	0	22.5	0.1002358975	0.7946570472	11894.16091	55	75	2447.274132	2
35	0	0.2231497098	10.84258653	-3.636735621	20	-0.002715879404	0.7056662523	23191.29956	61.39610615	77.75937053	2879.377809	3.71875122
35	1	1.2370563	3.017855093	0.03288526549	7.5	0.1350912757	0.749630889	85655.51442	80	100.0328853	3000	8.296275001
35	1	1.117875878	3.383209628	0.3191911317	7.5	0.1068484858	0.7528582587	76308.34022	70.03831503	90.35750617	3000	8.224929168
35	1	0.1288996415	20.23169178	0.2037560818	22.5	0.1015252963	0.7951921319	12011.03101	55	75.20375608	2465.430744	2
