#gen	Feasible	f1	f2	c1	c2	c3	c4	c5	x1	x2	x3	x4
35	1	0.1399910425	15.37555489	0.004071548543	22.5	0.06982892236	0.7518584442	16088.78524	61.40742815	81.4114997	2961.916718	2.899034504
35	0	0.2749890789	10.22386603	-0.4093808668	20	0.0638339708	0.7466979603	24649.23933	61.82088057	81.4114997	2961.916718	3.213258323
35	1	0.7296251978	5.19663583	2.293583475	15	0.1433461083	0.7746132289	49365.59654	72.34309547	94.63667895	3000	5.858997552
35	0	0.1564736276	12.80015438	-1.192375245	22.5	0.1008103708	0.7333299836	19506.94137	75.49099441	94.29861917	3000	2.794441746
35	1	1.223194717	3.148330677	0.6785067463	7.5	0.1320892563	0.7572872129	82068.41305	75.88953965	96.5680464	3000	8.792800899
35	1	1.367541959	2.87645018	0.1599504279	5	0.134392004	0.7586148754	89910.54203	76.44373569	96.60368612	2909.547062	9.383269384
35	1	0.5767698383	5.93541268	0.0166340703	15	0.07720833082	0.7503698327	43109.07133	63.49812881	83.51476288	2982.623502	5.553693695
35	1	2.461735372	2.108538378	6.882878602	0	0.2098281108	0.8129124098	122982.9716	80	106.8828786	3000	11.7791238
35	1	0.4522852053	7.319803313	0.7761681658	17.5	0.08947500776	0.7580029832	34785.65832	63.65757438	84.43374254	3000	4.555680092
35	1	0.281594887	10.11252326	0.1050828291	20	0.06749902937	0.7499165312	24930.54627	61.40742815	81.51251098	3000	3.517331453
35	1	1.256384094	3.865014728	6.018951354	10	0.1822325174	0.811444081	66683.70106	69.11172949	95.13068084	2922.11819	7.008512006
35	1	0.9358256779	4.403687879	0.03004748053	10	0.1339893838	0.7778213798	58416.64713	69.44261459	89.47266207	2658.742295	7.003496336
35	0	0.1350665331	15.10328603	-0.8088540704	22.5	0.05339092124	0.7381748585	16395.04424	62.22035377	81.4114997	3000	2.899034504
35	0	1.231338951	2.476479481	-4.113584267	2.5	0.05782161026	0.6847241539	104577.1509	79.93538804	95.82180378	3000	10.07991212
35	1	0.3060603698	9.527110855	0.5772551916	20	0.09407808892	0.7557688998	26517.75592	65.5977083	86.17496349	3000	3.522642764
35	1	0.6250418764	5.469345081	0.0882121292	15	0.1004022393	0.7500195251	46859.28309	69.33053278	89.41874491	3000	5.992865324
35	1	1.05042299	4.379939312	6.030919391	12.5	0.1771598344	0.8065151412	58738.26926	69.33738985	95.36830924	3000	6.361993292
35	1	0.835779468	5.267142805	5.942365178	15	0.1759615051	0.8058739856	48692.73171	69.21448032	95.1568455	2999.769747	5.694283886
35	1	0.281594887	10.11252326	0.1050828291	20	0.06749902937	0.7499165312	24930.54627	61.40742815	81.51251098	3000	3.517331453
35	1	0.1505007094	15.21001119	1.571643362	22.5	0.08893643888	0.7666743599	16273.68888	60.40585801	81.97750138	3000	2.690167945
35	0	1.27282968	2.509048067	-3.35655946	2.5	0.0689756798	0.6989602972	103208.0095	78.38616611	95.02960665	3000	10.07991212
35	1	1.110540089	3.359573822	0.04043297973	7.5	0.1049120427	0.7494755219	76851.52856	70.75963019	90.80006317	3000	8.234179319
35	1	0.8043508875	4.498120523	0.410683761	12.5	0.1089871637	0.7539617309	57171.36528	70.21981402	90.63049778	3000	6.797951549
35	1	0.4325773787	7.37629223	0.0166340703	17.5	0.07532777535	0.7489155096	34512.3714	63.49812881	83.51476288	3000	4.549328789
35	1	0.5047954475	6.60207773	0.8901430897	17.5	0.1217766908	0.7596048271	38665.12036	71.74638644	92.63652953	3000	4.921809939
35	1	0.1399910425	15.18037102	0.004071548543	22.5	0.06558369889	0.7486679274	16307.22106	61.40742815	81.4114997	3000	2.899034504
35	0	1.061611966	2.926523741	-3.603789892	5	0.04723472098	0.6943740946	88356.7507	74.38786368	90.78407379	2999.820158	9.382725371
35	1	0.6540267465	5.265525004	0.2299228173	15	0.1136796813	0.7518505365	48707.96878	72.35868878	92.5886116	3000	5.884910798
35	1	0.4325773787	7.41926585	0.0166340703	17.5	0.07720833082	0.7503698327	34307.25706	63.49812881	83.51476288	2982.623502	4.550994317
35	1	0.9358256779	4.091069185	0.03004748053	10	0.1136622058	0.76084362	62949.32354	69.44261459	89.47266207	2861.909855	7.003496336
35	1	0.7107436102	5.195412695	1.698963192	15	0.1365962809	0.7685711411	49377.43037	72.70849482	94.40745802	2999.220828	5.858134899
35	1	0.1419737286	15.07980995	0.1532035073	22.5	0.07025387667	0.750525196	16421.96897	61.80832294	81.96152645	3000	2.857279581
35	0	0.1364720736	15.67658819	-0.5353169245	22.5	0.06831924568	0.7503479099	15762.55418	61.81119062	81.2758737	2900.665375	2.870221119
35	1	1.247150774	3.71053226	5.414416792	10	0.1750013196	0.8021397378	69497.44751	70.74954512	96.16396191	2996.96209	7.98721431
35	0	0.8313013003	4.250906507	-0.08088679132	12.5	0.1184224625	0.7480935527	60548.54034	75.21156763	95.13068084	2999.99154	6.799235886
35	1	0.1521058374	15.57378929	2.05131507	22.5	0.0961261044	0.7745291664	15872.53975	59.36018463	81.4114997	2961.916718	2.899034504
35	1	0.4325773787	7.41926585	0.0166340703	17.5	0.07720833082	0.7503698327	34307.25706	63.49812881	83.51476288	2982.623502	4.549328789
35	1	1.796984943	2.190870987	0.336016518	0	0.1394786929	0.7533355202	118327.4678	80	100.3360165	3000	11.7791238
35	1	1.067324276	3.691830156	1.55941336	10	0.137485663	0.7676323572	69854.06748	73.41448309	94.97389645	2992.483277	7.982104312
35	1	1.333462626	2.83854881	0.003367095547	5	0.1191355155	0.7491403538	91123.0785	75.02626089	95.02962798	3000	9.899149264
35	1	1.598473132	2.42863087	0.0694663659	0	0.1071249702	0.7498497131	106655.2499	71.23773331	91.30719967	3000	11.10978181
35	1	1.027534899	3.603438626	0.2927307519	10	0.1266353482	0.7527137082	71589.64867	75.96862587	96.26135662	3000	7.98721431
35	1	1.241825545	3.756698255	5.65606623	10	0.1738074233	0.8037331961	68632.33458	69.48966074	95.14572697	3000	7.698249189
35	1	0.4861074875	6.631667768	0.2007572489	17.5	0.1110806489	0.751476916	38488.58356	71.74936631	91.95012355	3000	4.776135937
35	1	1.962641512	2.169388566	2.006817623	0	0.1614679689	0.7719187787	119508.1206	80	102.0068176	3000	11.7791238
35	0	0.6336889086	4.399756915	-4.308266888	12.5	0.03061308	0.6807179465	58469.64361	74.56967424	90.26140736	2999.999501	6.79525474
35	0	0.1236540665	16.27073357	-2.070018255	22.5	0.04116435631	0.734530269	15154.10099	61.40742815	79.3374099	2843.3973	2.899034504
35	1	1.034765507	3.639478291	0.6452751856	10	0.1285455323	0.7568732884	70871.82528	74.91746056	95.56273575	3000	7.983846419
35	1	1.366254606	2.790901292	0.149466037	5	0.1258766474	0.7509813329	92694.13777	76.41250629	96.56197233	3000	9.383269384
35	1	0.6725141647	5.226316634	0.6496226331	15	0.1215506285	0.7568617002	49080.13291	72.7564822	93.40610484	3000	5.859188594
35	1	0.9756748024	3.829082723	0.4878477978	10	0.1121284192	0.7549165898	67317.90462	70.74608075	91.23392855	2999.757856	7.35240929
35	0	1.136479628	3.18551708	-0.56949765	7.5	0.1116472672	0.7418173808	81099.87426	75.54635515	94.9768575	3000	8.79634687
35	1	0.3160610299	9.282636152	0.6993181761	20	0.1037579316	0.7572680167	27239.85119	67.55417627	88.25349444	3000	3.517332752
35	0	0.7096935248	4.503680397	-1.990327263	12.5	0.07017251115	0.7214899379	57099.67515	71.41606596	89.4257387	3000	6.984711701
35	1	0.1399910425	15.37555489	0.004071548543	22.5	0.06982892236	0.7518584442	16088.78524	61.40742815	81.4114997	2961.916718	2.899034504
35	1	0.1444248222	15.11720329	0.5581776685	22.5	0.07585013486	0.7553657547	16379.12201	61.40638343	81.9645611	3000	2.010765487
35	1	0.3789822389	9.393120888	5.192559138	20	0.1529445649	0.7999490978	26908.86173	64.15586145	89.34842059	2999.969519	3.397848038
35	0	0.129967558	9.773766127	-11.37628351	20	-0.2965609115	0.4393751016	25825.82877	72.58071886	81.20443536	2900.665375	3.81702117
35	0	0.6799332492	4.625997922	-2.275294237	12.5	0.05573621459	0.7169862187	55566.08675	69.42491995	87.14962571	2999.999501	6.984711701
35	1	0.2096416205	12.92411764	5.534812014	22.5	0.176688968	0.802870266	19311.20569	71.00842943	96.54324145	3000	2.691626969
35	1	0.4681289643	6.844002196	0.0765685582	17.5	0.1000626036	0.7499388912	37266.55701	69.27185203	89.34842059	2999.220828	4.938062495
35	1	0.4325773787	7.41926585	0.0166340703	17.5	0.07720833082	0.7503698327	34307.25706	63.49812881	83.51476288	2982.623502	4.549328789
35	1	2.770346906	2.073536806	9.789658873	0	0.2310129084	0.8309473616	125074.1323	80	109.7896589	3000	11.7791238
35	1	0.8158246821	4.37006083	0.1017210287	12.5	0.1131023133	0.7503135507	58873.081	72.77529793	92.87701896	2999.766499	6.793814304
35	1	0.28060865	10.11724434	0.04332877485	20	0.06633040984	0.7491546873	24918.49279	61.40742815	81.45075693	3000	3.517331453
35	1	0.5889938625	6.473653693	3.934427451	17.5	0.1615495359	0.7898828153	39450.01135	71.73566527	95.67009272	3000	4.921809939
35	1	0.2828655022	10.11763448	0.1842404579	20	0.06936380145	0.751165661	24917.4972	61.40877873	81.59301919	2996.635749	3.975026576
35	0	1.323289175	2.836758768	-0.1634102953	5	0.116976319	0.7470522305	91181.14661	75.17036559	95.00695529	2999.999041	9.996698114
35	1	0.5985544845	6.569015916	4.389187653	17.5	0.1682037557	0.7962405299	38864.25135	71.28090507	95.67009272	2963.619184	4.921809939
35	1	0.9968366384	4.45299111	5.106888976	12.5	0.1651807487	0.7994588615	57759.89703	68.47453506	93.58142404	3000	6.388260774
35	1	0.4558082918	7.325682688	0.9574751582	17.5	0.09187515367	0.7600661731	34757.01807	63.49812881	84.45560396	3000	4.549328789
35	1	0.9358256779	3.902757073	0.03004748053	10	0.09984610768	0.7493040744	66030.1202	69.44261459	89.47266207	3000	7.003496336
35	1	0.6906223755	5.450663426	2.144706701	15	0.1288516081	0.7729818821	47022.9737	68.48579108	90.63049778	3000	5.830175157
35	0	1.991801428	2.046352705	0.8883222542	-2.5	0.1414560781	0.7597599265	126747.5943	78.01111034	98.89943259	3000	12.26551198
35	0	0.7949625208	3.754285912	-3.665607321	10	0.04666042438	0.6932110204	68677.01309	74.60154217	90.93593484	3000	7.969109791
35	1	1.504813594	2.553757557	0.05870521839	2.5	0.1200067961	0.7498268592	101385.3557	75.02787535	95.08658056	3000	10.07991212
35	0	0.2694226726	9.386866962	-2.183217064	20	0.05249099325	0.7184117813	26927.38917	68.24389116	86.0606741	2999.879274	3.959191566
35	1	0.6232201198	5.471268011	0.03622426194	15	0.09952647458	0.7493769133	46842.49762	69.33053278	89.36675704	3000	5.964643341
35	1	0.4752376227	6.819904933	0.3168501371	17.5	0.1044723457	0.7528089911	37401.41367	69.40383425	89.72068438	3000	4.921809939
35	1	0.629091722	5.461654493	0.1853831471	15	0.1024082439	0.7512790684	46926.53321	69.41166115	89.59704429	2999.220828	5.88598298
35	0	0.5380169356	5.376352647	-3.030983937	15	0.05194356238	0.704561673	47685.35464	72.39774098	89.36675704	2999.985766	5.858134899
35	1	1.166763843	3.193365723	0.003080227247	7.5	0.1191316748	0.7491367907	80898.33526	75.026461	95.02954123	3000	8.796388214
35	1	1.266741711	3.092136198	0.0008547570342	5	0.1144703729	0.7575839705	83576.2272	70.78321903	90.78407379	2897.229045	9.032561868
35	0	0.07125660431	14.47310548	-10.52085985	22.5	-0.2448925729	0.4821026405	17148.09619	71.96656526	81.44570541	2944.733967	2.690167945
35	0	0.1348817673	14.92376853	-1.068551494	22.5	0.05291612386	0.7346624013	16603.08573	63.2357684	82.16721691	3000	2
35	1	2.678767774	2.083729168	8.935178008	0	0.2252357405	0.8260231271	124457.9419	80	108.935178	3000	11.7791238
35	1	1.962641512	2.169388566	2.006817623	0	0.1614679689	0.7719187787	119508.1206	80	102.0068176	3000	11.7791238
35	0	0.3580637587	6.848492568	-4.663943609	17.5	0.007765636018	0.6732869736	37241.53223	71.74638644	87.08244283	2999.979724	4.921316397
35	1	2.793	2.071040071	10	0	0.2323835065	0.8321163435	125226	80	110	3000	11.7791238
35	1	0.5634938651	6.511916128	3.023488752	17.5	0.1507588484	0.7816647714	39212.9245	71.73566527	94.75915402	3000	4.921809939
35	1	0.6232230787	5.671853232	0.03633313679	15	0.1101539238	0.7582413524	45154.08309	69.3304239	89.36675704	2893.906728	5.858134899
35	1	0.7786100813	4.569794008	0.005610865462	12.5	0.1003414042	0.7498142038	56260.56338	69.42491995	89.43053081	2990.269467	6.984711701
35	1	1.575626505	2.506257852	0.2599691583	2.5	0.1370956719	0.756542015	103323.9129	78.04510568	98.30507484	2949.457023	10.60628557
35	0	0.1178028874	16.61754194	-2.826178536	22.5	0.02906508956	0.7271601338	14819.05165	61.40742815	78.58124961	2800.188141	2.899034504
35	0	1.028243998	3.316745866	-1.698841135	7.5	0.08129451096	0.7259308105	77855.50632	72.75122624	91.0523851	3000	8.213830653
35	1	0.1816170459	13.05323055	2.303831637	22.5	0.1422307671	0.7747027294	19111.29138	71.93852321	94.24235485	3000	2.958292632
35	1	0.1732217946	13.06641541	1.007073339	22.5	0.1331687189	0.7640219806	19091.09869	73.63809049	94.64516383	2961.916718	2.904425375
35	1	0.446202371	7.389274222	0.5697166577	17.5	0.08706492124	0.7570101415	34450.15648	63.49812881	84.06784546	2982.623502	4.784641552
35	0	0.2533183057	9.332177584	-3.355411388	20	0.03038580725	0.6987550923	27090.46607	69.3269865	85.97157511	2999.982948	3.104917904
35	1	0.1399910425	15.18037102	0.004071548543	22.5	0.06558369889	0.7486679274	16307.22106	61.40742815	81.4114997	3000	2.899034504
