#gen	Feasible	f1	f2	c1	c2	c3	c4	c5	x1	x2	x3	x4
24	1	0.3614530532	8.028298692	0.4406848314	20	0.1409606243	0.7545890912	31636.40778	79.999151	100.4398358	3000	3.871791815
24	1	0.4829868106	7.842145665	6.75339731	20	0.2061425878	0.8119821392	32408.74115	78.73191817	105.4853155	3000	3.895297248
24	0	0.4902538438	6.121105642	-1.22066111	17.5	0.1135242046	0.7330247983	41773.98984	79.4063255	98.18566439	3000	4.738963811
24	1	1.887589918	2.355877012	3.015497406	0	0.1520044999	0.781622649	109976.7557	72.17986957	95.19536698	2999.749694	11.60622432
24	1	0.699845018	4.879766559	0.04542751983	15	0.1324248345	0.7497641048	52629.60984	79.04093538	99.0863629	3000	5.900099597
24	1	0.7515522712	4.860284447	1.452914982	15	0.1508341686	0.766046444	52844.17956	78.64252492	100.0954399	3000	5.394711826
24	1	2.099845306	2.30216806	4.339365162	0	0.1831497001	0.7991168401	112563.4802	75.86463044	100.2039956	2917.970499	11.98566314
24	1	0.5283396828	6.246878138	0.2452611183	17.5	0.1395942435	0.7572576564	40914.80641	78.64252492	98.88778604	2938.841235	4.745720103
24	1	0.589319906	5.96520152	2.024403711	17.5	0.1616814595	0.7720993442	42889.30018	80	102.0244037	3000	4.114341048
24	1	0.699845018	4.879766559	0.04542751983	15	0.1324248345	0.7497641048	52629.60984	79.04093538	99.0863629	3000	5.029615238
24	1	1.549581307	2.593174066	0.986843159	2.5	0.1280958555	0.7607472086	99830.60789	73.22068886	94.20753202	3000	10.66630484
24	1	0.2484528782	12.5386222	9.407793221	22.5	0.2116280318	0.8285503127	19932.59195	71.50568165	100.9134749	2999.120227	2.2524174
24	1	2.165074014	2.208274306	4.749512668	0	0.1837705025	0.7968849564	117387.841	76.88999921	101.6395119	3000	11.98566314
24	1	0.2387568663	12.45233642	8.037276402	22.5	0.2039781707	0.8203514025	20076.94691	72.87619847	100.9134749	2999.120227	2.248485608
24	1	1.318488339	2.945408374	0.5361616659	5	0.1159456919	0.7554958643	87784.4766	71.62382078	92.15998245	3000	9.863789777
24	1	0.611971317	5.938895186	2.776797885	17.5	0.1705025449	0.7795627026	43083.26487	80	102.7767979	3000	4.114341048
24	1	1.419782949	2.681323076	0.1094165287	5	0.1362115855	0.7505767592	96519.06982	80	100.1094165	3000	9.657381947
24	1	0.3462854412	8.223277663	0.03306071749	20	0.1299638118	0.7499135881	30864.94954	78.1758073	98.20886802	2996.123936	3.865785133
24	1	0.8821286513	4.030582086	0.002625503096	12.5	0.1350445214	0.7496315516	63907.51277	80	100.0026255	2995.493599	6.877695661
24	0	0.7597823212	4.085471934	-2.526145395	12.5	0.09191645215	0.7132206469	63036.79953	80	97.4738546	3000	6.587679237
24	1	0.7563890217	6.264722357	9.778897913	17.5	0.2146754208	0.8309268047	40795.70256	71.50568165	101.2845796	2994.2672	4.389617893
24	1	0.9319234052	4.061843614	1.269180307	12.5	0.149662531	0.764833271	63408.72895	78.78514643	100.0543267	2989.989339	6.286554436
24	1	0.8321794136	4.739975094	3.17855075	15	0.1749767957	0.7833505946	54208.30644	80	103.1785507	2999.976477	5.975932071
24	1	1.063057533	3.459069667	0.07917840192	10	0.1366130873	0.7510009591	74615.10237	80	100.0791784	2990.427506	7.2098431
24	0	0.1637866264	8.7437947	-9.955917518	20	-0.1709232958	0.5027315638	28973.98595	78.1758073	88.21988978	2996.123936	3.866035528
24	0	0.2394769763	9.51205803	-3.974205907	20	0.009273487566	0.6873697296	26561.14449	68.22802433	84.25381842	2998.059303	3.871718305
24	1	1.887589918	2.405835216	3.015497406	0	0.1571542332	0.7861573486	107674.3522	72.17986957	95.19536698	2937.4586	11.08474203
24	1	0.1735217978	13.01664132	1.230811373	22.5	0.1302861512	0.763529173	19167.54228	72.78369567	94.01450704	2999.099352	2.00016309
24	1	0.8821286513	4.030582086	0.002625503096	12.5	0.1350445214	0.7496315516	63907.51277	80	100.0026255	2995.493599	6.877695661
24	1	1.000395862	4.018970392	2.644728835	12.5	0.1663676671	0.7785923599	64094.756	78.8365517	101.4812805	2995.493599	6.877695661
24	1	0.3627211066	8.116386746	0.7418243932	20	0.1418700004	0.7581011952	31283.2865	78.85064594	99.59247033	2999.955971	3.576473293
24	1	1.318144889	2.945500079	0.5314081301	5	0.1158716798	0.7554397717	87781.71551	71.62382078	92.15522891	3000	9.86088588
24	0	0.1765638867	9.287167972	-8.47974505	20	-0.1302023971	0.5657057271	27226.11991	72.43572502	83.95597998	2999.488075	3.126914318
24	1	0.699845018	4.879766559	0.04542751983	15	0.1324248345	0.7497641048	52629.60984	79.04093538	99.0863629	3000	5.029615238
24	0	0.61749803	4.89544554	-2.272362584	15	0.09674211513	0.7173020044	52458.16687	79.99461401	97.72225143	3000	5.029615238
24	1	0.5475944717	6.014658357	0.6237171864	17.5	0.143522137	0.7567505948	42529.23314	80	100.6237172	3000	4.078742001
24	1	0.3611465168	8.120310987	0.6611267523	20	0.1407446254	0.7571639328	31267.73353	78.85064594	99.51177269	2999.955215	3.872059716
24	1	1.41696074	2.68189384	0.07345184524	5	0.1356861891	0.7501331626	96498.337	80	100.0734518	3000	9.926884292
24	1	0.7411199337	4.803886204	0.902326911	15	0.1473267983	0.7599679006	53475.14314	79.9986742	100.9010011	3000	5.692154825
24	1	0.1481333073	14.59926375	0.3474055568	22.5	0.08402789731	0.753028481	16992.13515	64.1141152	84.46152075	2999.404423	2.602626463
24	0	0.3404793831	8.23832412	-0.269033958	20	0.1253589932	0.7461135112	30806.93411	78.1758073	97.90677335	2996.123936	3.865785133
24	1	1.034827295	4.064881947	3.743419759	12.5	0.1738014504	0.7883766993	63360.66081	77.07472072	100.8181405	3000	6.587679237
24	1	0.1453851129	15.57225433	0.02642401768	22.5	0.09726837957	0.7640830633	15874.19303	64.06499382	84.09141784	2820.403804	2
24	1	1.594134305	2.413698813	0.07405766248	2.5	0.1356953848	0.7501409598	107320.6275	80	100.0740577	2999.996257	10.0530025
24	1	1.062675053	3.459939002	0.0726785733	10	0.1365743569	0.7509739242	74596.12864	80	100.0726786	2989.79115	7.758279884
24	1	1.144666355	3.42010126	1.456507809	10	0.1546082154	0.7661185002	75475.51643	80	101.4565078	3000	7.209827947
24	0	3.146019888	1.906016436	10.85943892	-2.5	0.236311305	0.836700868	136146.0375	79.14056108	110	2999.998468	12.8549237
24	1	0.9523983931	3.992311922	1.426527004	12.5	0.1543159011	0.7658812609	64528.75534	80	101.426527	2998.881236	6.916792732
24	1	2.165074014	2.208280178	4.749512668	0	0.1837710775	0.7968854966	117387.5265	76.88999921	101.6395119	2999.992022	11.98566314
24	1	0.2443348851	12.57187182	8.990530886	22.5	0.2084532315	0.8261218046	19877.4947	71.50568165	100.4962125	2999.120227	2.2524174
24	0	0.8327491196	2.815279729	-7.645937851	5	-0.04974204615	0.5949839029	91883.67521	79.80116676	92.15522891	3000	9.86088588
24	1	0.586960673	5.967963048	1.945719617	17.5	0.1607235607	0.7712891983	42869.03776	80	101.9457196	3000	4.117816578
24	1	0.2913482783	10.38674773	0.07712300358	20	0.09786901725	0.7646700278	24248.58421	63.99947708	84.07660009	2820.403804	3.878955246
24	1	1.058588423	3.449583274	0.003204421189	10	0.1346544572	0.7492621029	74822.76975	80	100.0032044	3000	7.174182028
24	0	0.331159916	8.273716681	-1.109785245	20	0.1231140766	0.740085281	30671.30103	79.99757129	98.88778604	2937.935205	3.02918288
24	0	2.457662387	2.035061308	5.691304936	-2.5	0.1904642413	0.8042182252	127455.8382	75.89391307	101.585218	3000	12.08863079
24	1	0.7252162249	5.009300405	0.8685610092	15	0.1473947972	0.7647628329	51245.40532	78.21780189	99.0863629	2934.832906	5.028515371
24	1	0.5324668201	6.090227258	0.3053918379	17.5	0.1362354712	0.7529438004	41990.3535	79.04093538	99.34632721	3000	4.125811065
24	0	0.1348139314	15.77780641	-1.195529956	22.5	0.07353024747	0.7488985909	15655.66009	63.75336883	82.55783887	2820.403804	2
24	1	0.2907702258	10.38150289	0.02642401768	20	0.09726837957	0.7640830633	24261.28954	64.06499382	84.09141784	2820.403804	3.126914318
24	1	1.062675091	3.523529874	0.07267921577	10	0.1413285388	0.7554682286	73233.61298	80	100.0726792	2935.832912	7.527237494
24	1	2.767581	2.151017372	10.91263624	0	0.2308440258	0.8368738453	120536.4902	75.89992285	106.8125591	2999.999961	11.67268758
24	1	0.4632713411	7.794218287	5.485821716	20	0.1978925849	0.8027753092	32613.55971	80	105.4858217	3000	3.94235911
24	1	1.043185703	4.601783949	8.26992212	15	0.2204910727	0.8219825081	55863.20377	80	108.2699221	3000	5.029615238
24	1	0.5893499836	5.96516634	2.025406454	17.5	0.1616936222	0.7721096312	42889.55843	80	102.0254065	3000	4.114341048
24	1	1.416960329	2.681893923	0.07344661144	5	0.1356861125	0.7501330979	96498.33398	80	100.0734466	3000	9.777785897
24	1	0.8821286513	4.024527612	0.002625503096	12.5	0.1346459241	0.749254899	64005.00878	80	100.0026255	3000	6.877695661
24	1	0.9941597613	4.632732071	7.108560256	15	0.211638779	0.8144516212	55484.00754	80	107.1085603	3000	5.089734749
24	1	0.5662741577	6.200408176	1.541565036	17.5	0.1571136228	0.7718214676	41228.19424	78.64252492	100.18409	2937.935205	4.745720103
24	1	1.416960329	2.681893923	0.07344661144	5	0.1356861125	0.7501330979	96498.33398	80	100.0734466	3000	9.777785897
24	1	0.5730166412	5.984369315	1.47941855	17.5	0.1549009055	0.7663659252	42749.04407	80	101.4794185	3000	4.887994119
24	1	0.7001905832	4.879621707	0.05432384295	15	0.1325631943	0.7498801791	52631.19887	79.04093538	99.09525922	2999.929293	5.15852584
24	1	0.6059313696	5.945873201	2.576713274	17.5	0.1682149053	0.7776266568	43031.64656	80	102.5767133	3000	4.780826292
24	1	1.445874049	2.662952704	0.1058076254	2.5	0.1085931656	0.7503054084	97191.11504	71.48139769	91.58720532	3000	10.03847341
24	1	0.194757874	13.30524315	3.802103125	22.5	0.1654940271	0.7938835254	18732.26053	71.59263111	95.39473423	2926.72894	2.015221005
24	1	1.239788879	3.019162745	0.07269776106	7.5	0.1358518887	0.7502909198	85618.0257	80	100.0726978	2997.994103	8.040634109
24	0	0.5199435059	6.1081029	-0.1170465669	17.5	0.1298824617	0.7477336621	41864.83292	79.00483261	98.88778604	3000	4.745720103
24	1	1.063375863	3.447921975	0.08458774728	10	0.1358490732	0.7502706856	74859.25496	80	100.0845877	3000	7.2098431
24	1	0.4560427395	7.93446556	5.541727518	20	0.1947245097	0.8031905	32021.18392	78.32511514	103.8668427	2999.481699	3.859750756
24	1	1.623676213	3.269620283	9.191154441	10	0.2270026268	0.827528633	78990.62258	80	109.1911544	3000	7.168653388
24	1	1.062675053	3.459709663	0.0726785733	10	0.1365568947	0.7509574166	74601.13317	80	100.0726786	2989.989339	7.2098431
24	1	1.887912247	2.355694686	3.017650778	0	0.152046841	0.7816430341	109985.3374	72.185253	95.20290378	2999.749694	11.67650738
24	1	2.169325904	2.312982566	6.007219863	0	0.1842125679	0.8064600183	112032.974	72.11113409	98.11835396	2999.746237	11.82339258
24	1	0.806585369	4.757617752	2.543802712	15	0.1678346847	0.7773049092	54003.94849	80	102.5438027	3000	5.029615238
24	1	1.062675053	3.459709663	0.0726785733	10	0.1365568947	0.7509574166	74601.13317	80	100.0726786	2989.989339	7.2098431
24	0	0.9838742558	3.475849605	-1.275580153	10	0.1145044521	0.7322600494	74250.54726	80	98.72441985	3000	7.168653388
24	1	1.616322477	2.423659872	0.2535097216	0	0.1103592427	0.7521047687	106875.8489	71.3064719	91.55998162	3000	11.0615663
24	1	0.5283396828	6.371328534	0.2452611183	17.5	0.1446807179	0.7619991135	40098.04281	78.64252492	98.88778604	2881.437202	4.208989103
24	1	0.4918353298	9.427151738	11.44756803	20	0.2182671119	0.8464078344	26808.47519	64.07138248	95.51895052	2863.89323	3.126914318
24	1	0.307785705	9.637242684	0.9343902485	20	0.09587477637	0.7599133331	26204.43314	64.54503169	85.47942194	2999.193312	3.296810067
24	1	0.806585369	4.764925258	2.543802712	15	0.1681907343	0.7776464352	53919.7476	80	102.5438027	2995.39919	5.157331565
24	0	0.5129335853	6.220932135	-0.4391155299	17.5	0.1318555801	0.7489239973	41089.20585	79.41143769	98.97232216	2937.935205	4.745720103
24	0	0.9940799527	3.483848778	-1.099927559	10	0.1183783708	0.7356172343	74077.99607	80	98.90007244	2989.989339	7.460639068
24	1	1.06267609	3.450264099	0.07269619991	10	0.135835969	0.7502758727	74807.82772	80	100.0726962	2998.174526	7.233902158
24	1	0.8821286513	4.030582086	0.002625503096	12.5	0.1350445214	0.7496315516	63907.51277	80	100.0026255	2995.493599	6.877695661
24	1	1.004419863	3.966448703	2.467911607	12.5	0.1669536	0.7765593625	64955.38339	80	102.4679116	3000	6.945463449
24	1	0.6793483776	5.938526711	5.31391386	17.5	0.1932638621	0.8014131217	43085.99396	78.62520433	103.9391182	3000	4.759587057
24	1	0.7057029211	4.836517526	0.002625503096	15	0.1350346071	0.7496221832	53108.28149	80	100.0026255	2995.605686	5.040653647
24	1	0.6669616446	5.991068045	4.580849321	17.5	0.1934494356	0.7994989302	42700.23923	80	104.5808493	2942.656427	4.114341048
24	1	0.6949070117	5.845663715	5.485821716	17.5	0.1978925849	0.8027753092	43784.74629	80	105.4858217	3000	4.465436825
