#gen	Feasible	f1	f2	c1	c2	c3	c4	c5	x1	x2	x3	x4
48	1	0.6105383486	5.940548326	2.729363375	17.5	0.1699639012	0.7791068111	43071.02518	80	102.7293634	3000	4.729585997
48	0	0.3413682235	8.079402574	-0.5794115163	20	0.1257197161	0.7417936356	31430.60831	79.97157153	99.39216001	3000	3.837917386
48	1	0.4496952344	7.82416504	4.827143152	20	0.1917910485	0.7975988409	32485.28759	79.99993837	104.8270815	3000	3.939788212
48	1	1.463907439	2.648897361	0.2495074716	2.5	0.1121829096	0.752072727	97711.59737	71.84064731	92.09015478	3000	10.03847341
48	0	0.6949208734	4.887099842	-0.09608117825	15	0.1309235355	0.7483691059	52549.28658	79.11378417	99.017703	2995.605686	5.040653647
48	0	0.4124433016	6.261152692	-3.856949375	17.5	0.0595518357	0.6897560967	40819.47449	78.83078364	94.97383427	2999.352883	4.324305985
48	1	1.764206065	2.195203674	0.002102677243	0	0.1346382174	0.7492483926	118092.1478	80	100.0021027	3000	11.88092452
48	0	0.4833796216	6.095916883	-1.567248298	17.5	0.1095128577	0.7281092508	41950.32178	79.98074454	98.41349624	2999.352883	4.324305985
48	1	0.5681707843	5.990104965	1.316866197	17.5	0.1528104863	0.7645989071	42707.24921	80	101.3168662	3000	4.064132738
48	1	0.5248478209	6.113829278	0.06130890941	17.5	0.1327984737	0.7503249762	41824.77823	78.95639409	99.017703	2995.605686	4.995011067
48	1	1.849604681	2.791731354	7.373332972	5	0.1976464236	0.8161111148	92666.30954	72.49902549	99.87235846	2998.0121	9.85976939
48	1	0.9335484474	3.972737219	0.3470940151	10	0.099113934	0.7531193498	64851.13972	67.85565098	88.202745	3000	7.893234277
48	1	2.233267379	2.135706554	4.678978448	0	0.1903732323	0.7963963523	121407.0649	80	104.6789784	2999.998436	11.97232457
48	1	0.3344007125	12.87713623	20.51987532	22.5	0.2618032125	0.8759650539	19384.94498	63.95187547	104.4717508	2961.411167	2
48	0	0.8650160005	2.801704299	-7.22784108	5	-0.03296574027	0.6082025704	92333.25095	80	92.77215892	3000	9.817582986
48	0	0.5171666717	6.106045999	-0.2357517015	17.5	0.1284977629	0.7462937275	41879.23881	79.12051765	98.88476595	2999.274776	4.745720103
48	1	1.155353933	3.236851913	0.08048720142	7.5	0.116357982	0.7500629052	79799.39775	73.83169585	93.91218305	2999.999219	8.457610327
48	1	0.3633112019	8.023756451	0.5348554579	20	0.1422854766	0.7557060246	31654.82661	80	100.5348555	3000	3.940366675
48	1	0.7091375141	4.826930381	0.09020202586	15	0.1359311237	0.7503399612	53215.55158	80	100.090202	3000	5.654380625
48	1	0.9189423165	4.04408052	0.9475428513	12.5	0.1452809136	0.7604637472	63691.19662	79.05426993	100.0018128	2999.945072	6.803951398
48	1	0.3924707802	8.098899501	2.411488687	20	0.1614330086	0.7759546448	31352.77705	78.14137434	100.552863	3000	3.123812341
48	1	1.058471802	3.449623775	0.001221116894	10	0.1346252218	0.7492374212	74821.88071	80	100.0012211	3000	7.918240314
48	0	0.7017419783	4.83232464	-0.09846740034	15	0.1331481481	0.747990467	53155.14311	80	99.9015326	3000	5.029615238
48	0	1.016542618	3.621839719	-0.4787604288	10	0.1325212682	0.7513096494	71221.35828	78.80004614	98.32128571	2904.003691	7.918240314
48	1	0.3458216153	9.141947723	2.322038945	20	0.1292518191	0.7747429384	27672.90458	67.88175977	90.20379871	3000	3.829350517
48	1	0.2905034744	10.38479004	0.005183848593	20	0.09712532172	0.7639411798	24253.32511	64.08623399	84.09141784	2819.147954	3.136123895
48	1	1.651289718	2.354733794	0.09586374023	0	0.1164925929	0.7502515717	110030.5861	73.79964639	93.89551013	3000	11.10879453
48	0	0.07208559533	13.20936041	-11.0863149	22.5	-0.249440244	0.4390808499	18874.76516	78.06427988	86.97796498	3000	2.285027983
48	1	1.143961241	3.420342437	1.444687544	10	0.1544571736	0.7659908423	75470.13101	80	101.4446875	2999.997403	7.715978936
48	1	1.485669574	2.955290182	3.592461961	7.5	0.1794213383	0.7871144249	87487.93619	80	103.592462	3000	8.107022759
48	1	0.3955170792	7.949898835	2.163187208	20	0.1632704675	0.7735134381	31957.27346	79.96777861	102.1309658	3000	3.940573533
48	1	1.411364852	2.683517052	0.002102677243	5	0.134686705	0.7492942106	96439.42247	80	100.0021027	2999.451832	9.788092617
48	0	0.2834386725	10.18769022	-0.5548133162	20	0.08464304801	0.7533765055	24739.96297	64.64623116	84.09141784	2863.947727	3.181255839
48	1	0.697937599	4.889550633	0.001252879043	15	0.1320865762	0.7495823208	52522.49617	79.01645012	99.017703	2995.605686	5.040653647
48	0	0.6667882707	4.858781133	-0.992502993	15	0.1191626964	0.7362240225	52860.80808	79.98675548	98.99425248	2999.965933	5.040653647
48	1	0.5681707843	5.990104965	1.316866197	17.5	0.1528104863	0.7645989071	42707.24921	80	101.3168662	3000	4.578480949
48	1	0.3959417947	7.948907075	2.184402033	20	0.1635244005	0.7737281561	31961.37296	79.96777861	102.1521806	3000	3.940573533
48	1	1.486160746	2.590207174	0.09586374023	2.5	0.1164925929	0.7502515717	99945.98739	73.79964639	93.89551013	3000	10.55574556
48	1	0.7060815356	4.831359864	0.01991589339	15	0.1348096902	0.7494892959	53165.93741	79.96186894	99.98178483	2999.757045	5.040653647
48	0	0.1413613345	14.6973711	-0.4598660741	22.5	0.0688833789	0.7429247599	16872.70222	64.05044023	83.59057416	2999.474583	2
48	1	0.34625775	8.223174748	0.03125350538	20	0.1299413711	0.7498904579	30865.34708	78.17761452	98.20886802	2996.133312	3.886764483
48	1	0.9542403556	4.057916199	1.463582601	12.5	0.1588071175	0.7701108667	63470.96953	80	101.4635826	2949.754218	6.122662491
48	1	0.1452841389	14.64121254	0.01034319481	22.5	0.07782516296	0.7489065998	16940.87208	64.08107465	84.09141784	2999.462173	2.619923285
48	1	1.774036504	2.193901392	0.1023609126	0	0.1361086622	0.7504898591	118162.7805	80	100.1023609	3000	11.88092452
48	1	0.9688953272	3.983041382	1.757922567	12.5	0.1584089565	0.7693318587	64681.04095	80	101.7579226	3000	6.587688154
48	1	1.234883769	3.018420803	0.001221116894	7.5	0.1346252218	0.7492374212	85639.29224	80	100.0012211	3000	8.928228459
48	0	1.93688347	2.166409087	1.523186033	-2.5	0.1341254284	0.7666391382	119673.7187	72.7175866	94.24077263	2999.999476	12.88150238
48	0	1.119349697	3.224438261	-0.6269873958	7.5	0.107234547	0.7410304253	80110.07954	74.53917045	93.91218305	2999.999219	8.457610327
48	0	1.7466565	2.197534757	-0.1771313645	0	0.1319719898	0.7469976239	117965.9243	80	99.82286864	3000	11.98137698
48	1	0.1519618822	14.772827	0.7574533071	22.5	0.09735154407	0.7620792773	16781.92371	64.32366716	85.08112047	2947.180227	2
48	1	1.703111311	2.397866759	1.30118662	2.5	0.152772554	0.7645845448	108035.1604	80	101.3011866	2997.994103	10.03995495
48	1	0.4339558707	7.867260478	4.083065826	20	0.1842394133	0.7914067812	32302.40899	79.8927989	103.9758647	3000	3.940291316
48	1	0.3265382957	9.068139536	0.8878418471	20	0.1132631165	0.7594989553	27905.46764	69.31595686	90.20379871	3000	3.518688088
48	1	0.882088827	4.024620663	0.001812780325	12.5	0.1346388027	0.749249376	64003.50814	80	100.0018128	2999.945072	6.260962717
48	1	0.5231868812	6.250928286	0.03610521493	17.5	0.1373287947	0.7550257461	40887.71345	78.79897026	98.83507547	2935.496898	4.324305985
48	1	2.23310139	2.135726669	4.677360378	0	0.1903576473	0.796383136	121405.9129	80	104.6773604	2999.998481	11.97234802
48	1	0.6732701271	5.869533125	4.785823907	17.5	0.1913974581	0.7972649202	43603.02851	80	104.7858239	3000	4.758936403
48	1	0.6516118535	5.893742223	4.080419374	17.5	0.1844639272	0.7913868443	43420.22815	80	104.0804194	3000	4.019120059
48	0	0.1329254838	15.24317129	-1.502935266	22.5	0.05802288476	0.7363990525	16236.32912	64.08107465	82.57813938	2912.989118	2
48	1	0.2905034744	10.19947962	0.005183848593	20	0.09162250847	0.7596523181	24710.32618	64.08623399	84.09141784	2870.367966	3.622713986
48	0	1.088344702	3.32953656	-0.544196213	7.5	0.09891027953	0.7420602113	77552.96042	71.81631644	91.27212022	2999.838841	8.607053257
48	1	2.793	2.071040071	10	0	0.2323835065	0.8321163435	125226	80	110	3000	11.98284225
48	1	0.3871029257	8.031459088	1.913994033	20	0.1581248629	0.7709404633	31623.60463	79.16874292	101.082737	3000	3.940573533
48	1	0.8066030236	4.757631284	2.544365678	15	0.1678397764	0.7773104168	54003.79234	79.99943703	102.5438027	2999.999868	5.028436772
48	0	0.4166319048	6.74094642	-3.756546684	17.5	0.08818650902	0.7147350551	37850.04839	79.12051765	95.36397097	2774.979244	4.745720103
48	1	1.678180698	2.425577017	1.248054045	2.5	0.1489319356	0.7638166594	106790.6642	78.92295929	100.1710133	3000	10.07803227
48	1	0.4033547695	8.214060121	2.546891686	20	0.1759200353	0.785056553	30900.59509	80	102.5468917	2895.968252	3.96353587
48	1	0.7056710616	5.144704067	0.001812780325	15	0.1508945562	0.7646101009	49872.98842	80	100.0018128	2816.171527	5.974900044
48	1	0.5238634349	6.115196312	0.05286616041	17.5	0.1319684884	0.7499117337	41815.22722	78.83110997	98.88397613	2999.274776	4.321156748
48	1	1.258674691	3.041344899	0.4356837112	7.5	0.1410329842	0.7558316197	84987.00351	79.56641897	100.0021027	2983.963317	8.461719443
48	1	0.7619095615	4.824966177	1.590332345	15	0.1542212935	0.7675375385	53237.58157	79.22877646	100.8191088	3000	5.680668705
48	1	0.7643117173	4.840288923	1.696751436	15	0.1553526297	0.7690017309	53066.19999	79.01645012	100.7132016	2995.605686	5.040653647
48	0	0.5205881027	6.109369847	-0.1179980408	17.5	0.1306167626	0.7480982702	41855.96445	79.11984088	99.00184284	2995.553772	4.745741057
48	1	2.011812789	2.48743674	6.196030057	2.5	0.190568197	0.8078840413	104112.5198	73.97498327	100.1710133	3000	10.06772689
48	1	0.2495534984	11.83593704	7.83112921	22.5	0.2124366707	0.8191726	21169.39756	77.58141529	105.4125445	2999.474427	2.165024977
48	1	1.3693725	2.892860139	0.934428861	5	0.1266820226	0.7603049969	89395.41267	72.96704635	93.90147522	2998.0121	9.857388973
48	0	0.65996679	4.863165136	-1.170968335	15	0.1162567127	0.7337378526	52812.34426	80	98.82903167	3000	5.305267978
48	0	0.6587501807	3.635682181	-6.908951289	10	-0.02640097565	0.617697539	70946.76411	79.03382541	92.12487412	3000	7.918240314
48	1	0.4895729392	7.737239688	6.750373476	20	0.2087505135	0.8119965462	32860.36035	80	106.7503735	3000	3.940573533
48	1	1.234944245	3.034626834	0.002102677243	7.5	0.136056725	0.7505888006	85177.14038	80	100.0021027	2983.963317	8.59612395
48	1	1.058471802	3.449623775	0.001221116894	10	0.1346252218	0.7492374212	74821.88071	80	100.0012211	3000	7.918240314
48	1	2.793	2.071040071	10	0	0.2323835065	0.8321163435	125226	80	110	3000	11.98284225
48	1	1.609201542	2.617292429	2.010993475	2.5	0.1381697888	0.7717344551	98902.3748	71.88451666	93.89551013	3000	10.55574556
48	1	0.7494226304	4.973531921	1.111744367	15	0.1589507991	0.7707238839	51620.42294	80	101.1117444	2894.050307	5.214103725
48	0	0.9547708075	3.770329129	-0.2688972298	10	0.1058183972	0.7456478825	68380.95428	72.42887967	92.15998245	2999.832177	7.629422372
48	1	1.267073848	3.035684823	0.5355169706	7.5	0.142734551	0.7569979215	85147.14099	79.67623606	100.211753	2984.138113	8.459333914
48	0	1.759799625	2.195802644	-0.04287015444	0	0.1339755134	0.7486890959	118059.6892	80	99.95712985	2999.980299	11.88092452
48	1	0.519572467	7.673849604	8.174672948	20	0.2197930429	0.8213883137	33139.23891	80	108.1746729	3000	3.940573533
48	1	0.4597605655	8.428026932	5.613185416	20	0.209320449	0.8162143282	30093.25644	78.77581428	104.3889997	2808.920265	3.643167109
48	1	0.1962353901	12.1483562	2.411488687	22.5	0.161433145	0.7759547729	20601.83908	78.14137434	100.552863	2999.998285	2.220548812
48	1	0.7800743166	4.776765852	1.884988442	15	0.159944479	0.7706595837	53783.86103	79.98675196	101.8717404	3000	5.976774545
48	1	0.5238633669	6.11519622	0.05286322439	17.5	0.1319684536	0.7499116974	41815.22787	78.8311129	98.88397613	2999.274776	4.745720103
48	1	1.107204136	3.43283204	0.8265860889	10	0.1463053915	0.7591018314	75192.27512	80	100.8265861	3000	7.196369893
48	0	1.260839061	2.928837827	-0.4832291275	5	0.1029578917	0.7428698282	88286.22862	72.64321157	92.15998245	3000	9.00911866
48	1	0.9210018906	4.005769415	0.7928141795	12.5	0.1458458712	0.7587136086	64308.94564	80	100.7928142	3000	6.25149256
48	1	0.882088827	4.024620663	0.001812780325	12.5	0.1346388027	0.749249376	64003.50814	80	100.0018128	2999.945072	6.260962717
48	1	0.5486437101	6.013398456	0.6591781048	17.5	0.144012631	0.7571649233	42538.33223	80	100.6591781	3000	4.579464112
48	1	0.706895712	4.829237126	0.03588999798	15	0.1350936732	0.7496678374	53189.70261	79.98581265	100.0217027	3000	5.044307101
48	1	0.672553545	5.870329005	4.762560984	17.5	0.1911751995	0.7970764285	43596.99494	80	104.762561	3000	4.748273517
48	1	0.5193889079	7.808627871	8.675054575	20	0.2197293554	0.824409148	32551.71576	78.0753189	106.7503735	3000	3.940573533
