#gen	Feasible	f1	f2	c1	c2	c3	c4	c5	x1	x2	x3	x4
24	1	1.177324215	3.409401273	2.002471214	10	0.1614343916	0.7718925041	75715.21162	80	102.0024712	2999.75807	7.941441011
24	1	0.1624359488	19.83274394	0.006570449559	22.5	0.2095403794	0.8342072282	12270.74434	72.84498134	92.85155179	1982.524817	2.863089217
24	1	0.5444236612	6.123366658	0.8777561742	17.5	0.1420626487	0.7596774361	41758.23273	78.25749068	99.13524685	2999.601354	4.468545544
24	1	2.491541433	2.156731886	7.167058532	0	0.2166035117	0.8192810959	120214.73	80	107.1670585	2928.145798	11.23025909
24	1	1.486462559	2.668282927	0.9554175097	5	0.1480759499	0.7606010905	96995.16598	80	100.9554175	2999.626526	9.93657198
24	1	0.5883295835	5.966368029	1.991382306	17.5	0.1612806159	0.7717603567	42880.73875	80	101.9913823	2999.996069	4.995334569
24	1	0.518741457	6.489471125	0.1094932446	17.5	0.1417215147	0.7620084466	39351.66226	77.68623735	97.79573059	2861.88054	4.458780475
24	1	0.173167969	12.95776392	0.6536429407	22.5	0.13520476	0.7619693295	19258.72503	75.22806572	95.88170866	2938.402638	2.904304683
24	0	0.16005536	13.52200561	-0.1608811054	22.5	0.1146835767	0.7532147426	18417.54855	72.40355017	92.24266906	2926.378934	2.516276977
24	1	2.484242177	2.105921572	7.097534955	0	0.2115510353	0.8143770232	123136.9079	80	107.097535	3000	11.23025909
24	1	0.1624359488	19.68318753	0.006570449559	22.5	0.2080932329	0.8329475048	12370.81803	72.84498134	92.85155179	1997.588398	2.863089217
24	0	0.1601077649	19.87852671	-0.2497017895	22.5	0.2068969307	0.832183771	12240.41044	72.84525775	92.59555596	1981.231115	2.707532736
24	0	0.8397546592	4.045301684	-0.8658987149	12.5	0.1212561662	0.7379549509	63671.69833	80	99.13410129	3000	6.304755853
24	1	0.4005573036	8.30926494	3.486715417	20	0.1662492422	0.786035353	30536.23436	75.27007418	98.7567896	3000	3.200245327
24	1	0.6422856724	5.904312113	3.775380806	17.5	0.1813342786	0.7887366002	43340.88615	79.99917198	103.7745528	3000	4.995685774
24	1	2.736568855	2.091723823	9.687154498	0	0.2289270649	0.8303487224	123978.8187	79.21788624	108.9050407	3000	11.22935301
24	1	0.5017856577	6.478817133	0.01419494394	17.5	0.124886284	0.7535619069	39417.85349	75.27007418	95.28426913	2948.782906	4.641992347
24	1	1.765615268	2.195016837	0.0164809726	0	0.1348500126	0.7494272003	118102.2762	80	100.016481	3000	11.23025909
24	0	1.217545876	3.022947758	-0.2518349433	7.5	0.1308462763	0.7460474259	85509.69705	80	99.74816506	3000	8.443251246
24	1	0.1624359488	19.68318753	0.006570449559	22.5	0.2080932329	0.8329475048	12370.81803	72.84498134	92.85155179	1997.588398	2.863089217
24	1	0.7134279895	5.95232547	6.665315943	17.5	0.2031394086	0.8113377578	42984.02504	77.67041958	104.3357355	2999.999916	4.960596183
24	0	2.445837222	1.958893479	4.584566718	-2.5	0.1894511752	0.7956222514	132446.7096	79.99592835	104.5804951	3000	12.69643916
24	1	0.3345237718	8.634469657	0.01419494394	20	0.1247603265	0.7534490782	29352.2344	75.27007418	95.28426913	2950.13297	3.013952324
24	1	0.2514241764	12.32219355	9.086266647	22.5	0.214753117	0.8276007056	20298.49837	73.66182098	102.7480876	2984.636964	2.888650776
24	1	0.6910169543	4.954636844	0.09284108284	15	0.1290927211	0.7503968865	51820.71561	77.68623735	97.77907843	2999.044803	5.761840901
24	1	0.1642376521	19.9121537	0.2593906964	22.5	0.2121202131	0.8366799204	12218.21935	72.59216109	92.85155179	1977.362778	2.670945839
24	0	0.2626367426	8.419830153	-4.710263072	20	0.04946044348	0.6779595173	30123.42865	79.9945322	95.28426913	2949.82389	3.46754757
24	1	1.655444712	2.404357628	0.7671183111	2.5	0.145528615	0.7584598648	107741.0761	79.99592508	100.7630434	2999.471177	10.08223856
24	1	1.234255218	3.027666443	0.05321718309	7.5	0.1344900783	0.7498758673	85375.02563	79.69494787	99.74816506	3000	8.443550689
24	1	0.6615113858	5.980681861	4.816814081	17.5	0.187718143	0.7974959184	42775.95636	78.25749068	103.0743048	2999.594267	4.031287915
24	1	0.598763404	5.954244053	2.338933763	17.5	0.1654404621	0.7752809318	42969.88469	79.99917346	102.3381072	2999.995887	4.995685774
24	0	0.4597119594	6.232909043	-2.072631745	17.5	0.09449161153	0.7203948191	41008.52108	78.25749068	96.18485893	3000	4.300198243
24	1	1.41366922	2.690712557	0.03232958842	5	0.1358625922	0.7503722213	96179.11731	79.99580845	100.028138	2991.03362	9.309006868
24	1	0.397244116	7.950936173	2.263865316	20	0.1643000563	0.7745275194	31952.98666	79.90148249	102.1653478	2999.994955	3.499232055
24	1	0.7740679587	4.780389254	1.731638737	15	0.1580817751	0.7690552059	53742.41218	80	101.7316387	3000	5.866395732
24	1	0.2251644323	11.73413228	4.857963432	22.5	0.1920840065	0.7978471922	21360.87058	80	104.8579634	3000	2.889854196
24	1	0.3732192744	8.00021151	1.036922872	20	0.1491271778	0.761491561	31750.63676	79.99762702	101.0345499	2999.999981	3.531245845
24	1	0.8724884107	4.767656855	4.460022276	15	0.1853711932	0.7945595904	53888.339	78.76482592	103.2248482	3000	5.904403716
24	1	0.8796377136	4.036171589	0.002704889032	12.5	0.1339159602	0.7492702693	63817.76391	79.74546017	99.74816506	2999.75807	6.407400728
24	1	1.748266282	2.420163667	2.093815552	2.5	0.1589987799	0.7727778142	107031.5435	78.66875554	100.7625711	2999.976698	10.06965182
24	1	0.3514495329	8.17399399	0.237021811	20	0.1335878523	0.7521025847	31056.47077	78.48691131	98.72393312	2999.995246	3.638090635
24	0	0.3220734406	8.134794427	-1.557685381	20	0.1092881267	0.7281885245	31210.4611	79.8800143	98.32232892	3000	3.651724242
24	1	0.521223538	6.152966986	0.07853120968	17.5	0.1305816674	0.7501880549	41553.01504	78.25749068	98.33602189	2999.600913	4.039919288
24	0	1.214366644	3.025171102	-0.2983072727	7.5	0.130265698	0.7455697043	85446.19042	80	99.70169273	2998.620713	8.435252521
24	1	0.4655103916	7.796404931	5.617960937	20	0.1988647007	0.8037789861	32604.16023	79.90148249	105.5194434	2999.999958	3.820209678
24	1	0.3827590053	8.498262779	2.562886537	20	0.1594459897	0.7810657489	29837.10555	75.27007418	97.83296072	2950.13297	3.013952324
24	0	0.5152570563	6.122638032	-0.2500844456	17.5	0.1274256448	0.7460435352	41763.30928	78.86339741	98.61331296	3000	4.620614217
24	1	2.491541433	2.105075137	7.167058532	0	0.2121031181	0.814846408	123186.7822	80	107.1670585	3000	11.23025909
24	1	0.1810016223	19.9716302	2.655397978	22.5	0.2277774674	0.8522475935	12179.15265	70.19615381	92.85155179	1997.588398	2.863089217
24	1	0.3369784295	8.642172046	0.1807636166	20	0.1267652596	0.7554631726	29325.27191	75.10350551	95.28426913	2950.13297	3.013952324
24	1	0.6910169543	4.954636844	0.09284108284	15	0.1290927211	0.7503968865	51820.71561	77.68623735	97.77907843	2999.044803	5.761840901
24	1	0.7903733575	4.913808336	2.824961133	15	0.1630916537	0.7799608168	52258.76854	76.92320392	99.74816506	2999.75807	5.149554356
24	1	1.204533317	3.408434293	2.511512548	10	0.1668045243	0.7769819523	75736.94751	79.74328451	102.2547971	3000	7.079052869
24	0	1.242794687	2.718231067	-2.171606327	5	0.09868231207	0.7189249735	95196.31911	80	97.82839367	2999.629356	9.299484336
24	1	1.308835124	3.366050275	4.172069916	10	0.185388003	0.7921700118	76701.93065	80	104.1720699	3000	7.293325283
24	1	0.5277826282	6.054257383	0.002704889032	17.5	0.1339159602	0.7492702693	42245.17594	79.74546017	99.74816506	2999.75807	4.671848059
24	1	2.817498257	2.074042141	10.31309042	0	0.2338409385	0.8338169885	125043.4391	79.68690958	110	3000	11.27658443
24	1	0.4275528441	7.881128854	3.766405634	20	0.1810085535	0.7886554489	32243.9829	79.90148249	103.6678881	2999.994955	3.635748537
24	0	0.1485323998	12.34950358	-2.791016658	22.5	0.08481431199	0.7088211354	20251.61944	79.46792392	96.67690726	3000	2.888997787
24	1	0.3691034999	8.009874205	0.8283801522	20	0.1463303186	0.7591229497	31711.24873	80	100.8283802	2999.993399	3.944974848
24	0	0.8693133685	4.031097171	-0.2577362602	12.5	0.1307354282	0.745973122	63899.2318	79.99236802	99.73463176	2999.985375	6.741656658
24	1	1.089981073	4.152921565	5.580826601	12.5	0.1852645682	0.8033442674	61998.37068	74.16733846	99.74816506	2999.75807	6.407400728
24	1	0.4191938753	7.892819164	3.331933707	20	0.176641853	0.7847603873	32194.89228	80	103.3319337	2999.993399	3.944974848
24	0	0.1657569376	12.83313513	-0.06531914848	22.5	0.118276791	0.7489119378	19454.49619	74.87963231	94.81431316	2992.456936	2.889201114
24	1	1.45809384	2.673935935	0.5963575026	5	0.1431734901	0.7564593017	96788.20434	80	100.5963575	2999.638411	9.299484336
24	1	0.7420408007	4.817465272	0.9887437898	15	0.1476406704	0.7609415214	53321.87504	79.69498128	100.6837251	2999.996355	5.421860168
24	1	1.307012198	2.999819926	1.047173096	7.5	0.1492701241	0.7616068519	86175.89335	80	101.0471731	3000	8.717659505
24	1	0.7037101709	4.843405907	0.002704889032	15	0.1339159602	0.7492702693	53031.46993	79.74546017	99.74816506	2999.75807	5.966623498
24	1	2.789440704	2.072326417	9.980361668	0	0.2321696297	0.8320064685	125147.7103	79.95090417	109.9312658	3000	11.23108316
24	1	0.1832606978	12.08709653	0.8080865172	22.5	0.1445426805	0.7588766768	20710.81443	79.4652063	100.2732928	3000	2.889727017
24	1	0.7740679587	4.780389254	1.731638737	15	0.1580817751	0.7690552059	53742.41218	80	101.7316387	3000	5.904654446
24	1	0.8651107691	4.127442711	0.123724319	12.5	0.1294263843	0.7506975629	62386.64461	77.67200628	97.79573059	2999.996355	6.881778827
24	0	0.301092492	8.397155641	-2.20899505	20	0.08912473837	0.7183322308	30207.2	77.45072631	95.24173126	2999.09113	3.201756186
24	1	0.9636005542	3.985533637	1.651677245	12.5	0.1570814669	0.7682094232	64640.03147	80	101.6516772	3000	6.729911115
24	0	0.5120523381	6.164817267	-0.239206232	17.5	0.1257571591	0.7462025559	41471.41	78.25749068	98.01828445	2999.590476	4.034680586
24	1	1.482873255	2.955970981	3.553105413	7.5	0.1790053919	0.7867621001	87467.57927	80	103.5531054	2999.999885	8.717659505
24	1	0.5683036299	5.989957694	1.321325928	17.5	0.1528686898	0.7646481478	42708.32135	80	101.3213259	2999.99489	4.555830483
24	1	1.05563582	3.459598564	0.004209765167	10	0.1339334617	0.74928869	74603.55775	79.74395529	99.74816506	2999.761281	7.293325283
24	1	1.541179206	3.206299907	4.37065601	7.5	0.2049016558	0.8108478369	80568.36154	80	104.370656	2752.594593	8.885632756
24	1	0.9937306628	3.971417963	2.25479706	12.5	0.1644468045	0.7744384815	64872.98144	80	102.2547971	3000	6.388653795
24	1	1.234255218	3.0894445	0.05321718309	7.5	0.1397993457	0.7548774729	83649.82765	79.69494787	99.74816506	2940.01052	8.443550689
24	1	1.533271641	2.659019261	1.545099579	5	0.1557666813	0.7671011022	97336.21957	80	101.5450996	2999.629356	9.299484336
24	0	0.8753802465	4.427650128	-0.08443962691	12.5	0.1561363928	0.7703273622	58095.62804	79.74546017	99.66102054	2735.944602	6.407400728
24	1	0.1624359488	19.68318753	0.006570449559	22.5	0.2080932329	0.8329475048	12370.81803	72.84498134	92.85155179	1997.588398	2
24	1	0.3345237718	8.634469657	0.01419494394	20	0.1247603265	0.7534490782	29352.2344	75.27007418	95.28426913	2950.13297	3.013952324
24	1	0.5241876782	6.13487737	0.136036504	17.5	0.1320695131	0.7508682311	41678.19419	78.47727646	98.61331296	3000	4.622882057
24	1	0.4152801208	7.901750274	3.13851004	20	0.1745363465	0.7829774606	32157.48612	80	103.13851	3000	3.071463294
24	0	0.1594545057	13.4510489	-0.2041464919	22.5	0.1116413608	0.7509780673	18519.45211	72.2953867	92.09124021	2946.47887	2.434227249
24	1	1.770649102	2.194442022	0.06868200437	0	0.1356038158	0.7500741128	118133.4479	79.99572663	100.0644086	3000	11.2295785
24	1	0.8612005739	4.128902191	0.039173148	12.5	0.1281978719	0.7496541534	62364.27412	77.68623735	97.7254105	2999.996355	6.726346334
24	1	0.9903864566	3.973282626	2.188031102	12.5	0.163669614	0.7737830487	64842.11415	80	102.1880311	2999.769056	6.738075276
24	1	0.1624359488	19.68318753	0.006570449559	22.5	0.2080932329	0.8329475048	12370.81803	72.84498134	92.85155179	1997.588398	2.863089217
24	1	0.718861936	4.820167044	0.339032465	15	0.1395033217	0.7533716758	53291.48291	79.99364529	100.3326778	3000	5.391131632
24	1	0.1634279211	13.25916275	0.112342227	22.5	0.1170871983	0.7535163089	18800.48976	72.85967376	92.97201599	2962.868821	2.86219518
24	1	0.6811894819	6.146372525	5.778795238	17.5	0.1977744364	0.8086471243	41598.563	76.98955155	102.7683468	2942.498847	4.468416622
24	1	0.164768834	19.52756573	0.2625939306	22.5	0.2096176369	0.8340002745	12476.57769	72.84498134	93.10757527	2010.181861	2.863089217
24	1	2.787736403	2.071619348	9.951161725	0	0.2320670255	0.8318463912	125190.732	80	109.9511617	3000	11.23024386
24	1	0.521223538	6.152148463	0.07853120968	17.5	0.1305458222	0.7501548182	41558.66327	78.25749068	98.33602189	3000	4.326783195
24	1	0.1656027865	13.23877846	0.3507374896	22.5	0.120802699	0.7563788485	18830.82341	72.85967376	93.21041125	2962.868821	2.862828439
24	0	1.21826526	3.022777253	-0.2412051393	7.5	0.1310052216	0.7461830683	85514.57116	79.99940812	99.75820298	2999.999885	8.075875068
