#gen	Feasible	f1	f2	c1	c2	c3	c4	c5	x1	x2	x3	x4
23	1	0.1587376112	13.72344201	0.01058412418	22.5	0.1117869479	0.7548185244	18134.00035	70.94044811	90.95103224	2931.750805	2.044093447
23	1	0.1587376112	13.72344201	0.01058412418	22.5	0.1117869479	0.7548185244	18134.00035	70.94044811	90.95103224	2931.750805	2.044093447
23	1	0.4758331957	6.764502152	0.01183298967	17.5	0.1071625483	0.7510963704	37715.11078	70.87024604	90.88207903	2976.416263	4.366732626
23	1	0.7644	4.795641464	0	10	0.03537521281	0.7502264953	53568.62572	55	75	2976.796763	7.939870485
23	1	1.60228118	2.89526047	4.31505266	2.5	0.1370389261	0.7927585227	89320.55275	62.55525977	86.87031243	3000	10.20875419
23	1	0.8845221378	4.660502961	2.676114089	10	0.08287731759	0.7778878799	55148.0279	55	77.67611409	2995.838039	7.939870485
23	1	0.1587209212	13.66951964	0.01280278714	22.5	0.1105580448	0.7538254698	18209.08407	70.92185509	90.93465787	2943.941845	2.16679783
23	1	0.8918	4.195252731	0	7.5	0.03529407451	0.7501709143	61363.71014	55	75	2977.459176	8.462953059
23	0	0.3164151865	9.125637467	-0.02438464992	20	0.1096189076	0.753368382	27723.97295	70.82888649	90.80450184	2943.941845	3.494818975
23	1	0.4703350843	6.861086859	0.0941401002	17.5	0.1033409288	0.7517315617	37171.51919	69.56714536	89.66128546	2980.41899	4.268604488
23	1	0.1629456662	13.77030379	0.6184757206	22.5	0.1192300201	0.7619631409	18069.22566	70.33255652	90.95103224	2931.750805	2.044093447
23	1	0.3299805185	9.060788548	0.7137772959	20	0.1212441867	0.7618146822	27928.83742	70.92109603	91.63487333	2947.242058	3.881409544
23	1	0.9439310128	4.017499688	0.420877689	7.5	0.05282737624	0.7535252195	64118.54891	57.1712257	77.59210339	3000	8.033150189
23	1	0.2232368703	12.59685316	6.42141991	22.5	0.1909456382	0.8100660701	19836.28998	73.00446152	99.42588143	2990.602739	2
23	1	0.4757238855	8.712286096	8.497634406	20	0.2088451622	0.8281766439	29082.02735	70.92185509	99.41948949	2913.69322	3.494818975
23	1	1.422908585	2.792792232	0.7695935036	2.5	0.1038899168	0.758071282	92630.76715	67.29005229	88.0596458	3000	10.11513631
23	0	0.8382770787	2.858462762	-7.642238942	0	-0.1584703175	0.594726948	90481.98456	63.03954586	75.39730692	3000	11.73540179
23	1	1.528103541	2.786315408	2.266385293	2.5	0.1243499946	0.7742020509	92848.18056	66.67663929	88.94302459	2999.175268	10.55635549
23	1	1.038801716	3.657133856	0.1409557626	5	0.03946700574	0.7500607253	70525.33206	55.7159825	75.85693827	3000	9.790433342
23	1	3.650225179	2.186479035	21.80497922	0	0.2717468531	0.8783245718	118566.9584	68.19502078	110	3000	11.79091535
23	1	0.1586110652	13.52978656	0.01183298967	22.5	0.1071794792	0.7511107612	18406.43909	70.87024604	90.88207903	2976.244176	2.022244888
23	1	0.8205000191	4.969153803	1.261500062	10	0.07559331394	0.7754294937	51666.69654	55	76.26150006	2842.828821	7.916035238
23	1	0.2131229918	12.4783425	5.039661279	22.5	0.1803678872	0.7991631778	20033.22892	74.33136042	99.3710217	2999.574905	2
23	0	0.3155861398	9.687228471	-0.1072813467	20	0.1261393198	0.7670558441	26064.57514	70.99448111	90.88719976	2769.179935	3.510631133
23	0	0.2691379117	8.776461482	-3.379073884	20	0.05216352428	0.6985085824	28862.79227	74.30542735	90.92635347	2999.532506	3.494818975
23	1	1.077266945	3.654063132	0.8812230576	5	0.05234030926	0.758782596	70585.35495	55.36324379	76.24446685	3000	9.396198383
23	1	1.082246194	4.046524259	3.596115076	7.5	0.09783753019	0.7865675844	63652.18931	55.06118406	78.65729913	2993.657535	8.857095596
23	0	1.497056722	2.603231054	-0.09202591074	0	0.09116348523	0.750817875	99441.45821	66.77953156	86.68750565	2962.787246	11.59310846
23	1	1.538258538	2.51935794	0.04244393517	0	0.09566047927	0.7494187056	102781.9723	68.29515375	88.33759768	3000	11.79136251
23	0	1.479869875	2.595767888	-0.3822804629	0	0.08759982393	0.7471991836	99729.95278	67.16600461	86.78372415	2962.568273	11.5879166
23	1	0.1587376112	14.01543708	0.01058412418	22.5	0.1177915264	0.7599265908	17737.44944	70.94044811	90.95103224	2870.67124	2.04478735
23	1	0.1587376112	14.01353083	0.01058412418	22.5	0.1177531377	0.7598939337	17739.98468	70.94044811	90.95103224	2871.061737	2.044093447
23	0	0.1568183006	14.27559332	-0.1002228757	22.5	0.1176859431	0.7614169227	17397.8034	70.46240605	90.36218318	2837.022723	2.001967546
23	1	0.1587376112	14.01335492	0.01058412418	22.5	0.1177495946	0.7598909196	17740.21867	70.94044811	90.95103224	2871.097777	2.044093447
23	1	0.485273444	6.865657091	0.4663677323	17.5	0.1163672395	0.7595342812	37146.17629	70.4157113	90.88207903	2940.053484	4.02128624
23	1	0.1587376112	14.01543708	0.01058412418	22.5	0.1177915264	0.7599265908	17737.44944	70.94044811	90.95103224	2870.67124	2
23	1	0.3174418424	8.942726862	0.01280278714	20	0.105046529	0.7491378467	28309.43511	70.92185509	90.93465787	3000	3.494818975
23	1	0.1587376112	13.59234673	0.01058412418	22.5	0.1090071945	0.7524538013	18317.57922	70.94044811	90.95103224	2960.026916	2.044093447
23	1	1.1466	3.35497978	0	2.5	0.035161192	0.7500798878	76957.99531	55	75	2978.544028	10.89942623
23	1	0.6288351831	6.340963651	0.1573047166	15	0.1438168291	0.7856821059	40294.36956	69.50398074	89.66128546	2580.839552	5.826847866
23	1	0.3228737238	9.030606925	0.2043464142	20	0.1149656721	0.7557583971	28025.18766	71.43052691	91.63487333	2948.719366	3.881409544
23	1	3.598377463	2.258806978	21.03354059	0	0.2745062302	0.8805236302	114741.5765	68.96645941	110	2893.759618	11.79091535
23	1	1.383104615	2.802769501	0.2556088258	2.5	0.09536824968	0.7519948848	92297.81733	67.29005229	87.54566112	3000	10.11513631
23	1	0.6288413067	5.487051883	0.1432872959	15	0.1041560559	0.7523317126	46705.16314	69.56714536	89.71043266	2980.41899	5.314407447
23	0	1.09622662	3.341412136	-0.6150834673	5	0.05835322179	0.7407745542	77274.13397	62.43827481	81.82319134	3000	9.623140202
23	1	0.6479269763	5.319001036	0.247044707	15	0.1109841798	0.752032712	48209.2215	71.51184535	91.75889006	3000	5.198438813
23	1	0.4758331957	6.72560443	0.01183298967	17.5	0.1054689147	0.7496568292	37938.44236	70.87024604	90.88207903	2993.63045	4.530267394
23	1	0.5622072364	6.6182749	1.76851091	15	0.06961469378	0.7703273424	38568.29105	55	76.76851091	2975.710874	5.421010515
23	0	0.6219906171	5.483015124	-0.09346057498	15	0.1008975903	0.7494195111	46740.21147	69.75474603	89.66128546	2980.41899	5.314407447
23	1	0.8918	4.196150727	0	7.5	0.0353721233	0.7502243789	61350.38541	55	75	2976.821985	8.423578243
23	1	0.8114413459	5.263665215	0.7335327007	12.5	0.1518351265	0.7915826333	48725.49656	69.50398074	90.23751344	2580.839552	6.104726101
23	1	3.505195523	2.165971408	19.68176937	0	0.2664402989	0.8720904741	119698.0832	70.29446419	109.9762336	3000	11.79133634
23	1	0.1613920785	13.62646262	0.2019377302	22.5	0.1165272803	0.7571348484	18269.46513	71.41883213	91.62076986	2931.750805	2.044093447
23	1	1.517220891	2.568663605	0.1609573921	0	0.09144053508	0.7508207864	100791.79	66.71074468	86.87170207	3000	11.59187635
23	0	0.6282709133	5.373230116	-0.1691720526	15	0.1019420404	0.7468557104	47713.58892	70.90480826	90.73563621	3000	5.755720488
23	1	0.1585662499	13.6517341	0.01683854672	22.5	0.1095607887	0.753264312	18233.97947	70.82467305	90.8415116	2951.206319	2.486964727
23	1	3.509827485	2.165951138	19.7355939	0	0.2666165593	0.8722580824	119699.2118	70.2644061	110	3000	11.79091535
23	0	0.5933154945	5.47851722	-1.14004832	15	0.08812922506	0.7370932067	46779.32444	70.82261232	89.68256401	2964.38049	5.347500829
23	1	0.1587376112	13.72344201	0.01058412418	22.5	0.1117869479	0.7548185244	18134.00035	70.94044811	90.95103224	2931.750805	2.044093447
23	1	1.29098328	2.996445224	0.2292189081	2.5	0.07363049068	0.7514715616	86273.96129	62.24111869	82.4703376	3000	10.89206016
23	0	1.4014	2.796617545	0	-2.5	0.03526569619	0.7501514748	92502.83246	55	75	2977.690856	12.17157079
23	0	1.007423435	3.693736579	-0.2795599397	5	0.02831552824	0.7448297435	69817.54966	55.29952626	75.01996632	2999.370031	9.615872148
23	1	0.3499705831	8.840099394	1.828530172	20	0.1324615903	0.7698131053	28648.53655	70.88529655	92.71382673	3000	3.881409544
23	1	0.1672757166	13.01508367	0.4624281653	22.5	0.1201310055	0.7546699863	19169.94397	73.1848426	93.64727076	3000	2.04478735
23	1	0.6344442609	5.369059792	0.01183298967	15	0.1048422406	0.7491241739	47751.34868	70.87024604	90.88207903	3000	5.132327854
23	1	0.1587209212	13.66951964	0.01280278714	22.5	0.1105580448	0.7538254698	18209.08407	70.92185509	90.93465787	2943.941845	2.20171487
23	1	1.1466	3.391310504	0	2.5	0.03906966869	0.7527572536	76123.91146	55	75	2946.635225	10.89942623
23	1	0.1679146298	13.02140389	0.5515654023	22.5	0.1211959036	0.7557220872	19160.20259	73.09570536	93.64727076	3000	2.04478735
23	1	0.7525707528	5.361712621	3.59526343	15	0.1527954791	0.7882128237	47818.01576	69.56714536	93.16240879	2980.41899	5.32324814
23	0	0.70637783	4.517453675	-2.497624149	10	0.002351399617	0.7130653578	56922.83976	59.88651306	77.38888891	2999.983293	7.939870485
23	1	3.502595853	2.192950801	19.63065158	0	0.2680500605	0.8735703488	118214.3914	70.36934842	110	2961.643584	11.5881108
23	0	0.5580622058	5.411743352	-2.393485085	15	0.06663413067	0.7170363	47367.62523	72.05477054	89.66128546	2980.41899	5.317519757
23	1	1.590455128	2.509564272	0.6419643412	0	0.1057324599	0.7566966361	103186.595	68.30106025	88.94302459	2999.144202	11.79091535
23	1	0.7944265617	4.68850196	0.4826140356	10	0.04642204417	0.7541750869	54813.31786	55.72027283	76.20288686	3000	7.986385329
23	0	0.9504003271	3.595660966	-1.914112369	5	0.00593206639	0.7221421267	71746.44873	57.98419579	76.07008342	3000	9.718131376
23	1	0.5504865244	6.627439088	2.453904789	17.5	0.149659077	0.7804015004	38513.71569	72.16180167	94.61570646	2943.681745	4.359103889
23	0	0.5649540799	6.45463017	-2.14907128	15	0.1235222412	0.7656494288	39568.93364	71.81035674	89.66128546	2502.343504	5.081135447
23	1	0.5765457889	6.546178959	3.691363529	17.5	0.1564012043	0.7877243754	39002.97266	70.92878987	94.6201534	3000	4.373490028
23	1	0.2236418531	12.57197745	6.497977966	22.5	0.1906981527	0.8100348779	19877.32012	72.87304374	99.3710217	2999.574905	2
23	1	0.1587376112	14.01339153	0.01058412418	22.5	0.1177503321	0.7598915469	17740.16997	70.94044811	90.95103224	2871.090276	2.442372247
23	1	0.5349640165	6.617604885	2.202469463	17.5	0.1375186242	0.7736938265	38572.28711	70.85386045	93.05632991	2999.406842	4.992893408
23	1	0.1587376112	13.72344201	0.01058412418	22.5	0.1117869479	0.7548185244	18134.00035	70.94044811	90.95103224	2931.750805	2.044093447
23	1	0.5934413612	6.670591748	4.293806445	17.5	0.1686935327	0.7976143893	38258.74481	70.94044811	95.23425456	2932.094081	4.369965059
23	1	0.6271134458	5.488869488	0.0941401002	15	0.1033409288	0.7517315617	46689.39898	69.56714536	89.66128546	2980.41899	5.314407447
23	1	0.3794796692	8.712306115	3.342356698	20	0.1532659037	0.7845990356	29081.95846	71.27334976	94.61570646	3000	3.881409544
23	1	1.395292373	2.81689351	0.5416503477	2.5	0.09802918164	0.7553938329	91830.52002	66.74168913	87.28333948	3000	10.89561673
23	0	0.1016973204	14.14433903	-6.620336298	22.5	-0.05672059	0.6286885179	17567.60031	70.87024604	84.24990974	2976.416263	2
23	1	0.7644	4.758549995	0	10	0.03253307202	0.7482795858	53993.19231	55	75	3000	7.939870485
23	1	0.1743566217	13.56713172	1.746366376	22.5	0.1376053116	0.7742103349	18353.29578	70.94044811	92.68681449	2931.750805	2.044093447
23	1	3.507757269	2.16565373	19.70553581	0	0.2665378388	0.8721651382	119715.7736	70.29446419	110	3000	11.79091535
23	1	0.6271134458	5.488869488	0.0941401002	15	0.1033409288	0.7517315617	46689.39898	69.56714536	89.66128546	2980.41899	5.314407447
23	1	0.8918	4.194926317	0	7.5	0.03526569619	0.7501514748	61368.55497	55	75	2977.690856	8.440937664
23	1	0.8949356215	4.158268152	0.04427422674	7.5	0.03382058049	0.7488319994	61917.49767	55.06232851	75.10660273	3000	8.642032419
23	1	0.1605958739	13.99405465	0.2188300402	22.5	0.1210155278	0.7623419124	17765.92682	70.94044811	91.15927815	2871.097777	2.044093447
23	1	0.2131229918	12.4783425	5.039661279	22.5	0.1803678872	0.7991631778	20033.22892	74.33136042	99.3710217	2999.574905	2
23	0	0.1574085781	13.63771168	-0.1803272596	22.5	0.1078393872	0.7511941164	18253.6532	71.1313595	90.95103224	2947.023715	2.044093447
23	1	0.6271134458	5.488869488	0.0941401002	15	0.1033409288	0.7517315617	46689.39898	69.56714536	89.66128546	2980.41899	5.314407447
23	0	0.1511590664	13.68867724	-1.00351406	22.5	0.09734374685	0.7418721511	18182.3405	71.69779812	90.69428405	2931.685778	2.044776484
23	1	0.2076555715	13.25207349	5.342551345	22.5	0.1796820423	0.8059100166	18811.02863	70.94044811	96.28299946	2931.750805	2.044093447
23	1	0.6436452097	5.314491763	0.09446531728	15	0.1090615394	0.7501713452	48250.88999	71.66442474	91.75889006	3000	5.314399144
