#gen	Feasible	f1	f2	c1	c2	c3	c4	c5	x1	x2	x3	x4
26	1	0.5264689594	6.074047378	0.02046079907	17.5	0.1332305023	0.7494635841	42104.60364	79.43380209	99.45426289	3000	4.072029846
26	1	0.8036659275	4.806585479	2.697416532	15	0.1669913081	0.7787729119	53444.60723	78.97735063	101.6747672	3000	5.028142325
26	1	0.5615280696	5.997996273	1.093614242	17.5	0.1498863058	0.7621275512	42649.87701	80	101.0936142	3000	4.317269716
26	1	0.4738180512	7.771578343	5.995975132	20	0.2023912913	0.8066035706	32711.19048	79.99483246	105.9908076	3000	3.911085826
26	1	0.8820003479	4.024589995	7.099896365e-06	12.5	0.1346073234	0.7492223106	64004.00273	80	100.0000071	3000	6.791378067
26	0	0.5145155881	6.255346902	-0.2529878102	17.5	0.1324807394	0.7510730778	40858.19568	78.75018057	98.49719276	2940.12575	4.072029846
26	1	1.074784351	3.453712865	0.2782582819	10	0.1393899422	0.7533357614	74732.22833	80	100.2782583	2991.540071	7.547357307
26	1	0.1776823976	14.72234144	1.132374962	22.5	0.1735484745	0.7958218544	16842.55821	75.23040154	96.3627765	2578.417407	2
26	0	0.8793023836	4.025903302	-0.05506855925	12.5	0.1337930718	0.7485349075	63982.83011	80	99.94493144	2999.999403	6.952162298
26	1	0.1306093696	18.78340718	0.02131200593	22.5	0.08955081189	0.7822882643	13006.52918	56.55584421	76.57715621	2598.354663	2
26	1	1.05875003	3.449527152	0.005952711769	10	0.1346949593	0.7492962967	74824.00171	80	100.0059527	3000	7.512279178
26	1	0.8822828407	4.217584784	0.005772092222	12.5	0.1468412992	0.760774406	61034.02466	80	100.0057721	2862.623649	6.492749213
26	1	0.5432711307	6.019858716	0.4774699985	17.5	0.1414810912	0.7550266283	42491.71604	80	100.47747	3000	4.072029846
26	1	0.5467681912	6.015651134	0.5957827374	17.5	0.1431345456	0.756423199	42522.06591	80	100.5957827	3000	4.072029846
26	1	0.5440331834	6.018941023	0.5032636751	17.5	0.1418432107	0.7553324758	42498.33186	80	100.5032637	3000	4.641487385
26	1	0.1943426345	13.42434872	2.597524564	22.5	0.1781185035	0.795275775	18558.07618	76.45811132	99.05563589	2763.266297	2
26	1	1.117715427	3.429246142	1.003738154	10	0.1486912027	0.7611177678	75271.84337	79.99995318	101.0036913	3000	7.534325115
26	1	0.5264689594	6.084562573	0.02046079907	17.5	0.1336915269	0.7498965551	42030.28412	79.43380209	99.45426289	2994.815472	4.072029846
26	1	0.2003608737	11.90298828	2.415806509	22.5	0.1663451663	0.7760445561	21045.07747	80	102.4158065	3000	2.854328652
26	1	2.793	2.162781836	10	0	0.2394935315	0.8392377011	119875.9357	80	110	2872.744773	11.56372475
26	1	0.1474417626	18.44989637	2.232347027	22.5	0.1249926205	0.8036566931	13257.9115	56.55584421	78.78819123	2598.354663	2.68213248
26	0	0.695278687	4.89889992	-0.06365066281	15	0.1314170837	0.7491044	52420.54222	78.99847063	98.93481997	2991.650658	5.587203694
26	1	1.588139995	2.414666584	0.006122210127	2.5	0.1346974569	0.7492984052	107277.2538	80	100.0061222	3000	10.27869468
26	1	0.6203581837	5.929249281	3.05398439	17.5	0.1736052114	0.7821891147	43154.81835	80	103.0539844	3000	4.646755007
26	1	1.833422833	2.375941185	2.749313334	2.5	0.1701907209	0.7792987818	109040.4319	80	102.7493133	3000	10.24091959
26	1	1.764882484	2.227059162	0.009004528507	0	0.1385448406	0.7529298323	116390.1037	80	100.0090045	2956.967676	11.47852204
26	0	1.232831403	3.027094614	-0.02870086621	7.5	0.134898149	0.7495396912	85391.32332	80	99.97129913	2991.933775	8.708346488
26	1	1.411679996	2.682962871	0.006122210127	5	0.1346974569	0.7492984052	96459.52846	80	100.0061222	3000	9.472661585
26	1	2.081830896	2.154344679	3.192221036	0	0.1751244508	0.7834754128	120348.936	80	103.192221	3000	11.06593928
26	1	0.1339873038	18.71493322	0.4701143154	22.5	0.09737750068	0.7870004839	13057.41021	56.55584421	77.02595852	2598.354663	2.68213248
26	1	0.7885000299	4.770239688	2.092896737	15	0.162509652	0.77279985	53858.674	79.99999485	102.0928916	3000	5.064313812
26	1	0.1817104122	12.51067059	0.9289046258	22.5	0.147550782	0.7650528701	19979.13659	78.13014509	99.05904972	2939.5944	2.356116896
26	1	0.9504691142	3.991816898	1.387700301	12.5	0.1537303348	0.7653769506	64536.86914	80	101.3877003	2999.939474	6.771171754
26	1	0.5264689594	6.084562573	0.02046079907	17.5	0.1336915269	0.7498965551	42030.28412	79.43380209	99.45426289	2994.815472	4.072029846
26	1	2.335429666	2.123419382	5.670161315	0	0.1995431534	0.8041762841	122114.795	80	105.6701613	3000	11.56367708
26	0	-0.01774750515	13.83657682	-22.2966795	22.5	3.037844263	3.175026622	17978.36879	80	77.7033205	2999.991543	2.854328652
26	1	1.411676146	2.683048079	0.006073112755	5	0.1347050818	0.7493056834	96456.43654	80	100.0060731	2999.905599	9.805373928
26	1	0.7430958933	4.915611288	1.455384852	15	0.1479986793	0.7660472604	52239.27092	77.62554859	99.08093344	3000	5.587203694
26	1	1.2422924	3.016921804	0.1091590764	7.5	0.1362453199	0.7506090364	85682.29047	80	100.1091591	2999.573657	8.237518967
26	1	1.431524528	2.678952661	0.2589062678	5	0.1383752177	0.7524036793	96605.26907	80	100.2589063	3000	9.906440243
26	0	0.1742844907	12.29441244	-0.07869576122	22.5	0.1340642328	0.7507334364	20346.39963	79.31127251	99.23257675	2970.086254	2.383669941
26	1	0.8820003479	4.024671194	7.099896365e-06	12.5	0.1346126778	0.7492273701	64002.69326	80	100.0000071	2999.939474	6.774325932
26	1	1.579106075	2.440522708	0.1079833371	2.5	0.1331796855	0.7505354183	106131.1697	78.98376364	99.09174698	3000	10.26676568
26	1	0.4577749439	7.957502313	5.451996669	20	0.1975502619	0.8045028225	31925.87799	79.03837201	104.4903687	2969.428071	3.926654425
26	1	0.1759262881	12.21246441	0.1770941061	22.5	0.1339157327	0.7514026494	20488.96714	78.88195561	99.05904972	2999.739241	2.927492861
26	0	0.6992553491	4.834142748	-0.1619845333	15	0.1321991934	0.7471894105	53134.81312	80	99.83801547	3000	5.558426751
26	1	0.5716903371	6.333096954	1.648478029	17.5	0.1655298292	0.7787186475	40345.53941	78.99847063	100.6469487	2863.259859	4.304771503
26	1	0.2233649634	11.76648896	4.682704589	22.5	0.1907717357	0.7967789909	21299.65538	80	104.6827046	2994.807911	2.346519504
26	1	0.8820003479	4.024589995	7.099896365e-06	12.5	0.1346073234	0.7492223106	64004.00273	80	100.0000071	3000	6.783925655
26	1	2.793	2.071040071	10	0	0.2323835065	0.8321163435	125226	80	110	3000	11.56372475
26	1	1.490287142	2.667191423	1.00373664	5	0.1486911867	0.7611177508	97035.22794	79.99995469	101.0036913	3000	9.119345341
26	1	0.3630124933	8.038235437	0.5199889938	20	0.1425113152	0.7559454049	31596.18676	79.99856063	100.5185496	2994.906671	3.536735264
26	1	0.1391139818	16.70076878	1.577156213	22.5	0.068774922	0.7701082947	14740.71711	55	76.57715621	2952.756	2.401923567
26	1	0.8820003479	4.024671194	7.099896365e-06	12.5	0.1346126778	0.7492273701	64002.69326	80	100.0000071	2999.939474	6.783925655
26	1	0.5264689594	6.084562573	0.02046079907	17.5	0.1336915269	0.7498965551	42030.28412	79.43380209	99.45426289	2994.815472	4.566751718
26	1	0.1344395687	18.70582578	0.5300052128	22.5	0.09839554555	0.7876136747	13064.20575	56.55584421	77.08584942	2598.354663	2.68213248
26	1	0.2027453154	11.91187461	2.702639502	22.5	0.1690931278	0.7788435525	21028.70631	79.77595858	102.4785981	3000	2.858049821
26	1	1.117715427	3.429305952	1.003738154	10	0.1486955858	0.7611219342	75270.51486	79.99995318	101.0036913	2999.947677	7.028443329
26	1	0.8155852857	4.751376644	2.767453101	15	0.1703966099	0.7794730409	54076.06685	80	102.7674531	3000	5.616348944
26	1	0.2311752199	11.91559645	5.674673184	22.5	0.1994732367	0.8061019325	21021.85687	79.04039825	104.7150714	2970.62062	2.330895791
26	1	1.516210835	2.662053793	1.330571812	5	0.1529879854	0.7647489358	97224.238	80	101.3305718	3000	9.509767999
26	1	0.2612187393	12.34843762	0.02131200593	20	0.08518049619	0.7792234503	20253.44532	56.55584421	76.57715621	2634.932727	3.029624066
26	1	1.588135918	2.414667245	0.006075978756	2.5	0.1346967757	0.7492978301	107277.2242	80	100.006076	3000	10.89123678
26	1	0.8766915907	4.709686335	4.273276916	15	0.1864002022	0.7930279485	54562.71692	80	104.2732769	3000	5.603702391
26	1	2.088206343	2.153549401	3.255244898	0	0.1758110123	0.7840567627	120393.7116	80	103.2552449	3000	11.47852204
26	1	0.8898913977	4.021935624	0.1669187821	12.5	0.1369606744	0.7512820252	64046.83765	79.97020289	100.1371217	3000	6.262278156
26	1	0.6203581837	5.929249281	3.05398439	17.5	0.1736052114	0.7821891147	43154.81835	80	103.0539844	3000	4.646755007
26	1	0.1842925436	12.71576784	1.267804683	22.5	0.1546655479	0.7720811776	19642.36939	77.78783121	99.05563589	2897.342735	2.588415598
26	1	2.03397691	2.160344318	2.717930689	0	0.1698337361	0.7789966465	120012.2073	80	102.7179307	3000	11.47852204
26	1	0.7056391254	4.829479661	0.0009980915738	15	0.1346219338	0.7492346454	53186.98624	80	100.0009981	3000	5.558426751
26	1	0.5963605614	5.957009252	2.258954236	17.5	0.1644950572	0.774480232	42949.52062	79.99956974	102.258524	3000	4.882511856
26	0	0.1279226204	16.67298536	-0.3375443281	22.5	0.04186297853	0.7495795275	14766.78038	56.55584421	76.21829988	2935.824784	2.672102579
26	0	2.113970935	1.857767744	-0.02405957048	-5	0.1342520513	0.7489223784	139705.3048	80	99.97594043	3000	13.2470838
26	0	0.6810533381	4.898631092	-0.4210027862	15	0.1250473794	0.7438498181	52423.46835	78.94747528	98.5264725	2999.939981	5.581700921
26	1	1.579106075	2.440522708	0.1079833371	2.5	0.1331796855	0.7505354183	106131.1697	78.98376364	99.09174698	3000	10.26676568
26	1	0.3393333165	9.668923237	0.02081994577	20	0.1610172298	0.7829475616	26115.62455	76.46419175	96.4850117	2598.344104	3.988535334
26	1	0.1327286623	19.05650773	0.4049865547	22.5	0.09811651951	0.7888347193	12807.23344	56.17216966	76.57715621	2567.660699	2.68213248
26	0	0.1251285595	12.61017111	-5.225457626	22.5	0.0263143613	0.6615043266	19814.38981	79.03314058	93.80768295	2996.376764	2
26	1	0.3493655657	8.217580549	0.01726388015	20	0.1347062431	0.7519465819	30886.97166	79.03837201	99.05563589	2969.687152	3.926654425
26	1	0.1306093696	18.78340718	0.02131200593	22.5	0.08955081189	0.7822882643	13006.52918	56.55584421	76.57715621	2598.354663	2.68213248
26	1	0.9490261793	3.99250039	1.35865154	12.5	0.1533558972	0.765060448	64525.66675	80	101.3586515	2999.939474	6.442790814
26	1	2.793	2.071040071	10	0	0.2323835065	0.8321163435	125226	80	110	3000	11.84198868
26	1	0.4156776047	7.92558427	3.191977772	20	0.1751343627	0.7838369954	32058.0749	79.84960176	103.0415795	2994.906671	3.536735264
26	1	1.073949495	3.465579532	0.329725784	10	0.1392310367	0.7539892843	74473.25218	79.67622693	100.0059527	2991.039004	7.532246959
26	1	1.766767686	2.194864084	0.02823770953	0	0.1350229632	0.7495732152	118110.5583	80	100.0282377	3000	11.47965233
26	0	1.407404356	2.683829438	-0.04842555175	5	0.133891478	0.7486179771	96428.09259	80	99.95157445	3000	9.768050448
26	1	0.7109765995	4.825612295	0.1371504325	15	0.1366141915	0.7509177409	53230.33291	79.99957127	100.1367217	3000	5.05083396
26	1	0.2161233121	12.02713435	4.199061129	22.5	0.1856262836	0.7945213188	20818.55675	79.03375379	103.2328149	2968.976223	2.9386118
26	1	1.235216628	3.112130138	0.006073112755	7.5	0.1426926694	0.7568536712	83033.50805	80	100.0060731	2909.583443	8.708346488
26	1	0.5264689594	6.074047378	0.02046079907	17.5	0.1332305023	0.7494635841	42104.60364	79.43380209	99.45426289	3000	4.072029846
26	0	0.120756342	17.61631713	-1.729324647	22.5	0.04612143572	0.74892384	13927.84387	58.30648086	76.57715621	2738.405595	2.68213248
26	1	0.1696666582	14.50338486	0.02081994577	22.5	0.1610172298	0.7829475616	17110.41637	76.46419175	96.4850117	2598.344104	2
26	1	0.5264689594	6.528184245	0.02046079907	17.5	0.1517884748	0.766892293	39112.96382	79.43380209	99.45426289	2791.303286	4.072029846
26	0	0.9651975878	3.664101233	-1.597831739	10	0.1234022047	0.7411011861	70389.51504	79.9999531	98.40212137	2851.32853	7.534325115
26	1	0.3493655657	8.217580549	0.01726388015	20	0.1347062431	0.7519465819	30886.97166	79.03837201	99.05563589	2969.687152	3.926654425
26	1	0.1366921744	16.28224743	0.9634253474	22.5	0.05789025515	0.7600213839	15142.74847	56.05407921	77.01750456	2996.695841	2.920249074
26	1	0.3509793062	8.112750097	0.02046079907	20	0.1336915269	0.7498965551	31297.71309	79.43380209	99.45426289	2994.815472	3.924961849
26	0	0.743014587	4.094059958	-2.877847017	12.5	0.08496392335	0.7073639962	62902.68064	80	97.12215298	2999.999581	6.783925655
26	1	1.571596771	2.934615921	4.794631472	7.5	0.1914814968	0.7973361923	88110.62594	80	104.7946315	3000	8.708346488
26	0	0.1686926329	12.13040917	-0.7895832374	22.5	0.1224817361	0.7389888984	20633.6512	80	99.21041676	3000	2.852919956
