#gen	Feasible	f1	f2	c1	c2	c3	c4	c5	x1	x2	x3	x4
3	1	1.982774227	2.863175292	4.261510536	0	0.2051991087	0.8289407142	90331.57801	71.2621977	95.52370824	2475.128625	11.98893032
3	1	1.205863467	5.269480543	3.31524439	10	0.2442393861	0.8559053656	48670.73053	76.30149051	99.61673489	2006.033151	7.755268533
3	0	0.2733578735	6.924941072	-12.45093207	12.5	-0.2080482901	0.5297469437	36820.46538	70.12508072	77.67414865	2130.262991	6.266462848
3	1	0.1954027978	22.71689425	6.499078923	22.5	0.2486308457	0.8796764013	10598.57886	61.99481548	88.4938944	1895.403727	2.092019247
3	1	0.637	8.906128134	0	12.5	0.1709392145	0.8430898908	28429.46799	55	75	1870.052253	6.265369906
3	1	1.893568706	2.300084723	2.531161457	0	0.1527668973	0.7770317855	112666.2515	74.49178108	97.02294253	3000	11.75777485
3	1	1.982757308	2.658301135	4.2613298	0	0.190183849	0.8157556744	97362.75757	71.2621977	95.5235275	2665.88888	11.98895198
3	1	0.637	8.905580258	0	12.5	0.1709251225	0.8430802376	28431.27235	55	75	1870.1673	6.266462848
3	1	0.2110331548	23.42092119	8.28338617	22.5	0.2658029614	0.891937283	10252.9345	61.99486021	90.27824638	1814.793402	2.092019247
3	1	0.7037248427	8.066466893	1.683405317	12.5	0.1755713678	0.8431830301	31482.45485	55.39204279	77.07544811	2024.159397	6.266462848
3	1	1.658711353	3.939719277	3.108712104	5	0.2490199853	0.8546978885	65402.18593	80	103.1087121	2006.013547	9.843528383
3	1	1.514193347	4.035692848	1.599625588	5	0.2346101144	0.8446151829	63825.44117	78.61697165	100.2165972	2006.013547	9.357104777
3	1	1.63178579	3.600613936	0.4997240569	2.5	0.2273448027	0.8363698431	71646.51697	80	100.4997241	2006.013547	10.06619185
3	1	0.637	8.905580258	0	12.5	0.1709251225	0.8430802376	28431.27235	55	75	1870.1673	6.266462848
3	1	1.893568706	2.300084723	2.531161457	0	0.1527668973	0.7770317855	112666.2515	74.49178108	97.02294253	3000	11.75777485
3	1	0.1941219964	23.80408322	6.335002655	22.5	0.2545207111	0.8844142387	10073.41148	62.04937728	88.38437994	1809.712085	2.092019247
3	1	1.406840711	4.610795475	3.31524439	7.5	0.2442393861	0.8559053656	55752.26346	76.30149051	99.61673489	2006.033151	8.242610191
3	1	0.637	8.905580258	0	12.5	0.1709251225	0.8430802376	28431.27235	55	75	1870.1673	6.266462848
3	1	0.8159354587	6.500198108	0.5747988772	12.5	0.2027276651	0.8321594491	39285.23677	70.64531906	91.22011793	2062.935055	6.999839111
3	1	1.185181577	4.773615835	1.236533921	7.5	0.2068805299	0.8347900355	53819.94585	70.73540135	91.97193527	2095.301292	8.199111829
3	1	0.637	8.905580258	0	12.5	0.1709251225	0.8430802376	28431.27235	55	75	1870.1673	6.266462848
3	1	1.245090166	5.047837606	2.640321844	7.5	0.2237547429	0.8512823831	50847.30655	68.84655469	91.48687653	2008.878958	8.637286953
3	1	1.049205511	5.782111826	2.30482665	10	0.2207314495	0.8490730822	44275.88173	68.84655469	91.15138134	2008.847587	7.752658303
3	1	0.637	8.913830512	0	12.5	0.1711371443	0.8432254757	28404.1246	55	75	1868.436354	6.266462848
3	1	1.113438206	5.922565529	3.910251527	10	0.2335925183	0.8611525978	43204.53523	67.24112981	91.15138134	1978.88832	7.757868478
3	0	0.6194804629	8.866580791	-0.6462785336	12.5	0.1644466522	0.8379326592	28560.28533	55.64627853	75	1870.1673	6.266462848
3	1	1.893568706	2.300084723	2.531161457	0	0.1527668973	0.7770317855	112666.2515	74.49178108	97.02294253	3000	11.96304264
3	1	1.450476258	4.000682151	0.4997240569	5	0.2273448027	0.8363698431	64391.86528	80	100.4997241	2006.013547	9.843528383
3	0	3.017667185	2.660424118	7.387555375	-5	0.2755169561	0.8771779846	97284.34522	80	107.3875554	2006.013547	13.58229399
3	0	1.548121908	2.533210181	-1.172662385	0	0.1189335443	0.7523767178	102215.0127	74.49178108	93.31911869	2788.352923	11.96304264
3	1	1.769010987	2.319234253	1.212199781	0	0.1353589832	0.7633030235	111728.5539	74.49178108	95.70398086	3000	11.75767413
3	1	1.076162345	5.763020537	2.801946343	10	0.2252680097	0.8523662016	44425.5369	68.86445863	91.66640498	2008.318243	7.757868478
3	1	0.2110331548	22.7044179	8.28338617	22.5	0.2615679874	0.8885270528	10604.89747	61.99486021	90.27824638	1872.064433	2.092019247
3	1	0.256857709	20.62283098	11.57489768	22.5	0.285214757	0.899170025	11766.15627	67.22143554	98.79633322	1889.349186	2.755370447
3	1	0.5734413559	9.701335771	2.14091783	15	0.1797056118	0.8463862884	26025.36432	55	77.14091783	2023.792683	5.77850462
3	1	1.269166726	4.739391709	0.4997240569	7.5	0.2360378432	0.8446084805	54215.08987	80	100.4997241	1905.012493	8.884018422
3	1	0.2249634694	22.9266856	8.019742094	22.5	0.2802794477	0.8964435223	10493.36076	67.91613663	95.93587873	1725.894643	2.755370447
3	1	1.265772895	5.458678475	4.354202116	10	0.2575202534	0.8674833506	46952.60777	76.21318912	100.5673912	1926.155049	7.757950699
3	0	1.41675301	2.97674436	-0.8904958627	2.5	0.1417437165	0.7720354229	86850.90113	74.5026844	93.61218854	2605.170187	10.36272693
3	1	1.152923134	5.824921187	4.72447087	10	0.2369015395	0.8636599825	43943.86854	66.94193411	91.66640498	2008.318243	7.757868478
3	1	1.769010987	2.319234253	1.212199781	0	0.1353589832	0.7633030235	111728.5539	74.49178108	95.70398086	3000	11.75767413
3	0	0.08654061873	25.44671987	-7.119762748	22.5	0.06266661423	0.7574625865	9365.055824	62.11976275	75	1870.73766	2.055145511
3	0	0.6366404174	8.904773683	-0.01334096472	12.5	0.1707957381	0.8429773858	28433.92911	55.01334096	75	1870.1673	6.266462848
3	1	0.637	8.905580258	0	12.5	0.1709251225	0.8430802376	28431.27235	55	75	1870.1673	6.266462848
3	0	1.729834981	3.331183217	-1.972752063	-2.5	0.2180481147	0.8300704973	77514.17989	80	98.02724794	1833.58952	12.63653674
3	1	2.263746306	3.38448717	8.414083102	0	0.2523931447	0.8732502153	76279.19639	67.08874414	95.50282724	2141.25234	11.98893122
3	1	0.731414917	8.720733359	2.526556794	12.5	0.2004953228	0.8604395134	29052.98552	55	77.52655679	1870.1673	6.266462848
3	0	2.401589564	2.372170261	6.379699486	-2.5	0.2069248637	0.8281192118	109215.1988	71.2621977	97.64189719	2701.257717	12.2975111
3	1	0.2896171742	22.0440804	16.74666858	22.5	0.3022156593	0.9163406958	10949.53036	62.04966464	98.79633322	1814.793402	2.092019247
3	1	1.707843897	3.860779296	3.313074952	2.5	0.2332046189	0.8541924864	66757.84314	71.40118668	94.71426163	2028.258247	10.36272693
3	1	1.893568706	2.300084723	2.531161457	0	0.1527668973	0.7770317855	112666.2515	74.49178108	97.02294253	3000	11.96304264
3	0	0.6267412548	8.209995007	-0.3793502055	12.5	0.1480993678	0.8269991964	30916.34091	55.37935021	75	2023.39701	6.266462848
3	1	0.922263646	6.892472944	3.74045561	12.5	0.2323235153	0.8599609563	36998.15384	67.41092573	91.15138134	1981.941421	6.660747166
3	1	0.8159354587	7.606686113	0.5747988772	12.5	0.2314234031	0.8565739647	33439.78951	70.64531906	91.22011793	1762.855249	6.999839111
3	1	0.7134498476	8.36445838	2.048431041	12.5	0.1859581558	0.850831191	30328.80026	55.01314081	77.06157185	1957.157144	6.266462848
3	1	1.864895125	2.194905951	1.15113159	0	0.14896558	0.7627547493	118108.2882	79.39381488	100.5449465	3000	11.0734138
3	1	1.450476258	4.000682151	0.4997240569	5	0.2273448027	0.8363698431	64391.86528	80	100.4997241	2006.013547	9.843528383
3	1	1.893568706	2.300084723	2.531161457	0	0.1527668973	0.7770317855	112666.2515	74.49178108	97.02294253	3000	11.96304264
3	1	2.05843786	2.812607413	4.743143499	0	0.2123595596	0.8322660483	91971.83088	72.5184826	97.2616261	2475.128625	11.98893122
3	1	1.243688605	5.048676186	2.617987039	7.5	0.2235588806	0.8511395171	50838.71138	68.84655469	91.46454173	2008.847587	8.622166262
3	1	0.284290346	21.08084938	15.87676821	22.5	0.2962909752	0.9108789429	11490.96183	62.91956501	98.79633322	1889.349186	2.753143492
3	1	1.833871978	3.290084641	0.7764336837	0	0.2298529378	0.8390497069	78493.70214	79.68007714	100.4565108	1999.525916	11.91008771
3	1	0.637	8.905580258	0	12.5	0.1709251225	0.8430802376	28431.27235	55	75	1870.1673	6.266462848
3	1	1.189965852	5.186827049	2.961722186	10	0.2399331607	0.8516534376	49460.65354	76.65501271	99.61673489	2034.314927	7.755268533
3	1	0.2906213311	21.07118718	16.77338987	22.5	0.2983256529	0.9127804074	11496.64371	62.25650377	99.02989364	1893.531123	2.11486222
3	1	0.8159354587	6.406512021	0.5747988772	12.5	0.199842839	0.8297050208	39872.88845	70.64531906	91.22011793	2093.102533	6.999839111
3	1	2.04780313	2.519947117	4.953657964	0	0.1866540055	0.8118136028	102757.7308	71.2621977	96.21585567	2799.666264	11.96304264
3	1	0.637	8.905580258	0	12.5	0.1709251225	0.8430802376	28431.27235	55	75	1870.1673	6.266462848
3	1	0.6790038648	8.636237714	0.6748473303	12.5	0.1850959258	0.8481962633	29346.041	56.68711833	77.36196566	1870.1673	6.266462848
3	1	0.1953925069	23.72571312	6.497385106	22.5	0.2550608472	0.8847865009	10109.65854	61.9965093	88.4938944	1814.793402	2.092019247
3	1	0.2896171742	21.11914668	16.74666858	22.5	0.2979330983	0.9126767546	11468.49215	62.04966464	98.79633322	1894.274057	2.092019247
3	1	0.8159354587	7.606686113	0.5747988772	12.5	0.2314234031	0.8565739647	33439.78951	70.64531906	91.22011793	1762.855249	6.999839111
3	1	1.300287007	6.857810932	16.28139957	12.5	0.2720894817	0.9001714954	37189.70568	55	91.28139957	2131.616363	6.292841695
3	1	0.2110331548	23.42092119	8.28338617	22.5	0.2658029614	0.891937283	10252.9345	61.99486021	90.27824638	1814.793402	2.092019247
3	1	0.2386001759	20.33717279	8.858331297	22.5	0.2764314635	0.8899299386	11944.06651	69.93800192	98.79633322	1889.349186	2.755370447
3	1	1.265772895	5.241370938	4.354202116	10	0.251613035	0.8619892028	48936.57961	76.21318912	100.5673912	2006.013547	7.757950699
3	0	2.069845037	3.012247162	1.367118179	-2.5	0.2336376117	0.8429479733	85816.65568	79.17782829	100.5449465	2006.013547	12.01962981
3	1	1.893568706	2.300084723	2.531161457	0	0.1527668973	0.7770317855	112666.2515	74.49178108	97.02294253	3000	11.96304264
3	1	1.450476258	4.000682151	0.4997240569	5	0.2273448027	0.8363698431	64391.86528	80	100.4997241	2006.013547	9.843528383
3	1	0.8159354587	6.406512021	0.5747988772	12.5	0.199842839	0.8297050208	39872.88845	70.64531906	91.22011793	2093.102533	6.999839111
3	1	0.8515796832	6.372912713	1.368791526	12.5	0.2082207358	0.8359727384	40087.85152	70.64531906	92.01411058	2093.102533	6.999839111
3	1	1.893568706	2.300084723	2.531161457	0	0.1527668973	0.7770317855	112666.2515	74.49178108	97.02294253	3000	11.96304264
3	1	1.450476258	4.000682151	0.4997240569	5	0.2273448027	0.8363698431	64391.86528	80	100.4997241	2006.013547	9.843528383
3	1	0.637	8.912177401	0	12.5	0.1710946927	0.8431963957	28409.5602	55	75	1868.782929	6.266462848
3	1	0.1986878911	23.90757032	7.090467549	22.5	0.2578638596	0.8875592576	10025.9116	61.29391239	88.38437994	1809.712085	2
3	1	1.679339365	4.123841786	4.520364281	5	0.2508730772	0.862890497	62441.9063	75.09637061	99.61673489	2006.033151	9.757887341
3	1	0.7145101915	8.087034981	2.080270682	12.5	0.1789590607	0.8459429609	31400.09523	55	77.08027068	2024.159397	6.266462848
3	1	0.6971265454	8.786441733	1.618630051	12.5	0.1906826273	0.8546702111	28828.98563	55	76.61863005	1870.1673	6.266462848
3	1	0.2896171742	21.1844126	16.74666858	22.5	0.2982475507	0.912945784	11430.38673	62.04966464	98.79633322	1888.43809	2.092019247
3	1	0.637	8.905580258	0	12.5	0.1709251225	0.8430802376	28431.27235	55	75	1870.1673	6.266462848
3	1	0.1941219964	23.80408322	6.335002655	22.5	0.2545207111	0.8844142387	10073.41148	62.04937728	88.38437994	1809.712085	2.092019247
3	1	1.586161902	4.045466435	2.69314881	5	0.2421143112	0.8520237889	63669.06866	77.80657525	100.4997241	2006.013547	9.843528383
3	0	0.6071296757	8.839447408	-1.097412516	12.5	0.1596548105	0.8341281384	28650.71601	56.09741252	75	1870.1673	6.266462848
3	1	1.72820338	3.568948811	1.680544349	2.5	0.2358427098	0.8441280809	72290.17834	79.53634528	101.2168896	2019.975412	10.07575995
3	1	0.8839409062	7.282306259	2.590078451	12.5	0.2354805296	0.8617111629	34969.40603	68.56130289	91.15138134	1863.820562	6.363938547
3	1	0.7143280519	8.087357422	2.07544811	12.5	0.1789026996	0.8459098231	31398.80743	55	77.07544811	2024.159397	6.266462848
3	1	1.02189562	5.356317249	1.368791526	10	0.2044190566	0.8327211928	47867.089	70.64531906	92.01411058	2134.594529	7.39401305
3	1	0.8195980751	7.478893296	0.6567037603	12.5	0.2294018055	0.854775119	34026.55793	70.64531906	91.30202282	1792.00379	6.999839111
3	1	0.8571936622	6.717303472	2.07544811	10	0.1718353715	0.8409843634	37986.43726	55	77.07544811	2088.861221	7.0063288
3	1	0.2548	21.59016619	0	20	0.2110209353	0.8705464769	11198.65629	55	75	1542.825084	3.156711963
