#gen	Feasible	f1	f2	c1	c2	c3	c4	c5	x1	x2	x3	x4
43	1	1.208449324	3.211486308	0.3995844332	5	0.0921929182	0.7553340675	80436.79392	65.36005308	85.75963752	2979.549684	9.298179552
43	1	0.1499850669	14.72654679	0.0001892732194	22.5	0.09949297833	0.7581859094	16837.4916	66.52217452	86.52236379	2888.25952	2.979708643
43	1	0.1499850669	14.72654679	0.0001892732194	22.5	0.09949297833	0.7581859094	16837.4916	66.52217452	86.52236379	2888.25952	2.979708643
43	1	0.2855596777	10.08199384	0.2122899197	20	0.07394533594	0.7526419935	25008.76408	61.9756002	82.18789012	2983.258402	3.752680121
43	1	0.189541645	12.47088645	2.226009718	22.5	0.1530079122	0.7740415556	20045.7444	75.90659258	98.1326023	3000	2.97969271
43	1	0.5069280949	7.070932015	2.508689207	17.5	0.1229471767	0.7764890612	36041.66475	65.34919302	87.85788223	3000	4.811943002
43	1	1.103356133	3.544046697	1.028538462	7.5	0.1029907238	0.7609694304	72804.44646	65.97182927	87.00036773	3000	8.363776314
43	0	0.8051921532	3.65854101	-4.198104557	7.5	-0.006992299994	0.6827065304	70497.86032	66.3780841	82.17997954	3000	8.828278597
43	1	0.4504062189	7.461361161	1.099971386	17.5	0.08817957216	0.7616037799	34108.62569	62.05646072	83.15643211	3000	4.796953186
43	0	0.2068399884	9.69212287	-5.899762353	20	-0.0525924742	0.6447649029	26050.95837	67.79302138	81.89325902	2999.476096	3.752680121
43	0	1.085489948	3.304159876	-1.03611271	5	0.05515015467	0.7352590269	78155.49665	63.5280613	82.49194859	2998.468029	9.229227179
43	1	0.6400770911	5.816711507	0.5222482293	15	0.1256250462	0.7704693318	44007.16098	69.30373174	89.82597997	2813.522062	5.598590408
43	0	1.478776774	2.57860372	-0.2779101739	0	0.08341884008	0.7453283327	100399.784	66.64990827	86.3719981	3000	11.04492574
43	1	0.1499850669	14.68793402	0.0001892732194	22.5	0.09870298237	0.7575502099	16884.12128	66.52217452	86.52236379	2895.852399	2.979708643
43	1	0.5763917562	5.917308532	0.05990072611	15	0.07511500903	0.7494418382	43243.71814	63.26987067	83.3297714	2999.998142	5.791692853
43	1	0.1499850669	14.75216188	0.0001892732194	22.5	0.1000147673	0.7586057862	16806.6929	66.52217452	86.52236379	2883.244456	2.979708643
43	1	0.1499850669	14.72654679	0.0001892732194	22.5	0.09949297833	0.7581859094	16837.4916	66.52217452	86.52236379	2888.25952	2.979708643
43	1	0.7634425788	5.752569814	5.92459157	15	0.1547148251	0.805413703	44507.88003	62.16164952	88.08624109	3000	5.635368515
43	0	1.01655799	2.788570342	-5.367429409	0	-0.06052745719	0.6574262397	92772.37257	63.57379277	78.20636336	3000	11.49622644
43	1	0.1642635574	14.0905861	1.668058509	22.5	0.1165601524	0.7692401412	17638.05074	66.52217452	88.19023303	2983.566334	2.979708643
43	1	3.230421128	2.299774447	16.31853744	0	0.2640784755	0.8692855888	112681.5733	72.60286882	108.9214063	2813.720451	11.71038995
43	1	1.358198858	3.050985661	1.938939666	5	0.1242508073	0.7708581092	84715.61049	67.99498918	89.93392884	2999.999564	9.268907645
43	1	0.4499552008	7.363273395	0.0001892732194	17.5	0.09949297833	0.7581859094	34574.9832	66.52217452	86.52236379	2888.25952	4.266076802
43	0	0.3782948671	7.411915625	-2.434906202	17.5	0.02873971576	0.7142666781	34342.17129	64.4716725	82.0367663	3000	4.621727914
43	1	0.3903040544	9.571034591	6.472017355	20	0.1601086327	0.8093629387	26391.92937	61.98860263	88.46061999	3000	3.752680121
43	1	0.1499850669	14.72654679	0.0001892732194	22.5	0.09949297833	0.7581859094	16837.4916	66.52217452	86.52236379	2888.25952	2.979708643
43	1	0.2928451932	9.697423863	0.03857578315	20	0.08027280572	0.7492304475	26036.22592	64.54230493	84.58088072	2999.999959	3.173871049
43	1	1.252840329	3.29012333	0.6797764512	5	0.1165945719	0.7696436878	78492.76855	66.93418811	87.61396456	2844.117078	9.583291035
43	1	0.7924637865	4.814538944	2.415532106	15	0.1636975346	0.7760163075	53354.83167	78.9793097	101.3948418	3000	5.312564205
43	1	1.374523223	2.827025241	0.3067677638	2.5	0.09346637974	0.7525877015	91498.18458	66.59030918	86.89707695	3000	10.30372107
43	1	0.1499850669	14.72654679	0.0001892732194	22.5	0.09949297833	0.7581859094	16837.4916	66.52217452	86.52236379	2888.25952	2.979708643
43	0	1.285615224	2.967413816	-0.05618733334	2.5	0.07226774244	0.7479922303	87126.81939	63.11410067	83.05791334	3000	10.28406793
43	1	1.315769164	3.153946868	1.981177327	5	0.1153586638	0.7711905576	81920.6723	65.36005308	87.34123041	3000	9.298179552
43	1	0.5963274728	5.80781901	0.01959277227	15	0.0912333104	0.7532525702	44075.91945	65.97794075	85.99753352	2949.77463	5.217093469
43	1	0.6162499027	6.099010562	3.551712634	17.5	0.1722713831	0.7868400761	41928.58627	77.22353567	100.7752483	2997.690458	4.356168616
43	0	0.4288995165	7.413996381	-0.05168842334	17.5	0.07254367417	0.7480502804	34332.28048	63.15694041	83.10525199	2999.999999	4.195572916
43	1	0.1499850669	16.0202271	0.0001892732194	22.5	0.1237598014	0.7777131062	15405.13715	66.52217452	86.52236379	2655.024095	2.979708643
43	1	0.31775732	9.343137023	0.950737942	20	0.1053393664	0.7601272019	27057.63343	66.90666983	87.85740777	3000	3.51369929
43	1	0.1499850669	14.17802965	0.0001892732194	22.5	0.08786701517	0.7488306481	17523.71658	66.52217452	86.52236379	3000	2.96952169
43	1	0.9956077495	3.740845248	0.01954640631	7.5	0.07101535655	0.7490364874	68926.99969	62.48553816	82.50508457	2998.468029	8.334287233
43	1	1.19932655	3.617858333	3.376386107	7.5	0.1267574821	0.78458319	71300.7265	63.10050284	86.47688894	3000	8.978386741
43	1	0.5989188904	6.007373391	0.04399507679	15	0.1037004291	0.7624812542	42581.89849	66.20304175	86.24703683	2842.972184	5.633278198
43	1	0.2999701339	9.45201977	0.0001892732194	20	0.08786701517	0.7488306481	26735.57487	66.52217452	86.52236379	3000	3.490724483
43	1	0.9457338281	4.050420349	1.028538462	10	0.102996683	0.7609742262	63590.0967	65.97182927	87.00036773	2999.939808	7.358721814
43	0	0.5606886647	6.000236849	-0.2130696309	15	0.06601581539	0.7459844173	42633.61485	62.39304917	82.17997954	3000	5.799652212
43	1	0.2928451932	9.697423731	0.03857578315	20	0.08027280134	0.7492304441	26036.22629	64.54230493	84.58088072	3000	3.173871049
43	0	0.5800213919	5.519123763	-1.19994011	15	0.07714786195	0.7330460292	46428.52736	69.3043155	88.10437539	3000	5.598590408
43	1	0.7074580396	5.006907069	0.003093140133	12.5	0.06913029462	0.7486903998	51270.33119	62.1768864	82.17997954	3000	6.953767018
43	0	1.027229642	3.61860194	-0.01839301712	7.5	0.08098731842	0.7485450203	71285.88956	64.94908018	84.93068717	2999.929293	8.838467494
43	0	0.558181722	6.018903481	-0.239822979	15	0.06451580354	0.7456348912	42498.60255	62.18065077	81.94082779	3000	5.516477132
43	0	0.7090792836	5.200836592	-0.05456575733	12.5	0.08380454428	0.7586144378	49324.99657	62.58025721	82.52569146	2873.518417	6.902137048
43	0	0.9789799115	2.459352751	-7.591445834	0	-0.07820477287	0.5966581817	105311.6851	74.30140312	86.70995728	3000	11.49588181
43	0	0.5636535787	6.004755371	-0.09172729671	15	0.06777262921	0.7475107215	42600.85622	62.27170684	82.17997954	3000	5.707432043
43	1	1.374556	2.864355693	0.3071954234	2.5	0.09746947928	0.7558179887	90293.98149	66.59030918	86.8975046	2960.892851	10.28993074
43	1	0.1499850669	14.72654679	0.0001892732194	22.5	0.09949297833	0.7581859094	16837.4916	66.52217452	86.52236379	2888.25952	2.979708643
43	1	0.4242441217	7.655907776	0.01608656929	17.5	0.07486394986	0.753334007	33219.01079	62.08433161	82.10041817	2946.410627	4.621727914
43	0	0.2935870055	9.789511198	-0.4875882024	20	0.09295939585	0.7522170344	25782.84399	67.009952	86.52236379	2888.25952	3.350419505
43	0	0.2482398821	6.016801142	-11.25925128	15	-0.3543556052	0.4278455042	42513.76653	68.07936944	76.82011816	3000	5.598767066
43	1	0.5353605642	6.794040878	2.832013341	17.5	0.1376611778	0.7797340974	37547.22231	68.33842728	91.17044062	3000	4.698299945
43	1	1.38566938	3.162865344	3.234376987	5	0.1297174214	0.7833455084	81687.13906	64.45265552	87.6870325	3000	9.695092361
43	1	0.47663598	7.007352767	0.950737942	17.5	0.1053393664	0.7601272019	36376.84458	66.90666983	87.85740777	3000	4.811943002
43	1	0.9594764011	4.141125045	1.8298188	10	0.1072447854	0.7695582787	62177.54467	63.83434078	85.66415958	3000	7.130747101
43	0	0.1495675336	14.74601485	-0.04906686162	22.5	0.09894774618	0.7578310005	16814.07412	66.52217452	86.47310766	2885.444884	2.979708643
43	1	0.6655808115	5.392175192	1.097439602	15	0.1186500223	0.761885555	47542.78806	69.93072536	91.02816497	3000	5.598590408
43	1	0.4242441217	8.434484948	0.01608656929	17.5	0.104876868	0.7761034485	30069.52589	62.08433161	82.10041817	2674.431002	4.621727914
43	1	3.172226478	2.132555412	15.21859548	0	0.2524355597	0.8564499505	121587.7903	74.30140312	109.5199986	2999.711367	11.44784178
43	1	0.1601126411	14.86360023	1.572271294	22.5	0.1185008913	0.7755700001	16673.93875	64.9500925	86.52236379	2888.25952	2
43	0	0.1488041071	14.7108524	-0.1807165219	22.5	0.09710805278	0.7560067622	16856.41498	66.70308032	86.52236379	2888.25952	2.979708643
43	0	0.1245212153	15.04824191	-3.056918313	22.5	0.03804107058	0.714962873	16458.30681	66.52217452	83.46525621	2888.25952	2.979708643
43	1	0.3185343823	9.193738851	0.6587186445	20	0.106058189	0.756823948	27511.94472	68.33841517	88.99713382	2999.999998	3.17391827
43	0	0.1450975568	12.67711125	-2.753174757	22.5	0.07760142201	0.7096310693	19705.00968	77.22353567	94.47036091	2997.690458	2.97969271
43	1	0.3029209162	9.589958915	0.5012610515	20	0.0909075331	0.7548548672	26338.0729	65.13570178	85.63696283	3000	3.934904059
43	0	0.2948593371	9.795106939	-0.3906445846	20	0.09428429026	0.7534271718	25767.60063	66.91300838	86.52236379	2888.25952	3.276742359
43	1	0.1593232746	14.33882254	0.6877633162	22.5	0.1171062051	0.7662035929	17317.11645	68.24110963	88.92887294	2888.25952	2.979708643
43	0	1.479674907	2.566126017	-0.3634161209	0	0.08361099866	0.7442453325	100892.3509	67.07249333	86.70907721	3000	11.06417617
43	0	0.7089920507	4.98606312	-0.0387595929	12.5	0.06984897065	0.7481858338	51488.42624	62.50598498	82.46722539	2999.974652	6.493466538
43	1	1.09906387	3.521064295	0.8064590185	7.5	0.1018307896	0.7584696513	73285.52406	66.59852846	87.40498748	3000	8.998601616
43	1	0.3334746997	9.986557876	3.078024083	20	0.1248455608	0.7861592003	25256.3597	62.18487017	85.26289425	2939.970593	3.752193829
43	1	0.472550451	7.208118234	1.379661775	17.5	0.1027918192	0.7647921988	35338.58426	64.48977092	85.8694327	3000	4.941482521
43	1	0.1499850669	14.72654679	0.0001892732194	22.5	0.09949297833	0.7581859094	16837.4916	66.52217452	86.52236379	2888.25952	2.979708643
43	0	0.2819346852	8.520288569	-6.505961316	17.5	-0.0474896212	0.6664822185	29757.64708	64.31854795	77.81258664	2694.907039	4.596799991
43	1	0.5659664316	6.231368299	0.003093140133	15	0.0809752618	0.7576871557	41018.88322	62.1768864	82.17997954	2892.601526	5.635368515
43	0	0.1405428132	14.84323847	-1.120650058	22.5	0.07930366031	0.743968595	16698.04645	66.52217452	85.40152446	2888.25952	2.979708643
43	1	1.300398997	2.954506684	0.08610017821	2.5	0.07599361372	0.7497688054	87511.37555	63.35971434	83.44581451	3000	10.26473118
43	1	0.3429836998	9.130684183	2.10840638	20	0.1270115947	0.772598942	27708.15189	68.09744644	90.20585282	3000	3.272390795
43	1	1.005632621	3.707120182	0.04723909292	7.5	0.07412850417	0.7492779229	69562.24216	63.10050284	83.14774193	3000	8.684475727
43	0	1.433595147	2.695460502	-0.0002500881735	0	0.07344137059	0.7486908144	96008.11636	63.14364919	83.1433991	3000	11.49583379
43	0	0.1310013908	14.96423166	-2.268406215	22.5	0.05594589874	0.7275415903	16555.75756	66.52217452	84.2537683	2888.25952	2.979708643
43	1	1.557743861	2.550165941	0.5532630853	0	0.09946736556	0.7555424991	101529.4129	67.06070147	87.61396456	3000	11.06462632
43	1	0.4596102235	7.245399591	0.8968299326	17.5	0.0944239865	0.7594143151	35152.11786	64.36197901	85.25880894	3000	4.61000107
43	1	0.447426084	7.579283821	1.299400032	17.5	0.08610265497	0.7637497176	33563.94226	60.80101814	82.10041817	3000	4.621727914
43	1	0.7333535322	4.964632554	0.565404287	12.5	0.08081365557	0.7555000372	51714.56858	62.49193631	83.0573406	3000	6.961682873
43	0	0.5299827724	4.817694076	-5.62941169	12.5	-0.04166800375	0.6513591075	53319.29991	68.07936944	82.44995775	3000	6.951355021
43	1	0.6029451535	7.192590536	7.337339923	17.5	0.1670669396	0.8152609696	35416.8178	61.35084039	88.68818032	3000	4.621727914
43	0	0.7532233233	4.167625478	-2.798719729	10	0.02708042997	0.708323588	61776.45723	65.87009845	83.07137872	2999.99998	7.138989884
43	0	0.9256409847	3.665889553	-1.774643033	7.5	0.04596784867	0.7245475476	70354.7381	64.92323115	83.14858812	2999.996913	8.367430646
43	1	0.8200710521	4.846986758	2.472869302	12.5	0.1145683513	0.7760474659	52991.6265	63.23622701	85.70909631	2999.971796	6.961705777
43	0	2.456686017	2.062642351	6.039286447	-2.5	0.1903809647	0.8067593913	125739.5019	74.49924942	100.5385359	3000	12.73201398
43	0	0.2602728031	9.414684169	-2.740904583	20	0.04025986524	0.7093738168	26845.16864	68.3108963	85.56999172	3000	3.177212612
43	1	0.2994594452	9.488219695	0.04399507679	20	0.08733471344	0.7493622198	26630.13826	66.20304175	86.24703683	3000	3.997383419
