#gen	Feasible	f1	f2	c1	c2	c3	c4	c5	x1	x2	x3	x4
21	1	0.4440232177	7.380969464	0.5665925205	17.5	0.08369703596	0.7555428652	34489.93099	63.15050431	83.71709683	3000	4.419567329
21	1	1.529138507	2.62583237	0.6938847239	2.5	0.1280577742	0.7605641211	98577.7896	73.43225867	94.1261434	2960.83722	10.93189296
21	0	0.2668056204	10.31037853	-1.636498441	20	0.06770249723	0.7411192852	24434.86032	64.946441	83.30994256	2840.701652	3.277142873
21	0	0.6316598789	4.506531846	-4.332719325	12.5	0.03761028983	0.6872815109	57062.97661	74.44622815	90.11350883	2933.747375	6.732755028
21	1	0.1634589347	14.65955211	1.344771174	22.5	0.128890757	0.7771045615	16918.55257	67.47079521	88.81556638	2839.792164	2.000158561
21	0	0.5088573309	5.232364063	-4.411683993	15	0.03245919563	0.6790358405	49022.36719	75.48009916	91.06841517	2996.230177	5.822065825
21	0	0.1120944045	16.09587999	-3.955084621	22.5	0.004534937477	0.7039726162	15328.50072	63.26619839	79.31111377	2840.701652	2.000158558
21	1	2.666911955	2.085545589	8.824066541	0	0.22449966	0.8254019089	124348.7605	80	108.8240665	2999.302078	11.21439034
21	0	1.324846751	2.256099301	-4.586327602	0	0.04663758818	0.675104272	114880.3648	80	95.4136724	2999.988319	11.11579957
21	0	1.013633332	2.896831224	-4.51016163	5	0.03053993462	0.67662686	89271.6323	75.7226824	91.21252077	2999.797694	9.570320641
21	1	1.642952725	2.57029832	2.0604869	2.5	0.1436012657	0.7723359527	100727.1139	73.4084274	95.4689143	2999.383532	10.96974948
21	1	0.2887663602	10.03475254	0.0731879922	20	0.08174930037	0.754237273	25130.73658	63.35970741	83.4328954	2944.554101	3.89427243
21	1	0.9722113519	4.208810482	3.085097077	12.5	0.1593702563	0.7824499246	61163.14138	74.40488296	97.48998004	2998.289473	6.9109304
21	0	0.4599373985	5.196508426	-5.997525498	15	-0.007144857332	0.6424472118	49366.82891	76.79178733	90.79426183	3000	5.629495101
21	0	0.2420874487	7.938149493	-9.163004806	17.5	-0.1238473487	0.5831015708	32005.90587	70.56443692	81.40143211	2708.87732	4.727124621
21	1	0.4759140716	6.790436821	0.0195761825	17.5	0.1082690728	0.7520891429	37567.62835	70.84883403	90.86841021	2965.673467	4.43408376
21	1	0.3025422731	11.09375304	1.363352908	20	0.121183901	0.7878198638	22645.86397	61.57210472	82.93545762	2702.76001	3.667526537
21	0	0.2664357917	10.48765447	-1.548661211	20	0.07088196262	0.7451419551	24006.61766	64.44737406	82.89871285	2809.621531	3.485178192
21	0	0.1386197114	15.54386535	-0.8116047277	22.5	0.08020839003	0.7521171214	15904.82906	64.12154728	83.30994256	2840.701652	2.650223684
21	1	0.4539082538	7.570129644	0.9396514439	17.5	0.09958891324	0.7668419532	33605.61777	63.26137412	84.20102556	2912.703983	4.724643417
21	1	1.869663469	2.37571692	3.201616668	2.5	0.1746452308	0.7835563154	109050.8102	79.7635083	102.965125	3000	10.67882557
21	0	1.428136774	2.603896219	-0.5920351087	2.5	0.1049739301	0.7414708141	99415.82599	73.72582074	93.13378564	3000	10.91859891
21	1	0.1439587988	15.6254555	0.04374416733	22.5	0.0920686957	0.7625568495	15817.08067	63.26619839	83.30994256	2840.701652	2.000158558
21	0	0.2878150626	9.87497777	-0.003369000377	20	0.07568292624	0.7494354436	25551.90765	63.4362644	83.4328954	2990.796777	3.89427243
21	1	1.18120641	3.237564516	0.5346152246	7.5	0.1226230605	0.7555869623	79781.63545	73.58501756	94.11963278	2999.381269	8.929599242
21	1	0.6345886911	5.37942217	0.02754542658	15	0.1053177095	0.7496644243	47657.63161	70.81733601	90.84488144	2995.849152	5.657813606
21	1	0.1439587988	15.6254555	0.04374416733	22.5	0.0920686957	0.7625568495	15817.08067	63.26619839	83.30994256	2840.701652	2.000158558
21	1	1.380137759	2.948488228	1.530377364	5	0.1286341232	0.7666616171	87691.8409	70.99741885	92.52779622	3000	9.478220286
21	1	0.766754372	5.05481281	2.614530021	15	0.1575815741	0.7795098511	50775.89974	75.1860669	97.80059692	2977.799582	5.619932694
21	1	0.8428539626	5.058326189	5.096460684	15	0.1778382313	0.7995567828	50740.00704	73.12670553	98.22316622	2999.820261	5.830836656
21	0	1.522134426	2.284065292	-2.320236588	0	0.09694691924	0.7206772339	113462.7553	79.01188178	96.6916452	2956.005786	11.11656728
21	0	0.1282100709	18.03596842	-1.19525704	22.5	0.08440486801	0.7690228916	13582.83751	60.16869537	78.97343833	2592.901411	2.012996172
21	0	0.9454453932	3.84185703	-0.1082053557	10	0.1032498966	0.7479213273	67091.07774	70.88644372	90.77823836	2996.468017	7.878551834
21	1	0.9825237913	3.754296342	0.201336617	10	0.1144190393	0.7517769389	68676.81978	72.61459258	92.8159292	2996.778494	7.407954536
21	0	0.944608559	3.288069896	-3.366333996	7.5	0.05349995169	0.6990629371	78542.35016	74.46590451	91.09957052	2996.337322	8.023173749
21	0	0.9700703617	3.313342886	-2.763805245	7.5	0.06225190281	0.7091969364	77936.39242	73.42418384	90.66037859	2999.381269	8.807365623
21	0	0.813735712	4.322028827	-0.1939766086	12.5	0.1126377779	0.7468906078	59537.3572	73.94446711	93.7504905	2996.930096	6.729916809
21	0	0.4208230712	8.175655804	-0.4303401492	17.5	0.09732694596	0.7671374415	31049.97518	63.35752418	82.92718403	2720.731055	4.240594629
21	0	2.917136357	1.913315724	8.683608797	-2.5	0.2235109111	0.8245600032	135623.2077	80	108.6836088	2999.269381	12.79417568
21	1	0.3688293352	9.614900584	3.720588261	20	0.1596979209	0.7991836684	26267.41559	67.47088864	91.1914769	2839.792164	3.289938021
21	1	2.338124348	2.442632269	9.956046986	2.5	0.2197971944	0.8316638629	106038.733	73.51611715	103.4721641	2999.992793	10.28707091
21	0	0.1386171396	15.5438264	-0.8120139915	22.5	0.08020245689	0.7521119014	15904.87116	64.12195655	83.30994256	2840.701652	2.000158558
21	0	0.9540806769	3.825016543	-0.01544606671	10	0.1059501078	0.7491030772	67390.42361	71.19973716	91.18429109	2996.321719	7.948489494
21	0	0.9989065055	3.302331252	-2.307382185	7.5	0.07200191706	0.7166500638	78199.27261	73.45535766	91.14797548	2999.381269	8.807365623
21	1	2.050564678	2.163843998	2.937353867	0	0.1717512821	0.7811389705	119816.6506	79.75426659	102.6916205	2999.26878	11.112326
21	1	2.132249097	2.160331752	3.689578886	0	0.1816868081	0.7891811358	120012.9106	80	103.6895789	2982.987865	11.62416368
21	1	0.7932207624	4.482208852	0.02717812229	12.5	0.1052695688	0.749623748	57377.51643	70.81746325	90.84464137	2996.281525	6.829880383
21	1	0.1439587988	15.6254555	0.04374416733	22.5	0.0920686957	0.7625568495	15817.08067	63.26619839	83.30994256	2840.701652	2.000158558
21	1	1.172427383	3.219927498	0.2672489524	7.5	0.1205461438	0.7524080336	80223.56572	74.19345032	94.46069928	2999.38067	8.68164445
21	1	0.2859247197	10.88529079	0.004638935205	20	0.1017889681	0.7711886603	23096.78659	62.92074578	82.92538471	2731.989224	3.51372955
21	1	0.6345886911	5.522377118	0.02754542658	15	0.112945999	0.7561447331	46400.64507	70.81733601	90.84488144	2918.29714	5.657813606
21	1	0.952515076	3.841301736	0.03784970238	10	0.1054707438	0.7497561161	67100.90644	70.82426056	90.86211026	2996.281525	7.318018546
21	1	0.1534954482	15.77502732	1.601058576	22.5	0.1112004218	0.779420613	15658.57672	61.70888398	83.30994256	2840.701652	2.000158558
21	1	0.1439587988	15.6254555	0.04374416733	22.5	0.0920686957	0.7625568495	15817.08067	63.26619839	83.30994256	2840.701652	2.000158558
21	1	0.6345886911	5.434157715	0.02754542658	15	0.1082858964	0.752185929	47168.53494	70.81733601	90.84488144	2965.673467	5.604537951
21	1	0.2859247197	10.98486423	0.004638935205	20	0.1044921328	0.7732627444	22879.26523	62.92074578	82.92538471	2707.224825	3.884239362
21	1	0.4765521871	6.716270219	0.05040684964	17.5	0.105389102	0.7496871312	37992.41967	70.81733601	90.86774286	2998.966318	4.367720293
21	1	1.457691666	2.631817962	0.03002370018	2.5	0.1109556228	0.7493997302	98351.5454	72.49670476	92.52672846	3000	10.97864921
21	1	1.699207149	2.635857865	2.949638331	2.5	0.1569685657	0.7853480999	98199.42545	72.47154592	95.42118425	2940.355459	10.91859891
21	1	0.9532352485	3.837840504	0.06009431401	10	0.1053280183	0.7497196594	67162.2344	70.78454706	90.84464137	3000	7.519040227
21	1	0.5363284871	6.2705356	1.071125267	17.5	0.138134626	0.7617755666	40757.04761	76.04009631	97.11122158	3000	4.324128534
21	1	1.393196095	2.960053006	1.197699615	5	0.1387194506	0.769751779	87345.71704	73.23269169	94.43039131	2915.834767	9.51628877
21	1	0.848311509	4.284979476	0.493360873	12.5	0.1241133847	0.7551076656	60059.91859	74.23179961	94.72516048	2999.504749	6.855156182
21	1	0.4290499765	7.433866299	0.01024162799	17.5	0.07265850702	0.7488118327	34238.10842	62.925216	82.93545762	3000	4.727124621
21	1	1.394933332	2.88992919	1.310271071	5	0.131654838	0.7644585381	89486.98972	72.83754707	94.14781814	2998.408516	9.206794479
21	1	2.666911955	2.08507128	8.824066541	0	0.2244597375	0.8253621916	124377.2519	80	108.8240665	2999.984354	11.199044
21	0	0.4196572269	7.614059863	-0.4293023001	17.5	0.07318807546	0.7492673954	33406.53353	63.15050431	82.72120201	2929.576979	4.419567329
21	1	0.3426340058	9.949734402	3.423250042	20	0.1344930461	0.7911053431	25353.16309	62.92074578	86.34399582	2914.807889	3.485178192
21	1	0.1439587988	15.66867585	0.04374416733	22.5	0.09291809095	0.7632118108	15770.96841	63.26619839	83.30994256	2832.865884	2.000158558
21	1	0.5363284871	6.527589253	1.071125267	17.5	0.1484467716	0.7711567422	39116.61101	76.04009631	97.11122158	2881.861292	4.324128534
21	0	0.4257881998	7.690411998	-0.1236388716	17.5	0.0808385236	0.7553312081	33065.93057	62.925216	82.80157712	2902.795225	4.654446639
21	1	0.1439587988	17.82036904	0.04374416733	22.5	0.1299962262	0.7918024384	13758.05784	63.26619839	83.30994256	2490.815827	2.000158558
21	1	2.793	2.071040071	10	0	0.2323835065	0.8321163435	125226	80	110	3000	11.59412613
21	1	2.027249208	2.193273775	2.651075408	0	0.1724477809	0.781592337	118196.851	80	102.6510754	2956.118115	11.40687746
21	1	0.1773286116	15.17711608	4.035365831	22.5	0.1500154076	0.8015448026	16310.91139	63.26619839	87.30156422	2840.701652	2.000158558
21	1	0.9532352485	3.837840504	0.06009431401	10	0.1053280183	0.7497196594	67162.2344	70.78454706	90.84464137	3000	7.519040227
21	1	0.6786492072	5.141986384	0.493360873	15	0.1241139756	0.7551081901	49899.82336	74.23179961	94.72516048	2999.498325	5.960720687
21	1	0.8712972962	5.15071186	6.4477114	15	0.1850777831	0.8095780941	49813.76678	70.81733601	97.26504741	3000	5.824523704
21	1	0.3152419821	10.01134613	2.242266091	20	0.1038994037	0.774351341	25191.59614	61.19062931	83.4328954	2990.796777	3.89427243
21	1	0.4290499765	8.237808213	0.01024162799	17.5	0.104604328	0.7733257193	30808.91981	62.925216	82.93545762	2707.224825	4.727124621
21	1	2.022874925	2.162238074	2.607583412	0	0.1686234239	0.7779783552	119906.3086	80	102.6075834	2999.314377	11.59541814
21	1	1.134414074	3.356259297	0.4298601278	7.5	0.1114732532	0.7545056601	76928.31328	70.72859182	91.15845195	2996.354633	8.023173749
21	1	0.8523284684	4.290055305	0.6197313757	12.5	0.1253682802	0.7565502063	59987.79314	74.04845218	94.66818356	3000	6.749753054
21	1	0.9734460715	3.833666251	0.4561343763	10	0.1115991153	0.7546491572	67236.34335	70.70220533	91.15833971	2998.408516	7.732240569
21	0	0.3542139919	6.654361318	-5.433320261	17.5	0.007990209195	0.6601011347	38354.2556	75.42661998	89.99329971	2966.025905	4.424030748
21	1	0.1773220683	15.17720001	4.034601032	22.5	0.1500061831	0.801538577	16310.81622	63.26619839	87.30079942	2840.701652	2.000158558
21	1	0.5363284871	6.345865746	1.071125267	17.5	0.1412431627	0.7646034678	40262.54747	76.04009631	97.11122158	2964.387769	4.324128534
21	1	0.2988453711	9.856006389	0.7977641228	20	0.0866922419	0.7582192204	25602.82373	62.91290628	83.7106704	3000	3.89427243
21	0	0.4129497031	7.917049529	-0.4101856453	17.5	0.07515615502	0.7549462879	32093.60438	61.90515089	81.49496524	2865.39246	4.731763716
21	0	0.5855810713	5.318749163	-1.719465251	15	0.08021311538	0.725619028	48211.5471	72.57666729	90.85720203	3000	5.671514689
21	1	0.818769826	4.380012399	0.201336617	12.5	0.1144190393	0.7517769389	58737.2741	72.61459258	92.8159292	2996.778494	6.37826293
21	1	0.4414274399	7.406132764	0.5163237948	17.5	0.08183704234	0.7549408141	34369.6891	62.925216	83.44153979	3000	4.727124621
21	1	0.4884599614	6.560741937	0.07803064943	17.5	0.1124721145	0.7500000744	38914.39942	72.70956043	92.78759108	3000	4.947868452
21	1	0.3317862881	9.757460978	1.631330457	20	0.1328688398	0.7800246455	25870.48882	67.44060235	89.0719328	2839.792164	3.460532038
21	1	2.17810898	2.195794784	4.612137441	0	0.1862833721	0.7969530349	118060.115	77.99735124	102.6094887	2982.987865	11.10778571
21	1	0.2887663602	9.904384729	0.0731879922	20	0.07756028224	0.7510023877	25473.36969	63.35970741	83.4328954	2983.312195	3.89427243
21	0	0.1419691947	15.70777821	-1.15952601	22.5	0.1035823146	0.760491094	15729.46831	67.47088864	86.31136263	2696.694807	2
21	0	1.403523632	2.619626813	-0.8122257765	2.5	0.09980015308	0.7385167375	98813.43958	73.33895423	92.52672846	3000	10.97439623
21	1	0.5630747366	6.287338738	2.126638453	17.5	0.1513129408	0.7736977332	40645.71766	75.49389535	97.62053381	2991.104198	4.300845572
21	1	0.8418745187	4.29578721	0.3920651592	12.5	0.1219580496	0.7538560471	59906.55005	74.05787938	94.44994454	3000	6.732928988
