#gen	Feasible	f1	f2	c1	c2	c3	c4	c5	x1	x2	x3	x4
28	1	0.2615152029	11.62590696	8.657824614	22.5	0.2209844548	0.8243262944	21568.09654	78.7878024	107.445627	3000	2
28	1	0.1997189306	12.22683547	2.964393174	22.5	0.1655941454	0.7812755937	20463.82719	77.26163637	100.2260295	3000	2
28	1	2.758487955	2.074878081	9.679383912	0	0.2302889058	0.8303303428	124992.6982	80	109.6793839	2999.95606	11.14415407
28	1	0.443523995	8.875827346	5.745990937	20	0.2045554183	0.8190980214	28529.59454	75.01942752	100.7654185	2777.437711	3.067403909
28	0	0.4838723608	6.272728122	-1.000662784	17.5	0.1097460586	0.7360421844	40742.48712	77.12568773	96.12502495	3000	4.990696539
28	1	0.7743939134	4.78407349	1.757959016	15	0.1581836023	0.769330191	53700.33182	79.91513751	101.6730965	3000	5.101252994
28	1	0.7193504585	4.911416917	0.7452305218	15	0.1396802292	0.7581181939	52284.65209	78.08519668	98.8304272	3000	5.186532617
28	1	0.1897535601	11.98349617	1.353449047	22.5	0.1534045894	0.7651140323	20897.64538	80	101.353449	2998.530636	2.715064346
28	1	0.3538942926	8.144688452	0.05581567755	20	0.1386167117	0.7529292986	31171.45387	80	100.0558157	2963.841319	3.89670705
28	1	2.088270406	2.153541415	3.255877991	0	0.1758178899	0.7840625865	120394.1614	80	103.255878	3000	11.2100572
28	1	0.2462407463	11.59653046	6.889294845	22.5	0.2098800165	0.8129565284	21625.01305	80	106.8892948	3000	2.715064346
28	1	1.274658278	3.008117698	0.5793462534	7.5	0.1429059914	0.7562301447	85935.69799	80	100.5793463	3000	8.343739783
28	0	0.4486142863	6.138321792	-2.778139017	17.5	0.08694956986	0.7090629346	41654.30211	79.99151118	97.21337216	2999.851233	4.958894767
28	1	0.5308414389	6.034891041	0.05581567755	17.5	0.1354278517	0.7499150513	42383.63151	80	100.0558157	3000	4.986420869
28	1	1.011747324	3.610716382	0.01502317296	10	0.122426193	0.7493611947	71443.53861	75.96084828	95.97587145	2999.389481	7.671065447
28	1	0.4331694	7.861111652	4.019690049	20	0.1838476742	0.7908646011	32328.37934	80	104.01969	3000	3.888349954
28	0	0.1648875203	12.39468298	-0.8109745505	22.5	0.1160808131	0.7386591275	20174.52046	78.08715311	97.27617856	2999.964375	2
28	1	0.1711714286	12.44844653	0.01454219261	22.5	0.1265038268	0.7493405322	20083.50179	77.26163637	97.27617856	2999.964375	2
28	1	0.2520835755	11.55928969	7.445627017	22.5	0.2142866447	0.8167032145	21697.5823	80	107.445627	3000	2.715064346
28	1	0.1711714286	12.4482987	0.01454219261	22.5	0.1265005789	0.7493375556	20083.75097	77.26163637	97.27617856	3000	2
28	1	1.029653223	3.546352034	0.006978574903	10	0.1271977464	0.7492500097	72756.53423	77.52151691	97.52849548	3000	7.645414319
28	1	1.412731726	2.682830424	0.01953541692	5	0.1349029276	0.7494726765	96464.33494	80	100.0195354	2999.9099	9.894763895
28	0	0.8587373857	4.077825627	-0.2699969368	12.5	0.127417908	0.745791379	63156.68704	78.96039152	98.69039458	3000	6.261481721
28	1	0.5153524034	6.225281181	0.09054198853	17.5	0.1274760747	0.7502770092	41059.87175	77.20470625	97.29524823	3000	4.978625379
28	0	0.1634331466	12.70805673	-0.8006038549	22.5	0.1180018264	0.7428353562	19654.83428	77.26163637	96.46103252	2953.384601	2
28	0	0.9411288948	3.580242275	-1.54910278	10	0.1015374607	0.7282608398	72059.30832	77.52151691	95.97241413	3000	7.696747101
28	1	0.6250204408	5.963391571	3.365851256	17.5	0.1752939733	0.7850515797	42902.59067	79.30112812	102.6669794	3000	4.754544836
28	1	0.5227365855	6.256445762	0.4849791731	17.5	0.1313257504	0.7550309461	40850.86142	76.55357606	97.03855523	3000	4.965560076
28	1	0.1934077103	12.61177416	1.720676995	22.5	0.1706128875	0.7810320371	19811.75687	80	101.720677	2842.996769	2
28	1	0.1897535601	11.97776967	1.353449047	22.5	0.1532866936	0.7650017347	20908.06671	80	101.353449	2999.964216	2.070846961
28	1	2.779932917	2.072492875	9.878717152	0	0.2315967439	0.8314454444	125137.5865	80	109.8787172	2999.980062	11.59922343
28	0	0.9906138087	3.600943616	-0.4566685911	10	0.1164467956	0.7433193952	71639.87505	76.43254004	95.97587145	3000	7.256569795
28	0	0.1443902241	12.32133375	-3.312496585	22.5	0.07577247181	0.6997831702	20299.97764	79.94804347	96.63554689	2999.999925	2.715064346
28	1	0.6625523734	5.141625081	0.004593271129	15	0.1173640092	0.7491408711	49903.39307	74.48753043	94.4921237	3000	5.186532617
28	1	1.264416363	3.512813872	4.385162756	10	0.1778487151	0.7938570408	73459.76102	75.99087618	100.3760389	3000	7.289954894
28	1	0.3538942926	8.046521388	0.05581567755	20	0.1354278517	0.7499150513	31562.72363	80	100.0558157	3000	3.294792199
28	1	0.1788362911	12.38771778	0.8152756952	22.5	0.1382257795	0.7589075614	20186.36996	77.26163637	98.07691207	2999.964375	2
28	1	0.1741849658	12.42066981	0.3238364426	22.5	0.1312355204	0.7531262794	20130.42783	77.2919252	97.61576165	2999.964439	2.000689767
28	1	0.1734616399	12.46824398	0.3176088795	22.5	0.1301147925	0.7530427352	20050.18355	76.95856968	97.27617856	2999.964375	2
28	0	1.763734141	2.221934808	-0.002712887305	0	0.1377530452	0.7521987899	116660.6048	80	99.99728711	2963.992795	11.51154716
28	1	2.763366469	2.074308218	9.724762042	0	0.230586046	0.8305833516	125027.284	80	109.724762	2999.99983	11.59611329
28	1	0.1711714286	12.44844653	0.01454219261	22.5	0.1265038268	0.7493405322	20083.50179	77.26163637	97.27617856	2999.964375	2
28	1	1.590984685	2.414205727	0.03836775588	2.5	0.1351718194	0.7496988894	107297.9042	80	100.0383678	3000	10.61367313
28	1	0.5206355671	6.243583463	0.3581099262	17.5	0.1302550745	0.7535356834	40936.87165	76.80688245	97.16499237	2999.849246	4.954178412
28	1	0.958459986	4.777176523	6.959761323	15	0.2046231436	0.8133597733	53779.16011	77.21272435	104.1724857	2999.996036	5.417239304
28	1	0.3538942926	9.324569921	0.05581567755	20	0.1716907624	0.7841923107	27113.30273	80	100.0558157	2588.812607	3.89670705
28	0	0.3017295555	8.215641758	-2.556356974	20	0.08968710048	0.7127169939	30894.47299	79.53018557	96.97382859	3000	3.13526534
28	1	0.2447691744	11.60597062	6.748720244	22.5	0.2087369999	0.8119850617	21606.69147	80	106.7487202	3000	2.715064346
28	1	0.3815906358	7.980153077	1.45827713	20	0.1546308414	0.7661376269	31832.70543	80	101.4582771	3000	3.236851603
28	0	0.8880808357	3.66037447	-2.201267083	10	0.08370928809	0.7183331502	70462.09754	75.9573233	93.75605622	3000	7.239192969
28	1	1.776569933	2.193802353	0.130386123	0	0.1364849773	0.7508344182	118168.1556	79.98903894	100.1194251	3000	11.27097153
28	1	0.1711714286	12.44844653	0.01454219261	22.5	0.1265038268	0.7493405322	20083.50179	77.26163637	97.27617856	2999.964375	2
28	1	0.1791273907	12.05393136	0.2779189783	22.5	0.1386480848	0.7526340988	20770.27439	80	100.277919	3000	2.664930696
28	1	0.5128293341	6.228447672	0.0006478136298	17.5	0.1261488648	0.7491759786	41038.53971	77.21272435	97.21337216	2999.851233	4.958894767
28	1	1.497323608	2.665792903	1.092547107	5	0.1498721779	0.7621156123	97086.60642	80	101.0925471	3000	9.894802086
28	0	1.491332991	2.461311725	-0.8543882917	2.5	0.1174771394	0.738084135	105227.1506	78.74266598	97.88827769	2999.986352	10.61367313
28	1	0.7319667411	5.376351615	1.520053573	15	0.1618694143	0.7828441581	47685.36396	76.00844191	97.52849548	2792.415918	5.280598655
28	1	0.6750068509	5.110491322	0.2584730404	15	0.1225789355	0.7522693778	50212.89376	74.87007457	95.12854761	2999.999561	5.261309953
28	0	0.8153457256	4.270506003	-0.3748974805	12.5	0.1129114365	0.7443427219	60266.52214	74.97533033	94.60043285	3000	6.873856044
28	1	0.7392573114	5.042705451	1.90693589	15	0.1466901665	0.7707595251	50899.97177	75.13161934	97.03855523	3000	5.186532617
28	0	1.576612511	2.222294074	-1.930756331	0	0.103297983	0.7228331026	116641.5995	80	98.06924367	2997.636963	11.51154716
28	1	0.7193504585	4.911416917	0.7452305218	15	0.1396802292	0.7581181939	52284.65209	78.08519668	98.8304272	3000	5.186532617
28	1	0.174616617	12.53183313	0.3081475752	22.5	0.1351300562	0.7559210236	19943.87793	77.58421981	97.89236738	2963.819953	2.000000092
28	1	0.5162866018	6.223542252	0.1215376327	17.5	0.1279695545	0.750659223	41071.59582	77.21272435	97.33426198	2999.996036	4.958894767
28	1	0.6240035085	5.964577989	3.332154726	17.5	0.1749277721	0.7847441056	42893.87787	79.30112812	102.6332828	3000	4.242945126
28	1	0.3870341075	7.967315122	1.731645165	20	0.1580818553	0.7690552737	31885.44855	80	101.7316452	3000	3.658272947
28	1	1.546719335	2.656049541	1.713876086	5	0.1578602112	0.7688678633	97446.05717	80	101.7138761	3000	9.897989179
28	1	0.1743879938	12.38250616	0.284313506	22.5	0.1315454832	0.7526537033	20195.24491	77.58421981	97.86853331	2999.997308	2.000002677
28	1	1.147329194	3.419202127	1.50113423	10	0.1551777456	0.7665999561	75495.60057	80	101.5011342	3000	7.955803696
28	1	1.257696338	3.505702926	4.191894769	10	0.1767665266	0.7923352206	73610.59189	76.31958893	100.5114837	2998.592364	7.468988586
28	1	0.5128293341	6.228447672	0.0006478136298	17.5	0.1261488648	0.7491759786	41038.53971	77.21272435	97.21337216	2999.851233	4.958894767
28	1	1.614848431	2.410350804	0.3084633797	2.5	0.1390853708	0.7530033681	107470.9473	80	100.3084634	3000	10.3106042
28	1	0.9717065704	3.990747753	1.864715568	12.5	0.1591079033	0.7704433496	64554.40007	79.76512362	101.6298392	3000	6.112539538
28	1	0.3636910047	8.022842754	0.5541282144	20	0.1425546115	0.7559333482	31658.53417	80	100.5541282	2999.99996	3.925399955
28	1	1.674155217	2.631432431	3.299584343	5	0.1762917744	0.7844638722	98366.08675	80	103.2995843	3000	9.897989179
28	1	0.2520835755	11.9957669	7.445627017	22.5	0.2210439991	0.8233726398	20875.34809	80	107.445627	2890.842189	2.715064346
28	1	1.565025168	2.718840575	2.485695564	5	0.1608807422	0.7768468862	95174.77628	77.53383985	100.0195354	2997.639902	9.731585491
28	1	0.859089106	4.982469289	5.193762363	15	0.1820236048	0.8003507482	51526.21376	74.39107283	99.58483519	3000	5.386586786
28	1	0.7193504585	4.911416917	0.7452305218	15	0.1396802292	0.7581181939	52284.65209	78.08519668	98.8304272	3000	5.186532617
28	1	0.6625523734	5.141625081	0.004593271129	15	0.1173640092	0.7491408711	49903.39307	74.48753043	94.4921237	3000	5.186532617
28	1	2.429008676	2.308025604	9.365206234	2.5	0.2265404476	0.8285121469	112275.5209	79.10111048	108.4663167	2999.979908	10.91294555
28	1	0.3963609254	7.945472359	2.198332855	20	0.163774461	0.7738697159	31975.57847	80	102.1983329	3000	3.888355963
28	1	0.497040697	6.732412447	0.02215244973	17.5	0.1300886217	0.7605807082	37899.16777	74.42613	94.44828245	2865.66524	4.943906229
28	0	0.5589797934	5.054393359	-3.435125815	15	0.06499478388	0.6975278576	50780.18819	77.80145614	94.36633032	3000	5.181745547
28	1	0.5569278467	6.03691873	1.057482555	17.5	0.1478203672	0.7617090532	42369.09334	79.4303694	100.487852	3000	4.992911146
28	1	0.8490008853	4.215424261	0.1399332336	12.5	0.1247527072	0.7512690306	61065.76758	75.96084828	96.10078151	2994.985768	6.261481721
28	0	0.4571246902	6.15091406	-2.411929852	17.5	0.09276247186	0.7150639054	41567.18414	79.60940384	97.19747399	3000	4.991706674
28	1	0.1711714286	12.44844653	0.01454219261	22.5	0.1265038268	0.7493405322	20083.50179	77.26163637	97.27617856	2999.964375	2
28	1	0.8434910814	4.826694658	3.937235178	15	0.1779927679	0.7900962447	53218.19444	77.92325784	101.860493	2999.99958	5.181745547
28	1	0.753484756	4.813213601	1.296330185	15	0.1514732116	0.7643643897	53369.77102	79.60940384	100.905734	3000	5.245612267
28	0	0.1696474342	12.43533306	-0.1864729664	22.5	0.1240469276	0.7468220788	20105.62959	77.46265153	97.27617856	2999.964375	2.152771513
28	1	0.6625523734	5.141625081	0.004593271129	15	0.1173640092	0.7491408711	49903.39307	74.48753043	94.4921237	3000	5.186532617
28	1	1.210085744	3.09508442	0.0914183873	7.5	0.129334106	0.7504371413	83495.75939	77.75164553	97.84306392	2998.369884	8.166355121
28	1	0.8284011616	4.287297851	0.02215244973	12.5	0.1174358946	0.749357369	60026.95424	74.42613	94.44828245	3000	6.456463819
28	1	1.957383988	2.170059973	1.954211293	0	0.160827273	0.7713769105	119470.8668	80	101.9542113	3000	11.59728362
28	1	1.029653223	3.547062518	0.006978574903	10	0.1272523892	0.7493002354	72741.78068	77.52151691	97.52849548	2999.399094	7.696747101
28	1	1.180371878	3.242208571	0.01502317296	7.5	0.1295176309	0.7557644989	79666.06916	75.96084828	95.97587145	2922.761271	8.166343745
28	1	2.475358091	2.10861888	7.012855334	0	0.2110240823	0.8139491183	122978.242	80	107.0128553	2997.630266	11.59922343
28	1	2.775839551	2.072930667	9.840696812	0	0.2313472986	0.8312325373	125110.968	80	109.8406968	2999.999824	11.59611329
28	0	1.410698414	2.683161734	-0.006397984097	5	0.134512856	0.7491425576	96452.31266	80	99.99360202	3000	9.578924999
