#gen	Feasible	f1	f2	c1	c2	c3	c4	c5	x1	x2	x3	x4
0	0	3.721839951	2.089958508	10.78491303	-15	0.2417815103	0.8707483054	124084.2994	61.7109745	92.49588753	2358.459992	17.27104088
0	0	1.599247626	3.074068287	-7.215756187	-20	0.1231403453	0.7941503082	84072.73828	64.52352833	77.30777214	1576.291199	19.28227612
0	1	0.2258308302	14.92807862	10.48970482	22.5	0.202204981	0.8415678187	16598.03217	60.33463384	90.82433866	2862.412039	2.473085299
0	0	3.674428979	4.127157772	18.24080958	-2.5	0.3317657743	0.9354299604	62391.01392	70.01372294	108.2545325	1460.605758	12.42130792
0	0	0.2235791591	2.540112216	-18.06727877	-12.5	-1.742925731	-0.7633868475	101934.8269	77.72820937	79.6609306	2046.825161	16.25778657
0	0	1.570058249	5.152177816	-0.353980931	0	0.2598875245	0.8799502531	49799.33712	71.72533102	91.37135009	1409.698181	11.3245514
0	0	3.351459841	2.821564227	7.399423185	-15	0.2709834846	0.8936817932	91677.01721	64.30961723	91.70904042	1731.780772	17.92044105
0	0	0.5545444315	5.432681025	-8.226373961	10	0.03779088178	0.696077259	47181.60074	74.21618766	85.9898137	2145.250665	7.244931642
0	1	1.267053357	4.064310863	1.033169494	5	0.171926521	0.8156147408	63369.69019	66.32107331	87.35424281	2314.798926	9.036670206
0	0	4.953369585	2.234115226	13.69901984	-20	0.2964535795	0.9085522246	116019.6633	66.47732445	100.1763443	1825.983658	19.22204121
0	1	2.931380113	4.327399726	21.42787007	2.5	0.3116159552	0.9242113971	59462.34611	59.51129048	100.9391606	1844.748087	10.10261745
0	1	0.1805229642	21.65985584	2.44222032	22.5	0.241827513	0.8634025699	11159.72939	70.85949672	93.30171704	1829.771957	2.027110729
0	0	4.583679403	2.646883531	22.52224513	-10	0.3023534881	0.917823384	97786.62409	57.30655865	99.82880378	2048.691194	15.22704811
0	1	1.046196033	9.470239794	0.01527682807	10	0.3009941641	0.9075855873	26682.40611	78.88670808	98.9019849	1106.257381	7.868200704
0	0	1.810734027	1.532887625	-6.585652929	-20	-0.05450984764	0.6354018461	169505.1854	69.81486718	83.22921425	2929.941999	19.95591531
0	0	0.3777927521	7.25322026	-4.678682151	17.5	0.06753402995	0.7076269638	35113.24524	76.21002202	91.53133987	2682.95343	4.491102073
0	1	2.148521939	3.078399868	8.486532363	0	0.2196048748	0.853173978	83953.17413	62.71834143	91.2048738	2483.694401	11.23067886
0	1	1.22304567	7.700290991	8.60187557	10	0.2737716885	0.9027781365	33022.3544	58.42190297	87.02377854	1648.852339	7.707958882
0	0	3.319893587	2.863119241	10.38402703	-12.5	0.2663013161	0.8946418297	90333.36405	59.13753501	89.52156204	1896.241315	16.72310637
0	0	2.271419689	2.522381495	-1.62611304	-12.5	0.2020084845	0.825207151	102657.6896	74.90976752	93.28365448	1921.260592	16.78605765
0	0	3.324464538	1.499636016	1.439933149	-20	0.1802390175	0.7970112919	173283.6	77.1822238	98.62215695	2600.958098	19.84311478
0	1	3.931647892	4.596216991	29.63211513	0	0.3383549022	0.946260612	55931.95561	56.01639524	105.6485104	1553.126145	11.03952501
0	0	2.807798022	4.100227036	5.184454206	-7.5	0.306485869	0.9138407142	62806.71616	74.91902392	100.1034781	1294.295144	14.51621626
0	1	1.95687885	3.405823611	10.76617024	2.5	0.2115555544	0.8557496218	75795.69239	56.73130175	87.49747199	2625.6591	10.1263914
0	0	3.820437602	1.797373609	10.48928397	-12.5	0.2380979992	0.8541587604	144429.8294	69.99636094	100.4856449	2642.455217	16.44978652
0	1	0.4902966304	15.34738866	14.5304073	20	0.2773817174	0.905359749	16119.96384	55.17858188	89.70898918	1926.272436	3.054490504
0	0	4.031712686	1.559054019	7.735922998	-20	0.2148918181	0.8389989501	166645.1888	68.5360533	96.2719763	2656.90639	19.89437515
0	1	0.5162840191	9.892606466	4.861377254	17.5	0.1897810872	0.8431363232	25504.77016	58.20369635	83.0650736	2318.316794	4.517005655
0	0	3.950810499	3.861254128	14.51822464	-12.5	0.3206645193	0.9343526448	66749.52302	60.60196592	95.12019057	1339.047447	16.86237209
0	0	-0.02940691625	2.443750877	-20.2457935	-15	17.93548936	14.99024076	105989.7826	76.42439065	76.17859716	2065.28961	17.14207499
0	0	0.7130933094	3.313789526	-14.77944127	-17.5	-0.09784105395	0.57306115	77925.76667	79.37849203	84.59905076	1338.202127	18.6573168
0	0	0.4582215863	2.902986642	-15.81591046	-10	-0.4978069493	0.2504911988	89080.43471	77.72956159	81.91365113	1883.059485	15.66540997
0	0	0.5854941021	2.104554435	-15.24399328	-15	-0.5935923537	0.1840774887	123217.4833	76.13362897	80.88963569	2329.937926	17.34887292
0	0	0.5284411272	11.6557454	-7.977769963	10	0.2102272272	0.8513458322	21510.57874	68.74285302	80.76508306	1071.05761	7.349142258
0	0	0.0713177257	10.60967515	-18.62995203	7.5	-1.156846332	-0.2352902778	23720.16945	75.19677116	76.56681913	1016.43301	8.870715945
0	1	1.584996127	8.232074389	3.641463474	0	0.2969784779	0.9255730254	30831.00578	56.59055714	80.23202062	1046.380736	11.96967637
0	0	0.9762330035	7.911808919	-2.470525299	7.5	0.2579893771	0.8789849681	32115.45862	72.41739755	89.94687226	1269.140917	8.295786677
0	1	1.661378638	4.051977038	18.16450241	12.5	0.2598061557	0.8677658285	63565.32089	69.75864636	107.9231488	2985.115438	6.590455175
0	1	3.429613832	2.792687292	28.80791374	2.5	0.2831577603	0.8996226974	92634.28175	55.26449767	104.0724114	2853.225876	10.71346566
0	0	4.642512971	1.807015146	11.03090758	-17.5	0.2731867996	0.8797397673	143654.4054	74.28605861	105.3169662	2219.229597	18.57991561
0	1	0.5953713655	14.81998895	8.908257056	17.5	0.277771221	0.909199972	16725.65417	55.59757565	84.50583271	1554.439165	4.292016017
0	0	-0.02566572952	12.09750147	-21.70246202	20	3.251729093	3.293612182	20692.22718	77.76783636	76.06537433	2345.122059	3.355453987
0	1	1.928475111	5.632190105	5.613971649	0	0.2897224136	0.9105919725	45478.40611	64.01951234	89.63348399	1362.808578	11.89926744
0	0	0.536550202	6.821824114	-2.278258155	15	0.1121629657	0.7665253954	37390.63834	68.37479402	86.09653587	2474.176119	5.043845642
0	1	0.796265432	10.00793567	7.595180158	15	0.2622856858	0.8927621342	25200.48752	59.81270547	87.40788563	1756.752267	5.919431067
0	1	1.855553374	6.542945336	6.015544806	5	0.3183392322	0.9217901817	39022.69331	77.96773013	103.9832749	1213.753489	9.020232028
0	1	2.226430316	4.991774955	9.970973712	0	0.2911755398	0.9126216675	51428.48082	60.81677739	90.7877511	1552.634372	11.53433043
0	0	1.010338375	2.627136371	-9.677188964	-5	-0.02634102558	0.6285084239	98528.41294	78.06507883	88.38788986	2300.256657	13.31680055
0	0	0.4472909023	1.83329976	-16.64055247	-20	-1.163459756	-0.2341157645	141581.882	73.79883903	77.15828656	2489.647347	19.97924167
0	0	1.594016059	2.391960927	-5.023690818	-10	0.07863677421	0.7385127333	108304.125	70.08898879	85.06529797	2344.738437	15.52892624
0	0	1.231957333	1.464199262	-11.26869611	-22.5	-0.3092466623	0.4374148079	177499.2157	71.41125716	80.14256105	2946.951137	20.15228463
0	0	4.531996703	3.71521525	10.16166821	-22.5	0.3293917608	0.9397286969	69408.71225	65.61563832	95.77730653	1079.257148	20.78405137
0	1	0.7384132666	5.978554299	1.808957169	15	0.1867931273	0.8064225073	42791.49914	75.46862482	97.27758199	2522.169488	5.572568455
0	1	0.3001474378	13.5153346	0.9324127977	20	0.1720593404	0.8244471677	18427.08347	62.69136475	83.62377755	2192.09824	3.746192099
0	0	0.2277989705	13.67117129	-6.210591656	20	0.1411070438	0.7713286259	18206.77545	77.39024963	91.17965797	1889.62473	3.989514663
0	1	1.354724011	5.439248498	11.46868888	12.5	0.2698868684	0.8791937044	47123.54592	72.12260093	103.5912898	2259.100343	6.5984293
0	0	0.4970681705	2.451029339	-14.53673787	-5	-0.6000531188	0.1906544709	105672.3677	74.63551804	80.09878017	2654.552658	13.03340146
0	1	1.168430784	6.147632864	10.72919871	12.5	0.2492351089	0.8760723022	41589.85029	62.23432029	92.96351899	2257.702806	6.913200215
0	0	1.765324348	1.663296365	-6.428784211	-15	0.006144961207	0.6575970845	156144.773	76.17266401	89.7438798	2784.674915	17.87390183
0	0	4.575429437	3.18378923	20.13520598	-12.5	0.3170710947	0.9312526998	81144.37579	57.48368785	97.61889383	1620.989133	16.32700999
0	1	0.3510984584	9.735801253	2.450169177	20	0.1519233541	0.7916619183	25930.04647	68.56579144	91.01596061	2790.733569	3.087817579
0	0	2.003978922	4.897846967	-2.456052171	-12.5	0.274953901	0.8979686911	52432.00522	68.93294065	86.47688848	1070.546673	16.3168511
0	1	2.240351944	4.18659977	17.25157039	7.5	0.2929013809	0.9003468797	61492.39821	69.0435164	106.2950868	2196.522455	8.403650972
0	0	-0.06319017593	4.977270775	-20.58049961	-10	4.221088961	4.169979738	51580.97035	79.63049138	79.04999177	1105.203485	15.91981555
0	1	1.218292404	3.882442734	3.37940527	7.5	0.1531521822	0.8023885976	66380.32271	64.27187248	87.65127775	2753.064313	8.218578956
0	1	0.3479306671	14.99388235	0.314864351	20	0.2512646505	0.8634906262	16521.23847	77.22471492	97.53957927	1658.099088	3.131120374
0	1	1.591795188	8.288751262	27.76672823	15	0.3290019816	0.9352299497	30614.03532	61.12773382	108.894462	1810.53528	5.040635607
0	0	5.467697179	3.561613296	24.03482103	-12.5	0.3430636436	0.9485742539	72440.92118	62.45033123	106.4851523	1329.953431	16.77934049
0	1	0.4114682811	18.46601499	30.27716419	22.5	0.3218581154	0.929705556	13245.55334	58.37161578	108.64878	2060.410772	2.820228733
0	0	0.7526814782	2.911748789	-10.73597289	0	-0.1106129821	0.5568990059	88809.66209	78.27386694	87.53789406	2462.842558	11.95045176
0	1	0.5704841268	14.7049542	1.397527552	15	0.2579281434	0.8981307079	16863.53714	57.31454508	78.71207263	1298.449901	5.062800014
0	1	0.2648654568	11.24337523	0.326565948	20	0.05865141922	0.7608627359	22332.52536	56.31889483	76.64546078	2896.856592	3.734543919
0	0	1.23521566	3.889905542	-8.556748184	-12.5	0.1290918565	0.7915749213	66251.24498	67.7087919	79.15204371	1429.575702	16.49836862
0	0	2.054095157	3.802995421	-7.01342621	-22.5	0.2540269875	0.8700914347	67785.85709	78.45337053	91.43994432	1011.283908	20.98495673
0	0	3.91309587	2.377186392	12.43634632	-17.5	0.2591152103	0.891544087	108982.8434	56.19433032	88.63067664	2078.113401	18.94293442
0	0	2.796670599	2.480890937	0.750729645	-15	0.239548931	0.8550952526	104389.5942	75.57780279	96.32853244	1797.204582	17.85509483
0	1	0.5141882039	9.752866067	8.790212099	20	0.2521838287	0.8579913124	25883.10132	76.72645966	105.5166718	2435.272871	3.857959438
0	0	3.577804477	2.450586818	9.542786256	-15	0.2597222052	0.8853312952	105691.6123	62.4644857	92.00727196	2010.106734	17.82459401
0	0	4.366455256	2.887007413	17.3147571	-12.5	0.3062719841	0.9205571337	89578.46527	60.94591934	98.26067644	1748.399795	16.73416774
0	1	1.18047046	11.75432531	11.78759704	12.5	0.3202132571	0.9358455972	21322.62811	59.89435823	91.68195527	1207.117161	6.027813097
0	0	0.6190082827	2.596316339	-12.31771829	0	-0.3023343578	0.3957539913	99708.6955	78.37936716	86.06164887	2785.954008	11.96175814
0	0	5.821329251	4.271812904	26.77853009	-15	0.352652243	0.9595706074	60247.80911	55.97582879	102.7543589	1103.91379	17.71192621
0	1	2.288328093	7.785483259	23.37391869	7.5	0.3364429375	0.9475355979	32651.16071	55.21997777	98.59389646	1331.427849	8.514629182
0	0	1.657383141	2.065198093	-6.80061331	-12.5	0.07306746019	0.7074182814	125582.7819	78.81878487	92.01817156	2314.85277	16.07396609
0	1	1.110688876	6.949127311	26.60965212	17.5	0.2808071844	0.896199579	36689.18038	57.74819941	104.3578515	2827.839877	4.952992239
0	0	0.1224128054	17.11552605	-3.733281411	22.5	0.08368651136	0.7450744038	14361.6986	68.65596072	84.92267931	2481.293462	2.537137436
0	1	0.8759088816	7.664290137	14.93484485	17.5	0.2680123847	0.8806586521	33181.69515	67.81367509	102.7485199	2469.473816	4.055492689
0	0	0.5849406014	2.857379117	-12.49907716	0	-0.2977854122	0.4189838244	90516.64067	75.82350272	83.32442555	2615.575262	11.44544731
0	0	4.565553894	2.042996752	21.67077959	-10	0.2748272395	0.8931102235	126957.2762	59.02064413	100.6914237	2615.825904	15.27912115
0	0	0.1161260127	13.63570979	-15.15610268	17.5	-0.1932335644	0.4940419132	18256.46519	79.12115848	83.96505579	1471.524654	4.797371597
0	1	1.42326137	4.825903981	0.4955535347	2.5	0.2309310706	0.860028469	53227.06118	68.48515525	88.98070878	1713.324097	10.74578696
0	0	0.53516517	7.002411021	-6.71444248	10	0.05997198939	0.755669146	36403.15162	61.8635557	75.14911322	1943.501378	7.241805538
0	0	4.567410783	3.890376187	21.26603877	-7.5	0.3396825546	0.9441768695	66243.12124	66.24459022	107.510629	1358.010814	14.11218734
0	0	1.994233023	2.15624775	-6.265110982	-22.5	0.1113023446	0.7640013141	120241.9235	71.11037241	84.84526142	1941.775993	20.42262022
0	1	2.03960018	3.674075242	16.37057825	7.5	0.2564427114	0.8752686831	70195.98546	63.56150314	99.93208139	2680.438311	8.853130686
0	0	2.079225508	2.460458835	-2.842429935	-10	0.1896461061	0.8051144581	105263.9383	79.74785335	96.90542342	2001.970541	15.58324212
0	0	5.012837792	2.648632091	14.33568695	-20	0.3131687148	0.923779085	97721.47368	65.59574835	99.9314353	1549.604767	19.61695705
0	0	1.998804231	2.410918517	-5.091338673	-20	0.1365917283	0.7899964416	107445.4286	68.54907095	83.45773228	1874.393337	19.00683338
0	0	1.09936141	5.092977398	-3.219969655	5	0.2065657257	0.8304117406	50388.66271	75.17638298	91.95641332	1703.403353	9.148700492
0	0	-0.07951857471	1.652431923	-20.60243646	-17.5	9.668009682	8.677941431	157177.314	79.52988394	78.92744748	2778.047791	18.29456774
