#gen	Feasible	f1	f2	c1	c2	c3	x1	x2	x3
1	0	0.1461929948	3622.99057	-0.04619299478	96377.00943	97735.79028	0.01142657338	0.03878986218	2.207096148
1	0	0.1080846455	5811.228933	-0.00808464555	94188.77107	96818.46776	0.006049857829	0.02673705814	2.766820949
1	0	0.1424213512	4237.208377	-0.04242135118	95762.79162	97969.74027	0.01262917889	0.04637170601	1.611782107
1	1	0.0535992013	3443.285937	0.0464007987	96556.71406	24482.35217	0.01048726589	0.0011317	2.660790713
1	0	0.1119544514	5363.024757	-0.0119544514	94636.97524	97358.40669	0.01133825677	0.03727903825	1.393141868
1	1	0.08624685482	6919.444903	0.01375314518	93080.5551	96623.80155	0.007757074958	0.02791272233	1.606125121
1	1	0.08354794924	5400.815547	0.01645205076	94599.18445	95591.77713	0.007559695756	0.01986315761	2.247538413
1	0	0.1027078147	2685.002304	-0.002707814734	97314.9977	93505.069	0.01501157762	0.01344415517	2.286103096
1	0	0.1116035235	6072.615957	-0.01160352354	93927.38404	97575.56799	0.008904123255	0.03896392159	1.592467054
1	1	0.05060716243	20820.36064	0.04939283757	79179.63936	95024.34261	0.002078347928	0.01783219549	2.084817032
1	0	0.1234232965	8305.091492	-0.02342329645	91694.90851	97452.07147	0.004057605069	0.03315341311	2.949624999
1	0	0.1138669105	4757.559157	-0.01386691047	95242.44084	96910.56572	0.007741852491	0.02776260393	2.586546466
1	1	0.09018273351	3034.222725	0.009817266491	96965.77727	78737.17866	0.01929620854	0.004566553454	1.453828389
1	1	0.04643938088	4589.101549	0.05356061912	95410.89845	69697.3061	0.008220746977	0.002843252887	2.500929221
1	0	0.1349465867	4928.729733	-0.03494658667	95071.27027	97932.17431	0.01296301526	0.04855805206	1.318387467
1	1	0.07222659915	54837.9356	0.02777340085	45162.0644	97107.23874	0.000825	0.03100975498	1.971391419
1	1	0.08069756245	28786.02524	0.01930243755	71213.97476	97106.33156	0.001424137679	0.0302865032	2.235533957
1	1	0.06642782536	3326.959873	0.03357217464	96673.04013	83664.96933	0.01005877301	0.005165560548	2.981599546
1	0	0.1134461566	12872.10599	-0.01344615656	87127.89401	98203.97199	0.004946920709	0.05583076103	1.323300142
1	1	0.0680777175	13242.64962	0.0319222825	86757.35038	95395.10232	0.002616646992	0.01842756007	2.827163463
1	1	0.06502713768	4623.945926	0.03497286232	95376.05407	80014.70694	0.01340022445	0.00496330667	1.364131703
1	0	0.1003721514	15471.021	-0.0003721513796	84528.979	97344.49505	0.002395578466	0.03233646411	2.563898237
1	0	0.1567303237	11409.75291	-0.05673032373	88590.24709	98443.81475	0.003519070412	0.05606511083	2.297787414
1	1	0.05972159326	6523.73831	0.04027840674	93476.26169	89478.94571	0.01058497153	0.009863164525	1.210399992
1	0	0.1076695313	1863.192458	-0.007669531292	98136.80754	82577.83765	0.01969558631	0.004919743761	2.600137501
1	0	0.1362110787	11461.70232	-0.0362110787	88538.29768	98422.3289	0.004394162201	0.05856332983	1.730729942
1	1	0.05817906968	3474.907406	0.04182093032	96525.09259	69069.05788	0.01059915261	0.00277295804	2.58667069
1	1	0.04021862992	11747.10679	0.05978137008	88252.89321	91377.06656	0.004434283266	0.01082525149	1.663288653
1	1	0.01471992077	30535.10576	0.08528007923	69464.89424	75598.57949	0.001586184996	0.003743872608	1.81355827
1	1	0.06317337611	4821.862253	0.03682662389	95178.13775	88419.1669	0.01106100127	0.008120800809	1.618034088
1	1	0.09931025517	3119.945082	0.0006897448303	96880.05492	93409.47256	0.01650543359	0.01411348082	1.685857853
1	0	0.1037308885	21717.0023	-0.003730888494	78282.9977	98064.59416	0.002413517117	0.04832413496	1.651235224
1	1	0.0665694917	35229.2535	0.0334305083	64770.7465	97035.25494	0.001531978722	0.03184344173	1.595916079
1	0	0.1583334477	37404.08767	-0.05833344772	62595.91233	98669.32766	0.001167374968	0.06682264641	2.061063871
1	0	0.115038691	3920.229987	-0.01503869104	96079.77001	96873.26426	0.01134463737	0.02856624236	2.013957259
1	0	0.1422922554	10409.27798	-0.0422922554	89590.72202	98476.2812	0.004838431558	0.06063695802	1.730729942
1	1	0.09373898673	4082.876212	0.006261013266	95917.12379	95531.11369	0.01095350468	0.0200145931	1.999975172
1	0	0.1414002	2190.545388	-0.04140020001	97809.45461	96150.23174	0.01848654532	0.02270435174	2.271943565
1	0	0.1678341894	3288.559302	-0.06783418937	96711.4407	98169.13114	0.01493682935	0.05009726635	1.783140472
1	1	0.06407571278	5529.955667	0.03592428722	94470.04433	92540.24859	0.008904123255	0.01230405338	1.777988872
1	1	0.05489815316	5919.647113	0.04510184684	94080.35289	84589.90826	0.01040034474	0.006420892415	1.373926069
1	1	0.06283702981	4987.764084	0.03716297019	95012.23592	81936.23578	0.01272164724	0.005543200152	1.328502438
1	1	0.01850422069	23297.20425	0.08149577931	76702.79575	67644.66715	0.003266201761	0.003355944195	1.089651225
1	1	0.02076921243	23175.96797	0.07923078757	76824.03203	75415.12646	0.003451199697	0.004528981402	1.033003626
1	1	0.0837315854	4539.015432	0.0162684146	95460.98457	93008.39577	0.01428487189	0.01444811303	1.297066903
1	1	0.06542018339	22550.17797	0.03457981661	77449.82203	95978.0777	0.001678387805	0.02143546029	2.489728154
1	1	0.04717013007	16291.95717	0.05282986993	83708.04283	94100.24693	0.002601047718	0.01496562312	2.141351274
1	0	0.1040567126	2780.989785	-0.004056712627	97219.01021	94032.37715	0.01520360902	0.01478777912	2.147552463
1	1	0.01522594154	33890.5412	0.08477405846	66109.4588	77670.14754	0.001822169812	0.004436374884	1.369253676
1	1	0.08842227804	12198.26286	0.01157772196	87801.73714	97206.20761	0.003628267034	0.0319323001	2.026245415
1	1	0.07291842802	4840.168886	0.02708157198	95159.83111	93080.84454	0.01081270074	0.01351068498	1.654155825
1	1	0.07614412589	8953.261042	0.02385587411	91046.73896	96416.15424	0.006974780111	0.02776260393	1.35231806
1	1	0.0865806182	2362.580731	0.0134193818	97637.41927	65161.99487	0.01766774658	0.002525708048	2.183518868
1	1	0.02191093797	17434.69608	0.07808906203	82565.30392	74610.98923	0.003643619622	0.003945692353	1.326811765
1	1	0.04386411974	5545.144237	0.05613588026	94454.85576	16728.02881	0.009679577389	0.0011317	1.606125121
1	1	0.04854815035	6336.742407	0.05145184965	93663.25759	86361.45581	0.008090285058	0.006810708473	1.694775237
1	0	0.1299597055	3103.53305	-0.02995970547	96896.46695	94854.05849	0.0237334912	0.02077169172	1.128502121
1	0	0.1178964391	2187.543244	-0.01789643907	97812.45676	93380.47734	0.01848654532	0.01320046748	2.276070163
1	1	0.07486036612	62746.97514	0.02513963388	37253.02486	97449.76281	0.000825	0.03653195479	1.675509294
1	1	0.04579664814	6758.841453	0.05420335186	93241.15855	75905.10384	0.009193261333	0.004121281447	1.359872377
1	1	0.05341018819	9479.572198	0.04658981181	90520.4278	93537.47866	0.00422616923	0.01349420237	2.304618209
1	0	0.194189309	2543.934498	-0.09418930901	97456.0655	98286.52157	0.01865405002	0.05301509804	1.858984357
1	0	0.1970332795	4946.048101	-0.09703327946	95053.9519	98679.1926	0.008553079289	0.06682188744	2.146057808
1	0	0.1665866877	2347.100438	-0.06658668768	97652.89956	97507.83421	0.01714492686	0.03502526129	2.291025104
1	0	0.1553062822	1892.043414	-0.0553062822	98107.95659	96047.77433	0.02302616512	0.02248629673	2.06694177
1	1	0.04006779354	6935.88614	0.05993220646	93064.11386	67141.44106	0.008126358211	0.002915400018	1.518148578
1	0	0.1306356779	2269.47154	-0.0306356779	97730.52846	95529.60046	0.01786859461	0.01955815191	2.267748653
1	1	0.05761552534	31831.33154	0.04238447466	68168.66846	96633.1939	0.002393961182	0.03227377054	1.087967948
1	1	0.07213090054	18816.19215	0.02786909946	81183.80785	96394.16676	0.002065838803	0.02403490586	2.400150542
1	0	0.1145375688	3219.115195	-0.01453756884	96780.88481	95376.8929	0.01821208281	0.02101286847	1.451644871
1	0	0.1414687668	4290.349625	-0.04146876684	95709.65037	97963.1293	0.01259803801	0.04637170601	1.593195285
1	1	0.09555559672	17174.08914	0.004444403278	82825.91086	97920.38904	0.004415092764	0.05212269512	1.093792639
1	0	0.1084422487	8499.54249	-0.008442248657	91500.45751	97836.29142	0.00750697241	0.0463811486	1.320343425
1	0	0.1513233269	7384.88202	-0.05132332692	92615.11798	98315.50147	0.005644924406	0.05222019849	2.187217937
1	1	0.09133478	2511.737965	0.008665220001	97488.26203	76200.87023	0.01887494957	0.003815951852	1.861166634
1	1	0.04987538682	8548.343872	0.05012461318	91451.65613	92450.32847	0.005262127589	0.01186456423	1.985519325
1	1	0.09505183088	4147.567937	0.004948169121	95852.43206	92018.40128	0.01804335573	0.01349420237	1.109354159
1	0	0.1085610732	5551.004231	-0.008561073184	94448.99577	96705.52833	0.006181890062	0.02571596663	2.868937206
1	1	0.03612662543	11769.84416	0.06387337457	88230.15584	89390.05342	0.00433759242	0.008743740078	1.703135251
1	0	0.1176774787	12286.29465	-0.01767747869	87713.70535	98269.4379	0.005388368404	0.05888044181	1.267631778
1	0	0.1109014621	1919.920073	-0.0109014621	98080.07993	69073.31217	0.02337699312	0.002894688466	1.991066351
1	0	0.1324665685	6710.976197	-0.03246656854	93289.0238	98124.89579	0.007241057743	0.04876575132	1.806356118
1	1	0.05000742509	22243.33926	0.04999257491	77756.66074	95024.34261	0.001945389264	0.01783219549	2.084817032
1	0	0.2080389373	1942.487827	-0.1080389373	98057.51217	98013.21931	0.01954533597	0.04341893575	2.478954095
1	1	0.09393352035	13190.3774	0.006066479653	86809.6226	97683.06872	0.004169377113	0.04100142578	1.561582195
1	1	0.05725642072	7178.072473	0.04274357928	92821.92753	89225.27144	0.01016493881	0.009876215907	1.14008676
1	1	0.0940531004	2126.602604	0.005946899597	97873.3974	82914.86368	0.01574922536	0.004939403668	2.977833948
1	1	0.07852421523	48597.24514	0.02147578477	51402.75486	97540.24467	0.00106520965	0.0378757792	1.675509294
1	1	0.05680937289	7173.399309	0.04319062711	92826.60069	89306.47742	0.01000780061	0.009876215907	1.16029835
1	1	0.09114515661	4450.000848	0.008854843394	95549.99915	95499.92117	0.0118091052	0.0208003455	1.64623063
1	1	0.05211525677	17935.18838	0.04788474323	82064.81162	95024.34261	0.002412684633	0.01783219549	2.084817032
1	1	0.08375952041	3247.856002	0.01624047959	96752.144	75067.17027	0.01807349698	0.003898033661	1.449593291
1	1	0.07222058238	3394.017442	0.02777941762	96605.98256	74191.00474	0.01495863676	0.003588486309	1.714363517
1	1	0.06960746294	7122.465641	0.03039253706	92877.53436	93121.14992	0.01121460021	0.01617508034	1.034511493
1	1	0.05283395248	9684.994686	0.04716604752	90315.00531	93528.52541	0.004163615209	0.01349420237	2.284714216
1	1	0.05427762557	19606.56474	0.04572237443	80393.43526	95765.46552	0.002659285597	0.02205036487	1.661438624
1	1	0.08586981277	5118.803161	0.01413018723	94881.19684	95661.86302	0.01019578205	0.02153029672	1.659544925
1	1	0.04930147656	10223.29915	0.05069852344	89776.70085	92638.73517	0.003629192412	0.01166742851	2.559974275
1	1	0.09301351346	2149.544795	0.006986486544	97850.45521	65381.75014	0.01886836115	0.002525708048	2.26729647
1	1	0.09173734364	2182.583754	0.00826265636	97817.41625	65376.3423	0.01859622762	0.002525708048	2.265124522
