#gen	Feasible	f1	f2	c1	c2	c3	x1	x2	x3
5	1	0.06356739304	4556.767885	0.03643260696	95443.23211	78419.00732	0.01312129582	0.004534154714	1.419786573
5	1	0.07074992919	2617.265474	0.02925007081	97382.73453	30053.76909	0.01419658882	0.001228233997	2.554742164
5	1	0.03369593508	6560.598535	0.06630406492	93439.40147	21043.98652	0.007033901722	0.001141949636	1.923661047
5	0	0.1283726679	1592.162813	-0.02837266788	98407.83719	88656.0387	0.02115414107	0.007445844357	2.952052102
5	0	0.1207627004	1530.296413	-0.02076270036	98469.70359	76814.68251	0.02200388108	0.003642910237	2.953186673
5	1	0.01482356334	70981.66538	0.08517643666	29018.33462	84855.56716	0.000825	0.006411885599	1.453522622
5	1	0.05690638787	3777.677839	0.04309361213	96222.32216	72588.3614	0.01058704308	0.00318023407	2.309829327
5	1	0.05483812701	3803.538634	0.04516187299	96196.46137	21518.23609	0.01166578193	0.001137438507	2.019784734
5	1	0.09819545837	1828.788613	0.001804541625	98171.21139	26343.85433	0.01976017324	0.001160453511	2.657974881
5	1	0.02075232043	24073.27671	0.07924767957	75926.72329	83198.48557	0.002526857157	0.005861964365	1.392567183
5	1	0.07937837576	2597.344445	0.02062162424	97402.65555	21021.12099	0.01717006981	0.0011317	2.007001953
5	1	0.08035177007	2535.802906	0.01964822993	97464.19709	21332.24122	0.01730680919	0.0011317	2.047892796
5	1	0.07638149699	3287.450204	0.02361850301	96712.5498	14885.85441	0.0174165416	0.0011317	1.491164826
5	1	0.02021782673	24475.39411	0.07978217327	75524.60589	83287.19386	0.002267390225	0.005701471663	1.545414132
5	1	0.06717906188	3055.182084	0.03282093812	96944.81792	78804.63235	0.01096873601	0.003981907049	2.97519153
5	1	0.02508783516	13634.22079	0.07491216484	86365.77921	51501.66165	0.005217494603	0.002168495451	1.171867448
5	1	0.06851207488	2578.566611	0.03148792512	97421.43339	25340.51158	0.01308786122	0.0011317	2.94300242
5	1	0.05871311238	3672.562335	0.04128688762	96327.43766	56043.2207	0.01208091018	0.002030779176	2.019976502
5	0	0.1151503683	1741.471192	-0.01515036831	98258.52881	86258.15734	0.01918412966	0.006138710074	2.989458211
5	1	0.03818700692	6575.119316	0.06181299308	93424.88068	15888.70999	0.008414353583	0.0011317	1.550871843
5	0	0.1175849851	1636.952864	-0.01758498514	98363.04714	82790.70721	0.02057492785	0.004908110531	2.952140062
5	1	0.07682336927	2777.761359	0.02317663073	97222.23864	80431.60829	0.01400700833	0.004429716219	2.397055735
5	1	0.07918533343	2716.879251	0.02081466657	97283.12075	80956.61744	0.0145786035	0.004568461138	2.340003832
5	1	0.02151864884	24674.38737	0.07848135116	75325.61263	84796.29673	0.001716894503	0.005806961534	2.14218628
5	1	0.02325269918	18443.72339	0.07674730082	81556.27661	81242.05894	0.001807299569	0.004495557589	3
5	1	0.021292872	12828.22088	0.078707128	87171.77912	29254.72774	0.00440343437	0.001355133465	1.514315244
5	1	0.02345747399	14380.32943	0.07654252601	85619.67057	78048.73202	0.002390683983	0.003860647686	2.860970712
5	1	0.09660701625	1862.81435	0.003392983746	98137.18565	62012.71791	0.01796215001	0.002221206916	2.982290427
5	1	0.0196471962	13230.32677	0.0803528038	86769.67323	59187.79641	0.003204076249	0.002163583091	2.140388397
5	1	0.08517429904	2525.713817	0.01482570096	97474.28618	72620.61973	0.01726852404	0.003246781839	2.064010186
5	1	0.07538397185	3634.249771	0.02461602815	96365.75023	46935.06374	0.01709510022	0.001871233485	1.360066059
5	1	0.006270676789	53431.43605	0.09372932321	46568.56395	21247.47509	0.000825	0.0011317	2.036521022
5	1	0.0579628605	5628.03526	0.0420371395	94371.96474	90266.40711	0.008943040557	0.009490409295	1.732070504
5	1	0.08951940101	1984.018718	0.01048059899	98015.98128	44903.39254	0.01715279661	0.001535589959	2.905460787
5	1	0.02436823932	8290.020661	0.07563176068	91709.97934	27842.71829	0.004395951406	0.001186353949	2.626046813
5	0	0.1130004501	1767.582926	-0.01300045008	98232.41707	85693.79428	0.01892968545	0.005897962868	2.982340631
5	0	0.1004124261	2161.539314	-0.0004124261025	97838.46069	74282.24736	0.02072505301	0.003479350379	1.9957248
5	1	0.009423086743	28110.04185	0.09057691326	71889.95815	22932.33945	0.0014260384	0.0011317	2.302802138
5	0	0.10975436	1740.842904	-0.009754359971	98259.1571	80601.66229	0.01934705711	0.004354244803	2.952140062
5	1	0.02468174214	9185.047068	0.07531825786	90814.95293	44303.56	0.004614690629	0.001585348673	2.140701835
5	1	0.0857771946	2394.071702	0.0142228054	97605.9283	21062.35374	0.01858882903	0.0011317	2.012289809
5	0	0.1195871712	1630.099649	-0.01958717124	98369.90035	84512.62573	0.02055638719	0.005449405388	2.975539936
5	1	0.02466374215	9463.10412	0.07533625785	90536.89588	43643.9135	0.004718751266	0.001586502562	2.00377139
5	1	0.02028792824	10933.71515	0.07971207176	89066.28485	21928.56934	0.003887145477	0.0011317	2.13327264
5	1	0.01266735906	18435.06415	0.08733264094	81564.93585	25806.47163	0.001937120708	0.0011496313	2.70407404
5	1	0.02996711481	8044.506071	0.07003288519	91955.49393	70718.43951	0.004614690629	0.002933447711	2.557973796
5	1	0.04004084775	5587.560245	0.05995915225	94412.43975	68177.79234	0.007195579752	0.002742505143	2.293684734
5	1	0.02680472964	10933.71515	0.07319527036	89066.28485	77331.99579	0.003887145477	0.003897715795	2.13327264
5	1	0.006811095189	53140.97816	0.09318890481	46859.02184	12707.34487	0.00115378033	0.0011317	1.380277813
5	1	0.08085811039	2585.006236	0.01914188961	97414.99376	44295.7267	0.01726852404	0.001604934119	2.004602114
5	1	0.05498457896	3803.250907	0.04501542104	96196.74909	25727.5989	0.01166578193	0.001201879981	2.019976502
5	1	0.03587311233	7037.203412	0.06412688767	92962.79659	78314.88715	0.004877109891	0.003906954913	2.868238951
5	1	0.06656185553	4745.620535	0.03343814447	95254.37947	91972.08575	0.007792192813	0.01069191042	2.572053534
5	1	0.0238045483	9185.803485	0.0761954517	90814.19652	50646.15709	0.003928549753	0.001731441294	2.663319879
5	1	0.08466723208	3366.655293	0.01533276792	96633.34471	77858.25697	0.01821184825	0.004461667614	1.380277813
5	1	0.03223820877	7966.417811	0.06776179123	92033.58219	15460.21205	0.007049041677	0.0011317	1.524583375
5	1	0.0657453372	3231.791476	0.0342546628	96768.20852	58903.79837	0.01350843633	0.002163583091	2.061550609
5	1	0.06820958912	3301.644097	0.03179041088	96698.3559	77884.81417	0.01303781429	0.004007066754	2.098749354
5	1	0.09019742623	2369.963255	0.009802573774	97630.03674	78984.72161	0.01756763747	0.00418457484	2.190798886
5	1	0.06562743072	3397.239719	0.03437256928	96602.76028	72183.96539	0.01301564586	0.0032064866	2.028623662
5	1	0.03777955419	4976.258683	0.06222044581	95023.74132	24751.66484	0.007110419801	0.0011317	2.740791691
5	1	0.07803377	3194.359664	0.02196623	96805.64034	18385.48726	0.01775789956	0.00117637236	1.507091442
5	0	0.1054682007	2557.388419	-0.005468200707	97442.61158	91976.4936	0.01844800657	0.01130383215	1.872231912
5	1	0.04961587344	4208.891723	0.05038412656	95791.10828	21224.74842	0.01048563745	0.0011317	2.033502142
5	1	0.01961858502	29847.20281	0.08038141498	70152.79719	84839.7835	0.001937120708	0.00637580397	1.474700384
5	1	0.0484898917	5235.269022	0.0515101083	94764.73098	83669.47663	0.007469519549	0.005313420871	2.380702855
5	1	0.09949728508	2182.269886	0.0005027149217	97817.73011	85219.44578	0.01832672312	0.005897962868	2.309874153
5	0	0.1192002393	1604.088819	-0.01920023929	98395.91118	82241.0545	0.02099153512	0.004756023449	2.953210187
5	1	0.08985745537	1935.079025	0.01014254463	98064.92097	25455.40343	0.01730340203	0.001132031828	2.979063487
5	1	0.07998485075	3132.111957	0.02001514925	96867.88804	89745.9239	0.01249797504	0.008463856502	2.377400923
5	0	0.1053036742	1981.561041	-0.005303674165	98018.43896	86787.61783	0.01779480432	0.006441533805	2.754737402
5	1	0.02569212246	7926.053816	0.07430787754	92073.94618	34272.80685	0.004614690629	0.00130328255	2.612336687
5	1	0.01340364581	37324.45446	0.08659635419	62675.54554	75037.30926	0.00148782407	0.003818062616	1.544232454
5	1	0.009752435841	26528.14612	0.09024756416	73471.85388	24288.03022	0.001380725577	0.0011317	2.607070944
5	1	0.06635757503	3132.111957	0.03364242497	96867.88804	72709.86137	0.01249797504	0.00318023407	2.377400923
5	1	0.04396906486	5089.751423	0.05603093514	94910.24858	71026.6037	0.007903119684	0.003012467184	2.292231844
5	1	0.0361111952	5572.151099	0.0638888048	94427.8489	22875.84556	0.007218920295	0.0011317	2.292231844
5	0	0.1156338893	1708.421549	-0.01563388931	98291.57845	83372.07145	0.02085942688	0.005127766949	2.712294564
5	1	0.07106288935	2705.994773	0.02893711065	97294.00523	64945.86045	0.01335552758	0.002438391619	2.657677186
5	1	0.06938310894	2621.037331	0.03061689106	97378.96267	24491.22415	0.01376816941	0.0011317	2.663319879
5	1	0.059067504	3635.977005	0.040932496	96364.023	56104.83199	0.01213784152	0.002030974165	2.033502142
5	0	0.1005181883	1747.242956	-0.0005181882957	98252.75704	46598.00385	0.01915025651	0.001580046062	2.982290427
5	1	0.01185533163	39883.93999	0.08814466837	60116.06001	69205.35418	0.00148782407	0.003168635009	1.431938449
5	1	0.06582535329	2896.299799	0.03417464671	97103.7002	67014.79276	0.01165148426	0.002561495257	2.943235033
5	1	0.03820375512	5058.802696	0.06179624488	94941.1973	23888.77733	0.007447007167	0.0011317	2.505818095
5	1	0.09033725081	2437.37785	0.009662749192	97562.62215	82735.85439	0.01714592071	0.005098090393	2.180156236
5	1	0.02725163659	8207.613863	0.07274836341	91792.38614	60263.63982	0.004400961863	0.002150872912	2.65964969
5	1	0.04063818817	5159.442786	0.05936181183	94840.55721	53613.8446	0.007792192813	0.001881412226	2.293863833
5	1	0.09800413638	1768.396677	0.001995863625	98231.60332	25429.30641	0.0189411919	0.0011317	2.977392221
5	1	0.03371960064	8483.677483	0.06628039936	91516.32252	81736.029	0.004305806481	0.00468906544	2.617157131
5	1	0.02366710851	9681.446786	0.07633289149	90318.55321	44258.60735	0.004402377533	0.00158610027	2.125538973
5	0	0.1140983206	1746.163843	-0.01409832056	98253.83616	85702.28295	0.01908946487	0.005897962868	3
5	0	0.120527204	1611.736452	-0.02052720399	98388.26355	84307.02224	0.02078776077	0.005377893771	2.976170149
5	1	0.07271152835	2495.498958	0.02728847165	97504.50104	24491.22415	0.01446078985	0.0011317	2.663319879
5	1	0.04136616368	4649.518011	0.05863383632	95350.48199	31550.84662	0.007988756592	0.001255018995	2.55594067
5	1	0.04040302594	4586.170627	0.05959697406	95413.82937	25018.10401	0.007555605872	0.0011317	2.827168548
5	1	0.05713727535	3238.934168	0.04286272465	96761.06583	25036.68944	0.01128871542	0.001142633701	2.613649733
5	1	0.05580781491	3929.519256	0.04419218509	96070.48074	56387.7782	0.01148692287	0.002055657894	1.976998787
5	1	0.04858775953	4052.985984	0.05141224047	95947.01402	22874.6644	0.009925475984	0.0011317	2.29201231
5	1	0.07642589734	2391.357473	0.02357410266	97608.64253	24239.54846	0.01537045622	0.0011317	2.594147315
