#gen	Feasible	f1	f2	c1	c2	c3	x1	x2	x3
35	1	0.0665312036	2787.546975	0.0334687964	97212.45303	24019.17457	0.01339324622	0.0011317	2.537637168
35	1	0.01152256002	22626.78552	0.08847743998	77373.21448	36947.90152	0.001614558199	0.001358278588	2.616830932
35	1	0.05288750348	5395.300066	0.04711249652	94604.69993	88338.84095	0.006962903417	0.00738252241	2.51567852
35	1	0.01349736227	17286.54998	0.08650263773	82713.45002	29139.39217	0.00212280594	0.00120959003	2.600205729
35	1	0.01168968458	20494.19352	0.08831031542	79505.80648	24342.49268	0.001780195705	0.0011317	2.621811642
35	1	0.009527119513	27459.75741	0.09047288049	72540.24259	24045.42841	0.001357106717	0.0011317	2.544184606
35	1	0.0132693304	17184.90761	0.0867306696	82815.09239	25056.94466	0.002010107688	0.0011317	2.840427681
35	1	0.008847614749	30739.01928	0.09115238525	69260.98072	24249.52941	0.001194894978	0.0011317	2.596792867
35	1	0.01110581783	24222.23852	0.08889418217	75777.76148	37833.55772	0.001598479423	0.001392995659	2.413032472
35	1	0.008259714109	34337.23022	0.09174028589	65662.76978	24373.78873	0.001060087765	0.0011317	2.630391231
35	1	0.03296128649	5879.394493	0.06703871351	94120.60551	24229.62514	0.006256162476	0.001131700021	2.591524323
35	1	0.01196231345	45082.42762	0.08803768655	54917.57238	70748.17418	0.0008251275464	0.002937551109	2.550634494
35	1	0.01062206644	23433.0073	0.08937793356	76566.9927	24334.80888	0.001557805952	0.0011317	2.619717447
35	1	0.01644739438	13233.90825	0.08355260562	86766.09175	24029.71704	0.002819032374	0.0011317	2.540260544
35	1	0.03392351498	5722.021147	0.06607648502	94277.97885	24088.59904	0.006493018972	0.001131701149	2.555037446
35	1	0.006993322664	45266.66759	0.09300667734	54733.33241	24015.06984	0.000825	0.0011317	2.536617848
35	1	0.01103767396	22177.52609	0.08896232604	77822.47391	24580.70397	0.001616340537	0.0011317	2.68922093
35	1	0.0116971581	20515.22745	0.0883028419	79484.77255	24129.86103	0.001805726338	0.0011317	2.56557414
35	1	0.01186109346	20087.88618	0.08813890654	79912.11382	24353.69393	0.001814721339	0.0011317	2.624873135
35	1	0.01078020307	23905.12158	0.08921979693	76094.87842	30733.36436	0.001554928119	0.001240375137	2.553339005
35	1	0.05950908192	2980.910348	0.04049091808	97019.08965	25474.71759	0.01119317396	0.0011317	2.995435822
35	1	0.02314300971	22849.73743	0.07685699029	77150.26257	84754.71008	0.001631143486	0.005638470722	2.543668915
35	1	0.007962669961	36310.76821	0.09203733004	63689.23179	24104.60233	0.001022040977	0.0011317	2.55912132
35	1	0.02334040962	20413.53995	0.07665959038	79586.46005	83934.74018	0.001814721339	0.005344590579	2.56557414
35	1	0.02908647444	12059.79319	0.07091352556	87940.20681	83723.04346	0.003089363523	0.005280717033	2.545022627
35	1	0.008492860737	33127.97924	0.09150713926	66872.02076	24848.55553	0.001060087765	0.0011317	2.771314038
35	1	0.03271276849	5936.1823	0.06728723151	94063.8177	24191.12244	0.006213414424	0.001131700285	2.581415458
35	1	0.007164770105	43620.69907	0.09283522989	56379.30093	24249.27781	0.0008420443754	0.0011317	2.596726084
35	1	0.03482779162	5424.817941	0.06517220838	94575.18206	24858.03231	0.006468896415	0.001131700005	2.774352183
35	1	0.02012977036	10370.3373	0.07987022964	89629.6627	24043.42437	0.003594005788	0.0011317	2.543683111
35	1	0.009409202468	27976.76015	0.09059079753	72023.23985	24187.10545	0.001318754679	0.0011317	2.580372772
35	1	0.00680853978	46946.07953	0.09319146022	53053.92047	23475.43921	0.000825	0.0011317	2.412032825
35	1	0.007108034801	44326.78005	0.0928919652	55673.21995	24310.11189	0.000825	0.0011317	2.613018776
35	1	0.01221986073	19943.32703	0.08778013927	80056.67297	30603.4885	0.001840737909	0.001235198558	2.598750393
35	1	0.01046465837	23946.83214	0.08953534163	76053.16786	24219.87018	0.001537078988	0.0011317	2.588953973
35	1	0.006540670713	49824.86343	0.09345932929	50175.13657	22514.16065	0.000825	0.0011317	2.227675059
35	1	0.01762150282	11874.63556	0.08237849718	88125.36444	25417.31587	0.002823659723	0.001131701147	2.972650636
35	1	0.0114757961	21029.8852	0.0885242039	78970.1148	24291.67916	0.001741256712	0.0011317	2.608051127
35	1	0.01224869138	19271.66654	0.08775130862	80728.33346	24149.76874	0.001919534966	0.0011317	2.570692959
35	1	0.00682770152	46713.79533	0.09317229848	53286.20467	23475.43921	0.0008291023098	0.0011317	2.412032825
35	1	0.0199909553	23464.9515	0.0800090447	76535.0485	80871.0124	0.00155568522	0.004476467787	2.619717447
35	1	0.0129180016	17854.11515	0.0870819984	82145.88485	24656.24505	0.001996312902	0.0011317	2.711660774
35	1	0.01178175381	20298.79713	0.08821824619	79701.20287	24209.06275	0.001814721339	0.0011317	2.586114424
35	1	0.01542465654	14610.54521	0.08457534346	85389.45479	23183.77561	0.002700998171	0.0011317	2.351585968
35	1	0.007033373352	44930.24393	0.09296662665	55069.75607	24121.2564	0.000825	0.0011317	2.563370685
35	1	0.01679977413	12773.59361	0.08320022587	87226.40639	24475.78778	0.002828353149	0.0011317	2.658923821
35	1	0.01209752821	21394.81578	0.08790247179	78605.18422	39028.25148	0.001710080287	0.001405005076	2.611260643
35	1	0.007016192299	45073.44384	0.0929838077	54926.55616	24076.1364	0.000825	0.0011317	2.551904639
35	1	0.008064784085	35676.26245	0.09193521591	64323.73755	24322.05682	0.001024152082	0.0011317	2.6162525
35	1	0.007082947965	44526.20934	0.09291705203	55473.79066	24247.93056	0.000825	0.0011317	2.596368554
35	1	0.007849189573	37147.03571	0.09215081043	62852.96429	24042.29205	0.001003418091	0.0011317	2.543399881
35	1	0.007088735016	44479.91034	0.09291126498	55520.08966	24262.38674	0.000825	0.0011317	2.600212277
35	1	0.01341151391	17097.5781	0.08658848609	82902.4219	24135.50956	0.002165807787	0.0011317	2.567023561
35	1	0.03160512703	6177.097823	0.06839487297	93822.90218	24140.65768	0.005992548395	0.0011317	2.568346624
35	1	0.01053811427	23695.79126	0.08946188573	76304.20874	24516.03964	0.001520290381	0.001131723182	2.669986316
35	1	0.006872872278	46336.31938	0.09312712772	53663.68062	23673.1975	0.000825	0.0011317	2.455630012
35	1	0.007458829657	40602.63391	0.09254117034	59397.36609	24204.35407	0.0009075535985	0.0011317	2.584880056
35	1	0.02719967588	42253.40673	0.07280032412	57746.59327	89093.40411	0.000825	0.007788137022	2.802012882
35	1	0.03185366374	5990.605224	0.06814633626	94009.39478	24858.03228	0.005857936555	0.001131700005	2.774352183
35	1	0.01275970221	18199.71438	0.08724029779	81800.28562	24373.78873	0.00200005763	0.0011317	2.630391231
35	1	0.007560840655	39772.64089	0.09243915935	60227.35911	24324.189	0.0009185274413	0.0011317	2.616830932
35	1	0.04754033681	4775.040269	0.05245966319	95224.95973	78688.48942	0.00734536244	0.003989893753	2.776483237
35	1	0.007074514861	44593.99761	0.09292548514	55406.00239	24226.74253	0.000825	0.0011317	2.590764275
35	1	0.02319331912	8692.823872	0.07680668088	91307.17613	24444.9896	0.004165575846	0.00113170002	2.65021456
35	1	0.01113314924	21954.86551	0.08886685076	78045.13449	24151.11302	0.001684779507	0.0011317	2.571039667
35	1	0.009358235862	28199.94439	0.09064176414	71800.05561	24004.27041	0.001325292881	0.001131700293	2.533936785
35	1	0.01647257529	13045.49159	0.08352742471	86954.50841	24662.6432	0.002730834231	0.0011317	2.713586233
35	1	0.00871530833	38991.90051	0.09128469167	61008.09949	43393.5008	0.0009376199628	0.00151314734	2.614039629
35	1	0.05910862908	3014.5627	0.04089137092	96985.4373	25342.41635	0.01119317396	0.0011317	2.943728085
35	1	0.01108750137	22079.81774	0.08891249863	77920.18226	24156.34632	0.001674622581	0.0011317	2.572390686
35	1	0.007206183494	44756.85232	0.09279381651	55243.14768	27682.9754	0.000825	0.001186585366	2.577413286
35	1	0.008566923288	32283.83979	0.09143307671	67716.16021	24076.27351	0.001151821867	0.0011317	2.55193926
35	1	0.007169982552	43728.45869	0.09283001745	56271.54131	24375.34023	0.0008323263646	0.0011317	2.630818665
35	1	0.02870505924	6644.615306	0.07129494076	93355.38469	25403.65105	0.005052004357	0.001131700003	2.967336563
35	1	0.0139999985	24902.24266	0.0860000015	75097.75734	65521.09868	0.001454879742	0.002480175284	2.648199375
35	1	0.008589800245	32156.56105	0.09141019976	67843.43895	24108.43648	0.001153762973	0.001131700001	2.56009782
35	1	0.007337615608	41636.99455	0.09266238439	58363.00545	24057.56257	0.0008942560762	0.0011317	2.547227142
35	1	0.008382774937	33678.26845	0.09161722506	66321.73155	24634.2486	0.001060087765	0.00113170005	2.705070065
35	1	0.01062206644	23433.0073	0.08937793356	76566.9927	24334.80888	0.001557805952	0.0011317	2.619717447
35	1	0.02105440242	14888.7188	0.07894559758	85111.2812	74384.45636	0.002487338848	0.003351763065	2.566708365
35	1	0.01086970642	22685.07862	0.08913029358	77314.92138	24275.93821	0.001616044227	0.0011317	2.603830319
35	1	0.02311337337	8763.894146	0.07688662663	91236.10585	24291.26581	0.004178453803	0.00113170002	2.607939678
35	1	0.00994955942	25758.02967	0.09005044058	74241.97033	24249.52941	0.001425959215	0.0011317	2.596792867
35	1	0.03193812513	6126.259403	0.06806187487	93873.7406	24037.11932	0.006086504614	0.0011317	2.542107168
35	1	0.01015660678	25580.19236	0.08984339322	74419.80764	28020.35079	0.001408523814	0.001186854979	2.669362236
35	1	0.007016192299	45073.44384	0.0929838077	54926.55616	24076.1364	0.000825	0.0011317	2.551904639
35	1	0.01317837463	17462.55832	0.08682162537	82537.44168	24261.78343	0.002101500224	0.00113170028	2.600046553
35	1	0.01256412827	18610.83617	0.08743587173	81389.16383	24244.21839	0.001976531607	0.001131931949	2.591278407
35	1	0.009205452817	28921.36434	0.09079454718	71078.63566	23633.3399	0.001325292881	0.0011317	2.44666215
35	1	0.01308988269	17592.91754	0.08691011731	82407.08246	24374.38644	0.002068951159	0.0011317	2.630555877
35	1	0.007140814536	43953.9538	0.09285918546	56046.0462	24304.66325	0.0008323263646	0.0011317	2.61154753
35	1	0.01223471294	22814.67198	0.08776528706	77185.32802	47638.01566	0.001605131724	0.001636301909	2.607835457
35	1	0.007743982834	37978.04886	0.09225601717	62021.95114	24025.80838	0.0009825941516	0.0011317	2.539287009
35	1	0.007297823845	42389.22023	0.09270217616	57610.77977	24391.30628	0.0008576199457	0.0011317	2.635228899
35	1	0.02123877829	28176.23108	0.07876122171	71823.76892	84327.0169	0.001325292881	0.005486558424	2.536926687
35	1	0.01628716499	13440.3705	0.08371283501	86559.6295	23876.71776	0.002805289762	0.0011317	2.502932763
35	1	0.01625000539	13410.68655	0.08374999461	86589.31345	24104.87785	0.002767223827	0.0011317	2.559191456
35	1	0.008208045627	34628.88517	0.09179195437	65371.11483	24257.19125	0.001060087765	0.0011317	2.598828981
35	1	0.006956105581	45587.65391	0.09304389442	54412.34609	23913.15703	0.000825	0.0011317	2.511680295
35	1	0.01655502387	33467.41258	0.08344497613	66532.58742	78874.49152	0.001093921747	0.004055562349	2.608832777
