#gen	Feasible	f1	f2	c1	c2	c3	x1	x2	x3
26	1	0.02831673561	6798.518947	0.07168326439	93201.48105	25086.33394	0.005069011816	0.0011317	2.850580642
26	1	0.02675753564	7190.925315	0.07324246436	92809.07468	25488.72645	0.004636533224	0.001131780694	2.998927371
26	1	0.05339668126	3380.797135	0.04660331874	96619.20286	25183.40072	0.01014626489	0.001132304391	2.870614018
26	1	0.02757714029	10856.73147	0.07242285971	89143.26853	78188.2951	0.003070352771	0.003866165732	2.999906879
26	1	0.009831267938	26504.34556	0.09016873206	73495.65444	25280.2167	0.001279729656	0.0011317	2.920296113
26	1	0.01683946336	12591.14272	0.08316053664	87408.85728	25242.04693	0.002702371544	0.0011317	2.906181407
26	1	0.02226194393	8938.411922	0.07773805607	91061.58808	25358.36433	0.003770109516	0.001131707936	2.94962358
26	1	0.01190371792	19952.33261	0.08809628208	80047.66739	25121.12389	0.001722344982	0.0011317	2.862735996
26	1	0.009773678686	26658.64525	0.09022632131	73341.35475	25130.65655	0.001288069537	0.0011317	2.866092875
26	1	0.02904136363	7091.581066	0.07095863637	92908.41893	51363.77539	0.004768837158	0.001737807508	2.93353895
26	1	0.04973617376	3621.598352	0.05026382624	96378.40165	25384.35407	0.009285542973	0.00113172668	2.959156883
26	1	0.01505215195	14542.92709	0.08494784805	85457.07291	25155.80582	0.002356327567	0.0011317	2.87500398
26	1	0.01884927993	11016.23051	0.08115072007	88983.76949	24841.99873	0.00318962385	0.001131706044	2.76908934
26	1	0.02664802331	7262.459745	0.07335197669	92737.54025	25232.31427	0.004688951753	0.0011317	2.902613876
26	1	0.0323790665	5886.256335	0.0676209335	94113.74367	34384.11092	0.00566326972	0.001285180237	2.999701358
26	1	0.02919440292	6511.158433	0.07080559708	93488.84157	25698.2954	0.005125750508	0.00113515181	2.994213777
26	1	0.04201424955	4352.035641	0.05798575045	95647.96436	25352.04401	0.007747003009	0.0011317	2.947403914
26	1	0.01506122745	14530.56434	0.08493877255	85469.43566	25166.21612	0.002356327567	0.0011317	2.878716166
26	1	0.05458574764	3301.938811	0.04541425236	96698.06119	25181.20721	0.01038664011	0.001132236489	2.871427384
26	1	0.08740836952	1992.576274	0.01259163048	98007.42373	25418.2652	0.01682596077	0.0011317	2.973052544
26	1	0.01717767244	12308.71438	0.08282232756	87691.28562	25047.86561	0.002808476442	0.0011317	2.837312257
26	1	0.02004629108	10128.37441	0.07995370892	89871.62559	25737.58628	0.003291084235	0.001135532769	3
26	1	0.01176026467	20459.66097	0.08823973533	79540.33903	26272.46793	0.001634172228	0.001144314562	2.985837294
26	1	0.02338674913	22461.27725	0.07661325087	77538.72275	83298.43909	0.001484035523	0.005049073241	3
26	1	0.0501501692	3579.809236	0.0498498308	96420.19076	25481.10542	0.009319805631	0.001131782562	2.995817259
26	1	0.01980546168	18138.62331	0.08019453832	81861.37669	74918.31107	0.001840682729	0.00336296375	2.992412457
26	1	0.02511145148	7860.275107	0.07488854852	92139.72489	24783.61167	0.004490451684	0.0011317	2.750748139
26	1	0.03333855755	5600.3984	0.06666144245	94399.6016	25486.50287	0.005951957513	0.001131706436	3
26	1	0.03117243041	6074.73523	0.06882756959	93925.26477	25246.99691	0.005601228145	0.001131775112	2.90617721
26	1	0.03352361987	5565.792118	0.06647638013	94434.20788	25486.01351	0.005988998973	0.001131700011	2.999973289
26	1	0.0101518226	25316.5584	0.0898481774	74683.4416	25432.53231	0.001323301106	0.001131780307	2.976578998
26	1	0.02602200154	7463.321232	0.07397799846	92536.67877	25237.10775	0.004560950912	0.0011317	2.904369355
26	1	0.06208545578	2850.501949	0.03791454422	97149.49805	25464.93071	0.01171507176	0.0011317	2.991520336
26	1	0.03389592156	34598.39017	0.06610407844	65401.60983	90829.49775	0.0009634359624	0.00919550554	3
26	1	0.04432952232	4098.250896	0.05567047768	95901.7491	25411.60828	0.008185436294	0.0011317	2.970444925
26	1	0.03175892277	5917.296786	0.06824107723	94082.70321	25463.63093	0.0056440553	0.0011317	2.991001442
26	1	0.01361890908	16598.03743	0.08638109092	83401.96257	25035.64818	0.002084743411	0.00113170001	2.833135227
26	1	0.09795398663	1767.094845	0.002046013367	98232.90516	25467.34305	0.0188936878	0.0011317	2.992484077
26	1	0.02906123072	6550.788033	0.07093876928	93449.21197	25415.53875	0.005120906287	0.001131759639	2.970444925
26	1	0.02610808387	7398.36684	0.07389191613	92601.63316	25481.64883	0.004507213916	0.001131700036	2.998216911
26	1	0.01496926632	14632.02928	0.08503073368	85367.97072	25480.27308	0.00227924315	0.0011317	2.997665075
26	1	0.009557053823	27685.71423	0.09044294618	72314.28577	25315.80773	0.001230056792	0.001132974228	2.902395618
26	1	0.01001870149	25879.70362	0.08998129851	74120.29638	25485.5466	0.001288069537	0.0011317	2.99978563
26	1	0.05419865527	3343.604709	0.04580134473	96656.39529	24992.9863	0.01038425707	0.0011317	2.818688672
26	1	0.03169109741	5987.102042	0.06830890259	94012.89796	25086.33394	0.005756002257	0.0011317	2.850580642
26	1	0.02504105413	7783.569492	0.07495894587	92216.43051	25360.01008	0.004328694968	0.001131700322	2.950447265
26	1	0.02704060232	7139.802311	0.07295939768	92860.19769	25242.77979	0.004765381732	0.0011317	2.906450555
26	1	0.007550530941	41283.57631	0.09244946906	58716.42369	25230.31303	0.000825	0.0011317	2.901881889
26	1	0.01148398212	21033.40376	0.08851601788	78966.59624	25324.88535	0.001606595517	0.0011317	2.937068738
26	1	0.02667871289	7265.622274	0.07332128711	92734.37773	25154.7124	0.00471686487	0.0011317	2.874614886
26	1	0.03964716603	4636.464628	0.06035283397	95363.53537	25357.9591	0.00726815326	0.001131700422	2.949658218
26	1	0.009071790435	29843.26023	0.09092820956	70156.73977	24945.06754	0.001167876601	0.001131700131	2.802709893
26	1	0.06886642467	2621.51888	0.03113357533	97378.48112	24701.62596	0.01354915417	0.0011317	2.725403414
26	1	0.07410824979	2629.363623	0.02589175021	97370.63638	75127.98844	0.01267733874	0.003390453726	3
26	1	0.00915529835	29745.15364	0.09084470165	70254.84636	25358.15424	0.00113288717	0.0011317	2.9497437
26	1	0.02433305355	8030.477224	0.07566694645	91969.52278	25486.8525	0.004150853356	0.001131711746	3
26	1	0.07804347041	2239.05941	0.02195652959	97760.94059	25598.24541	0.01489953438	0.001133552859	2.996123357
26	1	0.007580524974	40935.37701	0.09241947503	59064.62299	25209.82404	0.0008334237886	0.0011317	2.894418269
26	1	0.06713919057	2635.000416	0.03286080943	97364.99958	25331.16637	0.01281760386	0.0011317	2.939449635
26	1	0.01708226351	12378.52191	0.08291773649	87621.47809	25152.30102	0.002769127278	0.0011317	2.873757324
26	1	0.07762440171	2259.239139	0.02237559829	97740.76086	25370.94192	0.01489953438	0.00113170001	2.95465768
26	1	0.03137713837	6031.41856	0.06862286163	93968.58144	25238.66177	0.005645343079	0.001131775112	2.903120974
26	1	0.03566963528	5194.057331	0.06433036472	94805.94267	25482.29168	0.006419677938	0.0011317	2.998476268
26	1	0.01943422008	10537.63097	0.08056577992	89462.36903	26291.63996	0.00316330129	0.001144070358	2.99994821
26	1	0.01235033636	22930.69858	0.08764966364	77069.30142	47539.10653	0.00145415649	0.001607520221	2.99838513
26	1	0.02684558327	7194.383788	0.07315441673	92805.61621	25274.35345	0.00471686487	0.0011317	2.918115053
26	1	0.03170289938	5933.929189	0.06829710062	94066.07081	25433.37569	0.005645343079	0.001131780525	2.976905339
26	1	0.03011047749	6281.787141	0.06988952251	93718.21286	25486.07985	0.005306345565	0.001131700011	3
26	1	0.01443814386	15346.23169	0.08556185614	84653.76831	25364.94159	0.00219458718	0.0011317	2.952349097
26	1	0.05457866099	3302.027938	0.04542133901	96697.97206	25148.22253	0.01038425707	0.0011317	2.872308573
26	1	0.01393041531	16094.69929	0.08606958469	83905.30071	25316.89513	0.002100988619	0.0011317	2.934048006
26	1	0.007777962793	39629.11519	0.09222203721	60370.88481	25462.78495	0.0008428522466	0.001131708077	2.990451624
26	1	0.04362563883	4198.732668	0.05637436117	95801.26733	25174.79246	0.008148829095	0.0011317	2.88178482
26	1	0.03247504472	5769.969407	0.06752495528	94230.03059	25716.5708	0.00577703814	0.001135211516	3
26	1	0.00749539147	41619.59743	0.09250460853	58380.40257	25131.38062	0.000825	0.001131700006	2.866348188
26	1	0.04505285986	4022.047053	0.05494714014	95977.95295	26224.94285	0.008287653748	0.001143034076	3
26	1	0.02226194393	8938.411922	0.07773805607	91061.58808	25358.36433	0.003770109516	0.001131707936	2.94962358
26	1	0.01192854421	19897.38895	0.08807145579	80102.61105	25154.995	0.001722344982	0.0011317	2.874715434
26	1	0.01125390029	21644.25925	0.08874609971	78355.74075	25400.25063	0.001590335876	0.001136243646	2.855596304
26	1	0.02631866069	7364.020947	0.07368133931	92635.97905	25251.87695	0.004616808644	0.0011317	2.90979754
26	1	0.007557965904	41243.50641	0.0924420341	58756.49359	25276.0179	0.0008253067752	0.001132282317	2.904538309
26	1	0.01411803114	15813.13969	0.08588196886	84186.86031	25472.21945	0.002110459797	0.00113170001	2.994434704
26	1	0.01473493402	14990.85699	0.08526506598	85009.14301	26153.12452	0.002248147236	0.001143903146	2.949236933
26	1	0.02887881511	6587.664135	0.07112118489	93412.33586	25485.8473	0.005060165166	0.001131703563	2.999812244
26	1	0.09624067774	1798.658166	0.003759322264	98201.34183	25491.48499	0.01853233369	0.001131782109	3
26	1	0.01412909667	15797.26871	0.08587090333	84202.73129	25486.07976	0.002110069402	0.00113170001	3
26	1	0.01544184407	14054.13883	0.08455815593	85945.86117	25351.62337	0.002399038916	0.0011317	2.947243035
26	1	0.0974090564	1784.123133	0.002590943595	98215.87687	25360.22744	0.0188936878	0.001131788964	2.94829012
26	1	0.08690603733	2022.874384	0.01309396267	97977.12562	25151.59011	0.01694658299	0.001131706044	2.87336259
26	1	0.02616095715	7507.67662	0.07383904285	92492.32338	24740.86416	0.00471686487	0.0011317	2.737449012
26	1	0.0797296699	2193.656917	0.0202703301	97806.34308	25414.97238	0.01528789222	0.0011317	2.971761867
26	0	0.1008267803	1713.835983	-0.000826780321	98286.16402	25485.98718	0.01944970047	0.0011317	2.999962988
26	1	0.04336413722	4197.614989	0.05663586278	95802.38501	25411.60828	0.007991674251	0.0011317	2.970444925
26	1	0.07806312202	2237.840691	0.02193687798	97762.15931	25482.77764	0.01489953438	0.0011317	2.99867165
26	1	0.0495191286	4235.441781	0.0504808714	95764.55822	73775.60436	0.00787009598	0.003215609063	3
26	1	0.02043696003	9902.933923	0.07956303997	90097.06608	25357.84089	0.003402909896	0.0011317	2.94962358
26	1	0.03760214223	4899.069038	0.06239785777	95100.93096	25482.15522	0.006806306581	0.0011317	2.99842141
26	1	0.02638867885	7319.329594	0.07361132115	92680.67041	26291.63742	0.004554202476	0.001144070358	2.999947179
26	1	0.0271362077	7074.900277	0.0728637923	92925.09972	25486.07911	0.004711491615	0.0011317	3
26	1	0.02886813145	6590.447033	0.07113186855	93409.55297	25485.84482	0.005058028299	0.00113170352	2.999812383
