#gen	Feasible	f1	f2	c1	c2	c3	x1	x2	x3
36	1	0.008377896495	34120.37754	0.0916221035	65879.62246	25075.91483	0.00101085548	0.0011317	2.846969214
36	1	0.02115272025	9971.769481	0.07884727975	90028.23052	34821.65672	0.003639204873	0.001312383202	2.641956389
36	1	0.006825683959	46310.47945	0.09317431604	53689.52055	22079.19019	0.0009100772906	0.001131704149	2.156424268
36	1	0.010278078	24567.02718	0.089721922	75432.97282	24413.15227	0.001477601167	0.00113172614	2.640811381
36	1	0.0144807955	15287.77658	0.0855192045	84712.22342	25304.42713	0.002214189355	0.0011317	2.929352347
36	1	0.03481469712	5577.453231	0.06518530288	94422.54677	24001.17573	0.006702197516	0.0011317	2.533176242
36	1	0.03154014882	15810.26067	0.06845985118	84189.73933	87879.54559	0.002214189355	0.007013173189	2.784426172
36	1	0.0134224565	21412.36447	0.0865775435	78587.63553	52708.54492	0.001556732951	0.001783142518	3
36	1	0.01542631212	14067.65729	0.08457368788	85932.34271	25487.23679	0.002369501379	0.001131717583	3
36	0	0.1006667748	1721.795669	-0.0006667748233	98278.20433	25396.84087	0.0195075427	0.0011317	2.964683886
36	1	0.007000743972	45203.63517	0.09299925603	54796.36483	24035.01395	0.000825	0.0011317	2.541581558
36	1	0.006999117987	45217.41806	0.09300088201	54782.58194	24030.65483	0.000825	0.0011317	2.540494278
36	1	0.00853752775	32840.6525	0.09146247225	67159.3475	24844.94856	0.001069663581	0.0011317	2.770160163
36	1	0.09227764591	1905.458507	0.007722354089	98094.54149	25078.45426	0.0180973266	0.0011317	2.847848203
36	1	0.05657759368	3337.910476	0.04342240632	96662.08952	23761.7392	0.01138451847	0.001131700006	2.475892471
36	1	0.01336062843	27596.02848	0.08663937157	72403.97152	65440.79683	0.001294949081	0.002468386365	2.701373388
36	1	0.01262491498	18585.75392	0.08737508502	81414.24608	23861.13355	0.002030824997	0.0011317	2.499218187
36	1	0.01470757317	14975.6909	0.08529242683	85024.3091	25412.74059	0.002239812991	0.0011317	2.970888
36	1	0.009505927999	27837.36926	0.090494072	72162.63074	22710.84912	0.001459494562	0.0011317	2.262131799
36	1	0.01181154838	20193.74307	0.08818845162	79806.25693	25275.64012	0.001680342788	0.001131705924	2.918447867
36	1	0.02728920651	7029.263929	0.07271079349	92970.73607	25487.24204	0.004742080205	0.001131717663	3
36	1	0.06258775862	2907.494038	0.03741224138	97092.50596	24620.26792	0.01229226708	0.0011317	2.700906611
36	1	0.008243180042	34453.84217	0.09175681996	65546.15783	24381.63471	0.001055893714	0.0011317	2.632554828
36	1	0.09569831275	1848.389553	0.004301687245	98151.61045	51775.82374	0.01803371658	0.001748654115	3
36	1	0.00634878173	52300.73232	0.09365121827	47699.26768	21651.88639	0.000825	0.0011317	2.092435669
36	1	0.01386603089	16328.48177	0.08613396911	83671.51823	24316.98495	0.002238700224	0.001131718074	2.614550798
36	1	0.006484225585	50512.52216	0.09351577441	49487.47784	22277.91492	0.000825	0.001131700025	2.18819099
36	1	0.006751561108	47510.48585	0.09324843889	52489.51415	23290.54892	0.000825	0.0011317	2.373210036
36	1	0.01129052991	21484.01031	0.08870947009	78515.98969	24522.84406	0.001675761081	0.001131700005	2.672390338
36	1	0.009879679844	26055.82772	0.09012032016	73944.17228	24620.42012	0.001371642555	0.0011317	2.700951848
36	1	0.007432982411	42013.51179	0.09256701759	57986.48821	25015.10333	0.000825	0.001131708357	2.825964087
36	1	0.007327630121	41529.27478	0.09267236988	58470.72522	23780.67911	0.0009138568325	0.0011317	2.480289297
36	1	0.02614191926	7398.471363	0.07385808074	92601.52864	25402.21094	0.004537791902	0.0011317	2.966775095
36	1	0.08284255885	2115.217737	0.01715744115	97884.78226	25305.44852	0.01600173456	0.001131700039	2.929735228
36	1	0.01979483143	10633.08379	0.08020516857	89366.91621	23847.89419	0.003552934317	0.001131700246	2.496070968
36	1	0.007955369752	41555.78379	0.09204463025	58444.21621	35700.40352	0.0008676886315	0.001328793224	2.666456398
36	1	0.01100277867	22381.74655	0.08899722133	77618.25345	25317.07516	0.001510796788	0.0011317	2.934115967
36	1	0.007038450277	44888.2463	0.09296154972	55111.7537	24134.46703	0.000825	0.0011317	2.566755869
36	1	0.01364947665	16585.82884	0.08635052335	83414.17116	24771.96188	0.002136233186	0.001132270103	2.735350811
36	1	0.05962598617	3025.194003	0.04037401383	96974.806	24951.50966	0.01151514786	0.00113170058	2.804832579
36	1	0.01767355802	19837.22225	0.08232644198	80162.77775	71239.09071	0.001680342788	0.002932014542	3
36	1	0.01343530742	23754.40367	0.08656469258	76245.59633	60341.8477	0.00151632538	0.002154028906	2.67053053
36	1	0.0278427284	7306.980037	0.0721572716	92693.01996	23316.00038	0.005355470398	0.0011317	2.378448655
36	1	0.01211014004	24561.23017	0.08788985996	75438.76983	51667.67491	0.001452246653	0.001764401666	2.708714738
36	1	0.01772616289	23962.03018	0.08227383711	76037.96982	75241.50611	0.001391089698	0.003405998953	3
36	1	0.02895048684	7131.565632	0.07104951316	92868.43437	51823.83518	0.004731117682	0.001753752915	2.944030516
36	1	0.008007142217	36158.6909	0.09199285778	63841.3091	24406.83426	0.00100425261	0.0011317	2.63953857
36	1	0.02556814323	7662.179177	0.07443185677	92337.82082	24975.43808	0.004537791902	0.0011317	2.812807703
36	1	0.009781739648	27548.57627	0.09021826035	72451.42373	21025.44776	0.001618478227	0.0011317	2.007555008
36	1	0.01201111047	19765.12507	0.08798888953	80234.87493	25486.07911	0.001686472168	0.0011317	3
36	1	0.01574040374	22972.88381	0.08425959626	77027.11619	70844.78012	0.001626216208	0.002949666389	2.535297164
36	1	0.007897367994	38527.82159	0.09210263201	61472.17841	25458.87348	0.0008671953162	0.0011317	2.989104407
36	1	0.02727244189	7034.220958	0.07272755811	92965.77904	25486.07911	0.004738738452	0.0011317	3
36	0	0.1005186215	1745.212311	-0.0005186214757	98254.78769	25055.1192	0.01979620855	0.0011317	2.839800485
36	1	0.006432901514	51166.1431	0.09356709849	48833.8569	22051.03479	0.000825	0.0011317	2.152078804
36	1	0.01431381723	15523.58565	0.08568618277	84476.41435	25424.25977	0.002158646106	0.0011317	2.975406395
36	1	0.03760794089	5085.420213	0.06239205911	94914.57979	24237.16025	0.007229011136	0.0011317	2.593515442
36	1	0.009879722888	26055.82772	0.09012027711	73944.17228	24621.41557	0.001371642555	0.001131714945	2.700951848
36	1	0.01089880484	22584.96985	0.08910119516	77415.03015	24444.35319	0.00160338119	0.001131700009	2.650035674
36	0	0.121101375	1418.16664	-0.02110137496	98581.83336	25486.07911	0.02350452507	0.0011317	3
36	1	0.02547325514	7794.583519	0.07452674486	92205.41648	24482.65602	0.004632683867	0.0011317	2.660877219
36	1	0.00716826193	43861.20766	0.09283173807	56138.79234	24454.38592	0.000825	0.0011317	2.652863262
36	1	0.03612275606	5492.826494	0.06387724394	94507.17351	23274.13594	0.007143366508	0.0011317	2.369849175
36	1	0.07653416207	3010.957125	0.02346583793	96989.04287	87399.41895	0.01141626677	0.006725412926	2.861591459
36	1	0.01145438702	21049.2486	0.08854561298	78950.7514	24771.54761	0.001683252389	0.001132263868	2.735350811
36	1	0.01393269546	52196.25528	0.08606730454	47803.74472	79939.97753	0.0008343230065	0.004429811216	2.068022444
36	1	0.06202513269	2869.263112	0.03797486731	97130.73689	25287.77074	0.01181386202	0.0011317	2.9231131
36	1	0.01400074397	19844.52423	0.08599925603	80155.47577	52398.98572	0.00167972449	0.001771546375	3
36	1	0.02001623031	10345.35383	0.07998376969	89654.64617	24405.83411	0.003510283629	0.0011317	2.639260376
36	1	0.007504430252	43881.81132	0.09249556975	56118.18868	31740.14801	0.0008268986461	0.001253115483	2.642322596
36	1	0.0189529397	10868.69476	0.0810470603	89131.30524	25261.1424	0.003125690621	0.0011317	2.913217931
36	1	0.01528610883	29431.17161	0.08471389117	70568.82839	74350.03302	0.001241401813	0.003338946652	2.616457875
36	1	0.08354476719	2084.886777	0.01645523281	97915.11322	25476.13357	0.01600173456	0.00113170004	2.996002496
36	1	0.01403086424	16012.39978	0.08596913576	83987.60022	24630.0015	0.002230358524	0.0011317	2.703804014
36	1	0.007782546727	37680.23869	0.09221745327	62319.76131	24052.00471	0.0009885460546	0.0011317	2.545832263
36	1	0.007870650634	37789.64001	0.09212934937	62210.35999	24936.06355	0.0009230400591	0.001131718074	2.799344833
36	1	0.006459240657	50827.22133	0.09354075934	49172.77867	22168.95953	0.000825	0.0011317	2.170636896
36	1	0.08517877232	2113.894051	0.01482122768	97886.10595	24516.38561	0.01703936163	0.0011317	2.67053053
36	1	0.009610235383	27454.26372	0.09038976462	72545.73628	25269.34901	0.001236567396	0.0011317	2.916257186
36	1	0.06216966005	2863.815513	0.03783033995	97136.18449	25270.12014	0.01185372213	0.0011317	2.91654324
36	1	0.009642128123	27346.16948	0.09035787188	72653.83052	25316.68247	0.001236567396	0.0011317	2.93396773
36	1	0.006209685856	54371.5224	0.09379031414	45628.4776	20906.27478	0.000825	0.0011317	1.992476337
36	1	0.01761391509	11932.67702	0.08238608491	88067.32298	25036.963	0.002899516928	0.0011317	2.833584101
36	1	0.0584272124	3148.119077	0.0415727876	96851.88092	24429.84864	0.01151514786	0.0011317	2.64596346
36	1	0.01087925358	22644.83158	0.08912074642	77355.16842	24408.39548	0.00160338119	0.0011317	2.639972995
36	1	0.01428256007	41529.27478	0.08571743993	58470.72522	76889.32881	0.0009138568325	0.003732362629	2.480289297
36	1	0.02819350263	6773.144517	0.07180649737	93226.85548	25647.46446	0.004921397034	0.001134156403	3
36	1	0.006933238046	45789.01508	0.09306676195	54210.98492	23848.93181	0.000825	0.001131700061	2.496319849
36	1	0.01955215034	10603.95285	0.08044784966	89396.04715	24549.18285	0.003388480693	0.0011317	2.680014268
36	1	0.01272148685	40515.59742	0.08727851315	59484.40258	69108.91064	0.000825	0.002731008463	2.98712316
36	1	0.03501062953	5564.441811	0.06498937047	94435.55819	25298.85933	0.006746631917	0.001152292322	2.518084048
36	1	0.02144297709	9329.631913	0.07855702291	90670.36809	25486.07911	0.003572845493	0.0011317	3
36	1	0.02753892275	6955.987582	0.07246107725	93044.01242	25486.07911	0.004792034624	0.0011317	3
36	1	0.02714035273	7075.84906	0.07285964727	92924.15094	25471.33452	0.004717290569	0.001131717583	2.993617242
36	1	0.01258188272	40779.86987	0.08741811728	59220.13013	69249.62785	0.0008343230065	0.002751271598	2.906489697
36	1	0.02067532765	9824.233836	0.07932467235	90175.76616	25003.55291	0.003531227546	0.0011317	2.822247054
36	1	0.08367319423	2091.646203	0.01632680577	97908.3538	25329.00285	0.01615020963	0.001131700041	2.938627871
36	1	0.007079580375	43875.25502	0.09292041963	56124.74498	21186.90246	0.00100784297	0.0011317	2.028502646
36	1	0.01106430935	22117.59596	0.08893569065	77882.40404	24946.81538	0.001575596266	0.001131700006	2.803290765
36	1	0.006718793462	47585.82476	0.09328120654	52414.17524	21583.84795	0.0009100772906	0.001131704149	2.0826858
