#gen	Feasible	f1	f2	c1	c2	c3	x1	x2	x3
45	1	0.08515953841	2054.884006	0.01484046159	97945.11599	25309.9829	0.01646532235	0.0011317	2.931442054
45	1	0.03241058055	5790.989481	0.06758941945	94209.01052	25408.65578	0.005794239249	0.0011317	2.969290506
45	1	0.02784010213	6869.636251	0.07215989787	93130.36375	25486.07911	0.004852270501	0.0011317	3
45	1	0.03295254955	5761.379204	0.06704745045	94238.6208	24899.74992	0.006071119739	0.0011317	2.787842156
45	1	0.01962240508	11778.06236	0.08037759492	88221.93764	51267.38322	0.002831150703	0.001730508391	2.998294492
45	1	0.01583074749	13603.22436	0.08416925251	86396.77564	25486.05536	0.002450404437	0.0011317	2.99999044
45	1	0.04083473254	5210.282457	0.05916526746	94789.71754	69595.54678	0.006522300903	0.002782037358	2.911794451
45	1	0.0316328223	5940.908067	0.0683671777	94059.09193	25486.07911	0.005610814535	0.0011317	3
45	1	0.05863510137	3117.796402	0.04136489863	96882.2036	48505.46018	0.01069131176	0.001637598949	3
45	1	0.01711121731	36934.60117	0.08288878269	63065.39883	79117.52868	0.0009138990387	0.004046205451	2.94211903
45	1	0.008182701867	35918.90425	0.09181729813	64081.09575	25337.12705	0.0009398257292	0.0011317	2.94171428
45	1	0.04647775345	3887.549854	0.05352224655	96112.45015	25463.20721	0.00859121109	0.0011317	2.990832341
45	1	0.01139292712	21328.75366	0.08860707288	78671.24634	25486.07912	0.001562835497	0.0011317	3
45	1	0.07393510836	2372.663203	0.02606489164	97627.3368	25435.85819	0.01410940046	0.0011317	2.979976052
45	1	0.02220163126	9011.25624	0.07779836874	90988.74376	25089.89892	0.003823201285	0.0011317	2.851819356
45	1	0.05712561825	3242.093188	0.04287438175	96757.90681	51558.43956	0.01041627787	0.001744394284	2.939965489
45	1	0.08348084377	2085.886089	0.01651915623	97914.11391	25486.07911	0.01598041883	0.0011317	3
45	1	0.04647775345	3887.549854	0.05352224655	96112.45015	25463.20721	0.00859121109	0.0011317	2.990832341
45	1	0.02164236687	9226.649593	0.07835763313	90773.35041	25486.07911	0.003612723448	0.0011317	3
45	1	0.01943888186	10508.52945	0.08056111814	89491.47055	25486.07911	0.003172026446	0.0011317	3
45	1	0.02061035022	9785.731279	0.07938964978	90214.26872	25486.07911	0.003406320119	0.0011317	3
45	1	0.04307709834	4295.843246	0.05692290166	95704.15675	24878.9761	0.008155583711	0.0011317	2.781101103
45	1	0.08912688021	1948.257288	0.01087311979	98051.74271	25485.50687	0.01711014856	0.0011317	2.999769636
45	1	0.02077635845	39241.5499	0.07922364155	60758.4501	83866.89502	0.0008494397754	0.005226979207	3
45	1	0.01092737644	22679.97422	0.08907262356	77320.02578	25486.07911	0.001469725363	0.0011317	3
45	1	0.06453095654	5754.818479	0.03546904346	94245.18152	92502.98635	0.005792247567	0.01124813269	3
45	1	0.01198439035	19823.93116	0.08801560965	80176.06884	25471.17934	0.001683620071	0.0011317	2.994018549
45	1	0.03181655217	5905.226654	0.06818344783	94094.77335	25463.61507	0.00565559928	0.0011317	2.990995113
45	1	0.06121179894	4222.542837	0.03878820106	95777.45716	87734.45133	0.007894137401	0.006875143258	3
45	1	0.04122201828	4481.478641	0.05877798172	95518.52136	25057.82747	0.007707514551	0.0011317	2.840731139
45	1	0.01746811412	12045.41106	0.08253188588	87954.58894	25103.76222	0.002856957054	0.0011317	2.856651265
45	1	0.008767012002	31991.12389	0.091232988	68008.87611	25391.02549	0.001050433312	0.001131700001	2.96242405
45	1	0.03097861666	6124.496205	0.06902138334	93875.5038	25196.29121	0.00557670274	0.0011317	2.889518948
45	1	0.02272380443	8736.332297	0.07727619557	91263.6677	25273.56898	0.003884599086	0.0011317	2.9178236
45	1	0.09005404162	1958.847412	0.009945958381	98041.15259	44496.68775	0.01710587767	0.001520567308	2.975699307
45	1	0.04223566701	5269.080107	0.05776433299	94730.91989	74853.66151	0.006326214948	0.003353466522	3
45	1	0.08811332151	1971.579946	0.01188667849	98028.42005	25486.07911	0.01690691438	0.0011317	3
45	1	0.06133676007	2886.692312	0.03866323993	97113.30769	25473.55894	0.01155965331	0.0011317	2.994971508
45	1	0.0399510915	4582.236339	0.0600489085	95417.76366	25486.07911	0.007274468374	0.0011317	3
45	1	0.04886881347	3679.983037	0.05113118653	96320.01696	25486.07911	0.009058012769	0.0011317	3
45	1	0.03433812793	5434.827039	0.06566187207	94565.17296	25361.48657	0.006198623823	0.0011317	2.951022018
45	1	0.02316114067	8530.209103	0.07683885933	91469.7909	25350.36334	0.003953009634	0.0011317	2.946761275
45	1	0.02726399932	7044.831811	0.07273600068	92955.16819	25427.79614	0.004755237276	0.0011317	2.976797534
45	1	0.05091722034	3523.009735	0.04908277966	96476.99026	25463.56465	0.009479888602	0.001131700001	2.990974975
45	1	0.0181652044	11436.4109	0.0818347956	88563.5891	25385.14442	0.002939843785	0.0011317	2.960143792
45	1	0.04363836284	4246.240059	0.05636163716	95753.75994	24803.95087	0.008299257123	0.0011317	2.757141589
45	1	0.0224871987	8816.335352	0.0775128013	91183.66465	25471.34303	0.003785655629	0.00113170058	2.994068773
45	1	0.09156039351	1937.791335	0.008439606489	98062.20866	51322.3103	0.01724260266	0.001733006551	2.988906496
45	1	0.06208544025	3385.227897	0.03791455975	96614.7721	79249.80521	0.009847853533	0.004064007345	2.999452359
45	1	0.01287393075	18213.66864	0.08712606925	81786.33136	28178.92381	0.00193288067	0.001184673894	2.761279289
45	1	0.09409520418	1850.253353	0.005904795822	98149.74665	25340.69699	0.01823933826	0.001131700001	2.943073013
45	1	0.01821212563	11439.39314	0.08178787437	88560.60686	25103.43439	0.003008388249	0.0011317	2.856536729
45	1	0.02250561123	8805.964514	0.07749438877	91194.03549	25485.06281	0.003785655629	0.001131700564	2.999575974
45	1	0.06405164855	3519.002581	0.03594835145	96480.99742	84013.72023	0.009582260309	0.005284593729	2.946761275
45	1	0.0395806863	4629.380585	0.0604193137	95370.61942	25486.07911	0.007200387335	0.0011317	3
45	1	0.01753890186	11984.54322	0.08246109814	88015.45678	25106.62418	0.00287080144	0.0011317	2.85765172
45	1	0.05398890086	3306.212394	0.04601109914	96693.78761	25486.07974	0.01008203024	0.00113170001	3
45	1	0.05955715172	2996.305053	0.04044284828	97003.69495	25280.10997	0.0113201752	0.0011317	2.92025637
45	1	0.009139866889	29967.34469	0.09086013311	70032.65531	25483.87231	0.001112532701	0.0011317	2.999111896
45	1	0.01301436547	17935.04117	0.08698563453	82064.95883	28327.54386	0.00193288067	0.00118404114	2.825335134
45	1	0.06380013979	2767.567679	0.03619986021	97232.43232	25486.05812	0.01204429206	0.0011317	2.999991549
45	1	0.03153624469	5961.430603	0.06846375531	94038.5694	25486.07913	0.005591499013	0.0011317	3
45	1	0.0399161074	4588.544353	0.0600838926	95411.45565	25470.04205	0.007274468374	0.0011317	2.993563411
45	1	0.0566380473	3206.136149	0.0433619527	96793.86385	24847.81597	0.01095417996	0.0011317	2.771077338
45	1	0.08484064487	2051.639739	0.01515935513	97948.36026	25476.14972	0.01626101811	0.0011317	2.996010044
45	1	0.08438754758	3058.982708	0.01561245242	96941.01729	91082.4656	0.01089721374	0.009456405495	2.999851642
45	1	0.01659684398	12857.31098	0.08340315602	87142.68902	25006.34325	0.002697599741	0.0011317	2.823188887
45	1	0.01295801886	18046.96321	0.08704198114	81953.03679	28291.0365	0.00193288067	0.001184673894	2.799192431
45	1	0.07969365427	2189.672817	0.02030634573	97810.32718	25486.06575	0.01522299191	0.0011317	2.999994623
45	1	0.04287469572	4314.111406	0.05712530428	95685.88859	24906.22426	0.008103688688	0.0011317	2.789952718
45	1	0.007959141201	37535.05945	0.0920408588	62464.94055	25237.04664	0.0009068858341	0.0011317	2.904346954
45	1	0.04355274221	4184.327984	0.05644725779	95815.67202	25355.82128	0.008054942354	0.0011317	2.948849709
45	1	0.007665472234	39875.66731	0.09233452777	60124.33269	25095.18195	0.000863612675	0.0011317	2.853657916
45	1	0.04642922467	4117.806395	0.05357077533	95882.1936	55216.69823	0.008094924854	0.001883009982	3
45	1	0.05137027124	3487.371274	0.04862972876	96512.62873	25486.05536	0.009558317341	0.0011317	2.99999044
45	1	0.007696033668	40446.53091	0.09230396633	59553.46909	25473.82964	0.000825	0.0011317	2.995079975
45	1	0.0234069255	8405.547125	0.0765930745	91594.45287	25486.07911	0.003965635174	0.0011317	3
45	1	0.08736671362	1992.307578	0.01263328638	98007.69242	25437.44797	0.01680077932	0.0011317	2.980603996
45	1	0.05350212071	3351.0195	0.04649787929	96648.9805	25358.95162	0.01005534011	0.0011317	2.950049438
45	1	0.0641077339	2753.501792	0.0358922661	97246.49821	25486.07913	0.01210579685	0.0011317	3
45	1	0.03461548786	5416.077294	0.06538451214	94583.92271	25151.81837	0.006329129103	0.0011317	2.873585769
45	1	0.04048048481	4518.407472	0.05951951519	95481.59253	25469.80878	0.007387533786	0.0011317	2.993470081
45	1	0.04097072079	5255.979481	0.05902927921	94744.02052	70874.24078	0.006522300903	0.002908302131	2.873328142
45	1	0.03910303827	4703.242736	0.06089696173	95296.75726	25390.83486	0.007145088191	0.0011317	2.962350076
45	1	0.05441729226	3286.104174	0.04558270774	96713.89583	25405.97806	0.01021331086	0.00113170001	2.968244386
45	1	0.05834960829	3042.981922	0.04165039171	96957.01808	25486.06575	0.01095417996	0.0011317	2.999994623
45	1	0.08658387515	2759.743713	0.01341612485	97240.25629	89819.6467	0.01208313214	0.008283852937	2.998171135
45	1	0.05724033706	3108.355679	0.04275966294	96891.64432	25459.258	0.01074846354	0.0011317	2.989257605
45	1	0.04940351115	3675.491068	0.05059648885	96324.50893	25133.75702	0.009340120628	0.0011317	2.867187146
45	1	0.08050434773	2229.925516	0.01949565227	97770.07448	24658.92521	0.01598041883	0.0011317	2.712466863
45	1	0.07791353	2242.10882	0.02208647	97757.89118	25486.07911	0.01486695607	0.0011317	3
45	1	0.04506408554	5324.499335	0.05493591446	94675.50067	80666.77217	0.006326214948	0.004368986045	2.951633756
45	1	0.007704816164	40193.8087	0.09229518384	59806.1913	25409.72389	0.0008347389889	0.00113170001	2.969707736
45	1	0.06945520202	2840.464624	0.03054479798	97159.53538	75261.35306	0.01173516933	0.003408731467	3
45	1	0.01747984526	12033.43036	0.08252015474	87966.56964	25116.03685	0.002856957054	0.0011317	2.860949263
45	1	0.0239594182	8177.685088	0.0760405818	91822.31491	25486.07178	0.004076136042	0.001131700014	2.999996682
45	1	0.05318419341	3361.653967	0.04681580659	96638.34603	25467.50659	0.00993156079	0.0011317	2.992549446
45	1	0.0339651218	5484.91494	0.0660348782	94515.08506	25486.07916	0.006077274433	0.001131700001	3
45	1	0.08650006341	2009.937654	0.01349993659	97990.06235	25486.12296	0.01658426234	0.001131700666	3
45	1	0.04035254431	4704.713544	0.05964745569	95295.28646	38702.53494	0.007433074401	0.001386482316	2.788735034
