#gen	Feasible	f1	f2	c1	c2	c3	x1	x2	x3
55	1	0.009600812254	27289.1184	0.09039918775	72710.8816	24895.14746	0.001282220872	0.0011317	2.786344601
55	1	0.0307687101	6149.230199	0.0692312899	93850.7698	25345.40797	0.005485897502	0.001131700001	2.944868829
55	1	0.007674764947	40564.61037	0.09232523505	59435.38963	25439.73186	0.000825	0.0011317	2.981506776
55	1	0.0180578566	11511.93111	0.0819421434	88488.06889	25473.98158	0.00289855395	0.0011317	2.995140859
55	1	0.09305789554	1925.604272	0.006942104456	98074.39573	59005.75779	0.0173105834	0.002057054838	3
55	1	0.04449050546	4348.762512	0.05550949454	95651.23749	54025.5303	0.007922106012	0.001843970432	2.851880385
55	1	0.01401642784	15968.91786	0.08598357216	84031.08214	25135.56343	0.002149455868	0.0011317	2.867825252
55	1	0.09136560959	1901.77168	0.008634390409	98098.22832	25434.32022	0.0176052902	0.0011317	2.979368941
55	1	0.03043626319	6241.312829	0.06956373681	93758.68717	25237.18387	0.005453921088	0.0011317	2.904397258
55	1	0.01813142871	11488.62791	0.08186857129	88511.37209	25189.44855	0.002974566184	0.0011317	2.887050812
55	1	0.08013201196	2177.13424	0.01986798804	97822.86576	25486.06747	0.01531066208	0.0011317	2.999995314
55	1	0.01624020488	40414.18465	0.08375979512	59585.81535	77997.05316	0.000825	0.003832700836	2.998823654
55	1	0.01708116066	12685.03071	0.08291883934	87314.96929	31885.4946	0.002684528509	0.001242240412	2.902613458
55	1	0.06913566516	3685.982979	0.03086433484	96314.01702	88851.41256	0.009043268383	0.007563954156	3
55	1	0.02464377771	7912.158993	0.07535622229	92087.84101	25484.95944	0.004213330249	0.0011317	2.999549308
55	1	0.0148318977	14810.47418	0.0851681023	85189.52582	25461.83255	0.002255342399	0.0011317	2.990283927
55	1	0.04737432926	3807.676658	0.05262567074	96192.32334	25466.08131	0.008769270241	0.0011317	2.991979896
55	1	0.08111016906	2149.873248	0.01888983094	97850.12675	25483.06988	0.01550879702	0.0011317	2.998789166
55	1	0.02587287758	9807.66021	0.07412712242	90192.33979	69968.36797	0.003398860174	0.002807972937	2.999784531
55	1	0.01597562866	13447.57414	0.08402437134	86552.42586	25414.99807	0.00249385629	0.0011317	2.971771931
55	1	0.01608393377	13327.80587	0.08391606623	86672.19413	25486.07911	0.002501036829	0.0011317	3
55	1	0.04170885192	4371.281598	0.05829114808	95628.7184	25483.62302	0.007627137204	0.0011317	2.999011626
55	1	0.09337484089	1856.057032	0.006625159107	98143.94297	25486.07911	0.01795921825	0.0011317	3
55	1	0.03149077104	5973.990467	0.06850922896	94026.00953	25464.87449	0.005590003951	0.001131703371	2.991409229
55	1	0.05017322925	3578.565027	0.04982677075	96421.43497	25470.29086	0.009327344628	0.0011317	2.993662964
55	1	0.01218724392	19337.49387	0.08781275608	80662.50613	25377.64159	0.001739759119	0.0011317	2.957242082
55	1	0.01805771715	11512.05329	0.08194228285	88487.94671	25473.85777	0.00289855395	0.0011317	2.995091245
55	1	0.08759967747	1983.633528	0.01240032253	98016.36647	25486.06748	0.01680419602	0.0011317	2.999995317
55	1	0.03623093872	5104.333668	0.06376906128	94895.66633	25485.83225	0.006530537039	0.0011317	2.999900617
55	1	0.03590468762	5171.258623	0.06409531238	94828.74138	25366.13417	0.006512004292	0.0011317	2.952807569
55	1	0.0897310384	1934.59047	0.0102689616	98065.40953	25485.57604	0.01723091998	0.0011317	2.99979748
55	1	0.00805479266	36756.99335	0.09194520734	63243.00665	25240.59304	0.0009258112151	0.0011317	2.905647675
55	1	0.07809567539	2236.701513	0.02190432461	97763.29849	25485.04946	0.01490421538	0.0011317	2.999585537
55	1	0.007308896289	42841.70014	0.09269110371	57158.29986	24765.93505	0.000825	0.0011317	2.745226246
55	1	0.007578591503	41116.67538	0.0924214085	58883.32462	25279.20292	0.000825	0.0011317	2.919918662
55	1	0.02193266667	9145.375344	0.07806733333	90854.62466	25073.8856	0.00377245393	0.001131722216	2.845759007
55	1	0.03294658093	5720.829635	0.06705341907	94279.17037	25166.49479	0.005986653745	0.001131757472	2.877458832
55	1	0.02073838387	9712.763402	0.07926161613	90287.2366	25485.69135	0.003432024657	0.0011317	2.999843895
55	1	0.02864134709	8182.452961	0.07135865291	91817.54704	67764.90434	0.004073758015	0.002616012223	3
55	1	0.03896438209	4710.038633	0.06103561791	95289.96137	25485.83562	0.007077230793	0.0011317	2.999901971
55	1	0.02483097992	7842.314168	0.07516902008	92157.68583	25486.07925	0.004250446057	0.001131700002	3
55	1	0.02156529472	9267.71584	0.07843470528	90732.28416	25473.98158	0.003600450635	0.0011317	2.995140859
55	1	0.01787074635	11689.94052	0.08212925365	88310.05948	25234.78189	0.002912451411	0.0011317	2.90351719
55	1	0.01795360369	11594.35437	0.08204639631	88405.64563	25485.69135	0.002875058188	0.0011317	2.999843895
55	1	0.04557771115	3983.309111	0.05442228885	96016.69089	25351.75755	0.008464330776	0.001131700002	2.947294299
55	1	0.01795360369	11594.35437	0.08204639631	88405.64563	25485.69135	0.002875058188	0.0011317	2.999843895
55	1	0.01204723618	19635.94119	0.08795276382	80364.05881	25265.17101	0.001729523641	0.0011317	2.91470875
55	1	0.008395596251	34592.44275	0.09160440375	65407.55725	25481.44666	0.000963984939	0.0011317	2.998136611
55	1	0.01623180357	13193.93919	0.08376819643	86806.06081	25216.26204	0.002584401585	0.0011317	2.896757482
55	1	0.008396125528	34507.72205	0.09160387447	65492.27795	25435.29569	0.0009701729896	0.0011317	2.979753965
55	1	0.009741941633	26779.78736	0.09025805837	73220.21264	25106.15577	0.001284795482	0.0011317	2.857487908
55	1	0.04737432926	3807.676658	0.05262567074	96192.32334	25466.08131	0.008769270241	0.0011317	2.991979896
55	1	0.03717964555	4987.037761	0.06282035445	95012.96224	25277.73707	0.006802714165	0.0011317	2.919373145
55	1	0.012968991	17747.92306	0.087031009	82252.07694	25479.34484	0.001879240109	0.0011317	2.997292265
55	1	0.08130520771	2147.722672	0.01869479229	97852.27733	25436.2089	0.01558667479	0.0011317	2.980114548
55	1	0.01453123407	15227.58098	0.08546876593	84772.41902	25139.38933	0.002253397672	0.0011317	2.86917809
55	1	0.01806400479	11506.54971	0.08193599521	88493.45029	25479.43351	0.00289855395	0.0011317	2.997327874
55	1	0.08680556663	2002.559664	0.01319443337	97997.44034	25486.07911	0.0166453634	0.0011317	3
55	1	0.09075157556	2064.035872	0.009248424436	97935.96413	73154.5173	0.01619854261	0.003142703586	2.985870213
55	1	0.01140753832	21196.77435	0.08859246168	78803.22565	25140.66982	0.001618652771	0.0011317	2.869631282
55	1	0.0211878522	13868.28073	0.0788121478	86131.71927	70934.07512	0.002405324679	0.002901577928	2.99657554
55	1	0.01253739226	19636.31702	0.08746260774	80363.68298	34379.64001	0.001717941636	0.001287505919	2.944868829
55	1	0.02141362702	9345.474815	0.07858637298	90654.52518	25482.16243	0.003567988342	0.0011317	2.99842431
55	1	0.01773063008	11790.92106	0.08226936992	88209.07894	25345.40797	0.00286101878	0.001131700001	2.944868829
55	1	0.03160321495	5950.034346	0.06839678505	94049.96565	25465.43854	0.005612510512	0.001131711936	2.991409229
55	1	0.01271877583	18233.3222	0.08728122417	81766.6778	25477.55935	0.001829492043	0.0011317	2.99657554
55	1	0.03252616647	5760.448066	0.06747383353	94239.55193	25472.03133	0.005797227912	0.001131812048	2.991409229
55	1	0.0177968138	11768.09327	0.0822031862	88231.90673	25115.10987	0.002921593062	0.0011317	2.860624026
55	1	0.04832628315	5875.060931	0.05167371685	94124.93907	86669.75455	0.005695273319	0.006329784775	2.982300555
55	1	0.01757603947	11925.16706	0.08242396053	88074.83294	25791.99507	0.002805899556	0.001137045518	2.982197496
55	1	0.007703019051	40408.05571	0.09229698095	59591.94429	25484.92201	0.000825	0.0011317	2.999534247
55	1	0.0076169309	40892.9598	0.0923830691	59107.0402	25344.47901	0.000825	0.001131700067	2.944512796
55	1	0.02230435099	8900.520755	0.07769564901	91099.47925	25485.69135	0.003745223948	0.0011317	2.999843895
55	1	0.06863333198	3871.105793	0.03136666802	96128.89421	89628.4088	0.008703388531	0.008144335423	2.950577121
55	1	0.02009922442	10088.52885	0.07990077558	89911.47115	25485.75322	0.003304175149	0.0011317	2.999868803
55	0	0.1011180813	1708.76948	-0.001118081277	98291.23052	25485.07164	0.01950890276	0.0011317	2.999594463
55	1	0.01797357025	11678.96888	0.08202642975	88321.03112	24826.445	0.00301294477	0.001131749333	2.763221864
55	1	0.01809743331	11480.12338	0.08190256669	88519.87662	25478.75712	0.002905394787	0.0011317	2.997056292
55	1	0.08841325845	2072.96571	0.01158674155	97927.03429	66718.66232	0.01608043833	0.002533784747	2.999878516
55	1	0.007679716834	39745.41761	0.09232028317	60254.58239	25096.84865	0.0008663259935	0.0011317	2.85423866
55	1	0.02532884078	7693.606124	0.07467115922	92306.39388	25277.2568	0.004409732787	0.0011317	2.919194478
55	1	0.08957540318	2150.283838	0.01042459682	97849.71616	77747.55299	0.01556810976	0.003792115193	2.980114548
55	1	0.02298785961	40404.0404	0.07701214039	59595.9596	85862.87168	0.000825	0.005964959954	3
55	1	0.08235145127	2116.634794	0.01764854873	97883.36521	25473.69313	0.01576501464	0.0011317	2.995025274
55	1	0.01630984762	13228.84371	0.08369015238	86771.15629	24571.24589	0.002711643873	0.0011317	2.686448871
55	1	0.0148418495	14797.53938	0.0851581505	85202.46062	25482.07207	0.002253401932	0.0011317	2.998387985
55	1	0.03611185894	5124.667347	0.06388814106	94875.33265	25472.61728	0.006512004292	0.0011317	2.9945943
55	1	0.03624740373	5101.770251	0.06375259627	94898.22975	25485.75851	0.00653385973	0.0011317	2.999870932
55	1	0.04134701991	4432.987527	0.05865298009	95567.01247	25321.92751	0.007627137204	0.001131756034	2.934552017
55	1	0.08430890268	2067.11856	0.01569109732	97932.88144	25450.6645	0.01617970742	0.001131757302	2.984341326
55	1	0.0181089324	11471.45761	0.0818910676	88528.54239	25474.2176	0.002908721751	0.0011317	2.995235439
55	1	0.0811231056	2154.303925	0.0188768944	97845.69608	25414.25285	0.01556810976	0.0011317	2.971480052
55	1	0.0362316854	5104.317948	0.0637683146	94895.68205	25485.01952	0.006531012987	0.0011317	2.999573489
55	1	0.01803642025	11528.0085	0.08196357975	88471.9915	25484.92201	0.002891795749	0.0011317	2.999534247
55	1	0.01220967915	19305.74611	0.08779032085	80694.25389	25466.3616	0.001729523641	0.0011317	2.992091875
55	1	0.01383377871	16250.79802	0.08616622129	83749.20198	25466.05574	0.002054953256	0.001131721307	2.991409229
55	1	0.01633889358	13061.50369	0.08366110642	86938.49631	25486.07806	0.002552029011	0.0011317	2.999999578
55	1	0.01664998011	12750.71308	0.08335001989	87249.28692	25484.96047	0.002614484044	0.0011317	2.999549722
55	1	0.01140753832	21196.77435	0.08859246168	78803.22565	25140.66982	0.001618652771	0.0011317	2.869631282
55	1	0.03800514703	28900.96634	0.06199485297	71099.03366	91728.27221	0.001153363972	0.01019465418	3
