#gen	Feasible	f1	f2	c1	c2	c3	x1	x2	x3
60	1	0.007617648737	40888.82295	0.09238235126	59111.17705	25345.70208	0.000825	0.001131700354	2.944972169
60	1	0.02335138824	9565.591841	0.07664861176	90434.40816	54853.86138	0.003568040551	0.001874925509	2.892622509
60	1	0.007390612887	42289.18107	0.09260938711	57710.81893	24932.24393	0.000825	0.0011317	2.798481588
60	1	0.02111263121	9556.897535	0.07888736879	90443.10247	25141.02062	0.003589997394	0.0011317	2.869755475
60	1	0.07161538871	2450.001397	0.02838461129	97549.9986	25481.62543	0.01361063801	0.0011317	2.998208461
60	1	0.09485933307	1926.751484	0.005140666931	98073.24852	64209.96899	0.0178087649	0.002367124434	2.869270707
60	0	0.1121376368	1551.921727	-0.0121376368	98448.07827	25175.87253	0.02204475202	0.0011317	2.882171948
60	1	0.007646863116	40721.67654	0.09235313688	59278.32346	25394.24611	0.000825	0.0011317	2.963674963
60	1	0.007974084891	37243.07918	0.09202591511	62756.92082	25139.53998	0.0009213355977	0.0011317	2.869231396
60	1	0.01315959816	17653.41817	0.08684040184	82346.58183	23699.14493	0.002161684859	0.001131700361	2.461513298
60	1	0.01634670763	13061.77827	0.08365329237	86938.22173	25360.48354	0.002579380366	0.0011317	2.950637075
60	1	0.02729157903	7777.063188	0.07270842097	92222.93681	54495.26783	0.004287857724	0.00185327503	2.998087937
60	1	0.01418981406	16053.65103	0.08581018594	83946.34897	23618.76502	0.002389889686	0.0011317	2.44340613
60	1	0.01845030005	11207.08077	0.08154969995	88792.91923	25486.07902	0.002974310105	0.0011317	2.999999964
60	1	0.06803932939	2782.405905	0.03196067061	97217.59409	67233.99073	0.0119804995	0.002573639934	2.999820123
60	1	0.06059828514	2922.976301	0.03940171486	97077.0237	25486.67972	0.01140390133	0.001131709122	3
60	0	0.1014879879	1816.784164	-0.00148798786	98183.21584	23743.57411	0.02094203323	0.0011317	2.471696563
60	1	0.01832361118	11305.05671	0.08167638882	88694.94329	25468.41735	0.002953003021	0.0011317	2.992913557
60	0	0.1112778411	1547.555006	-0.01127784108	98452.44499	25534.50269	0.02153935285	0.001132435924	3
60	1	0.01844401975	11211.85469	0.08155598025	88788.14531	25485.66851	0.002973148491	0.0011317	2.999834702
60	1	0.06847667451	2578.799378	0.03152332549	97421.20062	25354.64237	0.0130711465	0.0011317	2.948398244
60	1	0.08839642311	2057.260287	0.01160357689	97942.73971	63878.68444	0.01620277878	0.002334560715	3
60	1	0.06813060619	2598.422434	0.03186939381	97401.57757	25285.46879	0.01304775377	0.0011317	2.922253842
60	1	0.01756632991	11929.81107	0.08243367009	88070.18893	25336.758	0.002829764492	0.0011317	2.94157392
60	1	0.03205784097	5853.316366	0.06794215903	94146.68363	25477.939	0.005698757681	0.0011317	2.996727897
60	1	0.01488951316	14735.10305	0.08511048684	85264.89695	25463.34558	0.00226658516	0.0011317	2.99088756
60	1	0.01451934183	20162.58078	0.08548065817	79837.41922	57355.19647	0.001653227515	0.00197743681	3
60	1	0.006932878925	45792.20146	0.09306712107	54207.79854	23847.90947	0.000825	0.0011317	2.496078503
60	1	0.03406847901	5492.406582	0.06593152099	94507.59342	25292.36091	0.006169266318	0.0011317	2.924828672
60	1	0.05580991682	3219.202346	0.04419008318	96780.79765	25198.45764	0.01060772629	0.0011317	2.890301657
60	0	0.1084264024	1694.960863	-0.008426402419	98305.03914	23777.02425	0.02239651204	0.0011317	2.479439115
60	1	0.01056680868	23831.95261	0.08943319132	76168.04739	25453.79507	0.001402559072	0.001131700354	2.987073958
60	0	0.1138025097	1512.075677	-0.01380250974	98487.92432	25486.07911	0.02204475202	0.0011317	3
60	1	0.01297626904	17710.21055	0.08702373096	82289.78945	25143.45282	0.001936873644	0.0011317	2.870616962
60	1	0.0341881305	12740.4178	0.0658118695	87259.5822	87365.60372	0.002616345387	0.006674430848	3
60	1	0.06723793499	2618.349909	0.03276206501	97381.65009	25483.08805	0.01273393434	0.0011317	2.998796471
60	1	0.01093391717	22544.61007	0.08906608283	77455.38993	25173.22822	0.001517841109	0.0011317	2.881224425
60	1	0.02132325402	9421.768251	0.07867674598	90578.23175	25278.08799	0.003600640728	0.0011317	2.919503713
60	1	0.01165213446	20627.66629	0.08834786554	79372.33371	25433.96991	0.001623171572	0.0011317	2.979230704
60	1	0.009357857079	28210.2132	0.09064214292	71789.7868	23806.92297	0.001342927108	0.0011317	2.486418659
60	0	0.1086102041	1605.20598	-0.008610204118	98394.79402	25266.12479	0.02134787245	0.001133369661	2.875025294
60	1	0.01295048159	19533.13971	0.08704951841	80466.86029	39640.50525	0.001706501557	0.001397085986	3
60	1	0.007698318476	40433.92972	0.09230168152	59566.07028	25477.46354	0.000825	0.0011317	2.996537094
60	0	0.1105820708	1558.255866	-0.01058207081	98441.74413	25473.24221	0.02141501215	0.0011317	2.994844618
60	1	0.01624654918	13156.71803	0.08375345082	86843.28197	25486.07911	0.002533559909	0.0011317	3
60	1	0.08465830839	2079.037211	0.01534169161	97920.96279	25148.73354	0.01649209455	0.0011317	2.872489977
60	1	0.01971258912	10413.17316	0.08028741088	89586.82684	24953.54946	0.003344784623	0.0011317	2.805521556
60	1	0.007529724407	41409.09966	0.09247027559	58590.90034	25193.43445	0.000825	0.0011317	2.888487782
60	0	0.1128388886	1526.082938	-0.0128388886	98473.91706	25473.01056	0.02186691827	0.0011317	2.994751823
60	1	0.05610245605	3174.987646	0.04389754395	96825.01235	25466.63626	0.01051624864	0.001131700002	2.992201556
60	1	0.09007355862	2060.112789	0.00992644138	97939.88721	70795.29545	0.01620777032	0.002888224886	2.992079211
60	1	0.009604562231	27658.7869	0.09039543777	72341.2131	25486.07911	0.001205162521	0.0011317	3
60	1	0.0729007679	2697.177356	0.0270992321	97302.82264	75926.76767	0.01238678274	0.003504202518	2.989354908
60	1	0.01572413483	13777.72142	0.08427586517	86222.27858	24937.86631	0.002531120846	0.0011317	2.80033443
60	1	0.03605687927	5173.228898	0.06394312073	94826.7711	25176.07066	0.006613118293	0.0011317	2.882242977
60	1	0.01424561056	40951.25701	0.08575438944	59048.74299	74162.9708	0.000825	0.003270765916	2.938057086
60	1	0.01596690335	13462.50662	0.08403309665	86537.49338	25349.67657	0.002506844041	0.001131841523	2.94293756
60	1	0.01671362837	12689.5536	0.08328637163	87310.4464	25474.70239	0.002629398362	0.0011317	2.995429742
60	1	0.01163010529	20694.99453	0.08836989471	79305.00547	25469.45583	0.001612993766	0.0011317	2.993328883
60	1	0.01047528058	27126.62161	0.08952471942	72873.37839	39320.7865	0.001261152088	0.001395504041	2.882291507
60	1	0.01671295193	15985.03411	0.08328704807	84014.96589	58175.43894	0.002155608367	0.002026991942	2.851117032
60	1	0.06318407775	2844.600968	0.03681592225	97155.39903	24957.99085	0.01223987608	0.0011317	2.806995571
60	1	0.02497173104	8006.33543	0.07502826896	91993.66457	24338.8729	0.004558051396	0.001131700001	2.620824459
60	1	0.009597945314	27680.553	0.09040205469	72319.447	25476.91376	0.001205162521	0.0011317	2.996316511
60	1	0.01483481711	14806.82902	0.08516518289	85193.17098	25486.07911	0.002251213497	0.0011317	3
60	1	0.01415524861	15757.3151	0.08584475139	84242.6849	25467.57464	0.002118779497	0.0011317	2.992576645
60	0	0.1123582977	1532.863403	-0.01235829773	98467.1366	25472.26488	0.02177158357	0.0011317	2.99445317
60	1	0.02365402547	8302.086009	0.07634597453	91697.91399	25486.07911	0.004015055168	0.0011317	3
60	0	0.11047685	1598.753166	-0.01047685004	98401.24683	57189.11884	0.02084958081	0.001969765676	3
60	1	0.070044398	2507.560985	0.029955602	97492.43902	25486.0792	0.01329312967	0.001131700001	3
60	1	0.02155281113	9274.0327	0.07844718887	90725.9673	25474.90848	0.003597712342	0.0011317	2.995512353
60	1	0.01016674521	25189.32822	0.08983325479	74810.67178	25312.42174	0.001342927108	0.0011317	2.932360744
60	1	0.02814590143	7038.244184	0.07185409857	92961.75582	24106.88449	0.005271927792	0.0011317	2.559702429
60	1	0.02197040821	9062.079199	0.07802959179	90937.9208	25486.07911	0.003678331716	0.0011317	3
60	1	0.01914243662	19998.98182	0.08085756338	80001.01818	75895.1366	0.001712342178	0.003513479893	2.877908469
60	1	0.02031708261	10099.25652	0.07968291739	89900.74348	24679.08032	0.003523084412	0.0011317	2.718550932
60	0	0.1017705397	1789.271629	-0.001770539653	98210.72837	24060.08378	0.02080597961	0.0011317	2.547860623
60	1	0.008143232077	36513.81481	0.09185676792	63486.18519	25486.0792	0.0009128964889	0.001131700001	3
60	1	0.01834376473	11287.9442	0.08165623527	88712.0558	25486.07911	0.002953003021	0.0011317	3
60	1	0.05910212247	3193.861462	0.04089787753	96806.13854	58658.70707	0.01073689941	0.002049064995	2.871919845
60	0	0.1114362687	1548.322323	-0.01143626868	98451.67768	25427.31536	0.02163710812	0.0011317	2.976608293
60	0	0.1098738904	1573.272327	-0.009873890363	98426.72767	25386.40719	0.02136799304	0.0011317	2.96063298
60	1	0.01209939522	19555.88052	0.08790060478	80444.11948	25468.4161	0.001707101359	0.0011317	2.992913057
60	1	0.01674741459	12955.70932	0.08325258541	87044.29068	31325.87324	0.002572868262	0.001227935589	3
60	1	0.09456066755	1976.567258	0.005439332454	98023.43274	23453.41819	0.01962301466	0.0011317	2.407313749
60	1	0.02020114007	10217.89426	0.07979885993	89782.10574	24467.05269	0.003538068933	0.0011317	2.656445422
60	1	0.01966698122	10388.94276	0.08033301878	89611.05724	25262.08525	0.003269776467	0.0011317	2.913566643
60	1	0.02424582467	8064.356778	0.07575417533	91935.64322	25486.07911	0.004133415008	0.0011317	3
60	1	0.007926493781	36777.99413	0.09207350622	63222.00587	24410.83369	0.0009870520695	0.0011317	2.640651864
60	1	0.0655635862	2701.587829	0.0344364138	97298.41217	25334.89224	0.01249777631	0.0011317	2.940864617
60	0	0.1021372909	1721.619581	-0.002137290868	98278.38042	24974.84517	0.02019668778	0.0011317	2.812609617
60	1	0.03408385238	5482.572802	0.06591614762	94517.4272	25343.10354	0.006154150352	0.0011317	2.943990014
60	1	0.05826870981	3201.364737	0.04173129019	96798.63526	57041.76391	0.01041222606	0.001963009004	3
60	1	0.06572614173	2718.505145	0.03427385827	97281.49486	25066.5382	0.01269699625	0.0011317	2.843730411
60	1	0.01471974261	14978.93102	0.08528025739	85021.06898	25080.10246	0.002301841053	0.0011317	2.848419124
60	1	0.009585411098	27721.98086	0.0904145889	72278.01914	25459.45236	0.001205162521	0.0011317	2.989335047
60	1	0.02004024269	10126.03564	0.07995975731	89873.96436	25474.06099	0.003295253373	0.001131700674	2.995154905
60	1	0.08374483816	2093.111571	0.01625516184	97906.88843	25281.69578	0.01620277878	0.0011317	2.92084706
60	1	0.01731029541	12151.26469	0.08268970459	87848.73531	25336.53579	0.002778244572	0.0011317	2.941489418
60	1	0.02226709717	9015.519148	0.07773290283	90984.48085	24902.41202	0.003878944898	0.0011317	2.788709413
