#gen	Feasible	f1	f2	c1	c2	c3	x1	x2	x3
40	1	0.01463527784	15099.50384	0.08536472216	84900.49616	25010.23469	0.002296307311	0.0011317	2.8245039
40	1	0.0094547134	27911.52452	0.0905452866	72088.47548	24823.61415	0.001260657313	0.0011317	2.763363476
40	1	0.01978868907	10423.20271	0.08021131093	89576.79729	24675.80136	0.003414442115	0.0011317	2.71755846
40	1	0.01612017252	13299.84378	0.08387982748	86700.15622	25322.05695	0.0025413965	0.0011317	2.93599842
40	1	0.01512635785	14546.048	0.08487364215	85453.952	24573.08367	0.002465753671	0.001131700043	2.686986015
40	1	0.008926358932	31034.95228	0.09107364107	68965.04772	25382.70351	0.0010835589	0.0011317	2.959198868
40	1	0.0611955835	2892.673121	0.0388044165	97107.32688	25486.07911	0.01152336677	0.0011317	3
40	1	0.04156406161	7574.467228	0.05843593839	92425.53277	86536.36915	0.004478159041	0.006280689799	2.920128252
40	1	0.01516269704	14387.73237	0.08483730296	85612.26763	25484.60994	0.002317080865	0.0011317	2.999408666
40	1	0.01221385726	19250.09984	0.08778614274	80749.90016	25156.04785	0.001780106247	0.0011317	2.87509013
40	1	0.01941201435	10706.93949	0.08058798565	89293.06051	24502.7801	0.003367526909	0.0011317	2.666624566
40	1	0.009794658224	26660.8558	0.09020534178	73339.1442	25284.08378	0.001271807824	0.0011317	2.921737208
40	1	0.01376151835	16411.71696	0.08623848165	83588.28304	24696.35349	0.002165140698	0.0011317	2.723796449
40	1	0.02445465913	7993.679515	0.07554534087	92006.32048	25414.27481	0.004195611968	0.0011317	2.971488649
40	1	0.02354123549	8476.832281	0.07645876451	91523.16772	24752.56362	0.004173828031	0.0011317	2.741070383
40	1	0.0156678728	13824.8154	0.0843321272	86175.1846	25042.80402	0.002501500859	0.0011317	2.835579682
40	1	0.0116565424	20632.69899	0.0883434576	79367.30101	25486.07911	0.001615558554	0.0011317	3
40	1	0.07480163724	2348.060265	0.02519836276	97651.93973	25381.5367	0.01432544883	0.001131729372	2.957998736
40	1	0.008521099709	32776.58842	0.09147890029	67223.41158	24609.06938	0.001091325687	0.0011317	2.697584166
40	1	0.01967406906	10374.46789	0.08032593094	89625.53211	25330.63271	0.003255675654	0.0011317	2.939247126
40	1	0.008083676072	35988.14662	0.09191632393	64011.85338	24853.93741	0.0009754270786	0.0011317	2.77303829
40	1	0.02275943216	8732.740148	0.07724056784	91267.25985	25196.80796	0.003910919667	0.0011317	2.889705594
40	1	0.01086073921	22694.02734	0.08913926079	77305.97266	24675.8532	0.00156822239	0.0011317	2.717574142
40	1	0.01148805456	21065.39365	0.08851194544	78934.60635	23956.01372	0.001780106247	0.0011317	2.522081239
40	1	0.009804256399	26346.05332	0.0901957436	73653.94668	24561.70915	0.001362541399	0.0011317	2.683662067
40	1	0.03079966128	6122.74375	0.06920033872	93877.25625	25486.07911	0.005444182329	0.0011317	3
40	1	0.01552435542	14066.25494	0.08447564458	85933.74506	24610.81533	0.002542626134	0.001131700043	2.698100534
40	1	0.01552435542	14066.25494	0.08447564458	85933.74506	24610.81541	0.002542626134	0.001131700045	2.698100534
40	1	0.08325412729	2143.485375	0.01674587271	97856.51462	24782.48181	0.0164681642	0.0011317	2.750394236
40	1	0.01408438483	15862.99293	0.08591561517	84137.00707	25210.46566	0.002150585056	0.0011317	2.894651151
40	1	0.01779716998	11721.88348	0.08220283002	88278.11652	25486.07911	0.00284368407	0.0011317	3
40	1	0.02252846919	8799.005651	0.07747153081	91200.99435	25457.28583	0.003797665784	0.0011317	2.988472105
40	0	0.1210381916	1456.106118	-0.02103819162	98543.89388	56834.0005	0.02310365637	0.001956392614	2.957406033
40	1	0.008372019412	33593.76883	0.09162798059	66406.23117	24373.65735	0.0010835589	0.0011317	2.630355045
40	1	0.01530907666	14276.12753	0.08469092334	85723.87247	24820.31307	0.002465367392	0.0011317	2.762316113
40	1	0.01861081842	11088.61249	0.08138918158	88911.38751	25473.91832	0.0030092254	0.0011317	2.995115508
40	1	0.05409070881	3310.301276	0.04590929119	96689.69872	25557.80455	0.01015961824	0.001134379067	2.958763447
40	0	0.1184238951	1451.378883	-0.01842389513	98548.62112	25491.84955	0.02297245398	0.001131832223	2.998819119
40	1	0.01431128074	15529.11008	0.08568871926	84470.88992	25486.05781	0.002146510272	0.0011317	2.999991425
40	1	0.02092893395	9606.045883	0.07907106605	90393.95412	25486.07911	0.003470036864	0.0011317	3
40	1	0.008986368026	30032.42522	0.09101363197	69967.57478	24357.81831	0.001213453549	0.0011317	2.626002991
40	1	0.01209559905	19514.56541	0.08790440095	80485.43459	24694.45162	0.001821144219	0.0011317	2.723217462
40	1	0.01383123245	17418.16404	0.08616876755	82581.83596	37376.76895	0.002060402778	0.001363226767	2.684654961
40	1	0.01367912226	16563.1651	0.08632087774	83436.8349	24575.08128	0.002165140698	0.0011317	2.68757199
40	1	0.01662042678	12779.54244	0.08337957322	87220.45756	25486.07911	0.00260833543	0.0011317	3
40	1	0.008720443047	31558.83318	0.09127955695	68441.16682	24564.89164	0.00113721004	0.0011317	2.684591122
40	1	0.06931642967	2543.871181	0.03068357033	97456.12882	25379.34082	0.01322309971	0.001131700579	2.957883786
40	1	0.01628573213	13116.14828	0.08371426787	86883.85172	25486.07911	0.0025413965	0.0011317	3
40	1	0.007985238236	36536.4451	0.09201476176	63463.5549	24657.63474	0.0009754270786	0.0011317	2.712078652
40	1	0.02445056015	7985.251997	0.07554943985	92014.748	25486.07911	0.004174362105	0.0011317	3
40	1	0.06237687265	2927.447121	0.03762312735	97072.55288	24529.13509	0.01229239473	0.00113170091	2.674188185
40	1	0.01091119008	22543.31769	0.08908880992	77456.68231	24607.95635	0.00158685361	0.001131700043	2.697253732
40	1	0.0242801949	8050.967674	0.0757198051	91949.03233	25486.07911	0.004140289054	0.0011317	3
40	1	0.01247816067	18723.08251	0.08752183933	81276.91749	25462.27211	0.001783970886	0.0011317	2.990459256
40	1	0.009932590415	26229.09991	0.09006740959	73770.90009	25483.88072	0.001271093059	0.0011317	2.999115286
40	1	0.01376151835	16411.71696	0.08623848165	83588.28304	24696.35348	0.002165140698	0.0011317	2.723796449
40	1	0.03080177824	11090.64499	0.06919822176	88909.35501	83111.86484	0.0030092254	0.004994251041	2.994259001
40	1	0.01659427945	12870.74032	0.08340572055	87129.25968	24942.13809	0.002708569923	0.0011317	2.801744556
40	1	0.01374690291	16390.12691	0.08625309709	83609.87309	25474.35468	0.002035791811	0.0011317	2.995290375
40	1	0.01845481211	11204.13769	0.08154518789	88795.86231	25481.32652	0.002976305594	0.0011317	2.998088328
40	1	0.01256689951	26942.95089	0.08743310049	73057.04911	59068.1787	0.001271093059	0.002069116828	2.877666449
40	1	0.01507742679	14503.97793	0.08492257321	85496.02207	25240.46089	0.002346281044	0.0011317	2.905599177
40	1	0.007690008869	40350.34828	0.09230999113	59649.65172	25414.78385	0.0008311434467	0.0011317	2.971688017
40	1	0.01394366157	24579.71157	0.08605633843	75420.28843	63166.17813	0.001374137465	0.002294177435	2.939247126
40	1	0.02181935238	9153.260664	0.07818064762	90846.73934	25367.34239	0.003678670357	0.0011317	2.953272266
40	1	0.02384021712	8225.947895	0.07615978288	91774.05211	25484.97495	0.004052615448	0.001131700579	2.999540214
40	1	0.02321216976	8651.916345	0.07678783024	91348.08365	24589.97897	0.004140289054	0.0011317	2.691947347
40	1	0.008365506463	34340.80219	0.09163449354	65659.19781	25182.84545	0.0009956725209	0.0011317	2.884674849
40	1	0.009818921148	26630.59649	0.09018107885	73369.40351	25387.82885	0.00126221847	0.0011317	2.961184
40	1	0.009742468921	26747.60159	0.09025753108	73252.39841	25045.95207	0.001292603662	0.0011317	2.836656895
40	1	0.01306299309	17570.02634	0.08693700691	82429.97366	25464.05285	0.001900756644	0.0011317	2.991169848
40	1	0.01678369963	12621.66515	0.08321630037	87378.33485	25483.87146	0.002641462353	0.0011317	2.999111562
40	0	0.1013396811	1705.006141	-0.001339681062	98294.99386	25483.12673	0.01955522875	0.0011317	2.998812025
40	1	0.01061475363	23684.93451	0.08938524637	76315.06549	25481.1889	0.001407955404	0.0011317	2.998033025
40	1	0.07583466722	2306.616153	0.02416533278	97693.38385	25486.07911	0.01445118352	0.0011317	3
40	1	0.05469959988	3273.149396	0.04530040012	96726.8506	25353.48699	0.01029929805	0.0011317	2.947955988
40	1	0.01430446136	15538.68941	0.08569553864	84461.31059	25478.87391	0.002146510272	0.0011317	2.99710318
40	1	0.08715597086	1994.652338	0.01284402914	98005.34766	25478.52753	0.0167221861	0.0011317	2.996964123
40	1	0.08273327438	2127.793016	0.01726672562	97872.20698	25172.05408	0.01608353062	0.0011317	2.880803987
40	1	0.02962746606	6407.779538	0.07037253394	93592.22046	25416.84455	0.005232866912	0.0011317	2.972495496
40	1	0.01371382083	16481.53355	0.08628617917	83518.46645	24729.01345	0.002150585056	0.0011317	2.733794844
40	1	0.02065723179	15253.43709	0.07934276821	84746.56291	72595.45592	0.002185303857	0.003077133061	2.999991341
40	1	0.01779716998	11721.88348	0.08220283002	88278.11652	25486.07911	0.00284368407	0.0011317	3
40	1	0.03441101207	20106.20522	0.06558898793	79893.79478	90501.36396	0.001780106247	0.008983271535	2.695255214
40	1	0.0125124923	18629.95962	0.0874875077	81370.04038	24723.86233	0.00190332927	0.0011317	2.732210874
40	1	0.01385804174	17092.29113	0.08614195826	82907.70887	35173.04016	0.001967729391	0.001302641805	2.958544816
40	1	0.01420369485	15683.24826	0.08579630515	84316.75174	25367.34239	0.002146993284	0.0011317	2.953272266
40	1	0.02869246475	6760.792974	0.07130753525	93239.20703	24732.69996	0.00524123607	0.0011317	2.734930074
40	1	0.007638844324	40767.27711	0.09236115568	59232.72289	25381.01265	0.000825	0.0011317	2.958544816
40	1	0.01491196331	14705.94746	0.08508803669	85294.05254	25469.20432	0.00226993988	0.001131700001	2.993228245
40	1	0.01212066801	19491.53918	0.08787933199	80508.46082	25398.41469	0.001722979644	0.0011317	2.965296323
40	1	0.009869360351	26471.86765	0.09013063965	73528.13235	25458.12668	0.00126221847	0.0011317	2.988806935
40	1	0.01837641027	11263.04155	0.08162358973	88736.95845	25486.07911	0.002959532128	0.0011317	3
40	0	0.1209963624	1629.729136	-0.0209963624	98370.27086	85762.49966	0.02045329657	0.005922907973	3
40	1	0.01779716998	11721.88348	0.08220283002	88278.11652	25486.07911	0.00284368407	0.0011317	3
40	1	0.01603827403	13376.79842	0.08396172597	86623.20158	25482.22957	0.002492700892	0.001131700023	2.998450691
40	1	0.01603873599	13376.30246	0.08396126401	86623.69754	25482.22806	0.002492793316	0.0011317	2.998450691
40	1	0.06008486658	2967.945253	0.03991513342	97032.05475	25284.55535	0.01142411711	0.0011317	2.921913083
40	1	0.017074729	13259.22614	0.082925271	86740.77386	40805.27847	0.002514797271	0.00142464943	2.998463562
40	1	0.01910442976	10824.12832	0.08089557024	89175.87168	24910.23871	0.003228820791	0.0011317	2.791263702
