#gen	Feasible	f1	f2	c1	c2	c3	x1	x2	x3
82	1	0.02963552426	6398.393522	0.07036447574	93601.60648	25470.48716	0.005216613792	0.0011317	2.993741518
82	1	0.01011720531	38168.63227	0.08988279469	61831.36773	55259.95922	0.0009114871535	0.001897938243	2.810290307
82	1	0.01631285846	13097.97047	0.08368714154	86902.02953	25341.25246	0.002576416156	0.0011317	2.943284612
82	1	0.01958840537	10426.75727	0.08041159463	89573.24273	25352.57539	0.003233385955	0.001131700022	2.947606621
82	1	0.01822691644	12937.86846	0.08177308356	87062.13154	50107.60222	0.002576416156	0.001690185439	3
82	1	0.009753760759	26670.87156	0.09024623924	73329.12844	24980.61589	0.001303109382	0.0011317	2.814539267
82	1	0.0280498613	7029.87906	0.0719501387	92970.12094	24271.37367	0.005216613792	0.0011317	2.602610041
82	1	0.03458907373	6724.589883	0.06541092627	93275.41012	72804.63189	0.004961169057	0.00310121456	2.995999348
82	1	0.03904602997	4699.16682	0.06095397003	95300.83318	25486.08056	0.007093456054	0.001131700022	3
82	1	0.05921677761	3252.909931	0.04078322239	96747.09007	65727.61666	0.01039857908	0.002466219373	2.932599398
82	1	0.01254351679	18553.34364	0.08745648321	81446.65636	25171.25886	0.00184466216	0.0011317	2.880519339
82	1	0.03092228693	9043.104796	0.06907771307	90956.8952	78895.32485	0.003763786762	0.004008957587	2.904828594
82	1	0.02401776883	8207.991186	0.07598223117	91792.00881	25139.4576	0.004180511894	0.0011317	2.869202248
82	1	0.02016276689	10054.30082	0.07983723311	89945.69918	25448.60291	0.003325988179	0.001131700017	2.985020428
82	1	0.01393247407	16107.51123	0.08606752593	83892.48877	24996.39821	0.002154982807	0.0011317	2.819836241
82	1	0.0199536271	10178.1932	0.0800463729	89821.8068	25486.07911	0.003274975495	0.0011317	3
82	1	0.02921251578	10294.13334	0.07078748422	89705.86666	79521.93591	0.003238090303	0.004117938291	3
82	1	0.02864480655	8057.913713	0.07135519345	91942.08629	66505.68859	0.004138324218	0.002517816043	2.998183561
82	1	0.02780753293	6920.247553	0.07219246707	93079.75245	25208.23911	0.004930599145	0.0011317	2.893843232
82	1	0.04397139279	4503.464419	0.05602860721	95496.53558	61593.31984	0.007420735888	0.002196527044	2.98800712
82	1	0.01887456366	10900.59722	0.08112543634	89099.40278	25444.77995	0.003068767319	0.0011317	2.983505012
82	1	0.0155156532	14453.01716	0.0844843468	85546.98284	32958.82838	0.002345122548	0.001261174773	2.923507652
82	1	0.02939372439	6479.508794	0.07060627561	93520.49121	25321.73235	0.005216613792	0.0011317	2.935875658
82	1	0.01955929287	10437.49897	0.08044070713	89562.50103	25416.12752	0.003212752426	0.0011317	2.972214457
82	1	0.01653305237	12866.07476	0.08346694763	87133.92524	25479.95914	0.002592154294	0.0011317	2.997538972
82	1	0.03254113701	9014.838499	0.06745886299	90985.1615	81253.64033	0.003770290056	0.004512265124	2.911070272
82	1	0.06163936262	2917.138634	0.03836063738	97082.86137	40816.37322	0.01142672239	0.001424843472	3
82	1	0.0234183346	8419.851327	0.0765816654	91580.14867	25587.0452	0.003995128866	0.001134862257	2.957811859
82	1	0.04452894536	4083.149559	0.05547105464	95916.85044	25589.28	0.008239126366	0.00113491344	2.957377508
82	1	0.01356028325	16719.27672	0.08643971675	83280.72328	24789.93908	0.0021100741	0.0011317	2.752732527
82	1	0.02317233942	10230.04783	0.07682766058	89769.95217	61235.91342	0.003440630764	0.002194857474	2.762093815
82	1	0.05406717178	3301.28723	0.04593282822	96698.71277	25483.98799	0.0100988849	0.0011317	2.999158438
82	1	0.01472552008	15006.64426	0.08527447992	84993.35574	24821.58488	0.002345122548	0.0011317	2.762719497
82	1	0.01252919488	18621.04756	0.08747080512	81378.95244	25486.07911	0.00179008905	0.0011317	3
82	1	0.01685551904	12585.61153	0.08314448096	87414.38847	25168.03482	0.002720064727	0.0011317	2.879366117
82	1	0.01366187392	16521.10865	0.08633812608	83478.89135	25178.20881	0.002070392834	0.0011317	2.883009844
82	1	0.05024692006	3654.484973	0.04975307994	96345.51503	31704.72943	0.00951986894	0.001243334036	2.810290307
82	1	0.01068493731	23399.27753	0.08931506269	76600.72247	25377.42137	0.001437788276	0.0011317	2.957157037
82	1	0.01423701139	15636.92641	0.08576298861	84363.07359	25477.27016	0.00213331856	0.0011317	2.996459501
82	1	0.01408139104	17270.09637	0.08591860896	82729.90363	39825.9976	0.001931292449	0.001401525854	2.997152248
82	1	0.05975700061	2966.747162	0.04024299939	97033.25284	25486.07921	0.01123565019	0.001131700002	3
82	1	0.02436641408	8017.575378	0.07563358592	91982.42462	25486.07911	0.00415753289	0.0011317	3
82	1	0.03142864588	6223.555883	0.06857135412	93776.44412	42367.34692	0.005375186061	0.001464008386	2.983314258
82	1	0.03173881643	5927.946391	0.06826118357	94072.05361	25416.12752	0.005656781947	0.0011317	2.972214457
82	1	0.04049026199	4527.238345	0.05950973801	95472.76166	25386.23482	0.007425754854	0.0011317	2.960566192
82	1	0.05038389302	3837.550037	0.04961610698	96162.44996	61502.1367	0.008708177504	0.002191314708	2.988139901
82	1	0.02465071924	7909.43135	0.07534928076	92090.56865	25485.85747	0.004214458209	0.0011317	2.99991077
82	1	0.06304816766	2808.265467	0.03695183234	97191.73453	25419.69789	0.01193723621	0.0011317	2.973614617
82	1	0.01252919488	18621.04756	0.08747080512	81378.95244	25486.07911	0.00179008905	0.0011317	3
82	1	0.02906175062	6540.307663	0.07093824938	93459.69234	25486.07911	0.005096600198	0.0011317	3
82	1	0.0259209969	7459.709163	0.0740790031	92540.29084	25486.07911	0.004468449454	0.0011317	3
82	1	0.02287997976	8635.028208	0.07712002024	91364.97179	25486.07911	0.003860246027	0.0011317	3
82	1	0.05064449525	3562.735563	0.04935550475	96437.26444	25507.71755	0.009515115921	0.001135056344	2.922747593
82	1	0.04486651592	4239.034791	0.05513348408	95760.96521	23979.14992	0.008831847659	0.0011317	2.527747707
82	1	0.06126860865	6309.634768	0.03873139135	93690.36523	92349.03229	0.005282925963	0.01102179586	3
82	1	0.04382640379	4205.699903	0.05617359621	95794.3001	24958.50282	0.008278324865	0.0011317	2.807165628
82	1	0.007103926518	44359.21295	0.09289607348	55640.78705	24300.01496	0.000825	0.0011317	2.610294276
82	1	0.03359904444	5565.950019	0.06640095556	94434.04998	25379.34472	0.006043486312	0.0011317	2.957900041
82	1	0.009118565923	29690.92619	0.09088143408	70309.07381	25077.75053	0.001161488291	0.0011317	2.847604536
82	1	0.05953771054	2982.767062	0.04046228946	97017.23294	25437.09885	0.01122223603	0.0011317	2.980466064
82	1	0.02532987319	8924.220207	0.07467012681	91075.77979	59897.61548	0.003790202539	0.002107675165	2.93273791
82	1	0.0280886866	6833.764483	0.0719113134	93166.23552	25255.32832	0.004973621206	0.0011317	2.911070272
82	1	0.05501114617	3260.014068	0.04498885383	96739.98593	25286.90792	0.01039857908	0.0011317	2.922790945
82	1	0.007847272245	37820.15984	0.09215272775	62179.84016	24812.53217	0.0009311748134	0.0011317	2.759851925
82	1	0.02312453513	8527.134179	0.07687546487	91472.86582	25484.96648	0.003909463363	0.0011317	2.999552142
82	1	0.009946818829	36308.0199	0.09005318117	63691.9801	51964.99186	0.0009608914692	0.001768584503	2.798542258
82	1	0.05613428173	3189.158284	0.04386571827	96810.84172	25299.96057	0.01061805355	0.0011317	2.927675457
82	1	0.038369085	4822.741373	0.061630915	95177.25863	25234.34921	0.007059802305	0.0011317	2.903358742
82	1	0.01761599235	11873.17695	0.08238400765	88126.82305	25486.07911	0.002807448544	0.0011317	3
82	1	0.008544159615	32808.67014	0.09145584038	67191.32986	24856.96346	0.00106970247	0.0011317	2.774009141
82	1	0.01983745867	10303.76314	0.08016254133	89696.23686	25119.41491	0.003335632661	0.0011317	2.862135387
82	1	0.01389663683	42781.6628	0.08610336317	57218.3372	74811.53957	0.000825	0.003379398363	2.750898956
82	1	0.01884886717	10921.42949	0.08115113283	89078.57051	25422.36572	0.003068767319	0.0011317	2.974662087
82	1	0.06326493067	2792.382822	0.03673506933	97207.61718	25486.07911	0.01193723621	0.0011317	3
82	1	0.007411674561	42139.85405	0.09258832544	57860.14595	24967.894	0.0008255894275	0.0011317	2.810290307
82	1	0.05788800462	3079.425512	0.04211199538	96920.57449	25372.03647	0.01093012352	0.0011317	2.955079676
82	1	0.009889637857	26002.14297	0.09011036214	73997.85703	24518.00098	0.001385080813	0.0011317	2.670995378
82	1	0.01962001571	10394.04911	0.08037998429	89605.95089	25449.41125	0.003217049874	0.0011317	2.985341681
82	1	0.04387316137	6352.333619	0.05612683863	93647.66638	84929.91607	0.005277565644	0.005600718262	2.97334891
82	1	0.01587065854	13567.85909	0.08412934146	86432.14091	25327.91968	0.002489971572	0.0011317	2.938218238
82	1	0.01871846342	11047.43105	0.08128153658	88952.56895	25184.72156	0.003094559711	0.0011317	2.885349346
82	1	0.02252063015	8799.729315	0.07747936985	91200.27068	25479.29328	0.003790202539	0.0011317	2.997271563
82	1	0.01640870449	13011.6959	0.08359129551	86988.3041	25232.37297	0.00261711913	0.0011317	2.902635357
82	1	0.02370384604	8328.566973	0.07629615396	91671.43303	25177.66039	0.004107155704	0.0011317	2.882813093
82	1	0.01261328865	18420.85298	0.08738671135	81579.14702	25296.91039	0.001838746023	0.0011317	2.926531915
82	1	0.05594096431	3185.209227	0.04405903569	96814.79077	25462.05512	0.0104866123	0.0011317	2.9903727
82	1	0.02771830175	6957.178626	0.07228169825	93042.82137	25138.3122	0.004932574957	0.0011317	2.868797031
82	1	0.01314512339	17407.81305	0.08685487661	82592.18695	25342.53811	0.001938335603	0.001131700022	2.943773936
82	1	0.01934654044	10571.03061	0.08065345956	89428.96939	25477.21847	0.003155670902	0.001131700003	2.996438693
82	1	0.01853485359	11144.28749	0.08146514641	88855.71251	25480.26941	0.002992561297	0.001131700002	2.997663542
82	1	0.013788455	16320.07318	0.086211545	83679.92682	25146.69968	0.002101300451	0.001131700069	2.871766549
82	1	0.008852743849	31580.4286	0.09114725615	68419.5714	25470.85613	0.001056885362	0.0011317	2.993889183
82	1	0.01571503797	13748.52409	0.08428496203	86251.47591	25608.59043	0.002444220554	0.001135009142	2.962440031
82	1	0.01325474809	17209.25831	0.08674525191	82790.74169	25290.17224	0.001969306182	0.0011317	2.924010294
82	1	0.05278274939	3402.003652	0.04721725061	96597.99635	25339.00703	0.009921266434	0.0011317	2.942429592
82	1	0.01503595971	14602.47355	0.08496404029	85397.52645	24859.23914	0.002402967862	0.0011317	2.774739892
82	1	0.0133552203	17036.24709	0.0866447797	82963.75291	25347.03311	0.001979863272	0.0011317	2.945489102
82	1	0.01951466696	10471.52034	0.08048533304	89528.47966	25377.70458	0.003212752426	0.0011317	2.957266408
82	1	0.009147744513	29737.96627	0.09085225549	70262.03373	25311.21326	0.001137631556	0.0011317	2.931905416
82	1	0.0566394365	3213.347996	0.0433605635	96786.652	24781.65994	0.01098589759	0.0011317	2.750136882
