#gen	Feasible	f1	f2	c1	c2	c3	x1	x2	x3
83	1	0.06450784521	2739.553667	0.03549215479	97260.44633	25436.92807	0.01221870686	0.0011317	2.980398598
83	1	0.05260866078	3416.014879	0.04739133922	96583.98512	25320.18695	0.009896171056	0.0011317	2.935291398
83	1	0.008569127091	32748.09793	0.09143087291	67251.90207	24967.89399	0.001062358433	0.0011317	2.810290307
83	1	0.01646906655	12933.4912	0.08353093345	87066.5088	25422.36572	0.002591359548	0.0011317	2.974662087
83	1	0.01729113238	12159.70835	0.08270886762	87840.29165	25421.76736	0.00275640091	0.0011317	2.974427059
83	1	0.04024691734	4643.878903	0.05975308266	95356.1211	38801.14084	0.007177907527	0.001377924449	3
83	1	0.008125329855	35970.25524	0.09187467014	64029.74476	25090.49112	0.0009577412499	0.0011317	2.852025284
83	1	0.02180599284	15262.15221	0.07819400716	84737.84779	75838.27104	0.002223375571	0.003500015938	2.918304768
83	1	0.01638991987	13030.62039	0.08361008013	86969.37961	25232.37297	0.002613318265	0.0011317	2.902635357
83	1	0.01467157642	15024.23801	0.08532842358	84975.76199	25453.76987	0.002224786819	0.0011317	2.98707321
83	1	0.01255270216	18554.86616	0.08744729784	81445.13384	25385.55523	0.00184466216	0.001134965511	2.880160425
83	1	0.01651073622	12887.95182	0.08348926378	87112.04818	25485.85747	0.002586444173	0.0011317	2.99991077
83	1	0.04382640379	4205.699903	0.05617359621	95794.3001	24958.50282	0.008278324865	0.0011317	2.807165628
83	1	0.007578980264	41114.38205	0.09242101974	58885.61795	25279.87354	0.000825	0.0011317	2.920168334
83	1	0.01188818966	20001.73723	0.08811181034	79998.26277	24518.00098	0.001800597064	0.0011317	2.670995378
83	1	0.01055738695	40905.88177	0.08944261305	59094.11823	60878.2164	0.0008628312184	0.002175817003	2.750898956
83	1	0.06413591746	2758.015994	0.03586408254	97241.98401	25417.7145	0.01215677474	0.0011317	2.972836575
83	1	0.01110132529	22000.63794	0.08889867471	77999.36206	24518.00098	0.001637001138	0.0011317	2.670995378
83	1	0.02444387989	12749.29587	0.07555612011	87250.70413	76566.39354	0.00261711913	0.003599125511	2.995354827
83	1	0.02317874193	8510.425297	0.07682125807	91489.5747	25434.30653	0.003934149023	0.0011317	2.979363538
83	1	0.01472867078	15001.81333	0.08527132922	84998.18667	24825.72518	0.002345122548	0.0011317	2.764033863
83	1	0.02793865094	6842.20719	0.07206134906	93157.79281	25483.41184	0.004872838263	0.0011317	2.998926688
83	1	0.0327683327	5859.131291	0.0672316673	94140.86871	24544.68887	0.006134590963	0.0011317	2.678709048
83	1	0.05155964516	3529.040536	0.04844035484	96470.95946	34517.51906	0.009596329541	0.001291021786	2.927252975
83	1	0.01439002279	15414.52228	0.08560997721	84585.47772	25430.26539	0.002172808586	0.0011317	2.97777001
83	1	0.05226738023	3505.988152	0.04773261977	96494.01185	24734.1807	0.01010581954	0.0011317	2.735386437
83	1	0.01343979337	17197.19699	0.08656020663	82802.80301	23644.28517	0.002227185084	0.0011317	2.449115485
83	1	0.02403389617	8151.668307	0.07596610383	91848.33169	25458.39652	0.004098855351	0.0011317	2.988914412
83	1	0.01851208226	11160.71481	0.08148791774	88839.28519	25486.07926	0.002986666526	0.001131700002	3
83	1	0.007667193565	40606.98714	0.09233280643	59393.01286	25427.47429	0.000825	0.0011317	2.976670849
83	1	0.02473058511	7907.246299	0.07526941489	92092.7537	25296.72662	0.004283639077	0.0011317	2.926463058
83	1	0.01241199602	18823.87294	0.08758800398	81176.12706	25139.4576	0.001822876986	0.0011317	2.869202248
83	1	0.01933246628	10840.48657	0.08066753372	89159.51343	32625.95021	0.003074892728	0.001251630332	3
83	1	0.01938001628	10580.69329	0.08061998372	89419.30671	25234.34921	0.003217898841	0.0011317	2.903358742
83	1	0.01971479948	10331.75439	0.08028520052	89668.24561	25460.48219	0.003233385955	0.0011317	2.989745481
83	1	0.007331293428	42687.49126	0.09266870657	57312.50874	24812.53217	0.000825	0.0011317	2.759851925
83	1	0.0178728811	11688.60099	0.0821271189	88311.39901	25515.26146	0.002898234972	0.001135044686	2.925863265
83	1	0.01963188596	17136.03608	0.08036811404	82863.96392	73341.40193	0.001969306182	0.00316938707	2.943247094
83	1	0.03785328457	4950.680533	0.06214671543	95049.31947	24848.96807	0.007093456054	0.0011317	2.771446098
83	1	0.0133399005	17072.80471	0.0866600995	82927.19529	25470.90773	0.00195496579	0.001131700021	2.993909274
83	1	0.00737376026	42400.8759	0.09262623974	57599.1241	24898.76816	0.000825	0.0011317	2.787522515
83	1	0.04382640379	4205.699903	0.05617359621	95794.3001	24958.50282	0.008278324865	0.0011317	2.807165628
83	1	0.02301505708	8620.622712	0.07698494292	91379.37729	25184.72156	0.003965715262	0.0011317	2.885349346
83	1	0.0166692404	12813.46369	0.0833307596	87186.53631	24859.23914	0.002738469121	0.0011317	2.774739892
83	1	0.05647512281	3246.068998	0.04352487719	96753.931	45764.43686	0.01039857908	0.001557921921	2.942117868
83	1	0.01552219607	17383.16789	0.08447780393	82616.83211	56125.22334	0.002058313487	0.001944719666	2.696479204
83	1	0.01571503797	13748.52409	0.08428496203	86251.47591	25608.59043	0.002444220554	0.001135009142	2.962440031
83	1	0.01324999115	17215.90057	0.08675000885	82784.09943	25220.99912	0.001979863272	0.0011317	2.89848217
83	1	0.02436641408	8017.575378	0.07563358592	91982.42462	25486.07911	0.00415753289	0.0011317	3
83	1	0.02898436752	10331.72348	0.07101563248	89668.27652	79258.11679	0.00322760485	0.004065816791	2.99811878
83	1	0.0527155602	3404.957294	0.0472844398	96595.04271	25355.48724	0.009898940066	0.0011317	2.948721767
83	1	0.06297898179	2811.703923	0.03702101821	97188.29608	25417.75444	0.01192460739	0.0011317	2.972852237
83	1	0.00798519739	37430.70309	0.09201480261	62569.29691	25298.09478	0.0009048166793	0.0011317	2.926975801
83	1	0.04276249207	4408.304814	0.05723750793	95591.69519	24338.83855	0.008278324865	0.0011317	2.620815121
83	1	0.01755396836	12069.59598	0.08244603164	87930.40402	24610.29247	0.002963366065	0.0011317	2.697946467
83	1	0.04344911269	4189.896378	0.05655088731	95810.10362	25404.613	0.008013465243	0.001131751719	2.966382629
83	1	0.01839995434	11245.70311	0.08160004566	88754.29689	25480.26941	0.002965573883	0.001131700002	2.997663542
83	1	0.04721237203	3945.693295	0.05278762797	96054.3067	24814.95242	0.009158076847	0.001136843004	2.658210015
83	1	0.006985201629	45272.12063	0.09301479837	54727.87937	23934.49969	0.0008295277915	0.0011317	2.516844587
83	1	0.01278070483	18088.30126	0.08721929517	81911.69874	24882.21346	0.001936401741	0.0011317	2.782148526
83	1	0.06598192233	2670.830881	0.03401807767	97329.16912	25485.75533	0.01248085775	0.0011317	2.999869651
83	1	0.00927328855	29093.62325	0.09072671145	70906.37675	25314.47167	0.001162510227	0.0011317	2.93313358
83	1	0.01640870449	13011.6959	0.08359129551	86988.3041	25232.37297	0.00261711913	0.0011317	2.902635357
83	1	0.01809215408	11501.32376	0.08190784592	88498.67624	25608.59043	0.002921787601	0.001135009142	2.962440031
83	1	0.01408301085	15865.20094	0.08591698915	84134.79906	25206.79809	0.002150934744	0.0011317	2.893320691
83	1	0.01249738216	18683.92548	0.08750261784	81316.07452	25468.24562	0.001786795699	0.0011317	2.992844889
83	1	0.05370449798	3332.683021	0.04629550202	96667.31698	25407.1693	0.01006954765	0.0011317	2.968709788
83	1	0.01757767252	11908.59745	0.08242232748	88091.40255	25451.30219	0.002807448544	0.0011317	2.986092528
83	1	0.01653296068	12866.17066	0.08346703932	87133.82934	25479.87227	0.002592154294	0.0011317	2.997504082
83	1	0.02751212857	7016.761097	0.07248787143	92983.2389	25138.3122	0.004890690247	0.0011317	2.868797031
83	1	0.0133552203	17036.24709	0.0866447797	82963.75291	25347.03311	0.001979863272	0.0011317	2.945489102
83	1	0.05865836227	3034.727108	0.04134163773	96965.27289	25389.89126	0.01107439515	0.0011317	2.961983896
83	1	0.02402704083	8177.219269	0.07597295917	91822.78073	25303.35505	0.004139923465	0.0011317	2.9289496
83	1	0.01472552008	15006.64426	0.08527447992	84993.35574	24821.58488	0.002345122548	0.0011317	2.762719497
83	1	0.011822435	20198.05896	0.088177565	79801.94104	25416.39627	0.00166017609	0.0011317	2.972319784
83	1	0.01364935039	16554.22292	0.08635064961	83445.77708	24969.63958	0.002101300451	0.0011317	2.810872215
83	1	0.0195143583	10471.75733	0.0804856417	89528.24267	25377.43656	0.003212752426	0.0011317	2.957162902
83	1	0.01882991146	10944.12213	0.08117008854	89055.87787	25347.03311	0.003081968521	0.0011317	2.945489102
83	1	0.01524908934	14304.36133	0.08475091066	85695.63867	25118.21368	0.002402967862	0.0011317	2.861713443
83	1	0.01646083041	12937.86846	0.08353916959	87062.13154	25486.07911	0.002576416156	0.0011317	3
83	1	0.0150063096	14646.01243	0.0849936904	85353.98757	24821.04489	0.002402967862	0.0011317	2.762548208
83	1	0.01653205571	12867.11735	0.08346794429	87132.88265	25479.01473	0.002592154294	0.0011317	2.997159717
83	1	0.01339118111	16971.99592	0.08660881889	83028.00408	25291.79739	0.00199656601	0.0011317	2.924617899
83	1	0.01751498736	12003.49885	0.08248501264	87996.50115	25115.45107	0.002864217199	0.0011317	2.860743728
83	1	0.008268531944	35389.789	0.09173146806	64610.211	25406.40422	0.0009483184103	0.0011317	2.968411024
83	1	0.01935710415	10562.99417	0.08064289585	89437.00583	25486.07928	0.003155670902	0.001131700003	3
83	1	0.05781109608	3080.411047	0.04218890392	96919.58895	25407.91392	0.01089351068	0.0011317	2.969000647
83	1	0.02113513556	9604.092558	0.07886486444	90395.90744	24830.46622	0.003661784164	0.0011317	2.765541154
83	1	0.0112621897	37820.15984	0.0887378103	62179.84016	62924.5852	0.0009311748134	0.002295042626	2.759851925
83	1	0.02464488251	8024.573478	0.07535511749	91975.42652	24821.58488	0.004385581355	0.0011317	2.762719497
83	1	0.01951466696	10471.52034	0.08048533304	89528.47966	25377.70458	0.003212752426	0.0011317	2.957266408
83	1	0.03301734853	5661.501324	0.06698265147	94338.49868	25486.07911	0.005887719781	0.0011317	3
83	1	0.02369174361	8335.208891	0.07630825639	91664.79111	25167.91953	0.004107155704	0.0011317	2.879324904
83	1	0.007708784509	38662.13697	0.09229121549	61337.86303	24523.16406	0.0009311748134	0.0011317	2.67248269
83	1	0.01718494071	13035.03943	0.08281505929	86964.96057	39308.66068	0.002591751532	0.00139239625	2.938218238
83	1	0.02438918047	8018.017396	0.07561081953	91981.9826	25419.69789	0.004180949798	0.0011317	2.973614617
83	1	0.009662133786	27276.67194	0.09033786621	72723.32806	25342.53812	0.001237034484	0.001131700022	2.943773936
83	1	0.06333058073	2789.314797	0.03666941927	97210.6852	25486.07911	0.01195036622	0.0011317	3
83	1	0.0151272668	14489.4338	0.0848727332	85510.5662	24858.91467	0.002421776103	0.0011317	2.774635668
83	1	0.01072352146	23196.26954	0.08927647854	76803.73046	25171.25886	0.001475437716	0.0011317	2.880519339
