#gen	Feasible	f1	f2	c1	c2	c3	x1	x2	x3
16	1	0.02027353452	10031.60526	0.07972646548	89968.39474	25150.8087	0.003417411219	0.001131701322	2.873195918
16	1	0.02423817979	8173.792589	0.07576182021	91826.20741	24855.89974	0.004294020424	0.0011317	2.773667755
16	1	0.008122848063	35021.73043	0.09187715194	64978.26957	23625.19535	0.001095049512	0.001131702744	2.444799775
16	0	0.1074304873	1654.090903	-0.007430487294	98345.9091	24648.98842	0.02155990464	0.0011317	2.709481718
16	1	0.02757321495	7698.580732	0.07242678505	92301.41927	54986.51262	0.004329912598	0.001873388278	2.999880705
16	1	0.08425866386	2554.852331	0.01574133614	97445.14767	85982.11844	0.01304706848	0.00601570244	3
16	1	0.01917707042	10793.56633	0.08082292958	89206.43367	24816.40626	0.003261812156	0.0011317	2.761078046
16	1	0.01110105615	21997.61812	0.08889894385	78002.38188	24613.9715	0.001625480449	0.0011317	2.699037107
16	1	0.05135800087	3561.983628	0.04864199913	96438.01637	24819.8169	0.00988136396	0.0011317	2.762158789
16	1	0.02866896918	6642.694629	0.07133103082	93357.30537	25486.07911	0.00501804391	0.0011317	3
16	1	0.01512131717	14541.71521	0.08487868283	85458.28479	24621.92582	0.002457427756	0.0011317	2.701399489
16	1	0.03286597998	5697.767016	0.06713402002	94302.23298	25432.96835	0.005876880894	0.0011317	2.978835585
16	1	0.03085751445	6125.452373	0.06914248555	93874.54763	25377.68313	0.005494706809	0.001131780635	2.95520676
16	1	0.03474206731	5356.871327	0.06525793269	94643.12867	25446.02931	0.00625761481	0.001132090693	2.973847514
16	1	0.02318960498	8644.49367	0.07681039502	91355.50633	30180.26707	0.003939505491	0.001211910636	2.902391788
16	1	0.04647873646	3885.54293	0.05352126354	96114.45707	25481.05049	0.008582514275	0.0011317	2.997977408
16	0	0.1002212584	1789.984511	-0.0002212583535	98210.01549	24458.93266	0.02020874321	0.0011317	2.65414748
16	1	0.03657637296	5137.339707	0.06342362704	94862.66029	24871.5396	0.006823672919	0.0011317	2.778699387
16	1	0.02654025701	7352.008538	0.07345974299	92647.99146	24913.47335	0.004752479348	0.0011317	2.792321321
16	1	0.03017056835	6516.4148	0.06982943165	93483.5852	40660.63931	0.005199822236	0.001424799089	2.924818121
16	1	0.03143504716	6012.9692	0.06856495284	93987.0308	25273.27065	0.005644166325	0.00113170112	2.91768532
16	0	0.1228328894	1425.010821	-0.02283288942	98574.98918	45845.713	0.023865	0.001562135103	2.908540746
16	1	0.01088120555	23053.26438	0.08911879445	76946.73562	27398.78331	0.001472552158	0.001164882816	2.916508909
16	1	0.03816452674	4849.338313	0.06183547326	95150.66169	25248.04819	0.007013133144	0.0011317	2.908387522
16	0	0.1039101232	1668.827356	-0.003910123176	98331.17264	25351.09497	0.02020637491	0.001131716185	2.946632875
16	1	0.0255689285	7642.617268	0.0744310715	92357.38273	25082.2539	0.004510644636	0.0011317	2.849164859
16	0	0.1225471327	1403.343699	-0.02254713271	98596.6563	25435.72646	0.02385533286	0.0011317	2.979924039
16	1	0.0316914513	5928.873492	0.0683085487	94071.12651	25483.38287	0.005623505369	0.0011317	2.998915038
16	1	0.01117555683	21789.6665	0.08882444317	78210.3335	24730.44773	0.001626506703	0.0011317	2.734236357
16	1	0.03383753074	5621.666777	0.06616246926	94378.33322	24888.52025	0.006299262173	0.001133922825	2.73748797
16	1	0.02935939181	6503.039743	0.07064060819	93496.96026	25381.55315	0.005235366144	0.001133922825	2.903593977
16	0	0.118676818	1458.625191	-0.01867681802	98541.37481	25280.42143	0.0232619469	0.001131767877	2.918704729
16	1	0.0601349958	4861.997323	0.0398650042	95138.00268	89749.02683	0.006921015242	0.008238540903	2.956239698
16	1	0.0186213987	11079.60878	0.0813786013	88920.39122	25486.07911	0.003008529814	0.0011317	3
16	1	0.04767318271	3781.787925	0.05232681729	96218.21207	25466.90274	0.008828680468	0.0011317	2.992308105
16	1	0.01575548736	13697.42294	0.08424451264	86302.57706	25303.00543	0.002471563451	0.0011317	2.928818294
16	1	0.01759317777	11956.83419	0.08240682223	88043.16581	24998.32358	0.002902614571	0.0011317	2.820484421
16	1	0.03929141569	4737.94953	0.06070858431	95262.05047	24949.79222	0.00735343176	0.0011317	2.80427634
16	1	0.04039496884	5391.055335	0.05960503116	94608.94466	71756.82207	0.006278943268	0.002993042052	2.92933926
16	1	0.05241054245	3488.063345	0.04758945755	96511.93666	24854.76427	0.01010597379	0.001132518381	2.756029717
16	1	0.02732888725	7113.519048	0.07267111275	92886.48095	24895.1728	0.00491888857	0.0011317	2.78635284
16	1	0.02079586801	9705.566748	0.07920413199	90294.43325	25300.2091	0.003488920547	0.0011317	2.927768691
16	1	0.01197629939	26609.6068	0.08802370061	73390.3932	55110.26768	0.001332652151	0.001897783759	2.731939438
16	1	0.04578045354	4405.982618	0.05421954646	95594.01738	66431.63016	0.0075757826	0.002512644314	2.993626979
16	1	0.03889698044	6799.997744	0.06110301956	93200.00226	81823.48415	0.005211072494	0.004686275287	2.734888257
16	1	0.03260552632	5816.567246	0.06739447368	94183.43275	24990.50577	0.005975360685	0.001131854803	2.814415257
16	1	0.02570635077	7580.427473	0.07429364923	92419.57253	25169.76401	0.004515423013	0.0011317	2.879984471
16	1	0.0114186116	21142.37579	0.0885813884	78857.62421	24920.67252	0.001651680494	0.0011317	2.794679367
16	1	0.04187434911	6466.819002	0.05812565089	93533.181	83438.6638	0.005154517751	0.005091823707	3
16	1	0.02946012454	6677.717266	0.07053987546	93322.28273	24152.09493	0.00553879876	0.00113170002	2.571292661
16	1	0.01729915057	12288.71544	0.08270084943	87711.28456	24609.82196	0.002910629893	0.001131700007	2.697806948
16	1	0.01514016762	14513.22785	0.08485983238	85486.77215	24647.81814	0.002457427756	0.0011317	2.709130773
16	1	0.03903920852	5969.044972	0.06096079148	94030.95503	76031.49082	0.005754835335	0.003535254353	2.864491937
16	1	0.04858343249	3705.48412	0.05141656751	96294.51588	25465.40493	0.009011743435	0.001131702087	2.991654822
16	1	0.02705778762	7125.430702	0.07294221238	92874.5693	25316.30043	0.004751383299	0.001131910056	2.928605346
16	1	0.02506318833	7819.254212	0.07493681167	92180.74579	25101.85318	0.004404603976	0.001131820255	2.853209541
16	1	0.008063136708	36105.21026	0.09193686329	63894.78974	24822.46205	0.0009750381972	0.001131776705	2.761382241
16	1	0.03932419428	4676.720245	0.06067580572	95323.27976	27370.86428	0.007137216833	0.001161315948	2.993626979
16	1	0.01053683314	23720.44159	0.08946316686	76279.55841	24152.39831	0.001559268278	0.001131704546	2.571292661
16	0	0.1029401438	1932.284089	-0.002940143831	98067.71591	83992.10583	0.01727899568	0.005269212732	2.992345672
16	1	0.09604602561	1831.860046	0.003953974389	98168.13995	25018.89232	0.01891471623	0.0011317	2.82743588
16	0	0.1168199932	1471.798867	-0.01681999321	98528.20113	25485.78279	0.02264859855	0.0011317	2.999880705
16	1	0.02068782742	9798.011362	0.07931217258	90201.98864	25108.08275	0.003511036686	0.0011317	2.858161984
16	1	0.01165136374	46756.68297	0.08834863626	53243.31703	70866.03849	0.000825	0.002970178951	2.425385452
16	1	0.09078079086	2053.79677	0.009219209135	97946.20323	23550.98848	0.01876473744	0.0011317	2.428425844
16	1	0.008513469058	32891.59432	0.09148653094	67108.40568	24711.91231	0.001079042438	0.0011317	2.728546403
16	0	0.1195508431	1441.935496	-0.01955084307	98558.0645	25388.55926	0.02331002622	0.0011317	2.961467217
16	1	0.03428563586	5532.643132	0.06571436414	94467.35687	24780.26728	0.006381274108	0.0011317	2.749700948
16	0	0.1198608995	1457.671565	-0.01986089946	98542.32844	25011.7209	0.0237838104	0.0011317	2.825006595
16	1	0.01248172699	18676.43882	0.08751827301	81323.56118	25015.86966	0.001855679762	0.0011317	2.826411232
16	1	0.009471558739	28182.21584	0.09052844126	71817.78416	25379.81448	0.001193533122	0.0011317	2.958081597
16	1	0.01927995	10938.19078	0.08072005	89061.80922	23968.68689	0.003427118861	0.001131818963	2.523224727
16	1	0.04217102589	4753.822481	0.05782897411	95246.17752	62488.23371	0.007014761514	0.002248168734	2.998089267
16	1	0.01741285394	12057.80656	0.08258714606	87942.19344	25371.80957	0.002791481632	0.0011317	2.954992238
16	1	0.01622693223	13178.47031	0.08377306777	86821.52969	25512.97945	0.002529378034	0.001132108704	3
16	1	0.02910171045	6551.408362	0.07089828955	93448.59164	25499.1176	0.00514808959	0.001133998424	2.945785797
16	1	0.01606629933	13443.25609	0.08393370067	86556.74391	24741.40287	0.002634125955	0.0011317	2.737615457
16	1	0.02954884063	11869.90883	0.07045115937	88130.09117	82804.278	0.002808221514	0.004903975783	3
16	1	0.01724775789	12337.56483	0.08275224211	87662.43517	24593.77615	0.002902614571	0.0011317	2.693065838
16	1	0.02776902341	7270.612157	0.07223097659	92729.38784	23560.0012	0.005297498096	0.0011317	2.430402766
16	1	0.03044630463	6501.341285	0.06955369537	93498.65872	25220.9588	0.00578923907	0.001151655788	2.509075774
16	1	0.008770338867	31357.74074	0.09122966113	68642.25926	24724.73035	0.001130712432	0.0011317	2.732477607
16	1	0.01319516452	17331.50207	0.08680483548	82668.49793	25486.37706	0.001923280117	0.001131704525	3
16	1	0.02739201893	7079.481916	0.07260798107	92920.51808	28547.84458	0.004798741223	0.00118375905	2.91316223
16	0	0.1164075535	1489.932196	-0.0164075535	98510.0678	25238.14649	0.02284460988	0.0011317	2.904750168
16	1	0.03082515524	6229.818314	0.06917484476	93770.18169	24829.55673	0.005669081844	0.001132508483	2.748321197
16	0	0.1112840724	1565.768807	-0.01128407241	98434.23119	25148.05776	0.02189950871	0.0011317	2.872250088
16	1	0.03363222354	5658.514903	0.06636777646	94341.4851	24740.99026	0.006258241515	0.0011317	2.73748797
16	1	0.01798892299	11588.73916	0.08201107701	88411.26084	25279.05646	0.002927123469	0.0011317	2.919864146
16	1	0.03258805072	5757.809089	0.06741194928	94242.19091	26777.24963	0.00578923907	0.001151655788	3
16	1	0.05926056022	2994.784279	0.04073943978	97005.21572	25468.46532	0.01114738972	0.001131701583	2.992891064
16	1	0.00759786907	39420.35605	0.09240213093	60579.64395	24302.49503	0.0009281950639	0.0011317	2.610962729
16	1	0.03212398952	5883.826758	0.06787601048	94116.17324	25169.66974	0.005817489535	0.0011317	2.879950753
16	0	0.1182214526	1491.601103	-0.01822145264	98508.3989	24775.66163	0.02367783034	0.0011317	2.74826072
16	1	0.06730222628	2820.330171	0.03269777372	97179.66983	23392.63528	0.01380675291	0.0011317	2.394423501
16	1	0.04827919303	3730.569537	0.05172080697	96269.43046	25480.06397	0.008949820691	0.001131898446	2.992345672
16	0	0.117111808	1515.699218	-0.01711180803	98484.30078	24609.82152	0.02359828525	0.0011317	2.697806948
16	1	0.03474184106	11469.57405	0.06525815894	88530.42595	86892.44482	0.002927123469	0.006440741296	2.966756472
16	1	0.007559239349	41270.90205	0.09244076065	58729.09795	25375.62216	0.000825	0.001133847263	2.903242411
16	1	0.008177263521	35005.78216	0.09182273648	64994.21784	24935.57162	0.001095049512	0.001151355315	2.446330078
