#gen	Feasible	f1	f2	c1	c2	c3	x1	x2	x3
48	1	0.03575069687	5182.275965	0.06424930313	94817.72404	25471.90689	0.006440005862	0.0011317	2.994309818
48	1	0.03719224931	4960.458545	0.06280775069	95039.54146	25468.75152	0.006729803469	0.0011317	2.993047184
48	1	0.008342258616	34414.12965	0.09165774138	65585.87035	25113.97813	0.0009991459006	0.0011317	2.860227092
48	1	0.01547824212	14024.71186	0.08452175788	85975.28814	25772.2	0.002382783233	0.001136512835	2.988170361
48	1	0.01830293036	11406.55976	0.08169706964	88593.44024	24899.87251	0.003066453571	0.0011317	2.787882076
48	1	0.03659589063	5067.220085	0.06340410937	94932.77991	25335.41959	0.006662893302	0.0011317	2.941065047
48	1	0.01646677688	13065.42364	0.08353322312	86934.57636	24599.15483	0.002739803065	0.0011317	2.694652465
48	1	0.008291190781	35099.44453	0.09170880922	64900.55547	25335.07579	0.0009619331866	0.0011317	2.940934372
48	1	0.08230111321	2124.843762	0.01769888679	97875.15624	25374.67157	0.01583693741	0.0011317	2.956095705
48	1	0.01957691479	10459.12282	0.08042308521	89540.87718	25184.89126	0.003268578065	0.0011317	2.885410377
48	1	0.04533096861	5922.75424	0.05466903139	94077.24576	84487.92376	0.005628012236	0.005436242251	3
48	1	0.02754450289	6955.896322	0.07245549711	93044.10368	25474.88024	0.004796705004	0.0011317	2.995501033
48	1	0.007710755878	39739.64314	0.09228924412	60260.35686	25238.40243	0.0008564797538	0.0011317	2.904844021
48	1	0.03644765321	5070.656409	0.06355234679	94929.34359	25486.01772	0.006573805518	0.0011317	2.999975286
48	1	0.007372623454	42408.4517	0.09262737655	57591.5483	24896.49498	0.000825	0.0011317	2.786782821
48	1	0.0333837941	5616.487935	0.0666162059	94383.51206	25304.67374	0.00602677965	0.0011317	2.929445014
48	1	0.008179196339	35426.64513	0.09182080366	64573.35487	24984.59022	0.0009807328448	0.0011317	2.81587045
48	1	0.007934434527	37669.14839	0.09206556547	62330.85161	25196.17883	0.0009067051259	0.0011317	2.889478371
48	1	0.01480535187	14845.50518	0.08519464813	85154.49482	25468.63926	0.002248709742	0.0011317	2.993002291
48	1	0.00795691914	37381.99929	0.09204308086	62618.00071	25137.9797	0.0009180283212	0.0011317	2.86867943
48	1	0.008840688856	31644.55691	0.09115931114	68355.44309	25464.98005	0.001055274496	0.0011317	2.991540037
48	1	0.0164001736	13003.55018	0.0835998264	86996.44982	25412.07871	0.002579651826	0.0011317	2.970628983
48	1	0.009617901607	27201.81287	0.09038209839	72798.18713	24862.21632	0.001289660685	0.0011317	2.775696749
48	1	0.009185994257	29419.22467	0.09081400574	70580.77533	25176.73889	0.001162821358	0.0011317	2.882482582
48	1	0.02136207783	9373.31693	0.07863792217	90626.68307	25476.14986	0.003559225705	0.0011317	2.996010098
48	1	0.0410394274	4887.006885	0.0589605726	95112.99311	61549.86596	0.006820807524	0.002193162817	3
48	1	0.007202928888	43601.36025	0.09279707111	56398.63975	24534.36503	0.000825	0.0011317	2.675717526
48	1	0.01242247794	18845.74705	0.08757752206	81154.25295	25486.07911	0.001768745661	0.0011317	3
48	1	0.01658624805	12834.04913	0.08341375195	87165.95087	25244.83265	0.002650613685	0.0011317	2.90720486
48	1	0.0384548008	4778.828482	0.0615451992	95221.17152	25486.07911	0.006975210234	0.0011317	3
48	1	0.04008301048	4569.824356	0.05991698952	95430.17564	25451.07982	0.00731612574	0.0011317	2.986004204
48	1	0.01631762025	13099.83849	0.08368237975	86900.16151	25270.53892	0.002591306191	0.0011317	2.916698622
48	1	0.03656612688	5057.476152	0.06343387312	94942.52385	25785.82857	0.006603049824	0.001136598379	2.991390135
48	1	0.04017511945	4573.065287	0.05982488055	95426.93471	25330.80572	0.007385727197	0.0011317	2.939312775
48	1	0.01397319052	16031.02263	0.08602680948	83968.97737	25424.6672	0.002090245095	0.0011317	2.975566574
48	1	0.01104339644	22325.61552	0.08895660356	77674.38448	25481.98278	0.001493578501	0.0011317	2.998352094
48	1	0.02705911399	7101.018288	0.07294088601	92898.98171	25465.02061	0.004702646372	0.0011317	2.991556236
48	1	0.04591712057	4444.533577	0.05408287943	95555.46642	68320.76186	0.007500055736	0.00266192533	2.999871164
48	1	0.007680107532	39915.66948	0.09231989247	60084.33052	25184.71167	0.0008564797538	0.0011317	2.88534579
48	1	0.08258339036	2299.997436	0.01741660964	97700.00256	72921.76891	0.01468543733	0.003120718957	2.939171324
48	1	0.009594947431	27808.623	0.09040505257	72191.377	25996.32475	0.001199837603	0.001139676581	2.995438136
48	1	0.0314867409	5990.550175	0.0685132591	94009.44983	25351.04064	0.005628544517	0.0011317	2.947020206
48	1	0.01445300218	16779.1956	0.08554699782	83220.8044	41189.15482	0.0020128639	0.001436855006	2.939470331
48	1	0.01819300439	11404.39039	0.08180699561	88595.60961	25486.07911	0.002922850953	0.0011317	3
48	1	0.0102424724	24785.9199	0.0897575276	75214.0801	25027.62859	0.001396958153	0.0011317	2.830403423
48	1	0.007666014645	39931.48471	0.09233398536	60068.51529	25126.57212	0.0008602132672	0.0011317	2.864653171
48	1	0.01999001226	10155.62729	0.08000998774	89844.37271	25486.07911	0.003282252526	0.0011317	3
48	1	0.05420470002	3299.1501	0.04579529998	96700.8499	25413.54193	0.01016639552	0.0011317	2.971201683
48	1	0.01921576372	10712.45207	0.08078423628	89287.54793	25102.64854	0.003212740278	0.0011317	2.856262228
48	1	0.07907673214	2207.593788	0.02092326786	97792.40621	25485.66273	0.01509993623	0.0011317	2.999832374
48	1	0.03139052554	12370.84982	0.06860947446	87629.15018	85345.22768	0.002741731502	0.005770136622	2.920408094
48	1	0.0659378625	2715.11409	0.0340621375	97284.88591	25003.74731	0.01277701995	0.0011317	2.822312643
48	1	0.07646260544	2307.632592	0.02353739456	97692.36741	25209.07417	0.01478511893	0.0011317	2.894146164
48	1	0.07836338839	2239.918819	0.02163661161	97760.08118	25330.43292	0.01507932695	0.0011317	2.939171324
48	1	0.007619942837	40875.59081	0.09238005716	59124.40919	25349.52966	0.000825	0.0011317	2.946442656
48	1	0.007952925679	37403.45266	0.09204707432	62596.54734	25130.92871	0.0009180283212	0.0011317	2.86618888
48	1	0.00736345341	42469.75451	0.09263654659	57530.24549	24878.08818	0.000825	0.0011317	2.780814023
48	1	0.007239246991	43335.25502	0.09276075301	56664.74498	24615.86487	0.000825	0.0011317	2.699598885
48	1	0.01146389991	21052.71435	0.08853610009	78947.28565	25169.38321	0.001625913993	0.0011317	2.879848265
48	1	0.02028422406	10020.70441	0.07971577594	89979.29559	25177.70581	0.003413591768	0.0011317	2.882829387
48	1	0.02219547402	8973.606495	0.07780452598	91026.3935	25335.07579	0.003762514051	0.0011317	2.940934372
48	1	0.01915806733	10723.79124	0.08084193267	89276.20876	25279.36916	0.003163133954	0.0011317	2.919980548
48	1	0.07303104967	2419.03706	0.02696895033	97580.96294	25238.98631	0.01406946497	0.0011317	2.905058162
48	1	0.07451758058	2384.058427	0.02548241942	97615.94157	25046.4228	0.01450163316	0.0011317	2.836818072
48	1	0.0371294794	4997.71276	0.0628705206	95002.28724	25253.85726	0.006801651199	0.0011317	2.910527603
48	1	0.007262383234	43168.90437	0.09273761677	56831.09563	24666.604	0.000825	0.0011317	2.714780172
48	1	0.08705561426	2194.855842	0.01294438574	97805.14416	75745.94696	0.01528248218	0.003480261232	2.970874495
48	1	0.01650680196	12891.86201	0.08349319804	87108.13799	25486.07911	0.002585610466	0.0011317	3
48	1	0.07705956389	2279.488553	0.02294043611	97720.51145	25332.28618	0.01481526223	0.0011317	2.939874699
48	1	0.009647088842	27097.09657	0.09035291116	72902.90343	24916.38254	0.001289151436	0.0011317	2.793273519
48	1	0.07297391714	2485.399132	0.02702608286	97514.60087	24498.9752	0.01451119419	0.0011317	2.665535166
48	1	0.05855121282	3141.236249	0.04144878718	96858.76375	51323.61731	0.01062135161	0.001732659567	2.995670319
48	1	0.02477949922	16583.99818	0.07522050078	83416.00182	82209.86295	0.002048693591	0.004754505933	2.912777896
48	1	0.01118980185	21750.29761	0.08881019815	78249.70239	24725.70509	0.001630043757	0.0011317	2.732777221
48	1	0.01581547207	13656.56062	0.08418452793	86343.43938	25070.23679	0.002526739034	0.0011317	2.845006678
48	1	0.008048521977	36632.62289	0.09195147802	63367.37711	25133.69346	0.0009371348481	0.0011317	2.8671647
48	1	0.01529278491	14246.79861	0.08470721509	85753.20139	25772.2	0.002345639128	0.001136512835	2.988170361
48	1	0.01425016366	15617.30562	0.08574983634	84382.69438	25468.52006	0.00213760131	0.0011317	2.992954628
48	1	0.02905706295	6554.157526	0.07094293705	93445.84247	25395.12788	0.005125429931	0.0011317	2.964017712
48	1	0.008660745212	32631.50658	0.09133925479	67368.49342	25374.29989	0.001031275502	0.0011317	2.955952331
48	1	0.008687292099	32195.92973	0.0913127079	67804.07027	25152.45471	0.001064646158	0.0011317	2.873811958
48	1	0.01079247626	22977.01513	0.08920752374	77022.98487	25166.47801	0.001490099389	0.0011317	2.878809734
48	1	0.0261277362	7435.173719	0.0738722638	92564.82628	25196.17883	0.004593680151	0.0011317	2.889478371
48	1	0.02046384349	9935.221573	0.07953615651	90064.77843	25061.17224	0.003475691628	0.0011317	2.841881726
48	1	0.02778990075	11152.70375	0.07221009925	88847.29625	79461.37023	0.003034402294	0.004115643574	2.930448659
48	1	0.04196926415	4887.006885	0.05803073585	95112.99311	66095.48809	0.006820807524	0.002487203016	3
48	1	0.04001763245	4573.868729	0.05998236755	95426.13127	25486.07911	0.007287776565	0.0011317	3
48	1	0.00816484267	35712.01918	0.09183515733	64287.98082	25120.09189	0.0009623561089	0.0011317	2.862373263
48	1	0.02381520114	8257.842885	0.07618479886	91742.15712	25333.48397	0.004089182755	0.0011317	2.940329562
48	1	0.01534597886	16828.73964	0.08465402114	83171.26036	51300.5813	0.002010952132	0.001735743093	2.930448659
48	1	0.01707959672	12363.31804	0.08292040328	87636.68196	25287.83449	0.002741731502	0.0011317	2.923136906
48	1	0.007870581827	38205.97523	0.09212941817	61794.02477	25191.53354	0.0008943061328	0.0011317	2.887802218
48	1	0.01726401402	36690.73199	0.08273598598	63309.26801	79704.81722	0.0009369288116	0.004175631852	2.861249916
48	1	0.01629551157	13118.92792	0.08370448843	86881.07208	25306.12733	0.002579877489	0.0011317	2.92999139
48	1	0.02011754477	10077.74333	0.07988245523	89922.25667	25482.38467	0.003308668223	0.0011317	2.998513651
48	1	0.01143654387	21115.21637	0.08856345613	78884.78363	25110.79509	0.001628854448	0.0011317	2.859111561
48	1	0.008038700655	36686.84913	0.09196129934	63313.15087	25118.19742	0.0009369288116	0.0011317	2.861707731
48	1	0.0257128481	7540.020266	0.0742871519	92459.97973	25413.54193	0.004448325549	0.0011317	2.971201683
48	1	0.01042472609	24248.41387	0.08957527391	75751.58613	25308.9705	0.001395439303	0.0011317	2.931060938
48	1	0.02428124653	8153.45139	0.07571875347	91846.54861	24873.82888	0.004298700033	0.0011317	2.779438103
