#gen	Feasible	f1	f2	c1	c2	c3	x1	x2	x3
24	1	0.04307159116	4305.321104	0.05692840884	95694.6789	24814.4687	0.008178689568	0.0011317	2.760464628
24	1	0.01815338996	11482.44539	0.08184661004	88517.55461	25119.13472	0.002993295375	0.0011317	2.862036951
24	1	0.03920988355	4738.815999	0.06079011645	95261.184	25019.04695	0.007311675404	0.0011317	2.827488326
24	1	0.05962660791	3053.684926	0.04037339209	96946.31507	24680.7909	0.01165016811	0.001131700263	2.719063793
24	1	0.01041126408	24238.27443	0.08958873592	75761.72557	25174.93492	0.001411583815	0.0011317	2.881835875
24	1	0.009214181402	29468.2544	0.0907858186	70531.7456	25388.68993	0.001140589928	0.001131700061	2.961516329
24	1	0.01515034908	14411.92081	0.08484965092	85588.07919	25259.68362	0.002357512772	0.0011317	2.912678645
24	1	0.05803043937	3370.688553	0.04196956063	96629.31145	68584.2596	0.00997188886	0.002687760856	2.961388457
24	1	0.009132864903	29606.36518	0.0908671351	70393.63482	25063.62847	0.001166132311	0.0011317	2.842727516
24	1	0.04056852401	4508.242603	0.05943147599	95491.7574	25464.81908	0.007407355133	0.0011317	2.991475763
24	1	0.04987150817	3700.509271	0.05012849183	96299.49073	38666.45001	0.009288005563	0.001381669172	2.862036951
24	1	0.07745869253	2298.011548	0.02254130747	97701.98845	24939.67004	0.01517316362	0.0011317	2.800929597
24	1	0.02663951148	7351.925322	0.07336048852	92648.07468	24750.14177	0.004813356356	0.0011317	2.740319607
24	1	0.07347134934	2661.58879	0.02652865066	97338.41121	71922.46313	0.01338097646	0.003036410726	2.714745563
24	1	0.009068424565	30189.35501	0.09093157543	69810.64499	25337.57898	0.001118150096	0.0011317	2.941886187
24	1	0.01474267398	15015.40911	0.08525732602	84984.59089	24650.70127	0.002374720958	0.0011317	2.709995608
24	1	0.03496265426	5336.139779	0.06503734574	94663.86022	26107.31314	0.006325325305	0.001143470391	2.942344238
24	1	0.007375040858	42223.62758	0.09262495914	57776.37242	24810.79585	0.0008341757861	0.0011317	2.759302901
24	0	0.1030063164	1703.798761	-0.003006316423	98296.20124	40406.33919	0.01992343705	0.001419131895	2.916720369
24	1	0.01428177879	15570.48491	0.08571822121	84429.51509	25446.50635	0.002148068504	0.0011317	2.98418928
24	1	0.01884213426	25567.98495	0.08115786574	74432.01505	78365.41774	0.001303960928	0.00389792147	2.999111554
24	1	0.00915544868	29771.91058	0.09084455132	70228.08942	25384.56054	0.001129353892	0.001131700545	2.959903782
24	1	0.03439876208	5590.387303	0.06560123792	94409.6127	24331.79436	0.006531225519	0.0011317	2.618897163
24	1	0.02428783099	9022.566633	0.07571216901	90977.43337	53029.06542	0.003904820956	0.001811664784	2.758195835
24	1	0.0143561907	15537.82445	0.0856438093	84462.17555	24655.94721	0.0022939638	0.0011317	2.711571231
24	1	0.0266117035	7330.694559	0.0733882965	92669.30544	24906.64018	0.004768862117	0.0011317	2.790088462
24	1	0.03142583023	6038.616454	0.06857416977	93961.38355	25122.19408	0.005691766248	0.00113174647	2.862031585
24	1	0.009398091884	28201.9134	0.09060190812	71798.0866	24891.08861	0.001241115561	0.0011317	2.785025857
24	1	0.044126663	4211.908607	0.055873337	95788.09139	24783.74897	0.008442159439	0.001133147627	2.721114876
24	1	0.02457748362	8052.753785	0.07542251638	91947.24621	24807.92102	0.004374874463	0.0011317	2.758394576
24	1	0.04230643363	4465.797743	0.05769356637	95534.20226	34405.82612	0.007971747683	0.001299641357	2.716354821
24	1	0.04859044277	3712.866695	0.05140955723	96287.13331	25390.97673	0.009051442777	0.001131711308	2.962115823
24	1	0.007031397925	44946.6241	0.09296860208	55053.3759	24116.10119	0.000825	0.0011317	2.562053146
24	1	0.02271197412	8844.337879	0.07728802588	91155.66212	24727.32753	0.004008160404	0.0011317	2.733276127
24	1	0.07840297801	2939.30188	0.02159702199	97060.69812	87719.33008	0.01149106529	0.006880996434	2.939272954
24	1	0.06628721323	2658.546951	0.03371278677	97341.45305	25476.96359	0.01254799831	0.001131700107	2.996333673
24	1	0.01302380465	17643.88389	0.08697619535	82356.11611	24782.83026	0.002000597962	0.0011317	2.750503369
24	1	0.009100161033	30058.00989	0.09089983897	69941.99011	25375.60441	0.001119447637	0.0011317	2.956455625
24	1	0.05280158551	3395.558408	0.04719841449	96604.44159	25389.46909	0.009897926502	0.001131700107	2.961817371
24	1	0.01136073714	21310.84445	0.08863926286	78689.15555	25069.73394	0.001619267754	0.0011317	2.844833064
24	1	0.02940461482	6483.333307	0.07059538518	93516.66669	25278.21857	0.005232498889	0.001131700001	2.919552277
24	1	0.007828394056	38442.90831	0.09217160594	61557.09169	25119.13472	0.0008940621874	0.0011317	2.862036951
24	1	0.01129566526	21463.75202	0.08870433474	78536.24798	24649.95821	0.001661378573	0.0011317	2.70977264
24	1	0.0385581334	4931.799055	0.0614418666	95068.20094	24340.72564	0.007398591825	0.0011317	2.621329616
24	1	0.03093520427	6092.407399	0.06906479573	93907.5926	25486.07911	0.005471290929	0.0011317	3
24	1	0.03694862416	5113.278467	0.06305137584	94886.72153	24663.288	0.006966849891	0.001131700638	2.713767707
24	1	0.07130353038	2473.256222	0.02869646962	97526.74378	25329.6202	0.01365761013	0.0011317	2.938863021
24	1	0.06174564665	2874.694152	0.03825435335	97125.30585	25379.53245	0.0117011437	0.0011317	2.957972594
24	1	0.07633322816	2361.876258	0.02366677184	97638.12374	24605.39917	0.01514890498	0.0011317	2.696497827
24	1	0.03704832377	5161.57354	0.06295167623	94838.42646	24282.44672	0.007099166304	0.0011317	2.605573143
24	1	0.0539730138	3353.466038	0.0460269862	96646.53396	25040.07691	0.01031586547	0.001131719296	2.834210869
24	1	0.008998462012	30408.88156	0.09100153799	69591.11844	25170.98693	0.001125507111	0.0011317	2.880422016
24	1	0.00831838165	33986.69665	0.09168161835	66013.30335	24450.22363	0.001065023313	0.0011317	2.651689196
24	1	0.03294810674	6110.829745	0.06705189326	93889.17026	50343.77585	0.005704133662	0.001710585427	2.802261053
24	1	0.01555823802	13953.78418	0.08444176198	86046.21582	25016.66606	0.00248417598	0.001131745606	2.825657551
24	1	0.04307328427	4305.137727	0.05692671573	95694.86227	24814.4687	0.008179037939	0.0011317	2.760464628
24	1	0.01859473607	24667.62578	0.08140526393	75332.37422	78100.11043	0.001391977996	0.003868926815	2.8662693
24	1	0.01436763443	16752.95476	0.08563236557	83247.04524	39745.27871	0.002119687441	0.001414191186	2.726340309
24	1	0.02271241803	8852.644467	0.07728758197	91147.35553	24687.62886	0.004016579511	0.001131700002	2.721143267
24	1	0.009878830094	26035.90173	0.09012116991	73964.09827	24431.90464	0.001392137956	0.0011317	2.646539621
24	0	0.1011083189	1739.394133	-0.001108318946	98260.60587	24980.38978	0.01998150054	0.001131700091	2.814461558
24	1	0.01418933113	30024.80248	0.08581066887	69975.19752	69373.45554	0.001119447637	0.002757007872	2.961516329
24	1	0.01416574852	15747.67208	0.08583425148	84252.32792	25121.26752	0.002182189148	0.0011317	2.862786491
24	1	0.01095543416	24433.98058	0.08904456584	75566.01942	35499.46213	0.001364220342	0.001307390714	3
24	1	0.01056200738	23718.75392	0.08943799262	76281.24608	25158.35597	0.001444458981	0.001131700006	2.875911903
24	1	0.01275061092	18141.98539	0.08724938908	81858.01461	24954.93934	0.001919648276	0.00113170134	2.805953118
24	1	0.008782932056	31329.56343	0.09121706794	68670.43657	24796.26159	0.001125507111	0.0011317	2.7547195
24	1	0.01387614325	18312.94897	0.08612385675	81687.05103	44656.53156	0.001871708066	0.001530526625	2.873910931
24	1	0.01121464785	21684.21681	0.08878535215	78315.78319	24812.21218	0.001624133145	0.0011317	2.75975072
24	1	0.04637361761	5118.036916	0.05362638239	94881.96308	80658.87981	0.006923834067	0.00440412125	2.734757206
24	1	0.04563478807	4122.131322	0.05436521193	95877.86868	24254.98844	0.008906916177	0.0011317	2.59824312
24	1	0.02000487795	10294.25537	0.07999512205	89705.74463	24650.28719	0.003463932178	0.001131700416	2.70986303
24	1	0.03592818762	5152.100688	0.06407181238	94847.89931	25485.85735	0.006469976084	0.0011317	2.99991072
24	1	0.04106688254	4533.989741	0.05893311746	95466.01026	24814.4687	0.007766203015	0.0011317	2.760464628
24	1	0.02919686268	6598.028579	0.07080313732	93401.97142	24964.24669	0.005298411663	0.00113256883	2.790088462
24	1	0.01257442854	18527.41391	0.08742557146	81472.58609	25486.07911	0.001799135783	0.0011317	3
24	1	0.02647980282	8519.757235	0.07352019718	91480.24276	61450.31531	0.003920071332	0.0021881634	2.990930817
24	1	0.0159156388	15489.95093	0.0840843612	84510.04907	48613.15924	0.002302172242	0.001659454216	2.70964877
24	1	0.03799552786	8774.456713	0.06200447214	91225.54329	86497.56209	0.004016579511	0.006302600537	2.756834063
24	1	0.04934630307	3645.936448	0.05065369693	96354.06355	25444.01629	0.009175578558	0.0011317	2.983202475
24	1	0.01759601856	23980.72844	0.08240398144	76019.27156	75251.14396	0.001407892295	0.003414213569	2.941073633
24	1	0.01690765151	12573.2052	0.08309234849	87426.7948	24940.32874	0.002773062916	0.0011317	2.801147037
24	1	0.05560818049	4325.527786	0.04439181951	95674.47221	84425.0341	0.00779850092	0.005424476548	2.945059209
24	1	0.04982695124	3939.93732	0.05017304876	96060.06268	64563.01113	0.00846037148	0.002379643614	3
24	1	0.04992402725	3602.457941	0.05007597275	96397.54206	25425.19251	0.009301229809	0.001131700107	2.975770358
24	1	0.03850524593	5063.817939	0.06149475407	94936.18206	51414.56875	0.006667445815	0.001739164546	2.941013385
24	1	0.0332659794	5661.324919	0.0667340206	94338.67508	25150.97833	0.006055481007	0.001131703482	2.873205427
24	1	0.008799955601	31296.42904	0.0912000444	68703.57096	24891.08861	0.001118397039	0.0011317	2.785025857
24	1	0.01455622666	15392.9197	0.08544377334	84607.0803	24112.55299	0.002409566499	0.0011317	2.561147446
24	1	0.01289335789	17870.02931	0.08710664211	82129.97069	24954.5508	0.001948908841	0.0011317	2.805853686
24	1	0.01139528912	21225.86003	0.08860471088	78774.13997	25119.13472	0.001619267754	0.0011317	2.862036951
24	1	0.01094703237	22443.75079	0.08905296763	77556.24921	24750.49638	0.001580195717	0.00113213691	2.731468517
24	1	0.03786113805	4875.153734	0.06213886195	95124.84627	25377.48151	0.006901053832	0.001131703536	2.957090231
24	1	0.01744398907	12096.19134	0.08255601093	87903.80866	24929.62011	0.002884863151	0.001131700287	2.797611865
24	1	0.0126500765	18337.26561	0.0873499235	81662.73439	25136.44987	0.001871708066	0.0011317	2.868138533
24	0	0.1011697607	1719.944636	-0.001169760685	98280.05536	25277.77484	0.01972463831	0.0011317	2.919387199
24	1	0.007220974403	43468.3698	0.0927790256	56531.6302	24575.14727	0.000825	0.0011317	2.687591327
24	1	0.02249623313	8965.500516	0.07750376687	91034.49948	25590.31233	0.00395915193	0.001145083989	2.728056181
24	1	0.09668915428	1917.946504	0.003310845722	98082.0535	23635.62414	0.01998150054	0.0011317	2.447173575
24	1	0.04288422604	4240.333567	0.05711577396	95759.66643	25485.70345	0.007861270421	0.0011317	2.999848766
