#gen	Feasible	f1	f2	f3	f4	f5	c1	c2	c3	c4	c5	c6	c7	x1	x2	x3
55	1	65578.88951	1133.277955	749952.4869	3442183.206	2735.088509	0.8905964597	1.056959077	44215.3123	16404.932	10410.86252	2119.32326	581.6502967	0.3777593183	0.02628213225	0.01
55	1	64853.69945	2426.201998	556161.4999	4508952.044	1439.557037	0.9424177185	1.06836721	44674.13549	16483.14855	10490.57033	2119.320827	587.7644596	0.8087339992	0.01949071487	0.01
55	1	69025.31434	1660.738835	1670933.216	954222.6663	306.9851849	0.9877205926	1.078340361	45075.24518	16551.52656	10560.25202	2119.313882	593.1095469	0.5535796115	0.05855796005	0.01
55	1	66720.0449	244.5966898	1014154.145	2416207.292	11403.43932	0.5438624272	0.9806355691	41137.24795	15880.74543	9877.133666	2116.868273	540.6717256	0.08153222994	0.03554109603	0.01142797614
55	1	64377.8191	3148.363962	428993.0149	5382837.816	1437.490601	0.942500376	1.068385407	44674.86733	16483.27331	10490.69747	2119.320821	587.774212	1.049454654	0.01503408729	0.01
55	1	65543.35368	1440.457065	631526.4812	4215933.435	2976.527613	0.8809388955	1.05485406	44108.16085	16388.10255	10394.91985	2112.752139	580.3265323	0.480152355	0.0221318854	0.01381745327
55	1	64174.46521	482.1582133	374651.1883	5806140.804	15702.68434	0.3718926266	0.9427695998	39622.73095	15622.02507	9613.028859	2119.32652	520.4507077	0.1607194044	0.01312967454	0.01
55	1	67958.48926	150.4376827	1321701.311	1587073.27	14473.58344	0.4210566625	0.95360515	40045.28162	15694.90431	9688.00876	2115.457006	526.1428198	0.05014589422	0.04631910587	0.01224801898
55	0	67523.5585	86.51328573	942370.9216	2949387.95	37138.90075	-0.48555603	0.7540707222	31965.89444	14321.06486	8290.892907	2099.58666	418.7303901	0.02883776191	0.03302544843	0.0214685424
55	1	68301.20142	323.6953466	1179284.211	2099018.108	8318.208143	0.6672716743	1.007853071	42178.76427	16061.69019	10064.38193	2101.340886	554.7967185	0.1078984489	0.04132808962	0.02044854045
55	1	68357.34712	270.2677272	748592.5642	4464124.765	17157.51386	0.3136994456	0.930102382	38959.69369	15518.80759	9516.090053	2074.456674	512.3261604	0.09008924239	0.02623447367	0.03606796184
55	1	64168.59264	1318.195906	373081.8764	5818847.587	5283.742633	0.7886502947	1.034516252	43312.68535	16251.0593	10254.05612	2119.325004	569.6221161	0.4393986354	0.01307467791	0.01
55	1	64783.94138	719.8841845	424906.885	5629263.474	9447.469592	0.6221012163	0.9978732393	41815.69133	15997.34907	9996.757188	2112.532887	549.781178	0.2399613948	0.01489088861	0.01394654082
55	1	63840.2774	1988.301717	285346.8965	6575303.126	4478.168031	0.8208732788	1.041609945	43597.98626	16299.69515	10303.61924	2119.324636	573.4239645	0.6627672391	0.01	0.01
55	1	65410.35746	1793.456841	570769.586	4628610.365	2721.606972	0.8911357211	1.057103699	44193.4327	16402.97164	10410.352	2111.230477	581.4869442	0.5978189471	0.02000265617	0.01470117059
55	1	64168.59264	1352.131329	373081.8764	5818847.587	5131.932942	0.7947226823	1.035853051	43366.45001	16260.22468	10263.39624	2119.324943	570.3385704	0.450710443	0.01307467791	0.01
55	1	71484.16955	448.4285303	2256576.636	432617.6774	2483.878374	0.900644865	1.059184967	44290.08744	16418.62131	10425.60475	2115.013622	582.7150014	0.1494761768	0.07908187066	0.01250331069
55	1	64641.49813	265.817591	499455.396	4879577.831	21641.23	0.1343508001	0.8904762193	37519.54587	15263.49071	9247.65877	2119.326753	492.4241901	0.08860586368	0.01750344588	0.01
55	1	65286.38612	547.5516776	513649.1776	5053856.615	10496.31097	0.5801475612	0.9886461908	41435.18991	15933.08471	9931.772289	2109.786867	544.7542215	0.1825172259	0.01800086785	0.01554196519
55	1	64636.25855	2422.669761	399738.6754	5801281.036	2732.220714	0.8907111714	1.057003317	44196.79297	16403.07185	10410.05689	2113.392064	581.4974781	0.807556587	0.01400886711	0.01344551004
55	1	66016.43716	2507.173755	866877.4097	2924795.844	603.6963166	0.9758521473	1.075727595	44970.16248	16533.61289	10541.99681	2119.316813	591.7092411	0.8357245849	0.03037977355	0.01
55	1	67443.72862	1894.609878	1127010.791	2123201.966	1153.063082	0.9538774767	1.070913428	44751.50226	16497.93719	10506.98548	2112.001268	588.911341	0.6315366259	0.0394961643	0.01425021832
55	1	65596.27205	942.7805179	598713.6266	4485595.361	5179.783469	0.7928086612	1.035461796	43318.53003	16254.11189	10258.89512	2109.92147	569.8489857	0.3142601726	0.02098195684	0.01546296323
55	1	66464.69331	217.9903155	640383.3349	4521668.157	22043.16305	0.118273478	0.887003771	37308.39381	15232.06291	9219.470802	2098.438497	489.941386	0.07266343851	0.02244227439	0.02213542569
55	1	67131.40459	806.7641977	1109717.201	2125610.874	2796.215638	0.8881513745	1.056431449	44182.71344	16400.10176	10406.55117	2115.998678	581.268564	0.2689213992	0.03889010935	0.01193135332
55	1	67257.08941	964.2518178	1016396.798	2529668.471	3058.040383	0.8776783847	1.054150394	44064.7703	16381.66975	10389.1747	2108.34303	579.8181737	0.3214172726	0.03561968995	0.0163788132
55	1	66061.03083	592.166401	871376.7194	2914010.707	5032.10535	0.798715786	1.036733541	43400.33099	16266.09828	10269.46406	2118.877459	570.7971489	0.1973888003	0.03053745214	0.01025994188
55	1	66634.21326	1109.968475	966163.6894	2605811.379	2293.670967	0.9082531613	1.060858799	44358.56972	16430.22136	10437.36354	2115.352968	583.6221977	0.3699894918	0.03385926748	0.01230598982
55	1	66619.89552	964.2518178	1028138.295	2336330.683	2235.593852	0.9105762459	1.061357504	44392.21246	16435.08854	10441.59402	2119.322571	584.007624	0.3214172726	0.03603117146	0.01
55	1	65712.04973	413.4515648	505763.1053	5329930.186	14671.70202	0.4131319193	0.9519022095	39932.27234	15678.48368	9673.665601	2102.449978	524.8429704	0.1378171883	0.01772449995	0.01980468011
55	1	64892.39742	3110.78104	564632.1949	4458951.695	936.7084019	0.9625316639	1.072795533	44851.85184	16513.4689	10521.4895	2119.206013	590.1344509	1.036927013	0.01978757091	0.01006555116
55	1	66564.06719	932.4232933	746750.4613	3792467.439	4660.583821	0.8135766472	1.040055098	43480.43622	16283.17109	10289.73435	2103.250157	572.112198	0.3108077644	0.02616991705	0.01933842118
55	1	66899.52471	1802.920271	971133.0353	2647711.007	1504.13821	0.9398344716	1.067823964	44625.08948	16476.5252	10485.28113	2111.3727	587.2367847	0.6009734237	0.03403341852	0.01461648508
55	1	64816.87187	265.817591	506137.9214	4902232.628	21519.31244	0.1392275025	0.8915575558	37554.73999	15270.02036	9254.758393	2116.902886	492.9315819	0.08860586368	0.01773763541	0.01140818861
55	1	64963.00464	286.0322547	570641.9717	4441548.209	17523.87191	0.2990451237	0.9267355121	38974.81574	15511.7679	9500.832841	2118.438132	511.830829	0.09534408489	0.01999818392	0.01051617599
55	1	64976.64993	1547.391941	430932.1375	5670977.295	4380.282796	0.8247886882	1.042502429	43601.24244	16302.3355	10308.06255	2109.788192	573.6184443	0.5157973137	0.01510204396	0.01554010434
55	1	65974.48035	283.1828655	854393.5414	2977418.008	11535.38443	0.5385846227	0.979466069	41098.36198	15873.59575	9869.410031	2119.249502	540.1158129	0.09439428851	0.02994227559	0.0100445717
55	1	66050.25605	1020.381456	875914.7606	2888205.222	2563.318009	0.8974672796	1.058471646	44276.14624	16415.30249	10421.43074	2119.323046	582.4609546	0.3401271519	0.03069648808	0.01
55	1	70516.09689	4184.558057	2049100.603	567423.8112	-330.5988306	1.013223953	1.083958673	45297.03496	16589.60213	10599.2776	2118.066455	596.0843788	1.394852686	0.07181085998	0.01070830427
55	1	66738.0659	434.1256817	849094.2293	3225448.596	8216.668037	0.6713332785	1.008730305	42232.11597	16069.63067	10071.50347	2106.620505	555.4240201	0.1447085606	0.02975656086	0.01738127822
55	0	63924.79354	238.1052846	307931.9624	6371651.838	39806.90623	-0.5922762491	0.7305137178	31086.02134	14166.75435	8130.012272	2119.327043	406.6926533	0.07936842819	0.01079149506	0.01
55	1	66618.49207	953.6058678	781194.4531	3589922.681	4295.366686	0.8281853326	1.043267268	43613.73494	16305.6323	10312.40318	2104.45033	573.869484	0.3178686226	0.02737700892	0.01864101918
55	1	69427.25764	2219.585635	1777332.84	823059.6551	-6.560497091	1.00026242	1.081101562	45186.08913	16570.43569	10579.53288	2119.247209	594.5875917	0.7398618783	0.06228674157	0.01003542441
55	1	64336.87463	647.6618551	411548.6137	5527704.535	10423.54482	0.5830582073	0.989257667	41491.08979	15940.61388	9937.763911	2118.933836	545.3542049	0.215887285	0.01442274715	0.01022789448
55	1	65853.82862	3321.99231	719350.0742	3724171.27	930.2689449	0.9627892422	1.072871976	44833.82516	16511.744	10520.86479	2113.037854	589.991912	1.10733077	0.02520966876	0.01364727298
55	1	64564.48718	1668.244626	478272.1995	5026768.001	2965.942962	0.8813622815	1.054926345	44133.43333	16390.98189	10396.65313	2119.287096	580.559775	0.5560815419	0.01676107942	0.0100211576
55	1	66700.76382	1117.067559	843520.402	3245638.244	3284.566045	0.8686173582	1.05216034	43979.73383	16367.49277	10374.99583	2106.882784	578.7081381	0.3723558529	0.02956122574	0.0172272787
55	1	65715.23248	884.2204845	476011.3819	5614771.247	7645.915854	0.6941633658	1.013775474	42414.43213	16102.02631	10105.62268	2100.602968	557.948858	0.2947401615	0.01668184893	0.02087713764
55	1	65611.47852	3098.971226	716641.3186	3658628.618	756.3249461	0.9697470022	1.0743917	44907.75866	16523.52906	10532.18658	2116.781874	590.9178237	1.032990409	0.02511474025	0.01147258865
55	1	64818.82636	603.0916048	546842.4409	4567868.101	8254.941499	0.66980234	1.008352601	42260.41069	16071.67584	10071.25258	2119.325793	555.5997675	0.2010305349	0.01916412786	0.01
55	1	64216.38381	1334.821493	384191.0393	5732795.738	5042.871597	0.7982851361	1.036637624	43397.6616	16265.5673	10268.85915	2119.224649	570.7560767	0.4449404976	0.01346399922	0.01005824378
55	1	67950.79376	150.4376827	1305278.635	1631913.708	14723.99621	0.4110401516	0.9514028509	39953.74137	15679.48875	9672.458566	2114.590424	524.9367078	0.05014589422	0.04574357216	0.01275148419
55	1	68599.55061	171.2762637	1375517.96	1533705.143	12647.72794	0.4940908826	0.9697058779	40668.57825	15802.70881	9799.171224	2108.369466	534.5610075	0.05709208789	0.04820511373	0.01636556168
55	1	65886.16571	1259.8029	664260.3027	4111130.073	3516.014642	0.8593594143	1.05011484	43905.39888	16354.3139	10361.13972	2109.20105	577.6808466	0.4199342999	0.02327904424	0.01588073497
55	1	65457.70441	679.7620573	598994.0595	4426176.713	7054.03141	0.7178387436	1.018950422	42662.16283	16141.72746	10143.95436	2112.172812	561.0667424	0.2265873524	0.02099178463	0.01415544707
55	1	68445.87323	1023.728673	1381901.559	1495306.337	1918.526172	0.9232589531	1.06417544	44477.84198	16451.45605	10459.76127	2111.226014	585.2769516	0.3412428911	0.04842882736	0.0147026567
55	1	67056.74444	2113.966648	950591.6558	2784347.78	1556.202532	0.9377518987	1.06737758	44594.22114	16472.08816	10481.453	2107.598026	586.8852274	0.7046555494	0.03331354458	0.01680872455
55	1	64929.08404	239.8538186	568442.6055	4444578.226	21087.08616	0.1565165535	0.8953573931	37714.23801	15296.78402	9281.674018	2118.852381	495.0261245	0.07995127285	0.01992110699	0.01027558589
55	1	63960.44999	1891.475531	316230.0458	6301111.409	4213.632914	0.8314546834	1.043939614	43691.42911	16315.64077	10319.88253	2119.250272	574.6703363	0.6304918438	0.01108230192	0.01004311649
55	1	65128.35517	2529.158594	513076.0638	4985318.132	2031.543072	0.9187382771	1.063176821	44441.33455	16444.99897	10452.98477	2112.294745	584.7735386	0.8430528647	0.01798078304	0.01408208741
55	1	66546.87092	2507.173755	1008624.088	2400712.842	411.3469981	0.9835461201	1.077421376	45038.28458	16545.22581	10553.83114	2119.315082	592.6170192	0.8357245849	0.03534729482	0.01
55	1	70846.00616	1778.869304	2038017.207	596439.9431	572.5469873	0.9770981205	1.076024958	44957.45907	16533.02303	10542.72005	2112.10398	591.6541276	0.5929564348	0.07142244168	0.01418632853
55	1	65347.68792	1006.084962	529640.4126	4943188.682	5503.68257	0.7798526972	1.032610131	43203.29301	16234.50208	10238.94075	2109.762097	568.3158937	0.3353616541	0.01856128169	0.01555564371
55	1	72232.89431	4196.003022	2433180.818	341034.0577	-62.86964429	1.002514786	1.081615541	45187.37478	16571.89343	10582.05939	2113.55271	594.6944647	1.398667674	0.08527097536	0.01332602625
55	1	64252.0735	1700.01638	342848.4251	6180800.992	4566.208192	0.8173516723	1.040844832	43556.36632	16293.29318	10297.67772	2116.155148	572.9195641	0.5666721266	0.0120151447	0.01184133288
55	1	67772.70097	2509.99538	1008370.288	2690853.747	1829.188867	0.9268324453	1.06499952	44471.0061	16452.845	10463.3235	2099.539835	585.3709293	0.8366651266	0.03533840041	0.02148881394
55	1	66546.87092	2355.547957	1008624.088	2400712.842	487.0680425	0.9805172783	1.076754595	45011.46734	16540.65422	10549.17239	2119.315827	592.2596595	0.7851826524	0.03534729482	0.01
55	1	71189.24399	150.4376827	2226669.442	443433.9601	8212.982285	0.6714807086	1.008726434	42270.79509	16073.74323	10073.60911	2117.966959	555.7596764	0.05014589422	0.07803377116	0.01078942721
55	1	68605.7325	810.6328086	1453672.119	1339467.791	2214.442777	0.9114222889	1.06156406	44378.81309	16434.19117	10441.84514	2112.979612	583.9295514	0.2702109362	0.05094403117	0.0136845377
55	1	65414.92161	346.8574633	359855.0908	6683677.803	24566.2756	0.01734897598	0.864785859	36414.81263	15079.73225	9064.235849	2098.438569	478.0337469	0.1156191544	0.01261114437	0.02213542569
55	1	65236.94304	516.6504318	603963.824	4299166.83	9004.621396	0.6398151442	1.00176165	41984.05443	16025.28518	10024.58288	2116.031651	551.9693072	0.1722168106	0.02116595034	0.01191384741
55	1	65409.50392	1895.396045	702572.4484	3679740.498	1478.027197	0.9408789121	1.06802886	44660.09062	16480.7822	10488.18232	2119.193303	587.5793231	0.6317986817	0.0246216958	0.0100741375
55	1	64229.23344	603.0916048	288216.2705	6782796.959	16786.27871	0.3285488515	0.9332472521	39218.88485	15554.51378	9545.350937	2113.229811	515.1657533	0.2010305349	0.01010055739	0.01354202265
55	1	63840.2774	1488.63305	285346.8965	6575303.126	6238.069023	0.7504772391	1.026112687	42974.70277	16193.44271	10195.34102	2119.325331	565.1182448	0.4962110167	0.01	0.01
55	1	65147.63425	1254.680942	631526.4812	4064059.789	3003.034479	0.8798786208	1.054600225	44119.78465	16388.68919	10394.34531	2119.131561	580.3803609	0.4182269806	0.0221318854	0.01011153401
55	1	64248.95256	1872.585932	394556.2851	5647356.139	3261.229206	0.8695508317	1.05232601	44028.97522	16373.16673	10378.49162	2119.323801	579.1672154	0.6241953105	0.01382724992	0.01
55	1	64532.74275	482.7734207	467199.6527	5109492.999	12437.56214	0.5024975144	0.9715220839	40778.4665	15819.08784	9813.884193	2119.133678	535.8548022	0.1609244736	0.01637304132	0.01011190854
55	0	64190.53108	30	378944.4363	5771519.814	260904.0919	-9.436163677	-1.216414018	-47217.37619	818.2105894	-5473.031843	2119.327345	-636.7588129	0.01	0.01328013169	0.01
55	1	64168.39241	543.8404174	367818.5737	5872272.805	14128.68211	0.4348527156	0.9566308845	40179.1417	15716.94629	9709.817589	2119.012162	527.8702773	0.1812801391	0.01289022514	0.01018257759
55	1	68322.74968	598.8169644	1483188.366	1239462.839	2584.336726	0.896626531	1.05828656	44268.70229	16414.03351	10420.13756	2119.323074	582.3617583	0.1996056548	0.0519784299	0.01
55	1	64807.18885	2426.201998	530206.4686	4696953.104	1606.017891	0.9357592844	1.066904009	44612.49443	16472.81889	10480.19369	2118.505217	586.9559738	0.8087339992	0.01858111916	0.01047402318
55	1	63873.60085	1802.920271	287370.1787	6572470.134	5006.358729	0.7997456508	1.036960156	43409.55581	16267.66379	10271.05348	2118.909762	570.9195646	0.6009734237	0.01007090605	0.01024116862
55	1	63898.78967	811.2009521	300983.0055	6433630.094	11418.68861	0.5432524557	0.9804934183	41139.94348	15880.66746	9876.602467	2119.326211	540.668702	0.2704003174	0.01054796843	0.01
55	1	65634.26518	1787.155455	764750.411	3371951.997	1411.542575	0.943538297	1.068613898	44684.05704	16484.8399	10492.29393	2119.320742	587.8966717	0.5957184851	0.02680072643	0.01
55	1	65239.79354	578.7851603	409148.2418	6035520.987	12879.6103	0.484815588	0.9676772171	40572.83486	15787.29145	9784.21989	2104.234468	533.3506703	0.1929283868	0.01433862596	0.01876786672
55	1	66353.35974	235.4399801	955063.1781	2588348.134	12472.30519	0.5011077924	0.9712158855	40766.429	15817.01806	9811.760045	2119.21475	535.693109	0.07847999337	0.03347024936	0.01006480994
55	0	64386.66274	68.7393823	431356.2812	5365145.966	99559.60661	-2.982384265	0.204346054	9924.108144	10559.2388	4453.716634	2119.327256	124.6942976	0.02291312743	0.0151169081	0.01
55	1	65254.72419	776.4015384	524400.4548	4945653.239	7142.619105	0.7142952358	1.018174271	42626.745	16135.95817	10138.30069	2110.945167	560.6142243	0.2588005128	0.01837764704	0.01486867145
55	1	73624.13282	1322.627595	2812831.109	200413.4455	411.2822608	0.9835487096	1.077438755	45021.0142	16543.42975	10552.96574	2114.05921	592.4700611	0.4408758649	0.09857584376	0.01305013042
55	1	64575.59981	1402.742911	481808.158	5001085.569	3636.624035	0.8545350386	1.049020383	43896.01861	16350.50183	10355.39502	2119.321853	577.3955046	0.4675809703	0.01688499731	0.01000130968
55	1	65117.31292	907.7702979	571969.8863	4495149.576	5200.750728	0.7919699709	1.03525761	43331.22164	16254.93992	10258.61645	2116.029107	569.9213444	0.3025900993	0.02004472077	0.01191473881
55	1	66749.71476	232.5715188	1009508.666	2442526.494	12135.95221	0.5145619116	0.9741876681	40875.32405	15836.26058	9831.940077	2116.109848	537.1934108	0.07752383961	0.03537829493	0.01186863592
55	1	64165.97185	1542.471759	349718.3198	6058798.683	4847.682713	0.8060926915	1.038360466	43462.61652	16276.91733	10280.65841	2117.95769	571.6417215	0.514157253	0.01225590059	0.01079423354
55	1	67480.91274	477.2429809	995823.1394	2676841.74	6630.021384	0.7347991446	1.022711927	42783.75151	16164.35215	10168.60496	2103.496502	562.8244659	0.1590809936	0.03489868478	0.01919592774
55	1	69303.32956	1843.44019	1633871.354	1044360.516	704.6011613	0.9718159535	1.074860557	44912.30048	16525.2179	10534.67631	2112.595593	591.0446137	0.6144800633	0.05725912475	0.01390245257
55	1	69685.19016	829.5544011	1792158.426	821511.7345	1474.440113	0.9410223955	1.068070682	44650.83089	16479.90274	10487.87364	2115.995711	587.5065813	0.2765181337	0.06280630515	0.01193140329
55	1	66328.02667	1904.639017	950136.9264	2604505.37	878.8306287	0.9648467749	1.073304831	44872.72021	16517.00178	10525.06907	2119.31823	590.4107556	0.6348796725	0.03329760856	0.01000020611
55	1	66773.30124	1318.992025	979407.113	2579501.244	1926.071774	0.922957129	1.064100409	44484.00429	16451.92004	10459.74117	2113.908718	585.3165733	0.4396640084	0.0343233841	0.01314443456
55	1	65654.3476	1750.401827	704573.623	3751142.915	1930.719166	0.9227712334	1.064054815	44487.16323	16452.13957	10459.69679	2115.367707	585.3355568	0.5834672756	0.0246918271	0.01229697152
55	1	66271.4689	1202.928221	683836.6871	4117961.084	3938.415559	0.8424633776	1.046411385	43739.23347	16327.08728	10334.31848	2104.171054	575.5462648	0.4009760737	0.02396509987	0.01880305033
55	1	63852.18704	2852.04038	285346.8965	6582567.498	2904.05229	0.8838379084	1.055471838	44154.84001	16394.66515	10400.43521	2119.131457	580.8474999	0.9506801267	0.01	0.01011153401
55	0	64167.50761	235.5533597	353005.6348	6025099.796	35095.52383	-0.4038209532	0.77200482	32750.66497	14450.79062	8419.683278	2118.133453	428.894188	0.07851778656	0.01237110475	0.01069341182
55	1	67417.71224	2264.718124	1118437.019	2149921.845	941.3400272	0.9623463989	1.072778122	44826.16355	16510.68625	10519.99559	2111.901521	589.9078085	0.7549060412	0.03919569593	0.01430704279
55	1	66272.97728	1997.586584	615726.3813	4636728.619	3037.261429	0.8785095428	1.054359959	44044.77141	16380.07672	10389.07777	2100.036229	579.6832681	0.6658621946	0.0215781699	0.02120410629
55	1	68238.8949	1689.057073	1420473.395	1371667.105	649.3073083	0.9740277077	1.07533374	44946.00025	16530.02558	10538.78797	2116.884349	591.4257841	0.5630190243	0.04978057981	0.01141254871
55	1	72463.54007	1840.05434	2543679.253	287464.8175	69.83948772	0.9972064205	1.0804375	45150.08365	16564.89178	10574.38252	2116.52717	594.1508316	0.6133514466	0.08914340001	0.01161360307
55	1	65512.82641	603.0916048	731813.3662	3530864.748	5977.18853	0.7609124588	1.028410031	43066.99934	16209.1831	10211.38689	2119.295981	566.3486295	0.2010305349	0.02564644562	0.0100170046
55	1	64822.63012	1944.589927	366786.5819	6250704.519	4189.381275	0.832424749	1.0441879	43664.28436	16313.38561	10319.57819	2108.401341	574.480495	0.6481966422	0.01285405892	0.01634569116
55	1	64459.44384	1341.773245	328841.0752	6456236.42	6504.796391	0.7398081444	1.023787506	42856.00539	16174.81692	10177.71228	2111.968158	563.6530798	0.4472577483	0.01152425624	0.01427424809
55	1	65063.77173	1366.584258	612298.6655	4169780.414	2790.080921	0.8883967632	1.056474827	44195.83628	16401.61189	10407.47911	2119.323324	581.3907641	0.4555280859	0.02145804538	0.01
55	1	66038.26327	270.8898891	586390.5072	4774512.775	19201.26446	0.2319494216	0.9120172547	38326.78968	15404.88004	9394.91807	2102.05536	503.4549668	0.0902966297	0.02055009234	0.02003408311
55	1	65178.10714	935.1865871	363045.3801	6502335.396	9207.755884	0.6316897647	1.000016389	41867.36743	16008.36382	10009.83554	2102.447328	550.6295949	0.3117288624	0.01272294826	0.01980585027
55	1	64063.10368	811.2009521	300983.0055	6532391.374	11608.73084	0.5356507663	0.9788284329	41063.91391	15868.28574	9864.471479	2116.67753	539.6975169	0.2704003174	0.01054796843	0.01153880353
55	1	64163.94028	378.6737127	370808.5698	5839390.471	20424.7425	0.1830102999	0.9011885096	37950.17031	15336.91375	9322.493092	2119.264581	498.163568	0.1262245709	0.01299500974	0.0100360987
55	1	73632.54088	469.3534607	2842919.497	190339.3604	1720.5739	0.931177044	1.065904076	44562.8497	16464.95824	10472.68945	2115.75028	586.3380664	0.1564511536	0.09963029322	0.0120744225
55	1	64436.96771	430.7568738	333844.1532	6386953.625	20401.06365	0.1839574541	0.9014182491	37936.71486	15336.06997	9322.851908	2112.633708	498.0893241	0.1435856246	0.01169958942	0.0138884256
55	1	64393.56185	850.9512709	429591.7906	5385086.727	7388.070307	0.7044771877	1.015986754	42566.70338	16123.93779	10124.55094	2119.107971	559.6847956	0.2836504236	0.01505507142	0.01012644696
55	1	68117.43719	1005.068233	1221357.715	1917888.508	2554.080045	0.8978367982	1.058592963	44238.295	16411.57996	10419.93175	2106.836921	582.1543641	0.3350227442	0.04280255823	0.01725311669
55	1	68921.97751	2099.392856	1643318.735	991644.9785	97.25097769	0.9961099609	1.080187229	45149.52428	16564.18907	10573.15595	2119.310594	594.0993716	0.6997976186	0.05759020881	0.01
55	1	66013.50728	685.1101728	725882.2304	3736998.97	5823.520265	0.7670591894	1.029790181	43093.6592	16215.57097	10219.44564	2110.867142	566.8374353	0.2283700576	0.02543858858	0.01491374659
55	1	66110.99164	605.8947061	735133.7418	3710710.971	6593.159124	0.736273635	1.023016174	42817.74736	16168.7573	10171.92567	2109.85405	563.1767587	0.201964902	0.02576280839	0.01550246952
55	1	64512.27142	1619.992961	355122.8041	6197924.713	4881.017377	0.8047593049	1.038083757	43433.49723	16273.1027	10277.73709	2112.701302	571.3369651	0.5399976536	0.01244530109	0.01384793441
55	1	67518.90812	477.2429809	995823.1394	2686288.054	6673.966061	0.7330413576	1.022326922	42766.1707	16161.48905	10165.79984	2102.884031	562.5998926	0.1590809936	0.03489868478	0.01955175508
55	1	68950.13734	1770.850549	1610802.493	1052110.906	451.1591189	0.9819536352	1.077078533	45016.22878	16541.99409	10550.98172	2116.898145	592.3613784	0.5902835162	0.05645067506	0.0114032511
55	1	66050.25605	146.2625736	875914.7606	2888205.222	22454.56938	0.1018172247	0.8833141516	37231.495	15214.38608	9197.617918	2119.326776	488.5856963	0.04875419119	0.03069648808	0.01
55	1	66021.04452	886.7425846	588334.1482	4750802.769	6147.887222	0.7540845111	1.026960838	42951.05168	16193.10131	10198.09483	2102.448396	565.0704688	0.2955808615	0.02061820736	0.0198047142
55	1	66406.50818	1431.073805	790259.6347	3464968.56	2648.128211	0.8940748716	1.057759756	44210.17494	16406.44186	10414.40622	2108.412379	581.7546891	0.4770246017	0.02769469878	0.01633809655
55	1	65518.1545	1370.041098	531676.0073	5004178.575	4193.308486	0.8322676605	1.044157369	43658.72607	16312.71474	10319.12706	2107.136077	574.4264724	0.456680366	0.01863261924	0.01708072861
55	1	67068.53248	281.2642736	828234.5914	3448730.927	13388.79789	0.4644480845	0.963206878	40378.67198	15755.11023	9752.196768	2100.035879	530.8298277	0.09375475787	0.02902553354	0.02120713074
55	1	65454.89056	308.890032	449088.9849	5743726.546	21838.09389	0.1264762445	0.8887943892	37396.62884	15246.06834	9232.872379	2103.176954	491.0421072	0.102963344	0.01573835182	0.01938252816
55	1	63844.05656	1722.578019	286356.7938	6566059.306	5265.631958	0.7893747217	1.03467573	43319.0994	16252.15272	10255.17038	2119.324997	569.707588	0.574192673	0.01003539191	0.01
55	1	67162.64069	2237.374156	1115273.264	2111265.995	677.7477947	0.9728900882	1.075086698	44932.43178	16527.94463	10536.86241	2115.82252	591.2617904	0.7457913852	0.03908482193	0.01202916738
55	0	67839.82376	86.50820452	1289990.584	1658752.743	26169.2686	-0.04677074395	0.8506158073	35903.15796	14988.78783	8968.429627	2115.457431	470.9459172	0.02883606817	0.04520780145	0.01224801898
55	1	65015.44443	440.501189	503620.7986	5015238.071	13058.53488	0.4776586049	0.9660718276	40540.15066	15779.68272	9774.754058	2113.549708	532.7675383	0.1468337297	0.01764942268	0.01335603673
55	1	64518.51181	3069.822582	440685.2742	5343684.86	1546.027192	0.9381589123	1.067434663	44631.28106	16476.18477	10483.76098	2117.758192	587.2181506	1.023274194	0.01544384325	0.01090783365
55	1	69722.60498	261.8440149	1570949.255	1211380.932	7705.975995	0.6917609602	1.013241953	42397.94119	16098.89774	10102.16776	2102.05413	557.7061123	0.08728133831	0.05505401579	0.02003408311
55	1	69071.30787	1534.678887	1220857.642	2097050.469	2823.845173	0.8870461931	1.056266802	44092.00863	16390.01116	10400.78322	2091.427566	580.4490863	0.5115596288	0.04278503311	0.02620365709
55	1	63975.30994	3170.392076	285346.8965	6658139.171	2679.412712	0.8928234915	1.057456313	44227.86055	16407.54711	10413.92754	2117.146319	581.851999	1.056797359	0.01	0.01126458201
55	1	65248.32055	2021.291607	478168.4776	5356755.154	3106.761877	0.8757295249	1.05372164	44047.23119	16378.69868	10386.16282	2108.256877	579.5858179	0.673763869	0.01675744448	0.01642890386
55	1	65917.07489	1217.024357	835927.1786	3058319.102	2178.062068	0.9128775173	1.061864965	44411.71399	16438.47102	10445.08975	2119.057158	584.2716996	0.4056747856	0.02929512074	0.01015412341
55	1	64890.73875	701.5563036	551391.4578	4562171.09	6988.489486	0.7204604206	1.019507501	42706.0207	16147.8334	10149.02475	2118.440719	561.5518737	0.2338521012	0.01932354844	0.01051404012
55	1	65089.62513	875.6494447	337875.1028	6737937.552	10507.1772	0.579712912	0.9885742974	41406.86353	15929.88088	9929.873169	2102.355525	544.4944931	0.2918831482	0.01184085431	0.01985930866
55	1	65641.89988	875.6494447	478527.3056	5552366.522	7581.868265	0.6967252694	1.014335191	42441.50874	16106.35043	10109.78409	2101.936836	558.2885403	0.2918831482	0.01677001963	0.02010220582
55	1	67012.71136	1488.63305	1088509.433	2181376.271	1263.849471	0.9494460211	1.069923061	44727.50195	16492.83436	10500.93526	2116.629148	588.518234	0.4962110167	0.0381468818	0.01156301679
55	1	64716.04619	1354.174914	505849.3949	4859059.269	3636.181023	0.8545527591	1.049026889	43893.49512	16350.24959	10355.28752	2118.508073	577.3747702	0.4513916379	0.01772752397	0.01047406578
55	1	64567.6144	1690.613509	438836.5399	5385363.008	3421.519652	0.8631392139	1.050922426	43964.08537	16362.644	10368.22143	2116.858134	578.3415756	0.5635378363	0.01537905424	0.01143246925
55	1	65942.08903	663.9846215	725882.2304	3712336.366	5931.234217	0.7627506313	1.028837992	43059.30349	16209.46254	10213.00916	2112.018452	566.3613794	0.2213282072	0.02543858858	0.01424491345
55	1	64350.03525	875.6494447	363045.3801	6021809.648	8845.752439	0.6461699024	1.003161367	42039.54189	16034.79584	10034.31825	2115.795646	552.7124581	0.2918831482	0.01272294826	0.0120509428
55	1	66430.4375	546.5498809	977509.8335	2507055.985	4802.987839	0.8078804864	1.038749661	43482.94864	16280.08444	10283.63465	2119.324797	571.891002	0.1821832936	0.03425689382	0.01
55	1	66043.70852	893.0632421	758787.8643	3538941.088	4124.179233	0.8350328307	1.044749366	43700.42948	16318.68077	10324.24598	2112.364353	574.8993681	0.2976877474	0.0265917686	0.01404340169
55	1	65441.10709	1012.221753	463107.3359	5598163.256	6663.00872	0.7334796512	1.022419059	42774.52803	16162.61655	10166.69904	2104.243141	562.6897268	0.3374072512	0.01622962582	0.01876217176
55	1	65253.28132	564.2523981	662940.9082	3885752.436	7187.450686	0.7125019726	1.017752664	42638.4714	16136.12464	10136.93014	2119.325578	560.6377097	0.1880841327	0.02323280597	0.01
55	1	68100.34386	3202.963649	1389937.813	1428054.198	49.55731923	0.9980177072	1.080613739	45159.69602	16566.36915	10575.75251	2117.265784	594.2672386	1.06765455	0.0487104584	0.01118513724
55	1	68469.77355	1646.413236	768198.4354	4359610.298	4851.565924	0.805937363	1.038467565	43315.87307	16261.55227	10273.11145	2073.821885	570.3854915	0.548804412	0.02692156266	0.03643374829
55	1	70414.72337	839.9210004	2042222.018	568883.9321	969.2345052	0.9612306198	1.072508755	44840.7041	16511.54385	10519.50701	2119.319044	589.9841113	0.2799736668	0.07156979953	0.01
55	1	66617.2134	484.7214872	760471.2056	3721289.709	8460.390365	0.6615843854	1.006595024	42134.60764	16053.75123	10055.94576	2103.222715	554.1784835	0.1615738291	0.0266507614	0.01935529192
55	1	64792.73592	2034.896914	472796.8326	5183425.238	2617.247005	0.8953101198	1.058009714	44243.71968	16410.65943	10417.44275	2115.276727	582.0929515	0.6782989714	0.01656919484	0.01235059554
55	1	69495.62412	806.7641977	1789217.837	811340.1982	1327.823928	0.9468870429	1.069352533	44712.23729	16489.7414	10497.37086	2118.874274	588.2792627	0.2689213992	0.06270325203	0.01025916722
55	1	64798.53917	2411.372643	541421.1385	4602495.679	1513.503393	0.9394598643	1.067716056	44647.94677	16478.68411	10486.02077	2119.32104	587.4154754	0.8037908811	0.01897413798	0.01
55	1	64762.7161	2427.480601	531848.2147	4664283.226	1539.123447	0.9384350621	1.067490453	44638.87322	16477.13732	10484.44449	2119.321111	587.2945634	0.8091602002	0.01863865426	0.01
55	1	64426.11904	561.6159359	441900.1025	5286918.726	11221.31515	0.5511473938	0.9822314407	41209.84492	15892.5837	9888.745904	2119.326191	541.6001911	0.187205312	0.01548641699	0.01
55	1	64271.69541	1497.392789	386870.8082	5735464.27	4429.650764	0.8228139694	1.042039834	43612.43442	16302.3397	10306.4668	2118.494371	573.6296509	0.4991309296	0.01355791189	0.01048232516
55	1	65565.18082	1696.232085	741891.2797	3486370.902	1617.904718	0.9352838113	1.066797573	44610.09835	16472.29002	10479.55353	2119.055983	586.9153199	0.5654106951	0.02599962673	0.01015412341
55	1	64889.01513	1660.653756	480395.2518	5161211.437	3332.58667	0.8666965332	1.051714109	43986.77387	16367.09649	10373.25025	2114.183892	578.6862836	0.5535512519	0.01683548192	0.01298596497
55	1	63840.2774	575.3748679	285346.8965	6575303.126	17353.62245	0.3058551019	0.9282318426	39038.03756	15522.35116	9511.454595	2119.3266	512.65923	0.1917916226	0.01	0.01
55	1	64610.5744	3165.067797	481163.2128	5022962.114	1231.725755	0.9507309698	1.070199258	44745.74804	16495.48878	10503.25702	2118.715046	588.7283353	1.055022599	0.01686239517	0.01035144951
55	1	65064.41052	776.4015384	473543.3411	5308743.164	7927.29759	0.6829080964	1.011264584	42348.84462	16088.58391	10090.02321	2110.94536	556.9109934	0.2588005128	0.01659535628	0.01486867145
55	1	65177.98219	965.1893422	363045.3801	6502260.07	8935.254299	0.642589828	1.002415965	41963.88276	16024.81655	10026.60158	2102.449289	551.9157021	0.3217297807	0.01272294826	0.01980468011
55	1	66507.09971	858.0620741	849094.2293	3157113.993	3962.412333	0.8415035067	1.04618032	43751.05939	16327.75398	10333.86384	2110.341841	575.6060906	0.2860206914	0.02975656086	0.0152182759
55	1	67013.9443	548.5012799	1070191.607	2252280.123	4576.429204	0.8169428318	1.040756896	43550.61931	16292.45469	10296.94193	2115.509346	572.8532127	0.18283376	0.03750493243	0.01221651266
55	1	68842.13984	1145.024906	1241840.092	1979364.059	2972.320534	0.8811071786	1.054943485	44055.76203	16382.74754	10392.46956	2096.389567	579.8874896	0.3816749686	0.04352036442	0.02332216329
55	1	64384.79052	806.7641977	375743.9776	5909225.115	9286.72653	0.6285309388	0.9992775984	41884.04502	16008.24297	10007.22131	2116.001476	550.6370857	0.2689213992	0.01316797141	0.01193140329
55	1	68382.53351	2020.058258	1488629.086	1234608.708	269.8304839	0.9892067806	1.078669571	45086.31054	16553.55186	10562.43273	2118.677252	593.26707	0.6733527528	0.0521691003	0.01036920622
55	1	65910.19469	3006.009289	723742.8902	3715178.817	1098.951599	0.9560419361	1.071388658	44771.96477	16501.33928	10510.37998	2112.395279	589.1777736	1.002003096	0.02536361527	0.01402119576
55	1	69479.12735	3263.469844	1727226.599	902367.5687	43.96978701	0.9982412085	1.080668959	45155.48345	16566.06206	10575.78503	2115.380355	594.2408844	1.087823281	0.06053076519	0.01227716148
55	1	64212.45714	811.2009521	342893.348	6157659.349	10110.92075	0.5955631699	0.9920173961	41594.77292	15958.75601	9956.644481	2116.797943	546.7697007	0.2704003174	0.01201671903	0.0114687506
55	1	66240.17925	1087.461772	730707.3311	3784458.648	3826.748492	0.8469300603	1.047384031	43789.75562	16334.97134	10341.74052	2107.502884	576.1667226	0.3624872574	0.02560768454	0.01686743756
55	1	66056.97122	2579.51352	764569.5486	3507828.31	1232.999177	0.9506800329	1.070207958	44724.8094	16493.27944	10502.1487	2112.493018	588.5478599	0.8598378399	0.0267943881	0.01396498765
55	1	64694.85243	310.5857262	505849.3949	4849520.83	18203.21434	0.2718714266	0.920752063	38735.58507	15470.89519	9459.104751	2118.85228	508.6363397	0.1035285754	0.01772752397	0.01027558589
55	1	67890.97793	1269.00232	1367806.925	1455586.917	948.8073561	0.9620477058	1.072688632	44847.93855	16512.77712	10520.76379	2119.318945	590.0805156	0.4230007735	0.04793488004	0.01
55	1	69111.1982	1186.369982	1606122.708	1076670.968	1176.006168	0.9529597533	1.070704923	44750.03654	16497.2452	10505.90871	2114.024224	588.8597751	0.3954566607	0.05628667167	0.01307559219
55	1	66931.24196	554.7705962	1054178.669	2298226.558	4568.921905	0.8172431238	1.040821828	43554.48762	16293.03383	10297.46463	2115.876561	572.8989429	0.1849235321	0.036943758	0.01200317825
55	1	66112.08981	479.0828522	871376.7194	2927837.945	6451.940346	0.7419223861	1.024233456	42894.77361	16180.09484	10181.97216	2118.054887	564.0732584	0.1596942841	0.03053745214	0.01073811016
55	1	66567.90109	930.0944976	748410.9374	3782870.425	4659.025917	0.8136389633	1.040068694	43481.11432	16283.2783	10289.83655	2103.28852	572.1206264	0.3100314992	0.02622810854	0.01931613414
55	1	66698.40367	268.2354484	1037929.369	2313644.642	9968.196171	0.6012721532	0.9932682607	41651.42428	15968.00824	9965.732514	2118.651135	547.4952604	0.08941181615	0.03637430025	0.01039210136
55	1	72051.25624	651.7859869	2474058.483	312315.9685	1103.500202	0.9558599919	1.071327505	44792.06182	16503.32413	10511.19144	2118.988336	589.3411641	0.2172619956	0.08670353569	0.01019242222
55	1	69699.74765	316.1292431	1564841.138	1221732.378	6487.528924	0.740498843	1.0239713	42829.46431	16172.46039	10177.13294	2102.053724	563.4564812	0.1053764144	0.05483995645	0.02003408311
55	1	66010.32275	3317.988324	716114.7364	3799931.126	1132.402641	0.9547038944	1.071100737	44753.28566	16498.60858	10507.97843	2110.320132	588.9617237	1.105996108	0.02509628614	0.01522622587
55	1	67753.30692	3329.164667	1290097.826	1645193.598	104.7166218	0.9958113351	1.080129391	45138.74976	16562.89208	10572.28789	2116.838142	593.9949016	1.109721556	0.04521155976	0.01143402893
55	1	65823.3677	3012.091797	711030.7277	3767816.907	1075.183707	0.9569926517	1.071595926	44782.46676	16502.99119	10511.94709	2113.028244	589.3076943	1.004030599	0.02491811674	0.01365355801
55	1	64639.47483	2755.058199	399651.1388	5803895.135	2366.320865	0.9053471654	1.060225525	44326.19126	16425.14314	10432.55949	2113.334292	583.2227124	0.9183527331	0.01400579939	0.01347869827
55	1	65150.88483	669.9497984	308735.4717	7128751.252	15031.63238	0.3987347047	0.9487418409	39795.44771	15655.77977	9651.050656	2099.610724	523.0646653	0.2233165995	0.01081965409	0.02145420701
55	0	65614.032	240.2032502	458891.6805	5730519.809	27522.71978	-0.1009087913	0.838743284	35376.86939	14902.18738	8882.797868	2101.203107	464.1585747	0.08006775007	0.01608188791	0.02052935437
55	1	64799.16042	2499.338314	437786.7318	5512282.883	2402.956805	0.9038817278	1.059903794	44312.31489	16422.83745	10430.26014	2113.060656	583.0421355	0.8331127712	0.01534226365	0.01363769233
55	1	66622.49904	1104.804771	847978.4097	3197275.127	3193.011916	0.8722795234	1.052961643	44017.19987	16373.545	10380.88216	2108.413324	579.1831516	0.3682682572	0.02971745689	0.01633809655
55	1	65089.19562	762.1295774	609178.5752	4202373.296	5685.219349	0.772591226	1.030982861	43168.52918	16226.61547	10229.25616	2118.727106	567.7106023	0.2540431925	0.02134870162	0.01034743897
55	1	67380.93413	908.2751908	1218719.11	1799541.813	1977.729746	0.9208908102	1.063630663	44480.99588	16450.39235	10457.3314	2118.5505	585.2029535	0.3027583969	0.04271008813	0.010448223
55	1	66117.43331	668.2441514	735216.0609	3712396.002	5976.438719	0.7609424512	1.028447179	43035.83831	16205.95734	10209.85313	2109.754954	566.0845507	0.2227480505	0.02576569327	0.01555991092
55	1	67904.37687	642.5799207	1153086.009	2117557.177	4194.59026	0.8322163896	1.044149221	43655.04232	16312.30118	10318.88582	2106.155481	574.3929194	0.2141933069	0.04040997197	0.01765038941
55	1	66231.59197	1994.673443	924254.8345	2700228.714	849.0725132	0.9660370995	1.073566895	44883.23703	16518.79608	10526.89882	2119.311305	590.5510072	0.6648911475	0.03239056902	0.01000413301
