#gen	Feasible	f1	f2	c1	c2	c3	c4	x1	x2	x3	x4
19	0	4.734551676	0.003585996459	5077.449884	21766.88729	-0.1291887251	100625.3371	0.7413571863	0.6780435064	9.999948473	0.6121684612
19	0	31.44530313	0.0004881438484	-2657.280068	28879.36934	3.921297432	42297692.32	0.577035156	0.454285015	9.999038418	4.498332588
19	1	3.980455429	0.004473265389	3677.061735	19729.74783	0.2878459048	48928.433	0.2028918023	2.397777247	10	0.4907377071
19	1	24.13070722	0.000644270819	2486.523374	28520.80685	2.689172764	18379098.03	0.7180904091	0.5348531776	9.999999643	3.407263173
19	1	27.43380064	0.000569666395	4221.234748	28693.78405	3.002565324	26880038.33	0.8659085974	0.5254066498	9.987066458	3.868473922
19	1	13.02262459	0.001203479685	1866.776731	27237.17402	1.114206086	2816959.867	0.7103631761	0.5118556564	9.999040454	1.824569262
19	0	19.9344167	0.0007760094171	-3528.788172	28218.34573	2.380844034	10515319.98	0.447987616	0.5567240696	10	2.82883165
19	1	26.31646764	0.0005888318774	1565.223289	28648.09008	3.052883835	24076261.28	0.6751751987	0.5252123134	10	3.728059034
19	1	8.204024313	0.001968024829	2352.446848	25511.96786	0.4574355009	676614.8023	0.6808119634	0.5578207561	9.932737154	1.138247464
19	1	8.305140433	0.001900137254	832.0194273	25637.43998	0.4737146006	710665.1484	0.6815703639	0.4900282372	10	1.155284964
19	1	34.05433071	0.0004631729867	5558.316606	28936.59263	4.028623517	49475349.57	0.7108584112	0.7511368368	10	4.739481928
19	0	10.29919674	0.001527006427	-2050.102352	26516.81847	0.8228149165	1452220.267	0.6430596948	0.4232203351	9.935250053	1.465874611
19	1	12.23803338	0.001285272784	2451.005003	27049.15765	0.9407609921	2309973.043	0.7672710804	0.4985534642	9.99986769	1.708032072
19	1	20.14504391	0.0007702932735	1474.229015	28231.46953	2.131631928	10751290.26	0.7181917369	0.4896500222	10	2.849823665
19	1	30.96667444	0.000515899848	6747.721442	28815.53606	3.543939162	35801582.71	0.7111502872	0.8853069268	10	4.255089449
19	1	24.13014046	0.0006417270357	97.162482	28529.7476	2.747263229	18930454.42	0.695192823	0.4539578417	9.978956229	3.442456052
19	1	8.421575063	0.001875708503	631.9971299	25698.95999	0.4550095956	746969.0842	0.7197626204	0.4565531954	9.987382741	1.174772216
19	1	7.004475171	0.002335593218	3924.565867	24648.18938	0.09809056695	386317.7632	0.8473530194	0.5204089905	9.980380282	0.9454435864
19	1	22.88204484	0.0006882691714	5495.675947	28419.79017	2.227453406	15073823.28	0.9619964366	0.5474941875	9.999999999	3.189449843
19	1	12.36745299	0.001266645144	1366.341141	27091.88615	1.070834918	2413392.42	0.6622471603	0.5267864264	10	1.733082079
19	1	7.578992475	0.002138743308	3873.748534	25089.6226	0.181413651	496570.713	0.8449851415	0.5191088223	9.999994611	1.026398792
19	0	4.423043273	0.005060259189	10046.24831	18615.24426	-0.07847995627	38979.31073	0.5394978619	2.561295177	9.799287799	0.4610179056
19	1	22.15516414	0.0007241029827	5983.597179	28346.78053	2.238431222	13565604.61	0.8444199644	0.665873283	9.944288883	3.082851186
19	1	9.242071912	0.0019068033	5093.670881	25624.95008	0.9169071029	707013.8445	0.2365625515	2.397777247	9.993570377	1.153469654
19	1	18.71829494	0.0008315154916	2137.677864	28091.18749	1.875000813	8556355.667	0.7661566256	0.4855007436	9.998537652	2.641157438
19	1	13.5750117	0.001163778414	2526.712479	27328.06042	1.330752107	3113329.155	0.5555190151	0.6970717814	9.999997549	1.886271122
19	1	23.37379822	0.0006628535774	1361.784356	28478.17634	2.617316093	16878955.64	0.6946480903	0.5017340419	9.999776329	3.311964184
19	1	22.50315878	0.0006882691715	1347.39196	28419.79017	2.473298051	15073823.27	0.7161517921	0.4859249243	9.999999999	3.189449843
19	1	29.2459098	0.0005776974051	10036.67321	28673.65392	2.840981797	25495748.2	0.9589314111	1.284109748	10	3.799913209
19	1	24.22636157	0.0006488240188	5239.958079	28510.57221	2.4834583	18016990.83	0.9013876084	0.5667245705	9.998528547	3.384845909
19	1	17.79164966	0.001082396378	181.1682702	27674.29149	2.290438746	6749146.778	0.1838491873	1.90658124	9.358634988	2.474287933
19	1	22.1207575	0.000700133581	1556.235407	28392.78698	2.370629532	14337822.16	0.7661566256	0.4618437599	9.998528547	3.136786158
19	1	20.39451774	0.0007688845539	4088.733131	28234.70383	2.048627226	10810525.89	0.8064177726	0.5567240696	10	2.855044998
19	1	16.75090522	0.0009558046806	1526.103926	27836.35357	1.674751128	6333718.183	0.7214476797	0.4896500222	9.85963182	2.396198808
19	1	19.88130378	0.0008543640949	621.7041933	28121.97623	2.371027626	11347884.05	0.5566695063	0.5924614269	9.574181421	2.927697133
19	1	13.39733884	0.001174202329	2710.112002	27304.12731	1.163185279	3030983.215	0.7063392028	0.5551855407	10	1.869524482
19	1	10.25375813	0.001556089887	2041.048733	26430.67288	0.947870854	1309117.238	0.4667945234	0.7975644991	9.990684161	1.414665377
19	0	13.54318823	0.001160285054	-2527.069384	27350.75954	1.456098784	3290975.426	0.4674742435	0.5668601395	9.944895847	1.923573028
19	0	28.54152015	0.0005404927315	-3887.357953	28759.07281	3.613375887	31132782.62	0.4481033378	0.5450101865	10	4.061479225
19	1	27.30183028	0.000575757305	1023.632339	28683.30911	3.343862598	26620930.41	0.5142139406	0.6625094016	9.960655794	3.858076539
19	1	23.50421578	0.000719135411	5144.896098	28348.9238	2.764224106	13214235.16	0.2883303459	1.886693476	10	3.052554452
19	1	18.58667856	0.0008412887052	2244.570857	28072.63337	1.860120363	8402170.246	0.7661566256	0.4901338824	9.978444262	2.626276989
19	1	7.086167023	0.002250544923	1032.868461	24843.06472	0.2854275818	432492.9836	0.695741268	0.4877050899	9.98039091	0.9811688498
19	1	10.66164147	0.001586942827	2681.095994	26476.04429	0.8370783409	1621254.368	0.6918060906	0.5659418087	9.671920507	1.528884431
19	0	35.03592468	0.0004407619895	-3540.456237	28988.04645	4.544514787	57413419.75	0.4359509801	0.5719353935	10	4.980465767
19	1	19.22470033	0.0008192901492	4071.663122	28118.9767	1.984066563	8934421.706	0.6953260822	0.6460868143	10	2.679392645
19	1	7.88602806	0.002140417568	4233.780561	25179.76605	0.2188067933	583557.3706	0.8679593078	0.5250416665	9.808738761	1.086766101
19	0	5.46642336	0.003990693202	10534.71533	20837.69418	-0.07226466315	71361.73123	0.6223445337	2.54351732	10	0.5500798706
19	1	27.60420624	0.0005661014792	4248.019758	28701.91711	3.023482989	27383891.85	0.8689820821	0.5250416665	9.987382741	3.892465071
19	1	13.07608826	0.001306859515	16.60206261	27132.09881	1.364070866	3210893.696	0.5595021621	0.5627356654	9.558259936	1.923573028
19	1	13.65662859	0.001188393618	3603.554962	27309.84409	1.055970919	3292348.032	0.8712508385	0.4896500222	9.85963182	1.927221757
19	1	30.08037305	0.000515899848	2592.651726	28815.53606	3.543415566	35801582.71	0.7116738831	0.5450101865	10	4.255089449
19	1	12.40901366	0.001265060097	1089.944547	27101.56185	1.050018157	2465275.749	0.6960999869	0.4896990387	9.979216326	1.746118144
19	1	13.97554117	0.001115677403	1044.540789	27438.49576	1.271493866	3534424.133	0.6960999869	0.4878928274	10	1.967593853
19	1	24.00420369	0.0006517232359	2702.271048	28506.89818	2.696260916	18077763.1	0.6937536151	0.5650193859	9.978603731	3.390014532
19	1	4.128668961	0.00416854017	1124.122964	20429.37206	0.3396039366	61876.46729	0.1870072775	1.992325863	10	0.5266112141
19	1	6.496934014	0.002458680335	943.5230451	24362.95476	0.2188224408	328702.9125	0.6777657097	0.4972097385	9.986033313	0.8965881505
19	1	29.01305678	0.0005334168315	1338.576918	28775.3185	3.452494511	32388483.32	0.6628611927	0.5250861613	10	4.115355704
19	1	12.26762005	0.001308137066	5062.56166	26996.62408	0.9674039168	2190400.072	0.7107076953	0.7066891583	10	1.678111612
19	1	18.2903019	0.0008482925879	1824.760595	28052.38947	1.694175884	8048418.412	0.8936104895	0.404546025	10	2.587786374
19	1	8.560606805	0.001888125836	4361.007224	25665.01721	0.4810640105	724429.6582	0.6815703639	0.6804506773	10	1.162634374
19	1	19.30948949	0.0008034363578	817.7190601	28155.37571	2.070099313	9474183.875	0.6621643924	0.5039847318	10	2.732263705
19	1	6.585360682	0.002414209248	319.5493673	24461.65015	0.1832221922	345797.0596	0.7282681731	0.44046412	9.991921978	0.9114903652
19	0	4.475783673	0.003410344343	-34181.20466	22202.30312	0.138249926	122317.1424	0.5134397474	0.1730516928	9.958906943	0.6516896734
19	1	7.644781415	0.002478224864	9875.093203	24310.74514	0.1756877278	317295.4608	0.7103631761	1.705256895	9.999038418	0.8860509039
19	0	21.26661915	0.0007219973661	-793.8208672	28342.35299	2.197476709	13057644.81	0.8429775963	0.35054256	10	3.040454305
19	1	7.656183424	0.002078121597	1777.048602	25228.80246	0.3935353756	541845.7994	0.6628031963	0.5448553496	10	1.056338572
19	1	33.3902355	0.0004669246728	4635.041195	28927.98709	3.860565431	48295209.9	0.8409408403	0.5665086434	9.999925175	4.701506271
19	1	30.14705953	0.0005146859449	2550.099518	28818.32309	3.555170975	36055540.69	0.7099542365	0.5442175038	10	4.265125212
19	1	12.22030658	0.00130409147	4261.690193	27005.95536	0.9726405707	2211171.506	0.7107493182	0.6448914427	9.999856668	1.683389889
19	1	37.04019953	0.00043904	8100.058283	28992	4.307597485	58091699.31	0.6924025154	1.145846806	10	5
19	1	13.35929554	0.001181259938	3016.229833	27287.96008	1.198812406	2977209.763	0.6596172945	0.6126257907	9.99986554	1.8584297
19	0	26.05091829	0.0006438752216	-7736.204915	28586.49632	3.472884977	26809106.33	0.4270378359	0.4682923262	9.561780945	3.899922813
19	0	5.155329646	0.00327787016	-1318.604225	22706.82384	0.1767054623	175633.4123	0.5591233739	0.5118556564	9.690998239	0.7358288363
19	1	22.02977664	0.0007137159258	5256.263994	28361.36996	2.031730258	13517925.01	1.044022792	0.4893677935	9.99997884	3.07575305
19	1	7.000385767	0.002478453291	7774.898811	24310.22074	0.1672053818	317206.0793	0.7187638591	1.036800117	9.999038418	0.8859692409
19	1	21.54484095	0.0007262966832	3750.568045	28332.4821	2.251902306	12827024.43	0.7705540139	0.5627356654	10	3.02245632
19	1	9.780167158	0.001610342436	1442.081974	26302.78522	0.6452574768	1171379.556	0.7179308433	0.4885214429	10	1.36318832
19	1	6.833387187	0.002330876548	1261.709139	24648.49772	0.2639949904	382251.7184	0.6777966295	0.510138862	10	0.9417916198
19	1	27.01510495	0.0005968057604	2093.988415	28652.62055	3.276509472	26626195.12	0.5919644495	0.6285647734	9.83332677	3.868473922
19	1	10.59922138	0.001581537849	7595.493695	26368.9182	0.694260328	1236889.258	0.693755774	1.042443384	10	1.388016102
19	1	8.081403039	0.002036675389	5350.768292	25323.95957	0.1420870717	575976.9142	0.9357479197	0.5530499457	10	1.077834991
19	1	26.48184556	0.0005842825858	2288.391986	28658.53488	2.944710802	24643174.3	0.81237533	0.4637591822	10	3.757086132
19	1	13.60157018	0.001146923368	1038.479884	27366.75757	1.217890138	3252877.231	0.6960999869	0.4876550042	10	1.913990125
19	1	22.32547969	0.0007049639614	1326.747184	28394.33912	2.474470404	15000664.48	0.7149794391	0.4859680645	9.920429317	3.189449843
19	0	24.98238015	0.0005980335917	-42666.92432	28626.96369	3.019373541	22981644.19	0.6513232735	0.1158002055	10	3.670696815
19	1	19.93135768	0.0007871175797	4088.733131	28192.84229	1.982492114	10076131.72	0.8064177726	0.5567240696	10	2.788909887
19	1	20.32575553	0.0007640181382	1697.355102	28247.26544	2.097120713	11092061.97	0.7829444371	0.4572566138	9.992083109	2.88006515
19	0	28.94272587	0.000515899848	-36809.4701	28815.53606	3.413282551	35801582.71	0.8418068976	0.1	10	4.255089449
19	1	8.677329377	0.001928579069	6692.714917	25572.14005	0.1765386094	679423.494	0.9617088549	0.6440784641	9.999999643	1.138247464
19	1	6.788052798	0.002330876548	17.29554097	24648.49772	0.2639949904	382251.7184	0.6777966295	0.4629454723	10	0.9417916198
19	1	4.267496605	0.004117237629	5436.093708	20547.1585	0.23911979	64445.52395	0.294053225	1.921317759	10	0.533173015
19	1	9.10545563	0.001742987683	2345.213363	25998.24256	0.4422203224	922513.5571	0.8172263286	0.4633280866	10	1.259446651
19	1	23.39857879	0.0007219973661	9782.453865	28342.35299	2.022821277	13057644.81	1.017633028	1.120120868	10	3.040454305
19	1	16.9014704	0.0009912544561	8690.526883	27724.16069	1.444013584	5041958.149	0.7705540139	1.153436147	10	2.214567598
19	1	25.92962986	0.0006024729576	4009.426761	28618.48734	2.789616644	22712701.58	0.8676273052	0.5126425374	9.987593743	3.657243949
19	1	9.932983519	0.001581608293	981.8950945	26368.81038	0.6944274312	1236878.064	0.6935886708	0.4872228019	9.999851533	1.388016102
19	1	30.36186706	0.0005134707558	4498.796514	28821.11306	3.41424075	36312178.76	0.8609783841	0.5447542601	10	4.275219134
19	1	30.13685017	0.000515899848	3001.052136	28815.53606	3.544231038	35801582.71	0.7108584112	0.5669555806	10	4.255089449
19	1	26.10483987	0.0005980340326	4035.939109	28626.96302	2.872034942	22981640.76	0.798661873	0.5590632884	9.999997543	3.670696815
