#gen	Feasible	f1	f2	f3	f4	f5	c1	c2	c3	c4	c5	c6	c7	x1	x2	x3
58	0	64829.23565	202.0993219	549624.0916	4550202.071	26015.49499	-0.04061979972	0.8519575117	35970.36373	14999.3984	8978.531329	2119.326859	471.7801769	0.06736644062	0.01926161099	0.01
58	1	69285.2422	2246.208057	1690602.29	944609.839	233.8517235	0.9906459311	1.078993972	45091.25281	16554.9122	10564.25421	2116.305432	593.3704479	0.748736019	0.05924726396	0.01174492495
58	1	69334.72033	144.6222772	1396661.097	1582582.427	15507.21526	0.3797113896	0.9445597898	39621.03305	15626.44414	9621.48955	2097.794355	520.7692383	0.04820742575	0.04894607632	0.02250947615
58	1	67265.47272	3470.734874	1200654.508	1837230.752	-51.14546715	1.002045819	1.081493972	45202.08011	16573.14837	10582.28607	2119.307101	594.7997175	1.156911625	0.04207701304	0.01
58	1	71432.40682	659.4212472	2009843.276	661406.2143	2796.692382	0.8881323047	1.056475383	44133.02558	16394.9188	10404.03239	2100.963124	580.8446278	0.2198070824	0.07043508449	0.02066533799
58	1	68758.55315	686.8432388	1595156.177	1062113.14	1969.55336	0.9212178656	1.063701059	44485.54056	16451.05762	10457.91735	2119.051157	585.2555831	0.2289477463	0.05590234892	0.010157388
58	1	65371.6754	785.4941098	449168.7182	5698792.476	8728.495651	0.6508601739	1.004229995	42043.93581	16038.01008	10039.66569	2104.522118	552.9496267	0.2618313699	0.01574114608	0.01860042253
58	1	63947.35143	3239.101144	313960.0596	6318370.629	2160.164571	0.9135934172	1.062021716	44418.92637	16439.64252	10446.23482	2119.322446	584.3636068	1.079700381	0.01100275011	0.01
58	1	67213.07124	1246.698283	980998.7368	2679417.31	2557.390737	0.8977043705	1.058563557	44237.38333	16411.40723	10419.74117	2106.916133	582.1409609	0.4155660944	0.03437916266	0.01720710961
58	1	68198.42018	2735.468926	1118474.503	2311157.7	1641.988431	0.9343204627	1.066648668	44536.5775	16464.07137	10474.80449	2099.316494	586.2482151	0.9118229754	0.03919700955	0.02161707249
58	1	64100.70552	484.7791807	354940.5459	5967773.173	16523.19466	0.3390722137	0.9355443866	39332.14043	15572.48749	9562.546814	2119.326562	516.5783713	0.1615930602	0.01243891384	0.01
58	1	67331.80382	2753.299408	1118474.503	2132726.876	633.3810857	0.9746647566	1.075485493	44939.79867	16529.75454	10539.17251	2113.285931	591.4001046	0.9177664693	0.03919700955	0.0135011954
58	1	64243.26504	843.2776918	392658.9275	5663044.034	8220.496999	0.67118012	1.008655984	42272.53449	16073.74759	10073.36801	2119.303016	555.761687	0.2810925639	0.0137607569	0.01001322926
58	1	71181.31806	3401.518011	2148981.381	507243.0565	66.51886641	0.9973392453	1.080476793	45140.91713	16564.01576	10574.06688	2113.374472	594.0784296	1.133839337	0.07531118814	0.01343778382
58	1	66824.10078	3777.223892	989977.5685	2544447.201	431.8618163	0.9827255273	1.077258636	45012.59411	16542.06949	10551.64269	2113.715553	592.3633006	1.259074631	0.03469382638	0.01324973083
58	1	71961.55993	77.24279104	2227878.373	475349.159	17506.71668	0.2997313328	0.9269277073	38938.57488	15508.39912	9499.760957	2105.59123	511.5514394	0.02574759701	0.07807613822	0.0179798122
58	1	65176.24548	1431.049997	553896.5666	4664171.156	3370.7421	0.865170316	1.05137875	43972.61413	16364.72558	10370.87022	2113.987592	578.5007051	0.4770166656	0.01941134014	0.01310002388
58	1	69587.18213	2534.076857	1797415.348	806668.3033	-9.476122552	1.000379045	1.081131612	45182.62054	16570.14322	10579.48597	2117.877725	594.5630213	0.8446922858	0.06299053432	0.01082932725
58	1	65994.64015	304.1869968	771051.8867	3448498.785	12307.61603	0.5076953588	0.9726831223	40807.2398	15825.13795	9821.012039	2113.897262	536.3211937	0.1013956656	0.02702156204	0.01315408213
58	1	66075.02007	1363.256568	784430.1445	3394353.513	2441.338128	0.9023464749	1.059564717	44299.85402	16420.63806	10427.95564	2113.4045	582.8706391	0.4544188559	0.02749040393	0.0134379996
58	1	65960.24398	550.1354642	851861.026	2986622.42	5582.618623	0.7766952551	1.031884423	43206.83595	16233.01493	10235.66772	2119.325117	568.2115934	0.1833784881	0.02985352343	0.01
58	1	64973.37003	271.0558652	580393.0303	4371023.997	18177.518	0.2728992798	0.9209783162	38744.70869	15472.44898	9460.686881	2118.859274	508.7578078	0.09035195508	0.02033991038	0.01027152159
58	1	66817.11648	1886.13252	1060361.231	2249705.212	811.0229992	0.96755908	1.073905882	44892.66675	16520.67218	10529.03643	2118.08227	590.6961261	0.6287108399	0.03716042629	0.01071772281
58	1	64104.24322	1245.182528	355885.9171	5959919.139	5947.826091	0.7620869564	1.028668495	43077.4947	16210.96586	10213.19827	2119.325241	566.4880243	0.4150608428	0.01247204443	0.01
58	1	64091.14869	1218.621618	299030.5784	6571686.157	7629.209609	0.6948316156	1.013872948	42471.41724	16108.35038	10109.21787	2116.107095	558.4625826	0.4062072058	0.01047954549	0.01186986849
58	1	72243.64697	590.5787131	2191981.707	519393.9639	3000.043924	0.879998243	1.05469141	44054.12267	16381.92509	10391.17506	2098.873277	579.8263015	0.196859571	0.07681813727	0.02187956319
58	1	66892.09112	1604.903219	798605.3721	3572273.609	2864.211962	0.8854315215	1.055880424	44109.52246	16390.88499	10399.89882	2101.087656	580.5294614	0.5349677396	0.02798717568	0.02059311227
58	1	68502.95486	585.0865859	1204688.896	2046172.836	4869.190916	0.8052323633	1.038229779	43394.59757	16269.3319	10276.29856	2099.619574	571.0258564	0.195028862	0.04221839841	0.02144765613
58	1	66130.9205	2390.635571	852437.564	3031216.43	889.6381319	0.9644144747	1.073218358	44859.946	16515.41808	10523.95436	2116.601009	590.2835639	0.7968785237	0.02987372824	0.01157818372
58	1	65639.74772	224.9477651	766215.4964	3365077.116	16494.03873	0.3402384509	0.9358011266	39342.46624	15574.24776	9564.340638	2119.32656	516.7159705	0.07498258835	0.02685207044	0.01
58	1	70035.56668	74.07453282	1712030.265	975600.23	23682.37158	0.0527051367	0.8725466266	36751.18332	15135.52533	9119.791001	2105.520931	482.4039246	0.02469151094	0.05999820872	0.01802078181
58	1	65236.12505	973.8285462	554490.5794	4685291.929	5193.534612	0.7922586155	1.035330661	43323.9957	16254.35748	10258.56868	2113.059418	569.8721038	0.3246095154	0.01943215736	0.01363997984
58	1	64276.26853	3712.117507	356099.5679	6053485.742	1683.417286	0.9326633086	1.066228673	44578.67882	16467.47942	10475.10973	2116.560864	586.5361593	1.237372502	0.01247953184	0.01160353257
58	1	70723.08075	182.6382599	2098624.776	530662.0001	7108.613982	0.7156554407	1.018451902	42661.22622	16140.34665	10141.52088	2117.757235	560.9657831	0.06087941997	0.07354643775	0.01091113392
58	1	68329.64279	144.6222772	1323194.686	1638373.794	15480.4193	0.3807832279	0.944758066	39669.29204	15632.09718	9625.087194	2109.564268	521.2258426	0.04820742575	0.04637144131	0.0156715427
58	1	65780.86839	656.2712818	649502.3763	4177086.741	6882.228719	0.7247108512	1.020470198	42715.88494	16151.35848	10154.16645	2110.010181	561.8168934	0.2187570939	0.02276185178	0.01541181616
58	1	71744.5985	882.8308524	2375345.077	360446.7054	749.8792792	0.9700048288	1.074444642	44913.9683	16524.32693	10532.78056	2117.974628	590.9816832	0.2942769508	0.08324411816	0.01077998474
58	1	71980.55251	948.0333746	2406871.82	348753.0708	771.4627968	0.9691414881	1.074260671	44900.06012	16522.37184	10531.13771	2116.071983	590.8264777	0.3160111249	0.08434897487	0.01188484144
58	1	70357.67396	735.7932739	1735971.998	964161.043	2823.387076	0.887064517	1.056237742	44126.2195	16393.58276	10402.52312	2101.767282	580.7411942	0.2452644246	0.06083724826	0.02019828256
58	0	70195.67437	30	1755984.557	917284.0294	56689.13927	-1.267565571	0.5818968782	25061.79575	13142.79559	7089.05536	2105.591812	326.6329558	0.01	0.06153858963	0.0179798122
58	1	73933.66038	791.2661099	2643600.37	276867.5537	2124.228384	0.9150308647	1.062403627	44364.29999	16434.80167	10445.05977	2098.869393	583.9596468	0.26375537	0.09264514183	0.02187956319
58	1	63987.52578	1591.647238	324695.7653	6224580.697	4991.0661	0.800357356	1.03709349	43416.33917	16268.72939	10272.0631	2119.324883	571.0033809	0.5305490793	0.01137898359	0.01
58	1	66572.18079	205.0048378	784724.4929	3552653.368	18724.6443	0.2510142281	0.9162035066	38506.64728	15434.80659	9424.798158	2105.412634	505.7985109	0.06833494593	0.02750071939	0.01808360279
58	1	65170.00449	1399.731522	640687.0194	4008099.656	2552.099884	0.8979160047	1.05857043	44280.11923	16415.97978	10422.12093	2119.323032	582.5138977	0.4665771739	0.02245291704	0.01
58	1	67493.87462	1952.12006	1241209.861	1748694.637	551.3535226	0.9779458591	1.076192468	44984.63084	16536.34949	10545.01264	2118.080209	591.9216166	0.6507066866	0.04349827793	0.01071772281
58	1	67023.4358	478.5706083	1134138.086	2016890.594	4723.667953	0.8110532819	1.039448487	43510.67535	16284.83531	10288.49646	2119.21392	572.2622373	0.1595235361	0.03974594082	0.01006439227
58	1	66475.7063	716.5062732	820134.6057	3310625.349	5030.742994	0.7987702803	1.036776834	43368.61401	16262.82906	10267.92913	2109.101685	570.5293793	0.2388354244	0.02874166903	0.01593916795
58	1	64244.41481	1912.136423	393343.6707	5656903.838	3190.106447	0.8723957421	1.0529523	44054.16393	16377.4607	10382.86746	2119.323736	579.5028739	0.6373788076	0.01378475377	0.01
58	1	67915.28363	1778.337441	1283996.724	1687910.48	928.6276427	0.9628548943	1.07288377	44837.14216	16512.12784	10521.1033	2113.868907	590.0229544	0.5927791469	0.04499774626	0.01316475711
58	1	65097.0268	1401.677058	557429.9985	4601661.181	3318.18311	0.8672726756	1.051836801	43996.13667	16368.40966	10374.35068	2115.477765	578.7905508	0.467225686	0.01953516949	0.01223431029
58	1	67042.93111	1993.879034	1015145.089	2485343.33	1250.188124	0.9499924751	1.070059088	44716.15855	16491.97488	10500.96229	2111.714591	588.4449103	0.6646263446	0.03557582374	0.01441708331
58	1	64367.43337	2190.065051	426217.6589	5403689.147	2421.843693	0.9031262523	1.059717434	44326.25054	16423.84388	10430.13497	2119.322853	583.1286319	0.7300216838	0.01493682476	0.01
58	1	64278.02354	1144.945674	351671.2549	6101301.958	6842.241957	0.7263103217	1.020802271	42750.66532	16155.91874	10157.6632	2116.269929	562.1811896	0.3816485579	0.01232434133	0.01177515879
58	1	67813.8366	1066.881379	1227059.394	1846249.108	2027.253986	0.9189098406	1.063215295	44442.12791	16445.18239	10453.21217	2112.074387	584.7876012	0.3556271263	0.04300237391	0.01421007625
58	1	68537.87007	3359.091376	1381634.995	1508814.551	564.2981291	0.9774280748	1.076105241	44952.51535	16532.70241	10542.83216	2109.711263	591.6260809	1.119697125	0.0484194856	0.01557355048
58	0	67654.71822	31.88962707	1190037.962	1940257.017	78117.22516	-2.124689006	0.393184559	17495.32781	11851.43254	5771.817944	2112.412314	225.6960352	0.01062987569	0.0417049555	0.01401734831
58	1	70856.19329	245.7234695	1942705.86	704693.9417	6407.849562	0.7436860175	1.024659644	42871.35962	16178.69444	10182.72276	2106.205763	563.9489836	0.08190782316	0.06808224948	0.01762192337
58	1	67089.69234	2574.770223	1033547.874	2417479.824	872.7856913	0.9650885723	1.073381261	44850.99241	16514.88238	10524.24104	2112.067801	590.2360271	0.8582567409	0.03622075049	0.01421007625
58	1	67296.11316	2416.845581	903388.7992	3090518.212	1919.489318	0.9232204273	1.064200035	44443.47145	16447.85596	10457.99126	2100.891289	584.9826237	0.8056151938	0.0316593175	0.0207046438
58	1	70897.9606	1206.425012	1911583.664	746793.1303	1649.212266	0.9340315093	1.066571206	44548.26886	16465.11842	10475.07641	2103.646238	586.3354685	0.4021416705	0.06699157016	0.01910375432
58	1	64779.05393	1151.240261	285346.8965	7173244.747	9376.220999	0.62495116	0.9985273375	41813.45428	15998.79139	9999.759765	2104.19307	549.8835028	0.3837467536	0.01	0.01879165831
58	1	64674.52242	607.2302243	462251.7271	5221863.987	10032.05357	0.5987178572	0.9927126766	41621.88609	15963.43238	9961.455661	2116.549506	547.1349401	0.2024100748	0.01619964096	0.01161307797
58	1	65935.16265	496.7014517	818527.158	3157618.963	6667.054348	0.7333178261	1.022340291	42817.48254	16166.99234	10168.6816	2117.718967	563.0486202	0.1655671506	0.02868533592	0.0109333004
58	1	65489.13845	2205.266035	388404.6671	6403683.799	4168.990373	0.8332403851	1.04439768	43640.41192	16311.38028	10319.26956	2098.960815	574.3119426	0.7350886784	0.01361166608	0.02182994597
58	1	65543.2748	340.5115748	525596.1695	5069190.372	16786.1436	0.3285542559	0.9332704135	39196.32749	15552.16908	9544.222826	2106.367077	514.973893	0.1135038583	0.01841955094	0.01752904897
58	0	65560.97698	30	745165.762	3465212.743	132303.4414	-4.292137656	-0.08398814581	-1672.391846	8582.359217	2439.14631	2119.327291	-29.83775723	0.01	0.02611438117	0.01
58	1	64993.04694	1099.069596	590562.9624	4302198.069	3830.358695	0.8467856522	1.047314943	43826.84979	16338.7474	10343.4475	2119.153162	576.4764531	0.3663565321	0.0206963163	0.01009939029
58	1	65969.5551	3328.767175	848702.6926	3005674.049	312.3945085	0.9875042197	1.078293818	45072.20749	16551.0832	10559.86281	2118.97303	593.074464	1.109589058	0.02974283944	0.01019788279
58	1	66619.8193	207.8260851	777979.4277	3610505.612	18716.05772	0.251357691	0.9162828791	38505.81862	15434.92222	9425.13191	2104.237842	505.806082	0.06927536172	0.02726433815	0.01876611949
58	0	64960.71736	154.1175433	553896.5666	4571894.832	34215.82393	-0.3686329572	0.7797533814	33060.01706	14503.67263	8473.696328	2117.46527	433.0271231	0.05137251444	0.01941134014	0.01108159938
58	1	67518.0408	3548.121737	1268147.737	1672364.611	-103.87915	1.004155166	1.081958332	45220.75618	16576.33212	10585.53052	2119.305482	595.0485901	1.182707246	0.04444231748	0.01
58	1	65226.37267	834.7602351	404641.6598	6075469.538	9128.588411	0.6348564636	1.000707976	41901.10747	16013.737	10014.99299	2104.178471	551.0517779	0.2782534117	0.01418069251	0.01880011352
58	1	64483.03214	835.9565592	456991.0945	5177146.789	7022.287327	0.7191085069	1.019207075	42696.94196	16146.09379	10147.09067	2119.318435	561.4169864	0.2786521864	0.01601528175	0.01000412742
58	1	65792.61729	1604.903219	798605.3721	3226074.278	1592.582935	0.9362966826	1.067021335	44618.25892	16473.73476	10481.07087	2118.810767	587.0279491	0.5349677396	0.02798717568	0.01029652096
58	1	65324.78653	504.4792908	632957.7141	4121085.224	8763.507099	0.649459716	1.003883778	42070.54378	16039.95639	10039.47262	2116.364571	553.1165672	0.1681597636	0.02218204305	0.01172041048
58	1	68214.22067	663.2597746	1138135.351	2236705.137	4543.573857	0.8182570457	1.041095035	43512.02456	16289.21005	10296.43813	2100.258998	572.5805241	0.2210865915	0.03988602521	0.02107602869
58	1	63840.2774	640.2495681	285346.8965	6575303.126	15517.71305	0.3792914778	0.9443984117	39688.24006	15633.19254	9624.409251	2119.32651	521.3236657	0.2134165227	0.01	0.01
58	1	64243.71292	1623.234563	330229.1445	6313120.721	5056.835135	0.7977265946	1.036526497	43380.54326	16263.45724	10267.38807	2115.52893	570.5865156	0.5410781875	0.01157290122	0.01220527932
58	1	66182.01094	1924.09574	851652.858	3049769.951	1307.740276	0.947690389	1.069539441	44709.00301	16489.87696	10498.08634	2115.732059	588.285934	0.6413652466	0.02984622817	0.01208414664
58	1	66021.01711	889.8886729	868101.3002	2919813.521	3085.730559	0.8765707776	1.053871409	44091.12951	16383.76231	10389.28921	2119.323637	579.995468	0.2966295576	0.03042266486	0.01
58	0	65939.73803	30	820666.2288	3147223.059	120172.5751	-3.806903005	0.02283826164	2618.745368	9314.217544	3185.243175	2117.776106	27.36943963	0.01	0.02876029979	0.01090118509
58	1	67476.74622	605.5094912	948373.2635	2906104.534	5751.47334	0.7699410664	1.030457155	43085.68975	16216.43541	10222.19494	2100.700927	566.8923051	0.2018364971	0.03323580089	0.0208197921
58	1	71598.86213	640.2495681	1998446.237	685145.7467	3118.932198	0.8752427121	1.053648609	44007.79891	16374.30824	10383.64836	2097.592661	579.2292941	0.2134165227	0.07003567451	0.02262360481
58	1	70225.54007	435.3080965	1718317.07	982133.3295	4395.017393	0.8241993043	1.04239494	43573.12156	16299.06212	10306.00464	2102.834835	573.353876	0.1451026988	0.06021853018	0.01957956447
58	1	64093.9613	2230.505624	328056.8256	6249652.783	3408.893735	0.8636442506	1.051030557	43971.69504	16363.73291	10369.156	2117.810879	578.4278856	0.7435018746	0.01149677216	0.01087898192
58	1	68399.45079	1842.143931	1284024.863	1765318.833	1443.331671	0.9422667332	1.068376394	44629.15334	16478.37785	10488.14393	2106.06561	587.3749775	0.614047977	0.04499873236	0.01769800481
58	1	64459.56126	694.3827988	450836.7975	5221508.891	8737.347466	0.6505061014	1.004104653	42089.56263	16042.55102	10041.57246	2119.325875	553.3230889	0.2314609329	0.01579960403	0.01
58	1	69365.84898	223.7885274	1200632.946	2232295.708	12735.71002	0.4905715992	0.9690044517	40561.98196	15789.54516	9789.96571	2085.467503	533.5033907	0.07459617581	0.04207625739	0.02967081543
58	1	67159.11561	479.9427851	777979.4277	3795620.726	8908.296536	0.6436681385	1.002675457	41950.6835	16024.07653	10027.11663	2095.543554	551.8492255	0.1599809284	0.02726433815	0.02381663871
58	1	67004.21316	1936.879542	1008433.354	2505527.929	1287.776471	0.9484889412	1.069727392	44703.56853	16489.78069	10498.68596	2111.934193	588.2736651	0.6456265139	0.03534061055	0.01428970221
58	1	65289.5942	509.5747186	344869.8338	6780989.256	17580.8705	0.2967651801	0.9262940537	38892.42863	15501.85252	9494.199006	2099.554617	511.0321505	0.1698582395	0.01208598509	0.02148689162
58	1	67417.23591	260.7857057	1241209.861	1736313.404	8425.099574	0.6629960171	1.006854231	42200.1478	16061.4027	10060.78357	2119.325823	554.7967193	0.08692856855	0.04349827793	0.01
58	1	67755.40462	2453.956319	1268729.453	1707846.553	462.4743354	0.9815010266	1.076983299	45007.68974	16540.83927	10550.05773	2115.521107	592.2693871	0.8179854396	0.04446270378	0.01220252996
58	1	70849.0769	148.0431171	1884637.557	779101.951	11081.26468	0.5567494128	0.9835175409	41205.07098	15895.37962	9894.629013	2102.818666	541.7981194	0.04934770569	0.06604724214	0.01959028562
58	1	65643.47591	1737.96418	553896.5666	4870656.794	3248.393289	0.8700642684	1.052480237	43991.13655	16369.5301	10377.15057	2106.455182	578.8668613	0.5793213932	0.01941134014	0.01747564485
58	1	66183.76655	397.9261367	564461.6791	5027575.999	13981.19487	0.4407522053	0.957995655	40163.43762	15718.7794	9715.476352	2098.386798	527.9877973	0.1326420456	0.01978159518	0.02216522098
58	1	68194.82606	192.6990707	1449003.613	1299914.981	9888.691789	0.6044523284	0.993966196	41681.80451	15973.03964	9970.735797	2119.32604	547.8894064	0.06423302357	0.05078042307	0.01
58	1	64248.36255	737.3089895	389505.4361	5696894.528	9614.422666	0.6154230934	0.9963822879	41777.96694	15989.49719	9987.561376	2119.030836	549.1755195	0.2457696632	0.0136502426	0.01017148182
58	1	70370.77671	1210.607416	1839856.848	805702.6978	1395.577084	0.9441769166	1.068791301	44651.83588	16481.86154	10491.37211	2107.81795	587.6494857	0.4035358053	0.06447789938	0.01668033887
58	1	69823.35276	177.0738804	1847411.991	755829.0877	8487.680869	0.6604927652	1.006310259	42170.67626	16056.86378	10056.56586	2117.107216	554.4391405	0.05902462681	0.06474266986	0.01128893374
58	1	64827.88156	3380.017728	518399.1395	4803655.178	1066.29714	0.9573481144	1.071660006	44800.19623	16505.0455	10513.22693	2117.457151	589.4738107	1.126672576	0.01816733057	0.01108159938
58	1	69391.29503	379.6845781	1175386.216	2338053.419	8468.744093	0.6612502363	1.006584499	42066.79575	16046.49663	10052.17145	2083.533533	553.5867907	0.126561526	0.04119148412	0.03079389139
58	1	65205.04959	891.833595	404641.6598	6063470.559	8540.332416	0.6583867034	1.005886914	42110.57538	16049.37027	10051.24247	2104.522079	553.8376489	0.297277865	0.01418069251	0.01860042253
58	1	67431.95958	2798.321505	1145238.91	2054674.539	595.6274426	0.9761749023	1.075817942	44953.16943	16532.03389	10541.49531	2113.285321	591.5782801	0.9327738349	0.04013496991	0.0135011954
58	1	65371.526	3432.662623	694539.1823	3718420.357	482.7320895	0.9806907164	1.076792776	45013.00296	16540.916	10549.43916	2119.315786	592.2801227	1.144220874	0.02434016948	0.01
58	1	66555.78659	275.8078931	817052.1258	3353233.527	13275.02001	0.4689991997	0.9641844757	40443.97062	15764.58193	9760.453951	2107.626645	531.5797126	0.09193596435	0.02863364332	0.01679714692
58	1	64263.18263	918.3138014	393253.1341	5667648.381	7494.417869	0.7002232852	1.015050573	42528.74193	16117.48618	10117.99293	2119.017649	559.1803622	0.3061046005	0.01378158091	0.01017893387
58	1	68194.05338	680.4545338	976199.9336	2959142.887	5758.712428	0.7696515029	1.030425055	43050.56829	16212.6096	10220.11279	2090.816314	566.5808912	0.2268181779	0.0342109883	0.02656219861
58	1	65664.25301	349.2308067	703419.0913	3762139.489	11644.5263	0.5342189479	0.9785181391	41046.18272	15865.59858	9862.015083	2115.143203	539.4855455	0.1164102689	0.02465136646	0.01243019651
58	1	65481.12434	916.6518856	397171.5963	6302056.792	8819.623505	0.6472150598	1.003443235	41995.51919	16030.82809	10033.24749	2099.621234	552.3820882	0.3055506285	0.01391890366	0.02144765613
58	1	71486.15863	1397.407176	2187544.826	487920.8841	818.3600509	0.967265598	1.073864548	44866.12266	16517.73684	10527.38121	2110.807484	590.4575872	0.4658023921	0.0766626465	0.01494116258
58	1	66341.06056	545.6349878	948373.2635	2615669.142	5006.407741	0.7997436903	1.03695941	43409.86214	16267.69452	10271.06673	2119.008036	570.9220897	0.1818783293	0.03323580089	0.01018407638
58	1	69266.92597	253.4730749	1177604.319	2302345.824	11615.53648	0.5353785409	0.978867768	40959.37751	15857.24508	9858.918614	2085.672835	538.7957287	0.08449102495	0.0412692177	0.02955143943
58	1	69504.72755	3507.658884	1679191.739	983360.1976	258.7828644	0.9896486854	1.078787965	45068.50206	16551.95802	10562.02046	2112.068913	593.1342395	1.169219628	0.05884738049	0.01420029247
58	1	65793.10179	1184.768822	798605.3721	3226219.195	2416.186744	0.9033525302	1.059768907	44326.54709	16424.00775	10430.3972	2118.804591	583.140794	0.3949229407	0.02798717568	0.01030105827
58	1	65282.63353	252.3282803	543658.6763	4795066.479	21470.08659	0.1411965362	0.8920078176	37554.89846	15271.19424	9256.918549	2111.658282	493.0167896	0.08410942678	0.01905255263	0.01445513734
58	1	67636.70851	144.468723	963005.9973	2875376.019	22074.8268	0.1170069281	0.886723127	37299.05304	15230.34621	9217.616855	2099.007185	489.8079028	0.04815624102	0.03374860596	0.02180503657
58	1	65682.46319	1765.374402	583272.2229	4644715.751	2965.151405	0.8813939438	1.054970735	44095.2157	16387.02263	10394.76644	2107.598384	580.2356758	0.5884581341	0.02044081187	0.01681128967
58	1	65198.37254	354.7062713	417604.6567	5924568.342	20315.69739	0.1873721042	0.9021930822	37943.16266	15338.74819	9326.90833	2105.412696	498.289656	0.1182354238	0.01463498155	0.01808360279
58	1	71848.68768	895.2561923	2425417.228	333575.6545	604.9837802	0.9758006488	1.075716258	44969.70651	16533.53516	10541.9176	2119.316823	591.703165	0.2984187308	0.08499889985	0.01
58	1	67360.6204	257.6791519	790206.951	3785789.586	15730.77899	0.3707688403	0.9426063837	39526.17518	15611.31453	9606.94643	2093.033783	519.580613	0.08589305064	0.02769285248	0.02527522025
58	1	65736.78679	1331.433628	786966.6772	3275075.545	2096.472986	0.9161410806	1.062583569	44440.45396	16443.38071	10450.10171	2119.009808	584.6554292	0.4438112094	0.02757929688	0.01018154619
58	1	69582.58951	295.9430901	1815155.617	781815.6063	4793.000121	0.8082799952	1.038838518	43485.55259	16280.5903	10284.20222	2119.041449	571.9301908	0.0986476967	0.06361224319	0.0101646084
58	1	64687.02772	327.5854554	511622.1722	4797571.656	16984.05555	0.3206377779	0.9314861583	39168.92273	15544.66343	9534.192265	2119.326584	514.4033731	0.1091951518	0.01792983132	0.01
58	1	69284.35581	2328.364704	1144590.974	2442415.029	2928.860783	0.8828455687	1.055367785	44028.35053	16380.91624	10392.99161	2083.388925	579.7280985	0.776121568	0.04011226293	0.03087162497
58	1	64945.78095	1956.625315	580768.2427	4357012.237	1852.813413	0.9258874635	1.064728175	44527.77732	16458.19857	10465.14466	2119.321865	585.8141273	0.6522084382	0.02035305973	0.01
58	1	67827.57239	772.2315819	1158185.896	2083957.197	3394.92869	0.8642028524	1.051185896	43943.34047	16361.10997	10368.3411	2107.700427	578.2102182	0.2574105273	0.04058869782	0.01675238825
58	1	70518.72547	685.0483736	1799057.385	876925.6729	2821.417281	0.8871433088	1.056251216	44130.90053	16394.1163	10402.84457	2102.976826	580.7844119	0.2283494579	0.06304807961	0.0194957013
58	1	65352.67627	2651.748075	528000.0503	4959610.966	2058.619462	0.9176552215	1.062947088	44422.79981	16442.43318	10450.86918	2109.578513	584.5695778	0.8839160248	0.01850379509	0.01565984632
58	1	68464.16158	724.4828356	1448535.172	1333870.715	2383.137293	0.9046745083	1.060072264	44325.56481	16424.68255	10431.79277	2114.952442	583.1887303	0.2414942785	0.05076400655	0.01253874825
58	1	66448.6502	391.6080119	748485.9672	3740788.265	10396.07815	0.5841568742	0.9895434463	41455.63656	15937.56953	9937.182447	2105.217289	545.0990884	0.130536004	0.02623073797	0.01819671813
58	1	68702.69625	138.7866408	1583250.456	1078744.169	12779.28282	0.4888286872	0.9685126424	40657.78566	15798.4924	9792.876978	2119.237644	534.2449927	0.04626221359	0.05548511217	0.0100515239
58	1	68678.7501	772.2315819	1083281.512	2569000.924	4933.554144	0.8026578343	1.037695531	43338.34563	16261.96365	10270.65662	2089.461683	570.4371897	0.2574105273	0.03796366897	0.02734871106
58	1	67644.66648	1074.43138	963005.9973	2877498.293	3577.150498	0.8569139801	1.049609551	43849.7356	16347.0828	10355.66847	2098.874543	577.1026906	0.3581437933	0.03374860596	0.02187956319
58	1	65608.04188	580.5146771	649502.3763	4110689.071	7593.076818	0.6962769273	1.014201724	42473.30874	16109.3968	10110.89272	2112.79632	558.5402435	0.1935048924	0.02276185178	0.01379329292
58	1	66436.54541	2358.239752	850428.9316	3129253.894	1275.35905	0.948985638	1.069837955	44706.71294	16490.39993	10499.38694	2111.553442	588.3215953	0.7860799175	0.02980333559	0.01451075895
58	1	68724.97079	1842.143931	1283924.12	1819727.491	1820.356161	0.9271857536	1.065073227	44478.32292	16453.81424	10464.07751	2100.812272	585.4482836	0.614047977	0.04499520184	0.02075003567
58	1	69361.22142	2000.254832	1743149.9	868167.0129	164.1021454	0.9934359142	1.079601943	45122.36188	16559.7901	10568.86765	2118.251948	593.7541828	0.6667516105	0.06108879827	0.01061493734
58	1	64788.6097	1217.260795	351235.1888	6401928.355	7004.382838	0.7198246865	1.019400933	42666.04466	16143.29882	10146.32018	2108.013044	561.184377	0.4057535984	0.01230905936	0.01657208891
58	1	66099.50795	135.7804399	874128.5969	2910455.229	24362.90347	0.02548386104	0.8665127152	36552.67267	15098.86299	9080.058009	2118.425155	479.5541661	0.04526014663	0.03063389186	0.01052384108
58	1	65578.263	900.6319894	749785.0672	3442986.095	3640.194231	0.8543922308	1.048988937	43894.76162	16350.28706	10355.17573	2119.324111	577.3787186	0.3002106631	0.02627626501	0.01
58	1	63946.82385	2230.505624	285397.1111	6639997.714	4031.017936	0.8387592826	1.045552928	43750.70087	16326.10363	10330.84633	2117.609839	575.4861653	0.7435018746	0.01000175977	0.01099604953
58	1	66041.4768	283.2225966	729302.6237	3724470.112	14261.08573	0.429556571	0.9554918261	40104.62011	15706.07671	9700.282413	2110.624024	527.0101233	0.09440753222	0.02555845649	0.01505581368
58	1	67408.09145	3276.027324	1065323.84	2355977.636	838.0239873	0.9664790405	1.073697659	44852.7113	16515.87859	10525.84726	2108.848067	590.3098826	1.092009108	0.03733434122	0.01607829866
58	1	71579.6459	2245.179069	2353521.771	368714.6456	-202.0367929	1.008081472	1.082822684	45255.51952	16582.2583	10591.56969	2119.30166	595.5118377	0.748393023	0.08247931904	0.01
58	1	63959.67592	2431.968505	302876.3247	6448771.004	3335.779845	0.8665688062	1.051672312	43999.71582	16368.36847	10373.76127	2118.456556	578.7910529	0.8106561682	0.01061431992	0.01050384924
58	1	65807.81042	524.283797	755300.256	3483456.232	6988.750714	0.7204499714	1.019513149	42697.75025	16146.96642	10148.59755	2115.957937	561.4810004	0.1747612657	0.02646954515	0.01195643544
58	1	70398.67305	2558.826209	1876590.912	757773.3856	552.7952055	0.9778881918	1.076206977	44956.13171	16533.34927	10543.51688	2109.57159	591.6764722	0.8529420696	0.06576524697	0.01565424098
58	1	67449.96105	496.7014517	1054789.79	2408891.711	5757.589175	0.769696433	1.030381367	43106.09039	16218.41502	10222.95314	2107.552162	567.0556111	0.1655671506	0.03696517478	0.0168395746
58	1	71576.98798	336.6618934	2080376.252	592912.2189	4661.421749	0.8135431301	1.040048872	43478.95399	16282.99711	10289.6232	2102.89024	572.0981484	0.1122206311	0.07290691706	0.01954751045
58	0	71823.867	30	2303822.679	411225.3885	42773.22115	-0.710928846	0.7044152763	30012.63407	13985.28822	7946.360871	2112.392378	392.4988373	0.01	0.08073761122	0.0140288426
58	1	66177.38776	315.8497335	871463.1085	2945174.135	10208.6669	0.5916533241	0.9911559943	41560.84788	15952.92676	9950.665449	2117.008212	546.3142928	0.1052832445	0.03054047965	0.01134659905
58	1	67560.94063	140.7678309	1063023.025	2399188.056	20051.80356	0.1979278577	0.9045141487	38039.41935	15354.97161	9343.285033	2106.261678	499.558897	0.04692261029	0.03725370903	0.01759036609
58	1	66407.97953	902.3845039	861258.0639	3062720.59	3539.750917	0.8584099633	1.049894709	43908.42828	16354.07114	10360.25425	2112.673128	577.6662081	0.3007948346	0.03018284321	0.01386373138
58	1	69673.17327	100.6173702	1574967.421	1197440.57	19171.39316	0.2331442737	0.912276967	38340.7919	15407.03978	9396.927993	2103.094566	503.6250916	0.03353912338	0.05519483268	0.01943033738
58	1	67347.58587	641.4151661	1023968.831	2517592.965	4623.89586	0.8150441656	1.040365062	43506.90909	16286.7891	10292.66923	2107.342593	572.4001308	0.2138050554	0.03588505232	0.01696095174
58	0	64191.25293	30	296945.8021	6657066.755	333517.1433	-12.34068573	-1.855810914	-72950.22013	-3567.4369	-9941.383893	2114.369426	-979.589693	0.01	0.01040648438	0.01288040753
58	1	70304.95403	465.0065647	1721883.763	983270.0776	4209.723005	0.8316110798	1.044030007	43635.23716	16309.88397	10317.22855	2101.769604	574.1984865	0.1550021882	0.06034352517	0.02019828256
58	1	72471.96874	262.3551928	2515880.304	301947.0749	4071.15748	0.8371537008	1.045208676	43727.01274	16322.69431	10327.90054	2114.734008	575.2160663	0.08745173093	0.08816918407	0.01266675366
58	1	67043.16674	330.7187392	837867.6697	3383440.634	11283.37022	0.5486651914	0.9817435896	41127.5875	15882.56294	9881.897517	2101.025634	540.794003	0.1102395797	0.02936312537	0.02063198832
58	1	68991.59383	117.9086846	1661922.156	966276.3074	14415.7331	0.4233706759	0.9541021776	40078.51538	15699.72359	9692.208766	2119.326445	526.5243769	0.03930289488	0.05824216687	0.01
58	1	69594.85514	2779.999604	1797415.348	807242.3653	-58.376014	1.002335041	1.081562608	45199.53143	16573.0531	10582.47407	2117.751885	594.7903313	0.9266665348	0.06299053432	0.01090118509
58	1	65382.85049	529.1147165	377179.8531	6465951.037	15527.29854	0.3789080585	0.944375879	39621.18635	15625.9879	9620.619202	2100.000238	520.7363311	0.1763715722	0.01321829176	0.02122793177
58	1	65374.59758	352.0331523	510007.7683	5127745.314	16605.93282	0.3357626874	0.934851611	39266.00951	15563.65897	9555.604869	2108.14577	515.8742763	0.1173443841	0.01787325444	0.01649568046
58	1	68666.50889	330.3076398	1448454.136	1359322.469	6000.560885	0.7599775646	1.028228575	43033.66422	16205.1639	10208.68919	2111.688572	566.0249439	0.1101025466	0.05076116662	0.0144365742
58	1	68906.81885	187.9334442	1517736.821	1232094.31	10190.13877	0.5923944493	0.9913351985	41550.89698	15952.32665	9950.975254	2111.995052	546.2611179	0.06264448141	0.05318918269	0.01425906508
58	1	67831.92892	3349.435258	1299405.079	1630607.914	146.2442039	0.9941502318	1.079765969	45121.71715	16560.14286	10569.616	2116.131934	593.7791142	1.116478419	0.045537733	0.01184415206
58	1	64053.13035	1249.556803	286482.1452	6693117.365	7786.165202	0.6885533919	1.012491297	42415.35546	16098.82492	10099.53729	2115.963026	557.7178005	0.4165189342	0.01003978486	0.01195358665
58	0	67229.43411	35.67881432	1146741.626	2011188.57	72133.15487	-1.885326195	0.4458652315	19628.61427	12214.17035	6140.691678	2116.656015	254.0564384	0.01189293811	0.04018763266	0.01155187816
58	1	69407.89587	928.0842656	1177604.319	2332634.612	4534.484588	0.8186206165	1.041229054	43459.70558	16283.97814	10294.20531	2083.396583	572.1504782	0.3093614219	0.0412692177	0.03087162497
58	1	65603.92815	364.4943998	403865.2419	6300410.489	20969.77973	0.1612088109	0.8964569768	37687.25035	15296.73308	9285.446	2098.04651	494.9961433	0.1214981333	0.0141534829	0.02236313671
58	1	72288.92908	468.3212858	2543061.996	283152.5148	1732.746574	0.930690137	1.065785455	44570.29999	16465.4475	10472.53179	2119.321598	586.3807737	0.1561070953	0.08912176817	0.01
58	1	65851.90829	384.2070425	496255.3984	5489560.681	16250.72727	0.3499709094	0.9380067535	39363.73231	15582.18188	9576.047491	2099.622079	517.3115553	0.1280690142	0.01739130176	0.02144765613
58	1	64670.68308	478.5706083	336236.9285	6499742.916	18461.80642	0.2615277432	0.9185064736	38611.58475	15451.90872	9441.565099	2109.010556	507.1398756	0.1595235361	0.01178344438	0.01599331911
58	0	66935.38289	146.0126308	773465.6613	3747012.204	27042.24631	-0.08168985239	0.8429816566	35539.37778	14930.39874	8911.974234	2098.879033	466.3609435	0.04867087695	0.02710615292	0.02187956319
58	1	66151.06077	2269.414234	774139.4833	3480127.576	1485.309781	0.9405876087	1.06798918	44632.35715	16477.72434	10486.46968	2111.554653	587.3307487	0.7564714114	0.02712976706	0.01451075895
58	1	71902.45486	1719.684127	2439785.316	326965.3984	-55.99561478	1.002239825	1.081536681	45203.79783	16573.4412	10582.58448	2119.306962	594.8226074	0.5732280422	0.08550243041	0.01
58	1	68144.59085	455.5245671	1416274.54	1369696.997	3929.497779	0.8428200888	1.046445129	43788.46661	16332.42137	10337.18345	2118.159758	575.9807083	0.1518415224	0.04963343065	0.01067653874
58	1	67651.44966	289.7454677	1207433.741	1881838.023	8155.014909	0.6737994037	1.009251141	42276.65339	16075.7159	10076.438	2113.512825	555.9083133	0.09658182256	0.04231459166	0.01337710201
58	1	70833.18845	242.1976479	1959689.506	682716.2928	6343.660883	0.7462535647	1.025220407	42898.68861	16183.04816	10186.90304	2107.601087	564.2910555	0.0807325493	0.06867744245	0.01681128967
58	1	64624.5023	392.2197697	344624.4341	6378206.094	21893.1115	0.12427554	0.8882872372	37400.47828	15245.17545	9230.66049	2110.261046	490.981163	0.1307399232	0.01207738505	0.01526689465
58	1	69747.79182	2437.083429	1247228.977	2132649.998	2883.08412	0.8846766352	1.055774978	44040.34939	16383.24142	10395.59621	2082.107979	579.9082588	0.8123611431	0.04370921825	0.0316147558
58	1	65750.16892	776.3574686	544299.8905	5001904.747	7362.79644	0.7054881424	1.016257169	42526.41477	16120.33859	10123.63052	2104.159074	559.3847672	0.2587858229	0.01907502402	0.01881114287
58	1	72700.43508	2394.677632	2597779.207	267449.469	-47.69083524	1.001907633	1.081474221	45189.87901	16571.7972	10581.52165	2115.964406	594.6899321	0.7982258774	0.09103933631	0.01193619262
58	1	65419.51998	331.0984451	580768.2427	4552646.173	15252.87779	0.3898848883	0.9467549352	39756.87964	15646.56358	9639.43873	2111.689966	522.3593331	0.1103661484	0.02035305973	0.0144365742
58	1	66839.91669	3580.809918	886436.0408	3051217.587	1039.943289	0.9584022684	1.071924832	44775.82409	16503.12835	10513.15388	2107.217562	589.3111611	1.193603306	0.031065207	0.01702646651
58	1	70535.47993	626.036699	1969403	652999.5131	2102.593953	0.9158962419	1.062548964	44418.43494	16440.94495	10448.72715	2112.982279	584.4574957	0.2086788997	0.06901785245	0.01368283431
58	1	68247.74536	300.1237326	1285129.292	1737321.32	7718.086293	0.6912765483	1.013114397	42415.17159	16100.40643	10102.50451	2108.58731	557.8322099	0.1000412442	0.04503743716	0.01623857604
58	1	65334.07239	776.4209888	432363.5067	5847468.594	9187.807161	0.6324877136	1.000186715	41879.92433	16010.13983	10011.33898	2104.11463	550.7705084	0.2588069963	0.01515220639	0.01883720935
58	1	66006.70307	715.7540184	528392.0286	5266060.192	8554.27983	0.6578288068	1.005781569	42087.65912	16046.65711	10049.48062	2099.064466	553.6187423	0.2385846728	0.018517532	0.02177108164
58	1	66412.03649	1830.453622	795985.1754	3432379.46	2041.038161	0.9183584736	1.063104822	44426.02501	16443.18224	10451.79998	2108.66705	584.6269928	0.6101512074	0.02789535072	0.01618921738
58	1	65873.38117	737.3089895	828595.2726	3085062.359	4104.427721	0.8358228912	1.044901021	43730.33884	16322.25827	10326.61315	2119.321191	575.187713	0.2457696632	0.02903817363	0.01000187807
58	1	66849.77886	993.4646961	1089569.527	2144712.206	1983.158835	0.9206736466	1.063580386	44481.61441	16450.32908	10457.12513	2119.322127	585.198972	0.3311548987	0.03818403286	0.01
58	1	69640.82293	351.3487171	1403822.337	1607977.84	7134.088117	0.7146364753	1.018305914	42571.61514	16130.42057	10135.90215	2093.290654	560.159291	0.117116239	0.0491970424	0.02512516617
58	1	64851.4768	1204.434548	554025.6464	4524807.577	3699.633196	0.8520146721	1.04846583	43873.40445	16346.6666	10351.50334	2119.23114	577.095592	0.4014781828	0.01941586375	0.01005403596
58	1	68630.69735	2582.05634	1423856.542	1414060.955	657.0860791	0.9737165568	1.075284809	44923.1141	16527.46059	10537.29733	2110.766494	591.2176424	0.8606854468	0.0498991424	0.01496322275
58	1	67858.63063	2226.109789	1143245.908	2145008.465	1338.363825	0.946465447	1.069299992	44667.07234	16484.7926	10494.63949	2106.290535	587.876699	0.7420365965	0.04006512501	0.01756682201
58	1	66401.08248	214.7496786	742604.2095	3762638.203	18871.19064	0.2451523745	0.9149123598	38455.46237	15426.03348	9415.817847	2105.629917	505.1129911	0.07158322619	0.0260246114	0.01795737215
58	1	64567.58943	1264.215433	285346.8965	7033978.29	8322.415394	0.6671033842	1.007795978	42197.89633	16063.58263	10065.15981	2107.601642	554.9524731	0.4214051442	0.01	0.01681128967
58	1	64705.92535	746.1286211	459493.7232	5262282.126	8159.198961	0.6736320415	1.009206729	42282.95765	16076.2737	10076.572	2115.876632	555.9548705	0.2487095404	0.01610298654	0.01200382139
