#gen	Feasible	f1	f2	f3	f4	f5	c1	c2	c3	c4	c5	c6	c7	x1	x2	x3
50	1	64668.0983	3295.290106	484299.6473	5022338.778	1195.340982	0.9521863607	1.070522017	44756.20287	16497.43243	10505.37337	2117.976621	588.8793477	1.098430035	0.01697231171	0.01078024524
50	1	65537.3857	1152.708375	731656.6101	3539879.008	2793.321427	0.8882671429	1.056447683	44193.25705	16401.26724	10407.20777	2118.88868	581.36328	0.3842361251	0.02564095209	0.01025249633
50	1	64940.77394	921.8097266	579430.2319	4365140.864	4804.379089	0.8078248364	1.03873741	43482.45592	16280.00045	10283.54905	2119.324798	571.8844361	0.3072699089	0.02030616905	0.01
50	1	65963.48057	3333.129915	852725.9342	2983026.147	281.616324	0.988735347	1.078563753	45084.22977	16553.05818	10561.81284	2119.313555	593.2292733	1.111043305	0.02988383419	0.01
50	1	65662.31793	910.1504694	472584.4058	5620709.155	7447.985025	0.702080599	1.015516335	42486.65964	16114.19777	10117.90742	2101.249165	558.9011046	0.3033834898	0.01656175033	0.0205016905
50	1	66936.40564	3758.442239	1080708.42	2195599.382	105.9160326	0.9957633587	1.080117108	45140.09522	16563.00392	10572.30309	2117.376706	594.0043159	1.25281408	0.03787349479	0.01112179942
50	1	64332.35502	1722.696192	290298.2406	6823194.241	5731.041802	0.7707583279	1.030601884	43129.12672	16221.43692	10225.27191	2111.691528	567.2970047	0.5742320641	0.01017352017	0.01443479523
50	1	67551.99569	659.6885964	1185187.906	1938153.471	3438.049965	0.8624780014	1.050786744	43948.0661	16360.58798	10366.69338	2113.771976	578.1770012	0.2198961988	0.04153498497	0.01322532059
50	1	64399.36255	1664.545608	403233.7354	5640845.15	3803.372994	0.8478650803	1.047558111	43830.70839	16339.7835	10344.82132	2117.423015	576.5552828	0.5548485361	0.01413135171	0.01110449034
50	1	64508.26037	493.7823988	285346.8965	6995393.301	21120.11418	0.1551954326	0.8950995114	37668.63561	15291.26096	9277.937458	2108.559076	494.5815262	0.1645941329	0.01	0.01625567199
50	1	64999.42217	198.6269321	586480.5951	4335428.313	24808.58535	0.007656585838	0.8625869279	36396.08761	15072.08617	9052.700536	2118.806735	477.4615071	0.06620897736	0.02055324948	0.01030216118
50	1	68535.23341	920.6368721	1293823.833	1757460.968	2797.722608	0.8880910957	1.056455073	44144.22197	16396.05996	10404.55022	2104.473655	580.9382173	0.3068789574	0.04534213791	0.01862620583
50	1	64577.03091	493.7823988	285346.8965	7040138.209	21199.65279	0.1520138883	0.894402663	37636.81486	15286.07882	9272.86026	2107.45052	494.1750549	0.1645941329	0.01	0.0168997093
50	1	64797.65427	732.6490515	344229.9579	6485875.541	11882.61254	0.5246954986	0.9764462548	40936.50711	15848.58523	9846.092102	2107.445535	538.145998	0.2442163505	0.01206356061	0.01690229021
50	1	64222.98173	1195.892381	345323.0873	6137667.52	6621.347163	0.7351461135	1.022745802	42830.55823	16169.42797	10171.3373	2116.7742	563.2378321	0.3986307938	0.01210186939	0.0114821632
50	1	69602.7986	679.9861625	1540040.445	1264193.316	3310.064331	0.8675974268	1.051951062	43955.00959	16364.31985	10372.63807	2102.117797	578.4541581	0.2266620542	0.05397081461	0.01999529543
50	1	67544.94965	789.2282348	1275237.56	1655986.949	2191.104039	0.9123558385	1.06174929	44407.94884	16437.77249	10444.33026	2119.316407	584.2174194	0.2630760783	0.04469078079	0.01000353851
50	1	70374.51664	1506.240021	2031477.658	577462.6495	207.1717209	0.9917131312	1.079219294	45110.59494	16557.55271	10566.39306	2119.312494	593.580609	0.5020800071	0.07119326276	0.01
50	0	64555.48156	320.628077	285880.3164	7019568.428	32513.52176	-0.3005408705	0.7947742851	33631.16475	14603.14429	8576.835287	2107.830304	440.7907511	0.1068760257	0.01001869373	0.01667920552
50	1	64396.87021	488.9113161	434084.0002	5344798.033	13251.68615	0.469932554	0.9643524903	40490.77223	15770.00188	9763.826964	2119.326366	532.0180085	0.1629704387	0.01521250119	0.01
50	1	72812.5941	4211.259574	2630254.445	255397.9246	-268.1554927	1.01072622	1.083415095	45268.45577	16585.15933	10595.11078	2116.09175	595.7346339	1.403753191	0.09217743307	0.01184846699
50	1	64515.73184	3657.092603	300933.1235	6812946.518	2651.741338	0.8939303465	1.057724861	44212.06284	16406.55341	10414.34316	2109.374151	581.7646106	1.219030868	0.01054622031	0.01577942213
50	1	65179.68901	553.8903749	490627.3344	5208631.088	10842.12813	0.5663148749	0.9855999491	41313.80685	15912.31986	9910.550672	2110.118115	543.1314537	0.184630125	0.01719406591	0.01534954688
50	1	69055.7205	1259.77228	1669925.821	958595.2849	688.5616576	0.9724575337	1.074982055	44938.29208	16528.30035	10536.68423	2118.766248	591.2932728	0.4199240935	0.05852265582	0.0103200584
50	1	69106.30387	1711.2671	1620226.675	1050093.646	621.0231494	0.975159074	1.075588992	44949.65063	16531.07054	10540.20809	2114.94967	591.5050526	0.5704223665	0.0567809461	0.01253548227
50	1	64704.51887	3480.817475	500376.5409	4900311.675	1011.835507	0.9595265797	1.072136696	44822.45343	16508.64262	10516.72695	2118.35861	589.7561226	1.160272492	0.01753572746	0.01055790879
50	1	66165.67231	515.2377125	698839.7433	3972693.147	8396.476785	0.6641409286	1.007146431	42168.97269	16058.83082	10060.46773	2106.783719	554.5800032	0.1717459042	0.02449088292	0.01728648034
50	1	69749.38357	130.2648605	1789585.286	830123.9761	12319.46405	0.5072214379	0.9725758635	40806.05621	15824.73619	9820.434532	2114.811827	536.290931	0.04342162017	0.06271612931	0.01262275147
50	1	66052.12548	3907.510616	806288.7463	3260749.205	482.6960216	0.9806921591	1.076806637	44999.08215	16539.4679	10548.7409	2115.081961	592.1616395	1.302503539	0.02825644001	0.01245755526
50	1	64919.4459	451.4750374	334640.0444	6669900.198	19959.4308	0.2016227682	0.9053319063	38067.6629	15360.08317	9348.743513	2104.904312	499.9567696	0.1504916791	0.01172748148	0.0183789501
50	1	68172.91438	2798.381183	1253345.721	1823412.259	904.6251753	0.963814993	1.073114345	44825.87327	16511.51926	10521.58619	2107.861113	589.9678818	0.9327937277	0.04392357991	0.01665163989
50	1	64785.83376	2143.609051	538025.8976	4624315.713	1814.291662	0.9274283335	1.065067389	44541.42012	16460.52429	10467.51472	2119.321782	585.9959278	0.7145363503	0.01885515154	0.01
50	1	69320.67459	3284.870632	1605484.846	1099004.796	423.931727	0.9830427309	1.077338441	45005.14067	16541.48015	10551.6147	2110.592657	592.3133389	1.094956877	0.05626431776	0.01505969606
50	1	65094.20878	788.7602838	517355.4075	4932694.438	6970.916384	0.7211633446	1.019679319	42694.67797	16147.06596	10149.22283	2113.107643	561.4852195	0.2629200946	0.01813075291	0.013612336
50	1	65021.52968	663.894525	419285.4591	5811202.41	10708.13653	0.5716745387	0.9867854619	41355.48358	15919.80813	9918.504078	2108.364092	543.7146177	0.221298175	0.01469388538	0.0163685625
50	1	69401.11734	445.3951278	1769231.283	832723.5598	3019.224671	0.8792310132	1.054457454	44114.26051	16387.73355	10393.35975	2119.195259	580.3057387	0.1484650426	0.06200282201	0.01007453961
50	1	68046.79297	463.3594736	1399682.682	1397090.65	3863.965297	0.8454413881	1.047020349	43813.57151	16336.57519	10341.31066	2118.735359	576.3061299	0.1544531579	0.04905196796	0.01034212261
50	1	67566.62455	2798.381183	1236854.193	1773922.699	286.087848	0.9885564861	1.078532928	45073.84864	16551.87253	10561.09546	2116.639709	593.1332539	0.9327937277	0.04334563327	0.01155167181
50	1	70124.28025	150.5214329	1850127.898	773549.5485	10412.39039	0.5835043846	0.9893767433	41473.58582	15939.05424	9937.37162	2112.420442	545.2241493	0.05017381097	0.06483784897	0.01401194576
50	1	69648.16368	445.3951278	1769231.283	852016.8461	3304.953435	0.8678018626	1.051954146	43999.94994	16369.11762	10375.12079	2115.212964	578.8455606	0.1484650426	0.06200282201	0.01238813284
50	1	64664.15435	930.0369557	326864.0789	6602616.185	9793.663042	0.6082534783	0.9948374971	41679.96377	15975.08233	9974.797983	2108.549714	548.0356165	0.3100123186	0.01145497228	0.01626064953
50	1	65296.61168	451.9090055	674465.5636	3823939.616	8994.979873	0.6402008051	1.001836015	41998.30917	16026.99557	10025.72104	2119.322632	552.1071202	0.1506363352	0.02363668825	0.01000190731
50	1	63964.67015	575.3294322	318588.1053	6277766.752	15464.42257	0.3814230973	0.9448676747	39707.11333	15636.40991	9627.687958	2119.326507	521.5751662	0.1917764774	0.01116494026	0.01
50	1	66142.49405	1019.113871	709440.2843	3891717.164	4176.632283	0.8329347087	1.044302106	43666.8025	16313.94746	10320.26218	2107.795018	574.523657	0.3397046236	0.02486237954	0.01669791895
50	1	71387.42965	1621.765346	2143836.821	521678.3039	775.8141961	0.9689674322	1.074242543	44877.74827	16519.94721	10529.82579	2109.760373	590.6290652	0.5405884486	0.0751308967	0.01554831383
50	1	70775.77004	1009.047225	1892557.638	763233.8877	1858.0536	0.925677856	1.064729569	44477.01353	16452.79163	10462.36353	2104.470154	585.3729142	0.3363490752	0.06632480189	0.01862620583
50	1	66958.05388	520.0318334	773506.31	3754630.804	8123.464634	0.6750614146	1.009576983	42238.42515	16072.47872	10075.89557	2098.514628	555.6365225	0.1733439445	0.02710757746	0.02209045288
50	1	65013.77907	1030.471569	598939.2357	4248107.598	4054.81578	0.8378073688	1.045337881	43747.91997	16325.25466	10329.66607	2119.324394	575.4219435	0.3434905229	0.02098986332	0.01
50	1	65468.82613	2858.44557	554629.6792	4786314.81	1829.432883	0.9268226847	1.0649661	44503.09212	16456.17893	10464.92588	2109.311661	585.6437467	0.9528151901	0.01943703212	0.01581435469
50	1	71646.08769	390.7343041	2272941.183	426832.7692	3010.099376	0.879596025	1.054556389	44098.37614	16386.29478	10392.96017	2113.391302	580.1860184	0.130244768	0.07965536725	0.01344618027
50	1	65208.67872	2292.45827	505356.0961	5090504.579	2433.186309	0.9026725476	1.059645686	44293.29044	16420.14655	10427.98207	2110.534956	582.8286329	0.7641527568	0.01771023629	0.01510486563
50	1	63845.35927	3074.897963	285346.8965	6578401.866	2631.233987	0.8947506405	1.057873857	44251.8234	16411.17404	10417.23863	2119.241208	582.1381325	1.024965988	0.01	0.01004759177
50	1	65758.36426	2055.844679	797913.1404	3219721.142	1048.440454	0.9580623819	1.071811287	44812.65266	16506.76186	10514.63385	2119.319409	589.6103048	0.6852815596	0.02796291637	0.01
50	1	64278.79667	1441.011303	402531.463	5584962.643	4363.401258	0.8254639497	1.042620553	43638.63187	16306.62409	10310.68029	2119.324574	573.9655977	0.480337101	0.01410674053	0.01
50	1	66803.30687	3421.829987	1077150.918	2182137.735	42.07562876	0.9983169748	1.080673089	45169.06509	16567.52023	10576.55063	2119.309445	594.3597675	1.140609996	0.03774882192	0.01
50	1	68918.19643	1209.87082	1406329.748	1497230.651	2004.659249	0.91981363	1.063436632	44427.11216	16444.15072	10453.44515	2105.084491	584.6982235	0.4032902732	0.04928491481	0.01826988415
50	1	68025.84726	3099.861467	1377340.149	1449655.208	46.45865758	0.9981416537	1.080639613	45162.24588	16566.70741	10576.01618	2117.707618	594.2942309	1.033287156	0.04826897246	0.01092896122
50	1	64584.15165	1459.448539	484130.8201	4984865.752	3445.151266	0.8621939494	1.050706438	43963.8377	16362.0626	10367.17579	2119.323958	578.2992091	0.4864828465	0.01696639515	0.01
50	1	72322.58161	200.3724422	2292125.818	439541.2226	6836.973218	0.7265210713	1.020889082	42710.94935	16151.90879	10155.89692	2103.645808	561.8519582	0.06679081406	0.08032769398	0.01910923067
50	1	66213.65196	559.6305162	698839.7433	3990404.518	7796.616264	0.6881353494	1.012431132	42378.87069	16094.78169	10097.24618	2106.010154	557.3893055	0.1865435054	0.02449088292	0.0177358106
50	1	65260.12194	710.9957698	488086.8276	5270866.425	8571.749845	0.6571300062	1.005596987	42113.10459	16048.89485	10049.99603	2108.667952	553.8056659	0.2369985899	0.01710503368	0.01619183485
50	1	64252.20775	1244.340374	382902.0372	5764783.16	5532.622294	0.7786951082	1.032327097	43222.05408	16235.7744	10238.61865	2118.569603	568.4263563	0.4147801247	0.01341882607	0.0104389087
50	1	65149.92115	3287.658903	635320.1922	4038177.35	659.196144	0.9736321542	1.075238877	44950.50675	16530.26214	10538.58218	2119.317225	591.4473139	1.095886301	0.02226483624	0.01
50	0	68747.68229	30	1524392.997	1200069.671	64595.6931	-1.583827724	0.5122436966	22292.49198	12668.65737	6604.155012	2114.962953	289.5814304	0.01	0.05342244881	0.01253548227
50	1	65778.78769	869.9744949	709890.7657	3759726.091	4456.305341	0.8217477864	1.041820516	43587.15511	16299.08182	10304.03059	2113.685517	573.3689743	0.2899914983	0.0248781667	0.01327601546
50	1	67449.70458	219.1242225	1249886.393	1715453.307	10096.46204	0.5961415184	0.992136622	41608.22096	15960.4957	9957.952694	2119.326066	546.9088504	0.07304140751	0.04380234755	0.01
50	1	71531.67437	724.1535665	2340673.979	375376.8323	990.1251929	0.9603949923	1.072324802	44833.29984	16510.28201	10518.22142	2119.317426	589.8854711	0.2413845222	0.08202906733	0.0100009975
50	1	66361.64176	406.4143907	959125.6973	2572090.547	6866.40694	0.7253437224	1.020579697	42752.17169	16155.50737	10156.68242	2119.325501	562.1528514	0.1354714636	0.03361262061	0.01
50	1	69822.59055	1066.699731	1630695.25	1101941.612	2041.416044	0.9183433582	1.063116304	44410.65427	16441.57349	10451.01073	2104.039908	584.4954574	0.3555665769	0.05714781796	0.01887664747
50	1	68126.40756	1886.774163	1326950.763	1597317.963	872.2800463	0.9651087981	1.073382553	44854.42287	16515.25132	10524.43561	2113.055654	590.2661011	0.628924721	0.04650307327	0.0136366093
50	1	65462.77138	286.8968896	716387.5428	3610126.324	13719.53095	0.4512187621	0.960233253	40324.57745	15741.70374	9735.017407	2119.173487	529.8057612	0.09563229652	0.02510584666	0.01008883732
50	1	65133.15487	3558.461468	630839.7752	4063460.072	560.1586668	0.9775936533	1.076110977	44985.58169	16536.24144	10544.67547	2119.316465	591.9147138	1.186153823	0.02210781974	0.01
50	1	70173.35533	3621.048559	1729571.486	958439.3568	783.991677	0.9686403329	1.074187882	44857.00323	16517.5957	10528.42536	2104.328055	590.4384772	1.207016186	0.06061294189	0.01869644172
50	1	64359.97325	600.4945969	424006.3003	5420770.567	10919.30387	0.5632278451	0.9848909202	41316.76144	15910.81286	9907.325027	2119.313021	543.025142	0.2001648656	0.01485932756	0.01000763303
50	1	63928.94758	2221.488811	286281.527	6618808.522	4010.987068	0.8395605173	1.045728222	43758.91987	16327.43006	10332.13528	2117.95135	575.5902787	0.7404962703	0.01003275418	0.01079764354
50	1	67359.90254	451.9090055	1225834.363	1773937.615	4605.138412	0.8157944635	1.040491885	43553.00784	16292.0283	10295.80682	2119.321419	572.8246453	0.1506363352	0.04295944264	0.01000190731
50	1	64184.44595	731.7583092	344229.9579	6127421.501	11187.74613	0.5524901549	0.9825334315	41215.15918	15893.9261	9890.480728	2117.330228	541.7026316	0.2439194364	0.01206356061	0.01115958379
50	1	65336.61267	1150.909066	445789.5192	5713794.136	6069.226619	0.7572309352	1.02764571	42986.92823	16198.68495	10203.33754	2104.882697	565.5099821	0.3836363553	0.01562272184	0.01839048367
50	1	66281.22725	972.4738069	918318.1458	2740850.052	2649.638842	0.8940144463	1.057715257	44241.73651	16409.69142	10415.92686	2118.157723	582.0208827	0.3241579356	0.03218251739	0.01067701986
50	1	67547.50268	2678.466309	1227401.532	1800146.339	350.2767774	0.9859889289	1.077968535	45050.25271	16547.90737	10557.10284	2116.378592	592.8229711	0.892822103	0.04301436416	0.0117038643
50	1	65212.08952	1451.012169	529902.7934	4879204.727	3632.0066	0.854719736	1.049084603	43873.41451	16348.25766	10354.46053	2111.96257	577.2108822	0.4836707229	0.01857047685	0.01427656722
50	1	69476.28771	3366.339724	1551968.421	1223787.316	840.8621282	0.9663655149	1.07368542	44838.58533	16514.34156	10525.01303	2104.856272	590.1847559	1.122113241	0.05438883129	0.01839250216
50	1	66214.96325	779.2022515	788609.882	3413763.247	4644.377377	0.8142249049	1.040171707	43513.02941	16286.94458	10292.08145	2111.403012	572.4173582	0.2597340838	0.02763688309	0.01460209066
50	1	67382.3333	1160.415544	1112487.091	2165181.474	2056.061819	0.9177575272	1.062961478	44432.07189	16443.45839	10451.44713	2112.118957	584.6528925	0.3868051812	0.03898718032	0.01418423407
50	0	65340.75185	56.20014499	609158.833	4301683.632	86461.22738	-2.458449095	0.3197020786	14547.6769	11348.44598	5258.826062	2114.673016	186.3805588	0.01873338166	0.02134800976	0.01270395924
50	1	64793.89307	1354.954381	539112.6298	4619029.945	3311.967238	0.8675213105	1.05187943	44010.79393	16370.0814	10375.3593	2119.259482	578.9259558	0.4516514603	0.01889323614	0.01003739104
50	1	65317.33524	547.6422642	487777.8723	5301749.124	11203.22469	0.5518710125	0.9824278752	41178.04678	15889.69934	9887.938257	2107.727447	541.3602273	0.1825474214	0.01709420633	0.01673846576
50	1	65429.56011	692.1444928	533860.0869	4944417.173	8048.090387	0.6780763845	1.010208108	42298.66121	16080.52054	10082.21921	2108.697681	556.2778742	0.2307148309	0.01870916045	0.01617449941
50	1	68646.21486	4199.806434	1565899.73	1106001.218	-296.5363267	1.011861453	1.083655543	45288.24667	16587.88654	10597.34655	2119.070513	595.951514	1.399935478	0.0548770549	0.01013063197
50	1	68031.71553	1096.552788	1296130.669	1670584.022	1801.00175	0.92795993	1.065205522	44524.41244	16459.06651	10467.24074	2112.728207	585.8737364	0.365517596	0.04542298112	0.01382990897
50	1	64455.83797	924.497187	398294.6319	5719400.116	7536.75665	0.698529734	1.014686717	42504.51964	16113.96956	10114.92413	2116.216193	558.901968	0.308165729	0.01395826052	0.01180647483
50	1	68310.26987	2042.33972	1392506.997	1449625.837	659.0221146	0.9736391154	1.075257278	44933.21311	16528.46623	10537.72039	2114.044665	591.3003439	0.6807799066	0.04880049561	0.01306106065
50	1	64851.17657	2098.622447	532759.4275	4695244.411	1993.993352	0.9202402659	1.063489369	44473.26137	16449.20492	10456.23151	2117.95097	585.1093834	0.6995408157	0.01867058777	0.01079650031
50	1	70738.4897	1582.142896	2114392.222	517039.2278	186.3420682	0.9925463173	1.079405486	45115.12083	16558.51352	10567.53128	2118.445538	593.654634	0.5273809655	0.07409900888	0.01050286785
50	1	65330.72213	1674.703239	474078.8212	5436383.886	3888.77642	0.8444489432	1.046840454	43765.08641	16330.94528	10337.78843	2106.68274	575.8509814	0.558234413	0.01661412221	0.0173439183
50	1	68806.7023	3343.231771	1605484.846	1047862.927	-180.3646505	1.007214586	1.082633202	45246.4475	16580.8045	10590.16609	2118.877244	595.3976642	1.11441059	0.05626431776	0.01024633675
50	1	67544.57181	1845.073409	1275237.56	1655928.938	499.2835045	0.9800286598	1.076647029	45007.14114	16539.91672	10548.42083	2119.315938	592.2020095	0.6150244695	0.04469078079	0.01
50	0	69146.52328	34.38508814	1407777.26	1525416.577	61967.43268	-1.478697307	0.5354306202	23178.96405	12822.72027	6763.629712	2101.499315	301.6076543	0.01146169605	0.04933564294	0.02035744093
50	1	70028.0151	107.5599692	1850127.898	766676.2627	14567.60877	0.4172956491	0.9527819384	40007.09222	15688.71869	9681.978023	2113.972587	525.6574366	0.03585332306	0.06483784897	0.01311042094
50	1	70526.66846	1013.930343	1960993.684	662083.4095	1212.149685	0.9515140126	1.070391168	44732.59011	16494.5795	10503.45141	2112.613373	588.6496357	0.3379767809	0.06872314743	0.01389501978
50	1	65738.85288	2970.281738	731108.4505	3610062.555	871.408364	0.9651436654	1.073382083	44863.11229	16516.17625	10524.91056	2115.601568	590.341582	0.9900939126	0.0256217418	0.01215845022
50	1	65013.77907	623.7514541	598939.2357	4248107.598	7197.599677	0.7120960129	1.017663295	42634.87705	16135.51191	10136.30572	2119.32558	560.5898123	0.2079171514	0.02098986332	0.01
50	1	64933.60057	499.6687915	577513.3075	4376812.916	9543.725991	0.6182509604	0.9970038805	41803.977	15993.86664	9991.959879	2119.325994	549.5174464	0.1665562638	0.02023899032	0.01
50	1	65987.64301	657.3087844	574554.3303	4851042.064	8343.669975	0.666253201	1.007626249	42172.43258	16060.43251	10062.95041	2102.156296	554.6994249	0.2191029281	0.02013529277	0.01997482307
50	0	66498.0279	40.13425481	991463.1828	2462302.908	74010.73924	-1.960429569	0.4293239243	18971.63453	12101.64372	6025.574253	2119.079363	245.2632952	0.01337808494	0.03474588983	0.0101439893
50	1	65385.34336	3964.128569	362272.8075	6637393.233	2760.459914	0.8895816035	1.056800545	44139.57356	16396.45223	10405.94568	2099.054813	580.9621115	1.32137619	0.01269587341	0.02177369586
50	1	66380.73765	2071.033911	961566.442	2565728.864	740.2886905	0.9703884524	1.07452531	44921.25819	16525.31119	10533.56635	2119.15711	591.0600992	0.690344637	0.03369815666	0.01009329728
50	1	64131.30027	621.5867153	344245.9872	6097133.873	13218.71435	0.4712514262	0.9646464763	40498.70004	15771.60226	9765.667066	2118.188068	532.1416876	0.2071955718	0.01206412235	0.01066131187
50	1	68132.45588	1328.540649	1407470.642	1389276.543	933.492543	0.9626602983	1.072828292	44848.42169	16513.18749	10521.45766	2117.818338	590.1107193	0.4428468829	0.04932489749	0.01087142771
50	1	66559.51432	446.1297008	924579.9724	2782009.831	6825.170258	0.7269931897	1.020959701	42749.40556	16156.189	10158.34625	2114.051903	562.1995443	0.1487099003	0.0324019635	0.01306373702
50	1	64469.73752	1109.323504	419498.8193	5519336.116	5774.748247	0.7690100701	1.030199154	43132.02463	16220.71094	10223.50672	2117.270737	567.2472267	0.3697745013	0.0147013626	0.0111935422
50	1	64615.72783	797.4762687	307656.8054	6796423.89	12159.84171	0.5136063315	0.9740027167	40840.71692	15832.09682	9829.15582	2108.172002	536.8580122	0.2658254229	0.01078185216	0.01648025445
50	1	65870.78503	238.5229073	559677.3447	4924609.465	22679.52053	0.09281917862	0.8813850982	37098.5213	15195.25658	9181.097957	2103.143789	487.0701267	0.07950763577	0.01961392787	0.01940181093
50	1	66958.37556	468.5816228	1001281.367	2526144.069	6082.988789	0.7566804484	1.027500941	43006.31719	16200.37947	10203.71058	2112.248887	565.6516471	0.1561938743	0.03508996872	0.01411107412
50	1	66035.39888	605.4505661	587316.0277	4765564.364	8832.521077	0.6466991569	1.003321546	41999.30192	16030.91857	10032.87376	2102.156404	552.392329	0.2018168554	0.02058252727	0.01997482307
50	1	65792.16317	724.4587334	806288.7463	3183097.969	4330.504296	0.8267798282	1.042910362	43650.15217	16308.59664	10312.69772	2119.284959	574.1197417	0.2414862445	0.02825644001	0.01002300375
50	1	64172.09447	2662.648602	307529.1771	6524000.553	3155.629627	0.8737748149	1.053268735	44053.16327	16378.16716	10384.32451	2115.312715	579.5530852	0.8875495341	0.01077737942	0.0123300931
50	1	72027.82068	77.9748727	2258233.685	453672.2509	17059.49725	0.3176201101	0.9308633695	39099.47455	15535.66118	9527.402558	2106.354195	513.6834593	0.02599162423	0.07913994205	0.0175365415
50	1	65078.9411	3335.082651	616352.3455	4146300.258	682.1500462	0.9727139982	1.075036751	44942.37744	16528.87632	10537.16993	2119.317387	591.3389847	1.111694217	0.02160010685	0.01
50	1	69762.7674	2031.453757	1835060.763	767922.7689	175.5481177	0.9929780753	1.079504125	45115.24961	16558.78071	10568.00967	2117.322217	593.6741185	0.6771512522	0.06430982027	0.01115440038
50	1	65472.40138	1117.970109	468889.0954	5558230.343	6003.076927	0.7598769229	1.028230755	43007.73551	16202.40596	10207.27568	2104.087184	565.7998581	0.372656703	0.01643224795	0.01885262121
50	1	69136.98363	406.7333498	1608073.781	1075590.337	4184.350369	0.8326259852	1.044215134	43683.6251	16315.51697	10320.77045	2113.732361	574.6537642	0.1355777833	0.05635504718	0.01324869767
50	1	67609.33717	2863.765586	1292214.963	1617410.332	40.28062812	0.9983887749	1.080688959	45169.63529	16567.62179	10576.65777	2119.289485	594.367681	0.9545885285	0.04528575496	0.01001155452
50	1	64791.54616	618.4901726	344245.9872	6482022.805	14051.94347	0.4379222614	0.9573433389	40168.54812	15717.64791	9712.640091	2107.545154	527.9107935	0.2061633909	0.01206412235	0.01684452592
50	1	64973.79948	1039.052715	329949.7398	6758529.169	9029.849606	0.6388060157	1.001578836	41934.64656	16019.54942	10020.99602	2103.744292	551.5055902	0.3463509049	0.01156310946	0.01905234434
50	1	66989.33515	2778.638707	1082586.383	2199202.364	415.5364757	0.983378541	1.077393035	45028.00334	16544.05719	10553.13111	2116.641916	592.5223309	0.9262129023	0.03793930812	0.01155167181
50	1	67946.63735	1093.144177	1281373.598	1700568.296	1797.17749	0.9281129004	1.065237657	44527.35206	16459.4624	10467.55572	2113.209565	585.9052839	0.3643813923	0.04490581862	0.01355031285
50	1	66182.17859	1019.113871	709440.2843	3906062.328	4222.530608	0.8310987757	1.043899984	43648.4401	16310.95707	10317.33234	2107.155318	574.2890998	0.3397046236	0.02486237954	0.0170695653
50	1	67736.19044	2840.087015	1282720.582	1663805.496	240.7903219	0.9903683871	1.0789317	45090.00114	16554.61878	10563.88793	2116.672221	593.347969	0.9466956718	0.04495302377	0.01153226882
50	1	65951.06402	350.9107132	662178.2043	4150952.113	12847.3389	0.4861064441	0.9679492322	40596.7736	15790.54187	9786.834282	2108.032262	533.6094997	0.1169702377	0.02320607697	0.01656147601
50	1	69976.95167	1104.363143	1725970.225	947060.6506	1658.085175	0.933676593	1.066481388	44557.14863	16465.83405	10475.13489	2107.297998	586.3959701	0.3681210477	0.06048673548	0.01698332451
50	0	65986.49885	116.9577074	842778.8648	3041589.239	29483.80534	-0.1793522136	0.8214195281	34738.8343	14789.66935	8764.982108	2118.35585	455.3845098	0.03898590246	0.02953523852	0.01056416221
50	1	65620.07411	724.4587334	760958.1605	3389812.349	4631.035349	0.814758586	1.040263833	43543.84704	16290.46592	10294.21405	2119.324715	572.7025188	0.2414862445	0.02666782677	0.01
50	1	72628.89555	451.4750374	2439602.147	349856.8411	2776.804415	0.8889278234	1.056629263	44161.93021	16398.39493	10406.35502	2107.601031	581.1246492	0.1504916791	0.08549601123	0.01680954878
50	1	71089.43384	2221.488811	2153840.472	498705.9331	153.9797201	0.9938408112	1.079700954	45115.78638	16559.34369	10568.97964	2115.161021	593.7154321	0.7404962703	0.07548147529	0.01240699937
50	0	66010.47021	114.8526455	668844.6897	4125742.065	38809.43976	-0.5523775905	0.7393351008	31400.25111	14222.91293	8189.419374	2107.477547	411.0677449	0.03828421515	0.02343970437	0.01688418859
50	1	66690.31542	564.3930681	1042792.015	2292431.887	4307.42676	0.8277029296	1.043114255	43657.62824	16309.91737	10314.08253	2119.073327	574.2227188	0.1881310227	0.036544712	0.01014594302
50	1	64596.45499	993.1944356	341318.1458	6398345.311	8642.502832	0.6542998867	1.004968047	42094.12324	16045.25566	10045.94841	2110.512725	553.5234971	0.3310648119	0.01196151597	0.01512010017
50	1	64417.62014	709.9833391	341678.4306	6289188.737	11921.56267	0.5231374934	0.9760841492	40942.38421	15848.28116	9844.684632	2113.417679	538.1296922	0.236661113	0.01197414217	0.01343268254
50	1	68133.33448	1250.072724	1406695.162	1391265.719	1038.657186	0.9584537126	1.071902433	44810.97602	16506.81737	10514.97729	2117.757939	589.6126933	0.416690908	0.04929772076	0.01090683257
50	1	66586.9017	2314.240399	1019321.428	2365203.048	496.042119	0.9801583152	1.076675572	45008.2891	16540.11242	10548.62026	2119.315909	592.217307	0.7714134663	0.0357221838	0.01
50	1	71468.83013	942.3342814	2185908.945	488526.1943	1276.421501	0.94894314	1.069830393	44704.49146	16490.14373	10499.22881	2110.99299	588.300868	0.3141114271	0.07660531698	0.01483621041
50	1	65022.21833	760.2892973	501383.4803	5037962.987	7470.683938	0.7011726425	1.015277858	42518.33008	16116.96049	10118.50716	2113.30478	559.1321303	0.2534297658	0.01757101572	0.01349788142
50	1	65580.03669	802.2093827	747774.6926	3455619.053	4204.713718	0.8318114513	1.044018396	43694.33874	16316.15332	10320.41875	2119.174618	574.710308	0.2674031276	0.02620581131	0.01008706432
50	1	68981.36885	799.8853559	1568201.707	1136347.249	2000.282676	0.919988693	1.063447169	44457.47101	16447.41351	10455.16272	2113.832739	584.9642043	0.266628452	0.05495772782	0.01318868199
50	1	64844.89506	451.4750374	328475.9323	6695385.057	20269.37706	0.1892249177	0.9025999384	37960.6265	15341.65497	9329.811441	2105.734228	498.5172803	0.1504916791	0.01151145978	0.01789680183
50	1	66542.31712	426.6704648	1007405.936	2404791.197	6155.738982	0.7537704407	1.026837666	43003.86038	16198.41328	10200.40638	2119.325231	565.506793	0.1422234883	0.03530460463	0.01000004381
50	1	65369.07008	348.8083314	435357.1084	5835995.058	19943.11769	0.2022752922	0.9054793089	38069.57867	15360.66612	9349.553045	2103.731955	500.0008737	0.1162694438	0.01525711734	0.01906005236
50	1	66878.7107	326.6793619	1006312.87	2485697.451	8677.675197	0.6528929921	1.004647684	42092.61721	16044.27194	10044.33494	2113.837248	553.4507547	0.1088931206	0.03526629804	0.01318868199
50	1	65089.50114	3656.672422	619174.2815	4130032.842	548.8635121	0.9780454595	1.076210439	44989.58197	16536.92337	10545.37041	2119.316371	591.9680204	1.218890807	0.02169900178	0.01
50	1	64669.33959	968.5800594	285346.8965	7100648.221	10957.05487	0.5617178054	0.9846012389	41259.41436	15903.95631	9902.791539	2105.961878	542.4724845	0.3228600198	0.01	0.01776418169
50	1	71514.53118	458.2389785	2238136.93	447982.5	2559.56717	0.8976173132	1.058523598	44258.00565	16413.50252	10420.68275	2113.411824	582.3128655	0.1527463262	0.07843565001	0.0134338685
50	1	64698.10583	2297.044275	497512.6588	4921864.156	1911.888884	0.9235244446	1.064211268	44503.46356	16454.27892	10461.33952	2118.292149	585.5064426	0.7656814251	0.01743536253	0.01059821548
50	1	69399.59523	648.9912688	1698602.296	941480.9851	2246.608658	0.9101356537	1.061274483	44373.93607	16432.92728	10440.19365	2114.957806	583.8332246	0.2163304229	0.0595276247	0.01253548227
50	1	67541.87042	3522.207052	977188.6245	2780728.867	1386.13381	0.9445546476	1.068895063	44633.97844	16480.22488	10490.88723	2101.375371	587.5135051	1.174069017	0.03424563703	0.02041984524
50	1	66539.8911	140.8193547	901111.6737	2892695.683	23134.98157	0.07460073728	0.8773430116	36969.52985	15171.12191	9154.700136	2112.953966	485.1957859	0.0469397849	0.03157951549	0.01370241316
50	1	64998.50576	657.7314698	419285.4591	5798810.863	10781.64297	0.5687342813	0.986136994	41330.67316	15915.49749	9914.04304	2108.735242	543.37812	0.2192438233	0.01469388538	0.01615294312
50	1	68585.1552	941.3267715	1296457.992	1757540.107	2784.206312	0.8886317475	1.056576162	44146.88159	16396.65457	10405.27487	2103.827688	580.9838911	0.3137755905	0.04543445217	0.01900141
50	1	64653.90754	1224.243924	502771.5371	4857088.502	4067.930797	0.8372827681	1.045222394	43743.27517	16324.46285	10328.85916	2119.324402	575.3600482	0.4080813079	0.01761966025	0.01
50	1	71872.84957	480.4601117	2431846.722	330604.431	1781.101943	0.9287559223	1.065359654	44553.16912	16462.52752	10469.55645	2119.320065	586.1525181	0.1601533706	0.08522422189	0.01000095448
50	1	66289.09646	1105.285859	727731.8007	3821394.965	3850.892942	0.8459642823	1.04717452	43778.01609	16333.18176	10340.09473	2106.53482	576.0256219	0.3684286197	0.02550340689	0.01742982566
50	1	64181.98897	1183.071744	362273.9254	5936679.401	6237.936034	0.7504825587	1.026116637	42971.89108	16193.15318	10195.20548	2118.457415	565.094528	0.394357248	0.01269591258	0.01050422212
50	1	66155.37089	1019.113871	709440.2843	3896366.099	4191.525371	0.8323389852	1.044171625	43660.84427	16312.97714	10319.3115	2107.587448	574.4475479	0.3397046236	0.02486237954	0.01681851075
50	1	66258.62018	957.0983193	931595.461	2672648.066	2571.301568	0.8971479373	1.058401344	44273.3188	16414.82049	10420.93955	2119.323057	582.4232768	0.3190327731	0.03264782174	0.01
50	1	65914.14401	325.1969877	839541.83	3038318.605	10130.83112	0.5947667551	0.9918339763	41596.04886	15958.42069	9955.83813	2119.32607	546.7466481	0.1083989959	0.02942179643	0.01
50	1	68028.39582	1990.762469	1337125.188	1555093.313	644.2534747	0.974229861	1.075383476	44942.40608	16529.77031	10538.82824	2115.248534	591.4037868	0.6635874896	0.04685963661	0.0123621644
50	1	65356.3956	578.1037533	577881.8333	4548868.239	8626.795477	0.6549281809	1.005099895	42106.3397	16046.89651	10047.2493	2112.532704	553.6542862	0.1927012511	0.02025190533	0.0139465677
50	1	64289.42183	3112.537015	405370.8019	5562915.979	1592.665715	0.9362933714	1.067018972	44619.91078	16473.90475	10481.15029	2119.321254	587.0418748	1.037512338	0.01420624534	0.01
50	1	66133.41885	732.6490515	523744.354	5371556.253	8607.759825	0.655689607	1.005318075	42061.06707	16042.63188	10045.80558	2096.741472	553.3011886	0.2442163505	0.01835465395	0.02312065516
50	1	67855.90859	1042.465122	1250210.406	1780286.403	1985.87229	0.9205651084	1.063577393	44459.14968	16447.92705	10455.87714	2112.792738	585.0030478	0.3474883739	0.04381370259	0.01379275253
50	1	72403.61509	724.1535665	2339805.212	407598.6031	2003.005763	0.9198797695	1.063450791	44428.10994	16444.29345	10453.5676	2105.209663	584.709537	0.2413845222	0.08199862135	0.01819718325
50	1	69401.08321	441.3750319	1769231.283	832720.9243	3053.568509	0.8778572596	1.054155029	44102.09917	16385.66026	10391.24683	2119.195844	580.143671	0.1471250106	0.06200282201	0.01007421993
50	1	64943.5331	4322.727739	580167.5538	4360659.643	421.1453129	0.9831541875	1.077335095	45034.81442	16544.63424	10553.2283	2119.315183	592.5707768	1.440909246	0.02033200855	0.01
50	1	68667.69475	736.1922363	1573615.545	1093427.287	1810.370778	0.9275851689	1.065102253	44542.46067	16460.72478	10467.73845	2119.216088	586.0114682	0.2453974121	0.0551474561	0.0100613903
50	1	66619.18883	532.0138076	743320.9674	3834713.218	7989.178178	0.6804328729	1.010747817	42297.97878	16081.83464	10084.76059	2102.15621	556.3724222	0.1773379359	0.02604973022	0.01997482307
50	1	66622.65597	4339.976659	976130.5318	2558267.823	165.4745188	0.9933810192	1.079596656	45114.88211	16558.9793	10568.43162	2116.125071	593.6881498	1.446658886	0.0342085561	0.01184846699
50	1	69020.99274	3611.672484	1596148.944	1086394.904	69.69402189	0.9972122391	1.080444108	45144.65403	16564.33006	10574.11592	2114.857869	594.1048426	1.203890828	0.0559371405	0.01258034772
50	1	68207.55915	1654.476278	1309079.331	1660212.952	1228.809418	0.9508476233	1.070250682	44720.29519	16492.90809	10502.10494	2110.671131	588.516556	0.5514920927	0.04587676779	0.01502290087
50	1	65883.06639	2292.996279	728235.5234	3676990.141	1462.248739	0.9415100504	1.068187285	44645.63317	16479.64838	10488.14535	2113.106044	587.4830879	0.764332093	0.02552105989	0.01360969412
50	1	65636.15019	287.1521276	765254.137	3369586.691	12772.28252	0.4891086994	0.9685740014	40660.557	15798.94544	9793.322358	2119.32633	534.2805178	0.09571737587	0.02681837954	0.01
50	1	67825.08519	3109.543836	1350128.213	1491915.369	-56.13412359	1.002245365	1.081537914	45203.83291	16573.44811	10582.5923	2119.302706	594.823142	1.036514612	0.04731532845	0.01000246499
50	1	64749.61591	2890.504347	435131.8888	5512425.87	2003.571315	0.9198571474	1.063418641	44455.86371	16447.1689	10454.93813	2113.698354	584.9449148	0.9635014489	0.01524922451	0.01326674623
50	1	65879.27236	1013.930343	542078.3391	5081740.975	5894.374456	0.7642250218	1.029194826	43039.17218	16208.23381	10213.60864	2101.943348	566.2527404	0.3379767809	0.01899716961	0.02009805321
50	1	66482.65267	280.4464925	991463.1828	2458795.41	9933.493142	0.6026602743	0.9935716863	41665.93774	15970.3348	9967.979385	2119.326046	547.6779698	0.09348216418	0.03474588983	0.01
50	1	64287.5648	1934.118139	385424.774	5758379.461	3309.67326	0.8676130696	1.05190318	44007.95379	16369.83972	10375.31681	2118.150526	578.9056781	0.6447060463	0.01350723553	0.01068161861
50	1	66789.70646	300.4589128	968526.2475	2632804.482	9911.801418	0.6035279433	0.9937829747	41652.75903	15969.4731	9968.265235	2112.992795	547.6026973	0.1001529709	0.03394206348	0.01367939037
50	1	65719.13134	665.7123627	590805.0751	4599845.642	7649.424021	0.6940230392	1.013722613	42435.79157	16104.16702	10106.54309	2107.464801	558.1247711	0.2219041209	0.02070480115	0.01689069826
50	1	64808.84207	762.66179	413246.0011	5757924.249	9240.287941	0.6303884824	0.9997011674	41885.42732	16009.4787	10009.32113	2111.428048	550.7279668	0.2542205967	0.0144822322	0.01458839254
50	1	65779.02009	2212.769747	736029.3278	3592638.482	1353.219715	0.9458712114	1.069140493	44691.31982	16486.96711	10495.20896	2115.253567	588.0578742	0.7375899157	0.02579419425	0.0123621644
50	1	65825.24084	3376.799104	739607.7994	3585671.215	755.7817472	0.9697687301	1.07440308	44901.16427	16522.85545	10531.87881	2114.720133	590.8625935	1.125599701	0.02591960202	0.01266961472
50	1	67035.87468	532.0138076	854671.0353	3283728.167	7009.14353	0.7196342588	1.019377763	42645.06616	16141.00335	10145.05739	2102.155921	560.9976216	0.1773379359	0.02995200038	0.01997482307
50	1	66100.66885	2109.19986	701495.2466	3930619.266	2058.717828	0.9176512869	1.062951318	44417.52157	16441.88148	10450.59953	2107.986281	584.5244625	0.7030666201	0.0245839452	0.01658465953
50	1	64871.54741	1924.493394	330816.9566	6684665.529	4903.402444	0.8038639022	1.037909876	43401.66353	16269.26299	10275.15803	2105.443438	571.0277468	0.6414977979	0.01159350113	0.01806436022
50	1	64314.21432	1653.19574	285346.8965	6870666.454	6089.114123	0.7564354351	1.027448807	43002.29186	16199.81648	10203.24041	2111.685415	565.6069341	0.5510652467	0.01	0.01443842738
50	1	66192.57816	942.3037518	764816.4717	3550683.446	4008.080387	0.8396767845	1.045778223	43734.8402	16324.99208	10331.05182	2110.328076	575.3901765	0.3141012506	0.02680304153	0.01522629554
50	1	65195.94077	2890.504347	515788.555	4993033.435	1800.846268	0.9279661493	1.065211245	44519.98811	16458.60966	10467.02512	2111.367971	585.8363253	0.9635014489	0.01807584247	0.0146199683
50	1	66756.75472	4341.751672	1011965.453	2433695.475	140.3322556	0.9943867098	1.079818052	45123.78645	16560.49725	10569.9785	2116.124305	593.8068068	1.447250557	0.03546439319	0.01184846699
50	1	64969.54182	3645.727642	337989.6754	6662009.445	2727.377883	0.8909048847	1.057075088	44168.54262	16400.24528	10408.84841	2104.293574	581.2651582	1.215242547	0.01184486951	0.01873071119
50	1	65869.48364	3791.125228	713466.5293	3767957.502	828.7930791	0.9668482768	1.073767492	44867.76342	16517.66232	10527.00755	2112.42906	590.4537862	1.263708409	0.02500347956	0.01400007176
50	1	65555.74877	348.8083314	485242.8555	5444205.76	17929.23552	0.2828305794	0.9232130628	38782.81171	15482.25245	9473.457508	2103.73187	509.5052385	0.1162694438	0.0170053665	0.01906005236
