#gen	Feasible	f1	f2	f3	f4	f5	c1	c2	c3	c4	c5	c6	c7	x1	x2	x3
50	1	68033.54138	154.9950961	1233468.83	1863345.205	15541.0767	0.3783569321	0.9442259788	39645.7037	15628.21584	9621.249361	2108.924901	520.9216404	0.05166503202	0.04322699302	0.01604299619
50	1	66067.72876	1548.519329	761572.4486	3529687.776	2272.532579	0.9090986969	1.061055215	44355.48334	16430.39711	10438.13257	2112.142683	583.6319254	0.5161731097	0.02668935453	0.01417076578
50	1	67233.83337	1551.391162	1049266.979	2383901.429	1681.056511	0.9327577395	1.066268229	44560.20649	16465.61224	10474.28429	2110.697537	586.3828772	0.5171303873	0.03677162753	0.01500908243
50	1	65548.54111	847.9634715	741486.1129	3483451.442	3967.718107	0.8412912757	1.046104911	43778.6955	16330.50573	10335.02121	2119.302836	575.8323913	0.2826544905	0.02598542763	0.01001249136
50	1	67613.17885	1019.508155	932367.3033	3026215.639	3927.7893	0.842888428	1.046526203	43721.13811	16325.45367	10333.87336	2097.534345	575.4102734	0.3398360516	0.032674871	0.02265841588
50	1	73137.80425	1500.609559	2588046.085	283274.4622	788.0636686	0.9684774533	1.074139223	44868.73282	16518.72083	10528.83701	2108.338444	590.5314254	0.5002031864	0.09069823842	0.01637326033
50	1	72795.18483	2769.788795	2621509.854	258895.4257	-109.3164255	1.004372657	1.082017188	45211.38847	16575.48493	10585.2973	2115.86348	594.9780806	0.9232629318	0.09187097832	0.01199188361
50	1	67079.91757	762.115667	960270.8042	2743736.081	4125.544196	0.8349782322	1.044751912	43684.96031	16317.03858	10323.40862	2107.81457	574.765313	0.2540385557	0.03365275095	0.01668653487
50	1	65193.02681	905.003731	582926.3611	4441332.874	5150.399067	0.7939840373	1.035702786	43347.21093	16257.78801	10261.62169	2115.4695	570.1432795	0.3016679103	0.02042869112	0.01223983037
50	1	65260.30365	2600.160208	664817.4717	3875607.838	955.8645372	0.9617654185	1.072626488	44845.43919	16512.35105	10520.3296	2119.318979	590.0472098	0.8667200695	0.02329857026	0.01
50	1	68619.27687	553.9108475	1511080.713	1213656.718	3011.272275	0.879549109	1.054536987	44107.29696	16387.19572	10393.35736	2116.225927	580.2599868	0.1846369492	0.05295591896	0.01179949316
50	1	71912.48485	420.7253119	2221312.733	478628.0612	3375.195107	0.8649921957	1.051365165	43944.67133	16361.71246	10369.27078	2105.982538	578.2551683	0.1402417706	0.07784604496	0.01775031656
50	1	64593.35374	1334.525307	485084.0737	4980852.111	3836.727459	0.8465309016	1.047258604	43824.85855	16338.3904	10343.06895	2119.233414	576.448647	0.4448417691	0.01699980198	0.01005277092
50	0	67412.70893	64.1626717	1186773.276	1908014.914	38531.37589	-0.5412550357	0.7417560054	31527.18507	14242.66255	8207.957828	2116.116297	412.6223619	0.02138755723	0.04159054439	0.01186533831
50	1	70969.15204	1471.470425	2046189.499	594770.8331	847.0577407	0.9661176904	1.073612461	44855.32396	16515.93813	10525.58364	2110.614873	590.3167416	0.4904901416	0.07170884016	0.01505319337
50	1	70457.07666	1181.398978	1778170.297	904199.3167	1842.870275	0.926285189	1.064868913	44476.58425	16453.10393	10463.00577	2102.706408	585.395124	0.3937996593	0.0623160903	0.01965034847
50	1	66147.68375	504.0471436	869594.2238	2946640.809	6161.781728	0.7535287309	1.026790703	42995.29159	16197.37933	10199.71141	2117.373501	565.4235302	0.1680157145	0.03047498447	0.01113391568
50	1	70990.04992	1143.848841	1947531.324	707528.3329	1645.591593	0.9341763363	1.066600899	44551.80412	16465.57151	10475.41244	2104.330597	586.3717414	0.3812829472	0.0682513582	0.01870638431
50	1	65221.7191	783.8293629	355344.3583	6616751.3	11209.96615	0.5516013539	0.9823891532	41154.42229	15887.08189	9886.455851	2101.280078	541.1475653	0.2612764543	0.01245306547	0.02048415978
50	1	66407.56165	403.8431665	967666.0179	2544963.636	6863.360929	0.7254655629	1.02060724	42752.50918	16155.61411	10156.83256	2119.100451	562.1609144	0.1346143888	0.03391191668	0.01013074442
50	1	70425.72191	471.0852326	1710525.064	1014189.101	4374.974758	0.8250010097	1.042583266	43568.04258	16299.00471	10306.62558	2099.13767	573.3447687	0.1570284109	0.05994545884	0.02172734215
50	1	65328.14195	596.4279097	416919.9018	6003428.324	12349.33675	0.5060265299	0.9723497349	40757.4888	15818.97871	9816.686866	2103.279066	535.826459	0.1988093032	0.01461098428	0.01932289277
50	1	69017.51106	1146.576164	1357027.642	1646431.202	2496.445437	0.9001421825	1.05912073	44237.87265	16412.89108	10422.43034	2100.5103	582.2489504	0.3821920546	0.04755711937	0.02092776287
50	0	64573.17864	240.3923109	393558.1729	5829809.872	31057.00426	-0.2422801705	0.8075801399	34167.45784	14693.20931	8667.476133	2114.040327	447.838866	0.08013077029	0.01379227101	0.01307136169
50	1	65058.68076	1279.259088	500040.6782	5066847.63	4365.318897	0.8253872441	1.042625084	43615.91796	16304.21483	10309.45456	2112.63476	573.7689074	0.426419696	0.01752395713	0.01388641123
50	1	66656.62425	576.243485	885324.4009	3005612.108	5726.556853	0.7709377259	1.030646415	43125.53248	16221.16826	10225.2873	2110.118089	567.2740378	0.1920811617	0.03102624952	0.0153488871
50	1	65210.69771	651.0543967	622055.2404	4155817.277	6707.893724	0.7316842511	1.021981224	42802.44775	16164.46724	10166.14024	2117.545568	562.8510178	0.2170181322	0.02179996517	0.0110340446
50	1	67011.98023	259.2955728	912798.9923	2961281.633	12756.04339	0.4897582643	0.9687595092	40622.57247	15795.37364	9792.122763	2106.048528	533.9847191	0.08643185759	0.0319890983	0.01771395318
50	1	64906.7439	1600.599989	419801.9695	5744521.235	4313.649623	0.8274540151	1.043087726	43626.34141	16306.51458	10312.23759	2110.243636	573.9456904	0.5335333296	0.01471198652	0.01527549053
50	1	64898.13892	1392.329902	529558.1031	4742073.49	3436.07367	0.8625570532	1.050793804	43959.40705	16361.81487	10367.34993	2117.002699	578.2769434	0.4641099674	0.01855839715	0.01134849414
50	1	67870.8945	1075.605425	1362440.073	1466510.024	1264.91954	0.9494032184	1.069905025	44735.9848	16493.69213	10501.31494	2119.320261	588.5886481	0.3585351417	0.04774679837	0.01
50	1	66256.88065	2413.897754	778628.6359	3487094.378	1477.743495	0.9408902602	1.068060401	44630.31009	16477.68917	10486.69758	2110.119071	587.3262061	0.8046325848	0.02728708969	0.01534444125
50	1	66855.29938	1305.659075	838810.5505	3319568.012	3042.847351	0.878286106	1.054297741	44056.19934	16381.13486	10389.40806	2104.106877	579.7710684	0.4352196918	0.02939616869	0.01883956398
50	1	65734.4016	642.3711039	475482.7664	5629934.853	10342.10059	0.5863159762	0.990034622	41458.43315	15939.12971	9939.682976	2100.262644	545.214856	0.2141237013	0.01666332356	0.02107518207
50	1	64868.20053	1242.332832	447299.4282	5456610.689	5076.126937	0.7969549225	1.036366237	43363.81389	16261.26239	10265.70359	2112.524199	570.4111899	0.4141109441	0.0156756367	0.01395088111
50	1	68314.81229	4294.057725	1480120.153	1245180.922	-292.8592931	1.011714372	1.083622627	45287.49687	16587.72204	10597.1481	2119.239308	595.9388651	1.431352575	0.05187090419	0.01003319192
50	1	65703.50719	297.241983	475676.7872	5611937.04	21605.31102	0.1357875591	0.8908519141	37471.15293	15259.29826	9246.796333	2100.773153	492.0732825	0.099080661	0.01667012303	0.02077905596
50	1	67074.36367	296.8760325	837012.1122	3398296.143	12559.16339	0.4976334644	0.9705110423	40673.92834	15805.34797	9803.312292	2100.471282	534.7574401	0.09895867748	0.02933314231	0.02095413115
50	1	64651.7641	3425.286763	445291.1389	5366927.721	1431.630421	0.9427347832	1.068448	44665.63552	16482.4502	10490.48957	2115.887208	587.7055802	1.141762254	0.01560525607	0.01199433078
50	1	64183.50957	1006.078332	377068.0934	5786625.279	7076.47273	0.7169410908	1.018729909	42677.77516	16142.82484	10143.75808	2119.325552	561.1614618	0.335359444	0.01321437513	0.01
50	1	69903.64848	1177.181978	1904793.875	689120.4219	565.3530342	0.9773858786	1.076065402	44983.57224	16535.91016	10544.34735	2119.264921	591.8887532	0.3923939928	0.06675362158	0.01002995279
50	1	66393.92634	383.3868439	806453.7828	3364769.42	9554.386482	0.6178245407	0.9969411579	41768.15219	15989.88718	9989.692788	2109.596054	549.1942145	0.1277956146	0.02826222372	0.01565274251
50	1	63953.29378	1241.45386	315377.832	6306276.417	6833.529826	0.726658807	1.020869238	42763.78158	16157.48878	10158.70349	2119.315227	562.3077245	0.4138179533	0.01105243603	0.0100059643
50	1	70656.76446	654.1853113	1710556.014	1036092.398	3608.75559	0.8556497764	1.049342323	43827.14398	16343.98827	10353.15094	2095.413691	576.8564679	0.2180617704	0.0599465435	0.02388997494
50	1	67124.00576	1179.480046	890038.4913	3113076.426	3249.422244	0.8700231103	1.052482667	43978.95041	16368.23751	10376.49296	2102.865806	578.7613357	0.3931600152	0.03119145511	0.01956071744
50	1	66745.75495	443.3054973	731474.242	3960784.907	9838.301269	0.6064679492	0.9944737116	41634.02241	15969.25101	9970.536775	2099.401743	547.5683533	0.1477684991	0.02563456098	0.02157528623
50	1	65824.76873	2170.571166	758122.7477	3471844.946	1291.75619	0.9483297524	1.06967982	44715.04837	16490.882	10499.08909	2115.848746	588.3646437	0.7235237218	0.02656845955	0.01201633581
50	1	67161.09756	1096.734075	1113296.577	2118236.929	1928.70766	0.9228516936	1.064071354	44489.08317	16452.3867	10459.88125	2115.734365	585.3553329	0.3655780249	0.03901554883	0.01208398906
50	1	66587.8721	1051.506253	796265.2342	3487094.285	3754.39645	0.849824142	1.048026428	43809.94434	16338.77379	10345.91874	2105.852558	576.461897	0.3505020844	0.0279051654	0.01782610615
50	1	67120.92614	2533.111923	1150312.216	1978725.443	306.5954635	0.9877361815	1.078346055	45073.05541	16551.3078	10560.15897	2118.606512	593.0915635	0.8443706411	0.04031276421	0.01041056758
50	1	64030.11529	2936.66039	336076.8683	6126672.228	2249.094538	0.9100362185	1.061238621	44387.43108	16434.27345	10440.76339	2119.322592	583.9439085	0.9788867967	0.01177783506	0.01
50	1	67859.81429	765.3783289	1279165.075	1693429.23	2621.015081	0.8951593968	1.05797909	44239.75436	16410.1581	10417.07866	2114.477953	582.0527651	0.2551261096	0.04482842082	0.0128146112
50	1	64982.21513	2923.372175	526591.6055	4803914.792	1443.99301	0.9422402796	1.068340491	44659.8653	16481.55895	10489.65899	2115.464571	587.6353829	0.9744573917	0.01845443606	0.01223983037
50	1	65439.82386	1431.759036	423118.9677	6000836.266	5399.115406	0.7840353838	1.033556251	43214.26896	16238.10306	10244.06429	2101.850993	568.5874952	0.4772530121	0.01482823093	0.02015154919
50	1	65477.64945	966.676998	686144.0948	3810442.724	3878.971996	0.8448411202	1.046893417	43802.89362	16335.11095	10340.11775	2117.107093	576.1896363	0.322225666	0.02404596311	0.01128805423
50	1	71831.10369	368.8787051	2066816.075	621540.3894	4668.501122	0.8132599551	1.040002266	43460.25971	16280.88487	10288.37387	2097.975715	571.9268946	0.1229595684	0.07243169982	0.02240252573
50	1	71099.62556	915.7660313	1923843.047	744828.6102	2227.972436	0.9108811025	1.061482826	44335.02427	16429.31532	10439.05224	2101.137632	583.5336132	0.3052553438	0.06742120103	0.02056271924
50	1	66582.20266	1279.191054	996894.6545	2458251.96	1659.36006	0.9336255976	1.066435767	44592.08385	16469.4403	10476.83544	2118.044115	586.6912941	0.4263970179	0.0349362361	0.01074194112
50	1	66103.21481	390.4486638	838328.8056	3098581.318	8546.979243	0.6581208303	1.00579098	42146.70304	16052.97433	10052.7681	2116.204883	554.133976	0.1301495546	0.02937928591	0.01181316187
50	1	66150.16216	670.6857306	475676.7872	5849212.077	10407.1474	0.5837141042	0.9894832552	41413.35929	15932.90885	9934.573103	2093.572376	544.7202134	0.2235619102	0.01667012303	0.02496198739
50	1	65691.22318	2423.359221	684376.6853	3898616.933	1442.383048	0.9423046781	1.068360787	44654.14051	16481.00094	10489.44158	2113.552902	587.5893753	0.8077864071	0.02398402414	0.01335011487
50	1	65065.96203	4258.57856	611936.8549	4173253.69	380.6045323	0.9847758187	1.07769227	45048.98409	16547.06227	10555.71311	2119.257574	592.7605034	1.419526187	0.02144536571	0.01003319192
50	1	64515.54299	1094.084687	312710.9104	6674631.47	8592.278034	0.6563088786	1.005411663	42110.52283	16048.14347	10048.96873	2110.091345	553.74871	0.3646948956	0.0109589736	0.01536490029
50	1	64303.01199	1369.537318	409002.4704	5534843.9	4545.671218	0.8181731513	1.041015528	43574.07945	16295.6197	10299.4661	2119.324671	573.1053884	0.4565124393	0.01433351739	0.01
50	1	64832.36822	784.5417834	438028.8737	5526951.217	8377.876595	0.6648849362	1.007291779	42194.5325	16061.92852	10062.5659	2112.543621	554.8293475	0.2615139278	0.01535074953	0.01394019803
50	1	65474.52003	2535.44745	722062.0567	3578552.694	859.8754585	0.9656049817	1.073471744	44879.43451	16518.14631	10526.23535	2119.318482	590.500223	0.8451491499	0.02530471036	0.01
50	1	65805.77226	1909.568474	782344.5485	3322705.223	1348.417766	0.9460632894	1.069175213	44700.8026	16488.06702	10495.89563	2117.6168	588.1468066	0.6365228246	0.02741731409	0.01098957904
50	1	69152.29281	1016.45056	1385141.221	1587545.122	2731.638288	0.8907344685	1.057051206	44153.0067	16398.52806	10407.88111	2100.034247	581.1256021	0.3388168532	0.04854236153	0.02120475408
50	1	65900.42079	1145.282533	808543.3597	3202618.925	2565.71839	0.8973712644	1.058455787	44269.86555	16414.59233	10421.01004	2117.674223	582.4033813	0.3817608444	0.02833545308	0.01095782517
50	1	65013.34083	1230.434541	321360.9691	6885485.629	7958.982819	0.6816406872	1.011012326	42310.09683	16083.80588	10086.68996	2102.588555	556.5270541	0.410144847	0.01126211545	0.01972364376
50	1	67000.40639	259.2955728	909706.1411	2974067.748	12798.77378	0.4880490487	0.9683832358	40607.43915	15792.79383	9789.493768	2106.048532	533.7830562	0.08643185759	0.03188070914	0.01771395318
50	1	65406.00897	2388.812697	703753.9925	3670993.493	1004.482397	0.9598207041	1.072198371	44828.22077	16509.41579	10517.33838	2119.319211	589.8177615	0.7962708991	0.02466310309	0.01
50	1	71186.90535	1292.944354	2234190.188	437574.0979	327.030519	0.9869187792	1.078166624	45065.28865	16550.01894	10558.87508	2118.445881	592.9906127	0.4309814515	0.07829733617	0.01050396082
50	1	66663.49794	350.4133392	802759.0694	3472174.88	10835.95848	0.5665616606	0.9856705741	41299.22536	15910.9472	9910.087363	2105.027925	543.0177931	0.1168044464	0.02813274226	0.01830676659
50	1	65425.96806	475.6247226	376372.5895	6500976.027	17292.55529	0.3082977885	0.928833841	38993.55627	15519.15713	9511.888305	2099.256603	512.3844736	0.1585415742	0.01319000116	0.02166001917
50	1	64380.423	729.7386348	428371.8625	5389959.786	8756.842582	0.6497262967	1.003933238	42082.39659	16041.34678	10040.35987	2119.246435	553.2288549	0.2432462116	0.01501231896	0.01004615383
50	1	66363.62625	2407.05984	950730.7456	2610417.341	573.5136867	0.9770594525	1.0759951	44979.0785	16535.25056	10543.76465	2118.777866	591.8365841	0.8023532801	0.033318419	0.01031278631
50	1	66866.22287	369.3842844	893260.1246	3022565.101	9119.221778	0.6352311289	1.000780722	41914.43991	16015.34493	10016.07277	2107.219011	551.1812686	0.1231280948	0.03130435745	0.01703367383
50	1	67511.96143	2971.963371	1230765.996	1783751.403	203.020953	0.9918791619	1.07926275	45104.96021	16557.06381	10566.29126	2117.15265	593.5396966	0.9906544572	0.04313227201	0.01125311203
50	1	69798.51961	1410.978908	1772044.511	859758.357	881.4026745	0.964743893	1.073302558	44850.84605	16514.66454	10523.85694	2112.950639	590.2201014	0.4703263027	0.06210141173	0.01369762899
50	1	65417.29273	1688.173888	706769.3267	3655605.88	1728.184081	0.9308726368	1.065825631	44571.91583	16465.72295	10472.8125	2119.321588	586.4023061	0.5627246295	0.02476877567	0.01
50	1	66002.75003	1145.282533	841767.9487	3051538.356	2413.477587	0.9034608965	1.059795247	44324.95109	16423.90533	10430.43541	2118.028691	583.1318183	0.3817608444	0.0294998109	0.01075178242
50	1	66746.42176	441.7627413	731652.4309	3959801.865	9868.096513	0.6052761395	0.994211342	41623.47018	15967.45215	9968.703617	2099.401748	547.4277369	0.1472542471	0.02564080563	0.02157528623
50	1	65036.94734	1282.969944	488043.029	5163319.201	4492.648096	0.8202940762	1.04150505	43569.59337	16296.39943	10301.55878	2112.261442	573.1575135	0.4276566482	0.01710349876	0.01410333581
50	1	65262.25833	216.6995063	591242.1417	4405720.823	22773.75875	0.08904965013	0.8805177583	37103.72863	15193.58289	9177.23958	2114.857081	486.9539319	0.07223316877	0.02072011818	0.0125967577
50	1	73975.06787	892.3349123	2679158.895	261257.6024	1840.411082	0.9263835567	1.064898123	44469.68292	16452.44343	10462.76634	2100.345413	585.3405441	0.2974449708	0.09389129258	0.02102119434
50	1	69109.14338	1190.562652	1673498.555	957384.8845	813.8926223	0.9674442951	1.073880489	44891.77838	16520.51225	10528.86631	2118.121147	590.6836726	0.3968542174	0.05864786249	0.01069515799
50	1	66834.95842	407.5023359	885030.6872	3057282.097	8351.346862	0.6659461255	1.007542416	42186.41406	16061.70728	10063.31766	2107.22642	554.8054083	0.135834112	0.0310159563	0.0170292829
50	1	69457.32284	573.7003261	1785362.623	813905.6232	2143.668921	0.9142532432	1.062167169	44424.5667	16440.61743	10447.23958	2119.261166	584.4397388	0.191233442	0.06256814581	0.01003558126
50	1	65858.45105	4219.173876	823711.9977	3107083.427	95.04527152	0.9961981891	1.080206835	45150.11726	16564.30265	10573.2822	2119.253339	594.1081788	1.406391292	0.02886703896	0.01003319192
50	1	67481.58072	527.7981688	901077.5655	3156789.969	7036.417254	0.7185433099	1.019151637	42620.96213	16137.85324	10142.65319	2097.770522	560.7458985	0.1759327229	0.03157832016	0.022522548
50	1	64826.60164	516.7896883	306414.6874	6945602.526	19070.21124	0.2371915503	0.9131628157	38381.90886	15413.69838	9403.418796	2104.698292	504.1475963	0.1722632294	0.01073832206	0.01849862135
50	1	70824.44035	363.5834688	1962461.623	678880.3337	4223.193891	0.8310722444	1.043891733	43650.68484	16311.17512	10317.41619	2107.908159	574.3070853	0.1211944896	0.06877459144	0.01663221456
50	1	67700.98789	427.4998903	1316927.312	1562558.293	4519.332931	0.8192266828	1.041247478	43583.38572	16297.2076	10301.08548	2119.318084	573.2295055	0.1424999634	0.04615180078	0.01000381929
50	1	64737.56111	351.7338054	444677.4257	5415569.443	18602.28982	0.2559084071	0.9172519199	38579.82695	15445.30023	9433.826516	2114.47384	506.6301184	0.1172446018	0.01558374845	0.01281932893
50	1	74190.47109	2511.13782	2739386.673	240010.3748	1017.018187	0.9593192725	1.072148204	44761.82405	16502.21017	10513.45237	2100.48437	589.2309956	0.8370459401	0.09600197888	0.02092776287
50	1	71578.87053	64.1626717	2290457.972	411447.4691	19748.62938	0.2100548249	0.9071541367	38177.33676	15376.45483	9363.473494	2115.535069	501.2498215	0.02138755723	0.0802692442	0.01220281342
50	1	66956.03578	428.8039668	735668.4034	4009394.906	10319.52851	0.5872188596	0.9902461846	41453.25992	15939.12196	9940.409772	2096.265136	545.2092551	0.1429346556	0.02578154564	0.02339758513
50	1	70088.18788	629.4324146	1952780.831	644857.0468	1664.617094	0.9334153163	1.066385808	44593.99509	16469.51563	10476.70168	2119.189802	586.698614	0.2098108049	0.0684353275	0.01007646147
50	1	64594.23875	2053.301932	419806.0536	5580430.74	2976.090139	0.8809563944	1.054849819	44116.64299	16388.99569	10395.3654	2115.280424	580.3995084	0.6844339772	0.01471212965	0.01234873137
50	1	66088.04062	461.9462422	857774.5174	2991282.48	6864.528004	0.7254188799	1.020601696	42747.22653	16155.03683	10156.51596	2117.622147	562.113941	0.1539820807	0.03006076211	0.01098957904
50	1	65267.30967	1642.751613	666689.6752	3865513.203	1951.148969	0.9219540412	1.063862257	44492.95097	16452.26165	10459.09455	2119.322065	585.3500401	0.5475838709	0.02336418175	0.01
50	1	65845.92896	432.222387	818124.0847	3133800.268	7661.256801	0.693549728	1.01358106	42470.03545	16107.45308	10107.74728	2119.133325	558.3962221	0.144074129	0.02867121019	0.01011175117
50	1	69646.52145	1471.470425	1694905.201	969500.013	1042.48098	0.9583007608	1.071891195	44786.54227	16504.18429	10513.58176	2110.747653	589.3981102	0.4904901416	0.05939805975	0.01497751558
50	0	66228.73055	64.1626717	827064.7442	3196897.207	55709.51268	-1.228380507	0.5904979003	25434.79904	13204.65216	7150.637188	2113.503484	331.4781508	0.02138755723	0.02898453617	0.01338336863
50	1	67161.24157	2389.42807	1122286.388	2085388.772	562.9372183	0.9774825113	1.076096265	44974.56065	16535.02899	10543.99994	2116.267209	591.8161291	0.7964760235	0.03933059732	0.01177028917
50	1	64422.63108	2844.329907	440968.0235	5293787.849	1606.713093	0.9357314763	1.066895275	44614.93579	16473.05665	10480.28603	2119.32129	586.9755792	0.9481099692	0.01545375222	0.01
50	1	71179.65334	363.5834688	2057384.431	594793.0233	4030.840856	0.8387663658	1.045585547	43718.80826	16322.78826	10329.25075	2107.907991	575.2148809	0.1211944896	0.07210116724	0.01663221456
50	1	65939.11288	773.2500951	536648.502	5158520.415	7743.502556	0.6902598978	1.012915993	42380.03194	16096.15135	10099.62673	2100.65186	557.4896756	0.2577500317	0.01880688063	0.02084874973
50	1	66590.22929	871.9939793	1020210.652	2362275.024	2578.842989	0.8968462804	1.058334937	44270.64794	16414.36519	10420.47556	2119.323066	582.3876856	0.2906646598	0.03575334672	0.01
50	1	73011.03227	2850.378154	2606462.755	271135.3083	196.1682599	0.9921532696	1.07934121	45088.74796	16555.53748	10565.77583	2111.475613	593.4133127	0.9501260513	0.09134365179	0.01454062514
50	1	65240.37095	3296.890875	639944.8462	4039546.902	729.5413561	0.9708183458	1.074623209	44921.70972	16525.61088	10534.05893	2118.138072	591.0822528	1.098963625	0.02242690753	0.01068499266
50	1	64839.88475	1431.759036	516331.521	4826336.126	3415.341076	0.863386357	1.050975918	43967.21473	16363.11499	10368.64888	2117.143876	578.3787496	0.4772530121	0.01809487075	0.01126646931
50	1	69902.00382	210.5130024	1626790.54	1117652.572	9126.390157	0.6349443937	1.000732608	41896.45964	16013.30492	10014.85545	2102.531062	551.0159434	0.0701710008	0.05701097716	0.01975719494
50	1	64252.79849	649.3693444	366026.0918	5936894.835	11878.34754	0.5248660983	0.9764514826	40971.27846	15852.30467	9848.026617	2117.543259	538.4493639	0.2164564481	0.01282740749	0.01103585957
50	1	66435.29281	809.8595258	898540.3801	2877624.584	3670.316127	0.8531873549	1.048739193	43868.14508	16346.80847	10352.5207	2114.482021	577.1007479	0.2699531753	0.03148940434	0.01281295953
50	1	66618.38191	329.5663086	751226.0581	3782045.803	12447.07535	0.502116986	0.971491097	40720.79116	15812.86105	9810.568778	2102.646786	535.3474536	0.1098554362	0.02632676463	0.0196902318
50	1	65287.71262	2395.773606	672075.2522	3836710.087	1082.793142	0.9566882743	1.071508798	44800.47313	16504.68647	10512.51963	2119.315536	589.4480671	0.7985912019	0.02355291964	0.01000233606
50	1	66288.48071	543.3743931	939575.0259	2643103.785	5061.645345	0.7975341862	1.036471986	43391.34295	16264.46823	10267.7207	2119.324913	570.6702874	0.1811247977	0.03292746609	0.01
50	1	66543.57893	511.8005637	684027.4308	4221770.487	9133.250448	0.6346699821	1.000680946	41885.02945	16011.95391	10013.98088	2099.798549	550.9069213	0.1706001879	0.02397178449	0.02134468084
50	1	68752.68325	781.0646193	1251470.507	1930395.609	3778.420467	0.8488631813	1.04783869	43776.93844	16334.77354	10343.2091	2098.414661	576.1399048	0.2603548731	0.04385786293	0.02214690224
50	1	73406.23383	2485.752243	2771364.809	211099.8158	-29.04262776	1.001161705	1.081312911	45180.2895	16570.36063	10580.22425	2115.05491	594.5765034	0.8285840811	0.09712265468	0.01246269164
50	1	64631.97607	2354.028576	496910.8377	4896905.038	1778.074116	0.9288770354	1.065386311	44554.24686	16462.71089	10469.74301	2119.321702	586.1668538	0.7846761921	0.01741427168	0.01
50	1	69442.1321	1016.45056	1462851.884	1424534.887	2618.283289	0.8952686684	1.058049332	44193.20348	16405.37709	10414.85787	2100.049396	581.6610082	0.3388168532	0.05126573663	0.02119572891
50	1	65857.94069	4350	823156.8578	3109938.967	71.67503043	0.9971329988	1.080412708	45158.31082	16565.70495	10574.71587	2119.227565	594.2177643	1.45	0.02884758404	0.01004786739
50	1	65824.76873	2557.959256	758122.7477	3471844.946	1017.984648	0.9592806141	1.072090585	44812.00683	16507.41071	10515.93293	2115.847315	589.6566878	0.8526530852	0.02656845955	0.01201633581
50	0	65378.15955	161.2036646	429447.2768	5901287.422	43359.91824	-0.7343967295	0.6992783016	29774.66815	13946.72539	7908.746885	2103.229347	389.4729431	0.05373455487	0.01505000693	0.01935228583
50	1	66620.21677	332.3394902	651683.1665	4498025.729	14599.76038	0.4160095849	0.9525543983	39938.52388	15680.82583	9677.125222	2096.612766	525.0187616	0.1107798301	0.02283827771	0.02319590229
50	1	67734.54145	719.6476006	1147014.258	2106613.863	3613.472492	0.8554611003	1.04925881	43868.66127	16348.19868	10355.03189	2108.526496	577.2019789	0.2398825335	0.04019718707	0.01627266265
50	1	67239.54443	1188.592997	1043258.366	2410231.512	2285.19909	0.9085920364	1.060949752	44344.74728	16428.98184	10437.03905	2110.244917	583.518923	0.3961976658	0.0365610553	0.01527313881
50	1	65727.1079	819.4574038	681255.147	3932912.71	5032.351921	0.7987059232	1.036750854	43380.19773	16263.99692	10268.44113	2112.791517	570.6252813	0.2731524679	0.02387462963	0.01379557039
50	1	67638.60739	296.6821451	668207.5214	4803309.389	16976.38624	0.3209445506	0.9316757788	39046.03221	15532.05272	9528.349545	2081.193553	513.3699464	0.09889404837	0.02341737477	0.03215405087
50	1	66439.97097	528.7309786	720702.9472	3922910.198	8164.035514	0.6734385794	1.009203185	42241.07342	16071.80048	10074.25492	2103.680849	555.5899601	0.1762436595	0.02525708028	0.01908909465
50	1	66287.47873	1059.876616	870965.9828	2977964.086	2753.283968	0.8898686413	1.05681205	44195.28917	16402.4201	10409.06039	2115.200443	581.4487902	0.3532922053	0.03052305785	0.01239502466
50	1	66834.83378	954.4823206	991625.8113	2539686.354	2784.542923	0.8886182831	1.056541737	44179.13024	16400.00325	10406.88138	2113.65557	581.2579357	0.3181607735	0.03475158915	0.0132924828
50	1	68342.47846	1369.514993	1464919.284	1281838.265	819.6404158	0.9672143834	1.073830591	44889.00658	16520.0886	10528.47566	2117.897585	590.6502773	0.4565049977	0.05133818877	0.01082500157
50	1	69843.35249	463.3604126	1784498.607	844832.1925	3287.21779	0.8685112884	1.052117447	43998.9008	16369.42541	10375.84347	2112.987354	578.8668399	0.1544534709	0.06253786634	0.01368103507
50	1	64495.39428	2612.618726	399593.4445	5727455.801	2347.63755	0.906094498	1.060382621	44340.44686	16427.06621	10434.093	2115.653615	583.3759358	0.8708729087	0.01400377749	0.01213140339
50	1	71579.05447	64.1626717	2290457.972	411454.4859	19748.84212	0.2100463153	0.9071522728	38177.25165	15376.44097	9363.459915	2115.532104	501.2487344	0.02138755723	0.0802692442	0.01220453602
50	1	66132.65755	269.5039712	584615.9994	4831375.423	19471.55788	0.2211376849	0.9096423313	38225.69841	15388.00294	9378.018526	2100.426724	502.1336542	0.08983465705	0.0204879046	0.02098027493
50	1	67757.32428	788.6246108	1219067.585	1862318.569	2818.391916	0.8872643234	1.056247355	44163.35256	16397.56519	10404.60829	2112.504959	581.0659155	0.2628748703	0.04272230047	0.0139609109
50	1	69308.08522	1082.755186	1384517.723	1612390.466	2786.031818	0.8885587273	1.05658039	44125.34682	16394.37021	10404.11245	2097.484876	580.797399	0.3609183955	0.048520511	0.02268560321
50	1	65325.70467	1392.960467	639726.0498	4073183.325	2757.469826	0.889701207	1.056770213	44198.92765	16402.70039	10409.0603	2116.755263	581.4726434	0.4643201555	0.0224192398	0.01149181207
50	1	64322.4084	1168.574608	382547.9503	5806001.983	6026.299578	0.7589480169	1.027983587	43043.41641	16205.57379	10208.05415	2117.416779	566.0641431	0.3895248692	0.01340641707	0.01110874804
50	1	69692.12499	576.0765836	1472582.622	1433460.946	4371.318923	0.8251472431	1.042623552	43561.01104	16298.35879	10306.43192	2096.609689	573.2911184	0.1920255279	0.05160675096	0.02319590229
50	1	65634.03862	569.8238029	684375.8102	3878007.886	7210.662361	0.7115735056	1.017563779	42614.29281	16133.06227	10134.69979	2114.480823	560.3922715	0.1899412676	0.02398399347	0.0128146112
50	1	69165.64548	401.5506536	1708433.606	905654.1111	3571.214669	0.8571514133	1.049596354	43919.1913	16354.45164	10359.41971	2119.324058	577.7042624	0.1338502179	0.05987216356	0.01
50	1	65644.19814	1007.628114	654381.4095	4089625.476	4235.641604	0.8305743359	1.043767401	43661.42185	16312.00001	10317.41175	2112.506431	574.3773126	0.335876038	0.0229328378	0.0139609109
50	1	66701.01028	360.1434585	806999.1214	3458660.703	10521.22159	0.5791511365	0.9884431873	41409.54272	15929.82954	9929.393828	2104.678961	544.493383	0.1200478195	0.02828133515	0.01850947741
50	1	68445.65046	340.3407087	1240380.839	1912774.312	7474.641922	0.7010143231	1.015276964	42481.99003	16113.08498	10116.50721	2102.697674	558.8159288	0.1134469029	0.0434692248	0.01966017308
50	1	65863.13393	2401.601865	825910.5157	3096564.45	734.7373564	0.9706105057	1.07457368	44923.75321	16525.70141	10533.93449	2119.317738	591.0908028	0.8005339549	0.02894408616	0.01
50	1	65746.57096	2699.388498	475482.7664	5636290.505	2934.516185	0.8826193526	1.055264626	44081.2443	16386.2887	10395.40346	2100.061714	580.1688887	0.899796166	0.01666332356	0.02118914839
50	1	68461.98822	3172.719353	1496927.593	1225907.427	-37.07426044	1.00148297	1.081374597	45192.43347	16571.81347	10581.18591	2117.888564	594.6935993	1.057573118	0.05245992198	0.01082247932
50	1	65852.29622	4294.057725	822067.2578	3114210.509	81.80113063	0.9967279548	1.080323459	45154.80779	16565.10226	10574.09705	2119.253072	594.1706835	1.431352575	0.02880939894	0.01003319192
50	1	65929.61911	543.3743931	843677.2074	3020865.925	5723.939611	0.7710424155	1.030639985	43156.78595	16224.48281	10226.97292	2119.325167	567.5446397	0.1811247977	0.02956672099	0.01
50	1	66469.3576	1859.541326	902463.2264	2867090.423	1377.43356	0.9449026576	1.068930756	44679.15913	16485.13206	10493.53897	2114.164911	587.9130689	0.6198471086	0.03162688074	0.0129945005
50	1	64410.24904	2407.389032	433595.3698	5355983.616	2102.41424	0.9159034304	1.062531036	44438.57166	16443.0451	10449.74733	2119.077178	584.6292791	0.8024630108	0.01519537711	0.01014241707
50	1	65768.44847	4302.753839	800607.9219	3207657.154	98.54074343	0.9960583703	1.080175871	45149.0675	16564.1112	10573.0766	2119.310619	594.0932847	1.43425128	0.02805735516	0.01
50	1	64267.85067	1910.538349	399606.3866	5607766.41	3131.377592	0.8747448963	1.053469452	44074.96324	16381.00641	10386.48077	2119.323681	579.7800403	0.6368461163	0.01400423104	0.01
50	1	67999.24694	1064.585676	1355813.649	1501275.928	1473.08483	0.9410766068	1.068079876	44654.1296	16480.27795	10488.09872	2116.851658	587.5369808	0.354861892	0.0475145749	0.01143424626
50	1	66095.82261	1649.901584	744759.0215	3643953.626	2276.243898	0.9089502441	1.061027231	44349.33652	16429.67006	10437.66129	2110.675366	583.5732588	0.5499671947	0.02610012692	0.01502309276
50	1	66317.69625	575.9640326	946552.5546	2618290.884	4695.027597	0.8121988961	1.039700493	43521.0188	16286.58529	10290.26863	2119.274697	572.3991084	0.1919880109	0.03317199403	0.01002907608
50	1	71323.8868	1026.92459	2256688.896	426153.0881	641.9206159	0.9743231754	1.075396503	44950.96482	16530.71599	10539.3605	2117.597733	591.4806442	0.3423081968	0.0790858048	0.01099832581
50	1	70441.97328	379.1735518	2046541.261	566052.8437	3081.280414	0.8767487835	1.053911168	44092.1169	16383.96971	10389.53341	2119.144906	580.0114572	0.1263911839	0.07172116768	0.01010382765
50	1	66219.01423	4294.057725	920064.5259	2716818.249	-7.956146663	1.000318246	1.08111384	45186.59607	16570.52127	10579.61938	2119.251023	594.5942862	1.431352575	0.03224371939	0.01003319192
50	1	65900.42079	1145.282533	808543.3597	3202618.925	2565.71839	0.8973712644	1.058455787	44269.86555	16414.59233	10421.01004	2117.674223	582.4033813	0.3817608444	0.02833545308	0.01095782517
50	1	66870.54391	1012.540001	866161.5927	3169765.358	3617.802028	0.8552879189	1.049230335	43857.19946	16346.90389	10354.26639	2105.512064	577.0969987	0.3375133336	0.03035468769	0.01802381025
50	1	68074.89212	350.3743155	1141291.443	2195905.828	7867.185152	0.6853125939	1.011820327	42342.96512	16089.38528	10092.35579	2102.697032	556.9633296	0.1167914385	0.03999663067	0.01966060896
50	1	66210.00873	3114.58548	820144.026	3230015.418	825.6979428	0.9669720823	1.073791718	44871.97506	16518.17346	10527.3546	2113.375619	590.4949237	1.03819516	0.02874199916	0.0134505755
50	1	65652.7573	1406.540954	711640.811	3704751.965	2458.16172	0.9016735312	1.059408837	44301.85374	16420.45065	10427.32063	2115.820778	582.8590083	0.4688469848	0.02493949714	0.01203440828
50	1	64075.65481	1536.055252	348076.1076	6025469.172	4799.493745	0.8080202502	1.038780462	43484.15229	16280.29187	10283.84792	2119.314529	571.9072041	0.5120184173	0.01219834916	0.0100059643
50	1	73534.6516	659.3126849	2592559.028	291592.4093	2201.870976	0.911925161	1.061709191	44347.84665	16431.26362	10440.83803	2102.224232	583.6872688	0.219770895	0.0908563948	0.01993158617
50	1	67018.19847	2871.404429	944038.7333	2806229.927	1157.057677	0.9537176929	1.070891628	44736.32623	16496.26368	10506.0479	2107.820674	588.7753025	0.9571348096	0.033083897	0.01667738842
50	1	66758.86642	446.1762082	731474.242	3965602.613	9794.441525	0.608222339	0.9948606065	41648.85952	15971.82655	9973.200255	2099.190381	547.7694177	0.1487254027	0.02563456098	0.02169807535
50	1	66360.21032	1271.164656	937088.4205	2672276.897	1826.000875	0.926959965	1.064968462	44532.97052	16459.36951	10466.578	2118.015347	585.904027	0.423721552	0.03284032285	0.01075889222
50	1	65042.36792	682.4620882	606578.9733	4203136.965	6420.93583	0.7431625668	1.024502407	42909.93897	16182.40229	10184.09011	2119.325383	564.2552187	0.2274873627	0.02125759841	0.01
50	1	74014.99699	4238.545769	2815067.243	207002.3335	303.3907182	0.9878643713	1.078408561	45038.91557	16547.82971	10558.58279	2107.853511	592.8063002	1.41284859	0.09865420923	0.01663221456
50	1	67041.33497	503.1583184	870844.0815	3194225.855	7192.182058	0.7123127177	1.017763129	42583.16513	16130.25686	10133.94289	2103.043569	560.1586813	0.1677194395	0.03051878581	0.0194591733
50	1	65856.95825	1172.810151	808543.3597	3189739.708	2440.050007	0.9023979997	1.059560149	44316.67977	16422.41965	10428.85783	2118.374715	583.0161155	0.3909367169	0.02833545308	0.0105507977
50	1	71104.80082	1274.019256	2171313.587	484461.6807	549.7648386	0.9780094065	1.076213185	44978.27169	16535.72495	10544.76241	2115.97715	591.8701707	0.4246730855	0.07609382174	0.01193856494
50	1	66620.2611	585.8041799	658606.2972	4444185.104	8545.074261	0.6581970296	1.005869148	42084.21429	16046.51499	10049.70991	2097.028842	553.6050894	0.19526806	0.02308089926	0.02295369587
50	1	71792.34198	642.422618	2175356.247	512729.6075	2380.731319	0.9047707472	1.060124845	44294.1168	16421.46586	10430.31698	2105.144769	582.925029	0.2141408727	0.07623549701	0.01823572448
50	1	68263.57774	324.0805941	1354352.613	1542438.536	6501.593136	0.7399362745	1.023813986	42858.91637	16175.19523	10177.99867	2112.507504	563.6833256	0.1080268647	0.0474633728	0.0139609109
50	1	65705.73506	3313.522884	642300.8977	4200395.33	1245.35181	0.9501859276	1.07010467	44714.78998	16491.94614	10501.10493	2110.778606	588.4414949	1.104507628	0.0225094755	0.01496056753
50	1	68411.31786	142.1235202	1226262.569	1954114.634	17518.102	0.2992759199	0.9268376658	38924.03327	15506.61787	9498.532137	2102.400673	511.4082129	0.04737450675	0.04297444913	0.01983342335
50	1	64744.42807	1230.434541	524965.8249	4712478.048	3848.954373	0.8460418251	1.047151032	43820.43103	16337.64209	10342.3118	2119.203892	576.3901148	0.410144847	0.01839746047	0.01006992611
50	1	67957.03693	400.1667557	1336020.256	1547811.775	5013.080374	0.799476785	1.036909186	43398.71927	16266.37783	10270.21482	2116.342524	570.8158339	0.1333889186	0.0468209142	0.01173260955
50	1	65054.09441	1154.170193	609712.6169	4184829.022	3462.213478	0.8615114609	1.050556192	43957.79497	16361.03249	10366.12603	2119.323972	578.2186853	0.3847233978	0.02136741715	0.01
50	1	65827.43945	1046.461431	758836.4405	3468394.941	3230.10407	0.8707958372	1.052611202	44028.56644	16373.85599	10379.83189	2115.852894	579.2167573	0.3488204769	0.02659347096	0.01201633581
50	1	66651.89322	199.0734619	777334.4763	3625324.202	19580.80206	0.2167679176	0.9086699318	38197.73109	15382.52346	9371.836302	2103.681951	501.7093928	0.06635782065	0.02724173579	0.01908909465
50	1	70707.04364	363.5834688	2046541.261	580136.3042	3552.230092	0.8579107963	1.04977778	43911.25179	16354.07162	10359.85059	2114.872225	577.6689934	0.1211944896	0.07172116768	0.01258621614
50	1	69903.65787	1177.181978	1904793.875	689121.0217	565.3638909	0.9773854444	1.076065307	44983.5679	16535.90945	10544.34666	2119.264769	591.8886977	0.3923939928	0.06675362158	0.0100300407
50	1	65082.5766	424.2575899	371738.7731	6348242.624	19159.64744	0.2336141023	0.9123758572	38349.6224	15408.23506	9397.885457	2104.512531	503.7202982	0.1414191966	0.01302760877	0.01860654456
50	1	67237.39811	122.0195458	1097816.385	2191516.015	21854.63043	0.1258147829	0.8886154791	37425.02562	15248.63521	9233.576969	2113.575933	491.2557534	0.04067318194	0.03847304452	0.01334104932
50	1	65389.35966	983.7487743	586364.0167	4495944.597	4880.821992	0.8047671203	1.038086084	43432.94228	16273.04953	10277.71773	2112.511812	571.3325722	0.3279162581	0.02054916398	0.01395801798
50	1	68566.74157	459.4483646	1544151.253	1140224.098	3446.323519	0.8621470592	1.050696934	43962.58036	16361.90417	10367.06132	2119.068268	578.2865051	0.1531494549	0.05411487815	0.01014854006
50	1	65307.72782	859.1304931	529614.7526	4925128.701	6412.791617	0.7434883353	1.024602681	42883.44117	16179.83575	10183.11406	2110.40507	564.0434469	0.286376831	0.01856038244	0.015182316
50	1	69905.94991	327.6189276	1274104.607	2065279.353	9097.506527	0.6360997389	1.001055266	41836.40264	16007.733	10013.09904	2081.192485	550.553724	0.1092063092	0.04465107639	0.03215405087
50	1	64325.34795	628.8623044	382547.9503	5807584.544	11740.71896	0.5303712414	0.9776639595	41019.45142	15860.55461	9856.465618	2117.3704	539.0940433	0.2096207681	0.01340641707	0.01113627695
50	1	64853.43538	1720.531685	556090.9337	4509395.303	2344.143218	0.9062342713	1.060401645	44353.76881	16428.53497	10434.9155	2119.322739	583.4953334	0.5735105616	0.01948824187	0.01
