#gen	Feasible	f1	f2	f3	f4	f5	c1	c2	c3	c4	c5	c6	c7	x1	x2	x3
92	1	64995.94667	580.8471453	532314.0118	4762379.1	9123.717004	0.6350513199	1.000714324	41940.43542	16017.94497	10017.1831	2115.594401	551.3949793	0.1936157151	0.01865497815	0.01216788443
92	0	66616.16872	249.6651987	488594.758	5971720.262	25951.97235	-0.03807889398	0.8526208841	35885.85421	14992.09577	8977.06007	2086.840716	471.1687373	0.08322173289	0.01712283414	0.02887343576
92	1	66018.84294	3187.204687	693092.7591	3958364.085	1336.562601	0.946537496	1.06930784	44675.95398	16485.7594	10495.16474	2108.794879	587.9554003	1.062401562	0.02428947949	0.01611282426
92	1	65224.79356	469.6675251	579148.0083	4483814.014	10500.98011	0.5799607954	0.9885892472	41449.82093	15934.49779	9932.303691	2114.73076	544.87086	0.1565558417	0.02029627851	0.01266973913
92	1	66201.7955	2775.387796	674724.9779	4156829.9	1869.572143	0.9252171143	1.064627278	44473.82047	16452.18846	10461.6994	2104.739416	585.3261009	0.9251292653	0.02364577944	0.01846987812
92	1	66509.26701	2853.584538	978080.0178	2522941.822	389.5253547	0.9844189858	1.07761749	45041.94059	16546.11941	10554.96899	2118.077496	592.6853266	0.9511948461	0.03427687597	0.01071825757
92	1	70208.80154	2859.865596	1924125.814	685446.5775	48.55572592	0.998057771	1.080628207	45154.2388	16565.82469	10575.52196	2115.496219	594.222473	0.953288532	0.0674311106	0.01221022743
92	1	66019.93998	2797.147899	690555.0704	3976285.48	1542.238188	0.9383104725	1.067497258	44602.54979	16473.28337	10482.48224	2108.625469	586.9799401	0.932382633	0.02420054603	0.01621203152
92	1	64255.56	316.8350543	375642.6131	5839876.48	24318.81086	0.02724756553	0.8669020909	36567.14957	15101.4065	9082.713561	2118.079407	479.7525597	0.1056116848	0.01316441909	0.01072470957
92	1	66383.26971	831.2647955	807325.2036	3356353.649	4349.645225	0.826014191	1.042772118	43612.19334	16304.19567	10309.95258	2109.818638	573.7638906	0.2770882652	0.02829276272	0.01552240399
92	1	67181.54517	263.5568362	1026998.123	2466100.356	10879.71932	0.564811227	0.9852686562	41300.77558	15910.07967	9908.252041	2110.20372	542.9564459	0.08785227874	0.03599121405	0.01529981599
92	1	71708.27381	882.452124	2005810.85	683318.5901	2569.29841	0.8972280636	1.058492774	44198.11017	16407.03952	10417.24619	2096.270842	581.7862395	0.294150708	0.07029376786	0.02339015368
92	1	64723.43284	3014.93275	390273.9411	5945469.664	2330.453808	0.9067818477	1.060547505	44332.57277	16426.65065	10434.44844	2111.414904	583.3381561	1.004977583	0.0136771749	0.01459359101
92	1	66483.86787	2277.233529	931786.1941	2728143.749	896.6183053	0.9641352678	1.073159784	44854.4997	16514.68709	10523.37538	2115.69766	590.2252942	0.759077843	0.03265450599	0.01210276423
92	1	65253.35863	845.9380111	358814.0379	6596246.184	10351.71282	0.5859314872	0.9899476849	41457.38926	15938.79506	9939.210244	2100.979236	545.1895919	0.281979337	0.01257466061	0.02065886935
92	1	66150.92742	198.4730487	684772.8915	4065567.465	22066.4588	0.1173416479	0.8867738684	37325.62336	15233.30852	9219.318469	2106.173957	490.0484214	0.06615768289	0.02399790921	0.01764136791
92	1	72387.46862	325.2183193	2135781.232	580439.1816	5394.404556	0.7842238177	1.033625532	43187.33683	16235.41059	10242.91631	2093.167742	568.366176	0.1084061064	0.07484858811	0.02519600455
92	1	66805.24466	638.6672392	708787.3787	4143051.441	7402.95323	0.7038818708	1.015926242	42488.85459	16115.485	10119.98659	2097.073656	558.9965095	0.2128890797	0.02483949843	0.0229274709
92	1	68282.0381	128.1655788	1163123.299	2155047.466	20528.19131	0.1788723474	0.9003370775	37852.30413	15324.29512	9313.050247	2100.676072	497.1539455	0.04272185962	0.04076172944	0.02083543581
92	1	67401.61614	3171.249792	1057182.505	2388155.341	900.7134609	0.9639714616	1.073146869	44829.23549	16511.96118	10521.92624	2108.462017	590.0031769	1.057083264	0.0370490276	0.01630297085
92	1	67585.10487	581.4270606	1202224.848	1887326.562	3853.556759	0.8458577296	1.047126311	43802.53809	16335.6715	10341.21105	2114.266369	576.2299046	0.1938090202	0.04213204569	0.01293832793
92	1	69164.40762	258.3938379	1643182.632	1014426.352	6522.157787	0.7391136885	1.023623609	42861.19108	16174.94848	10177.21393	2115.409238	563.6676635	0.08613127931	0.05758543907	0.01227513192
92	1	66510.58591	704.168839	653022.0157	4442177.629	7201.213308	0.7119514677	1.017698278	42564.8676	16128.14003	10132.62817	2098.459552	559.9874809	0.2347229463	0.02288519776	0.02212228732
92	1	70911.3942	79.91768847	2070828.701	566767.5953	17660.3475	0.2935860999	0.9255510046	38908.72072	15501.67965	9491.54326	2113.046047	511.0354959	0.02663922949	0.07257232255	0.0136488078
92	1	66922.21805	1355.896188	1108927.298	2087650.351	1213.425508	0.9514629797	1.070358469	44754.22184	16496.80104	10504.48311	2119.320076	588.8316703	0.4519653959	0.03886242718	0.01
92	1	71746.23051	988.0721298	1993771.666	700243.6471	2494.718822	0.9002112471	1.059153788	44220.11564	16411.08344	10421.61314	2094.931796	582.1006795	0.3293573766	0.0698718539	0.02416753287
92	1	65174.86726	860.4484008	639565.7807	4017737.824	4651.017977	0.8139592809	1.040088338	43536.28904	16289.20942	10292.96044	2119.178698	572.6041164	0.2868161336	0.02241362316	0.01008483379
92	1	70921.84396	258.3938379	1656516.828	1166561.255	8440.665069	0.6623733972	1.006817827	42091.07109	16049.68351	10054.61946	2087.88434	553.8413446	0.08613127931	0.05805273682	0.02826625573
92	1	67150.44398	707.1923754	830828.1269	3459374.916	5765.505733	0.7693797707	1.030339451	43074.69006	16214.96059	10221.02845	2098.870215	566.7747309	0.2357307918	0.02911642415	0.02188334273
92	1	66475.12686	261.3751169	987518.4228	2474003.396	10768.33811	0.5692664757	0.9862206192	41369.88628	15919.89179	9916.596084	2119.209501	543.7347103	0.08712503897	0.03460764546	0.01006776504
92	1	65037.07488	2243.712388	526205.5122	4831655.749	2096.310978	0.9161475609	1.062599244	44425.8519	16441.86466	10449.37471	2114.55871	584.5313593	0.7479041294	0.01844090539	0.01276712359
92	1	67730.91479	815.9469631	978294.2646	2824457.394	4462.353369	0.8215058652	1.041816169	43534.69187	16293.47899	10301.1287	2098.407618	572.911913	0.271982321	0.03428438426	0.02215150176
92	1	67536.86034	616.4989222	1055548.539	2425174.087	4748.198585	0.8100720566	1.039274152	43459.11111	16278.8915	10284.8317	2106.196528	571.7813457	0.2054996407	0.03699176518	0.01762679759
92	1	64665.79185	313.4087385	490262.8589	4969434.07	18663.05155	0.2534779382	0.9167043594	38571.17598	15442.97119	9430.735063	2118.380537	506.4529399	0.1044695795	0.01718129284	0.01054966414
92	1	67094.7376	393.5916283	793761.8462	3670830.868	10320.25967	0.5871896132	0.990235685	41457.17922	15939.51271	9940.574839	2097.533622	545.2413849	0.1311972094	0.02781743401	0.0226606417
92	1	65477.72222	876.605428	544401.4787	4876279.316	6241.041197	0.7503583521	1.026120991	42938.1799	16189.57135	10193.37497	2108.556675	564.8021658	0.2922018093	0.01907858419	0.01625611468
92	1	64624.98734	824.1296582	479114.5732	5047639.485	6837.743936	0.7264902426	1.020835173	42759.15799	16156.90845	10158.2868	2118.364632	562.2611728	0.2747098861	0.01679060046	0.01055822159
92	1	64569.15807	2047.007772	452439.6252	5260145.26	2566.772629	0.8973290949	1.058446572	44269.42199	16414.52138	10420.94165	2117.652914	582.3978082	0.6823359239	0.01585577522	0.01097020482
92	1	65904.88878	1497.954997	686792.1611	3959939.244	2776.918951	0.8889232419	1.05661975	44170.63856	16399.29865	10406.7878	2110.257465	581.1986113	0.4993183324	0.02406867464	0.01526644645
92	1	68676.92201	2659.442204	1505706.823	1231623.08	290.0464295	0.9883981428	1.078503449	45066.91307	16551.05757	10560.57372	2114.957118	593.0674495	0.8864807345	0.05276759066	0.01252766927
92	1	67991.34273	530.4488915	1208961.735	1936927.617	4677.23838	0.8129104648	1.039892837	43490.5931	16283.83669	10289.51681	2108.124626	572.1703186	0.1768162972	0.0423681403	0.01650665783
92	1	66650.09483	1007.718312	865593.187	3108710.287	3383.762431	0.8646495027	1.051279963	43951.67871	16362.24039	10369.24849	2109.031358	578.3002459	0.3359061041	0.03033476788	0.01597922068
92	0	65939.32423	30	681649.787	4008307.11	145415.2191	-4.816608762	-0.1994154602	-6348.745695	7787.342891	1630.797448	2109.397094	-91.99634224	0.01	0.02388845981	0.01576914979
92	1	65859.50478	1142.819925	551558.5497	4989450.297	5137.539798	0.7944984081	1.035856476	43310.1447	16254.23233	10260.32049	2102.833463	569.849543	0.380939975	0.01932940419	0.01958069489
92	1	67206.57447	537.5586284	913003.4936	3014119.885	6472.94476	0.7410822096	1.024096942	42837.49214	16173.63886	10178.17415	2102.922839	563.5496881	0.1791862095	0.03199626507	0.01952916486
92	1	66079.26635	433.2133498	804967.4711	3276488.661	8106.010521	0.6757595792	1.00967925	42297.51862	16079.03982	10079.62946	2114.578407	556.1694751	0.1444044499	0.02821013584	0.01275803419
92	1	73167.32668	281.9733935	2543814.03	306775.6228	4394.889058	0.8242044377	1.042388467	43580.98955	16299.88407	10306.40579	2105.209826	573.4210956	0.09399113117	0.08914812325	0.01819985357
92	1	64691.23552	504.6520969	428148.273	5549698.138	13368.89609	0.4652441562	0.9633367063	40432.45212	15761.17585	9755.770556	2114.223235	531.3217035	0.1682173656	0.01500448325	0.01296475415
92	1	65434.3259	261.3751169	709387.4111	3644742.147	15286.95695	0.3885217221	0.9464307669	39769.58004	15647.08424	9638.587247	2119.209856	522.40943	0.08712503897	0.0248605266	0.01006776504
92	1	67584.14227	3227.908182	1121496.906	2171759.493	767.8975399	0.9692840984	1.074313413	44879.36073	16520.30118	10530.25298	2109.398012	590.6562827	1.075969394	0.03930292986	0.01575842903
92	1	64559.94824	479.5163862	477662.9953	5029982.07	12222.45832	0.5111016672	0.9734156188	40855.28179	15832.14058	9827.150391	2119.326284	536.8753715	0.1598387954	0.01673972982	0.01
92	1	66268.08497	2906.919489	755176.9012	3636106.074	1364.585875	0.945416565	1.069061947	44665.13115	16483.97403	10493.39545	2108.522276	587.8154982	0.968973163	0.02646522217	0.01627123744
92	1	68455.08779	2588.593468	1518552.797	1179881.464	-8.244702289	1.000329788	1.081116198	45186.88645	16570.55828	10579.64659	2119.308251	594.5972505	0.8628644895	0.05321777863	0.01
92	1	65602.65537	2490.397583	712503.5487	3682051.332	1101.029741	0.9559588104	1.071356657	44785.32493	16502.681	10510.96077	2116.676677	589.2880037	0.8301325278	0.02496973184	0.01153496817
92	1	67894.11448	3182.429129	1081855.416	2394685.767	1340.259417	0.9463896233	1.069296987	44652.31895	16483.21243	10493.81492	2102.010997	587.7478352	1.06080971	0.03791369134	0.02005056256
92	1	71738.26863	531.4498622	2132951.731	549230.7209	2997.355491	0.8801057804	1.054700402	44070.17981	16383.6596	10392.09983	2103.459786	579.9676182	0.1771499541	0.07474942805	0.01921539556
92	1	67058.08465	318.8015031	1062211.183	2293138.359	8378.84995	0.664846002	1.007277528	42200.03116	16062.47797	10062.79977	2114.317637	554.8745141	0.1062671677	0.03722525798	0.01290956225
92	1	67160.90267	125.1736717	1064229.348	2306987.12	22035.14436	0.1185942256	0.8870284563	37358.48321	15237.46498	9222.33951	2112.782989	490.3815895	0.04172455725	0.03729598468	0.013801728
92	1	65978.08843	3131.51787	523221.3574	5299573.923	2493.565174	0.900257393	1.059150262	44234.60332	16412.61851	10422.39191	2099.20768	582.2260166	1.04383929	0.0183363255	0.02168431154
92	1	65594.717	2651.813164	754182.0336	3421961.724	722.4079986	0.9711036801	1.074682249	44928.11975	16526.44578	10534.69306	2119.317658	591.1489903	0.8839377214	0.02643035697	0.01
92	1	65398.50788	877.4348909	533112.6876	4936618.565	6324.25874	0.7470296504	1.02538629	42910.67072	16184.75149	10188.35368	2109.152669	564.4261432	0.292478297	0.01868296779	0.01590988743
92	1	65559.83839	586.6107242	537761.7638	4970641.001	9561.289206	0.6175484318	0.9968892195	41756.60721	15988.52323	9988.8106	2106.833262	549.0841426	0.1955369081	0.01884589496	0.0172578233
92	1	68685.48079	756.3387842	1197536.244	2107156.296	4175.158728	0.8329936509	1.044352058	43629.28208	16310.0768	10318.44035	2096.244885	574.2066568	0.2521129281	0.04196773328	0.02340767976
92	1	65894.84016	857.5875596	562709.2336	4909635.811	6575.164792	0.7369934083	1.023196772	42801.3373	16167.47233	10171.88741	2102.937217	563.0676706	0.2858625199	0.01972018061	0.01952083491
92	1	68310.84627	342.1557535	1480007.443	1244967.279	5109.372341	0.7956251064	1.036051714	43374.44003	16261.58675	10264.78429	2119.324933	570.4450435	0.1140519178	0.05186695426	0.01
92	1	65408.5756	3189.782898	704439.8662	3667487.716	558.8664187	0.9776453433	1.076122356	44986.03935	16536.31946	10544.75498	2119.316454	591.9208124	1.063260966	0.02468713958	0.01
92	1	66287.79936	231.1135342	939392.949	2643774.268	12936.76587	0.4825293652	0.9671256013	40602.30386	15789.01491	9783.202491	2119.326342	533.504251	0.07703784472	0.0329210852	0.01
92	1	66448.36176	818.4835825	804477.5303	3393442.862	4522.40852	0.8191036592	1.041254716	43546.9858	16293.34661	10299.12109	2108.597663	572.9142974	0.2728278608	0.02819296583	0.01623178903
92	1	65144.92062	1472.010853	620063.5118	4144890.011	2554.380986	0.8978247606	1.058553031	44276.54545	16415.55417	10421.84154	2118.483252	582.4795787	0.4906702845	0.02173016491	0.01048784124
92	0	68404.57336	30	1435772.227	1356309.961	68597.37461	-1.743894984	0.4770052756	20875.87286	12427.12289	6357.981478	2115.148002	270.700987	0.01	0.05031672834	0.01242798179
92	1	68129.11204	106.6105626	1303096.57	1665428.899	21203.23844	0.1518704626	0.8943578529	37649.16244	15287.27972	9273.324239	2111.584653	494.2740943	0.0355368542	0.04566710156	0.01449790855
92	1	66769.70422	721.0245735	653022.0157	4550187.872	7349.672782	0.7060130887	1.016404353	42498.5311	16117.74489	10122.80251	2094.282607	559.1696765	0.2403415245	0.02288519776	0.02454893473
92	1	64575.15043	2411.763836	437078.0845	5405641.35	2250.226272	0.9099909491	1.061237278	44378.15907	16433.28177	10440.24778	2116.629062	583.8630234	0.8039212788	0.01531742906	0.0115646695
92	1	67297.24927	1812.660453	925006.2837	2976743.642	2238.916386	0.9104433446	1.061383122	44334.57867	16429.01163	10438.55136	2102.179446	583.5111752	0.604220151	0.0324169036	0.01995769736
92	1	66909.79373	384.7962432	760481.6168	3823546.463	10894.24769	0.5642300925	0.9851781695	41257.10393	15905.19253	9905.421363	2098.507426	542.5598042	0.1282654144	0.02665112626	0.02209494692
92	1	65834.08926	935.0966828	669901.4878	4051366.201	4625.401598	0.8149839361	1.040342072	43516.38628	16287.74013	10293.07984	2110.381813	572.4782701	0.3116988943	0.02347673993	0.01519534242
92	1	67615.14537	268.1107717	1055044.014	2444985.687	10785.97012	0.568561195	0.9861111498	41316.52743	15913.92339	9913.14271	2104.905961	543.2502886	0.08937025722	0.03697408408	0.01837761934
92	1	66889.74847	2659.486949	1100250.522	2113037.123	251.622624	0.989935095	1.07882787	45094.85229	16554.86902	10563.65821	2119.313146	593.3708263	0.8864956497	0.038558349	0.01
92	0	67424.99499	51.01173114	1175010.395	1949688.743	49159.70923	-0.9663883693	0.6481684076	27760.08331	13600.67532	7553.897414	2115.208773	362.4372874	0.01700391038	0.04117831346	0.01239262837
92	1	67505.57067	881.0928103	1046771.309	2455362.972	3404.050769	0.8638379692	1.051110469	43935.06957	16360.03462	10367.52648	2106.170126	578.1242463	0.2936976034	0.03668416659	0.01764136791
92	1	64831.43504	3074.745021	462369.4164	5297301.769	1707.618049	0.931695278	1.066023695	44561.74563	16465.14793	10473.20038	2114.021674	586.3507353	1.024915007	0.01620376538	0.01307844292
92	1	65189.90026	977.100091	642126.8515	4005452.46	3992.990892	0.8402803643	1.045883045	43769.04545	16328.9071	10333.43113	2119.090484	575.7071617	0.3257000303	0.02250337604	0.01013586523
92	1	65805.34375	1459.290363	667702.9494	4056069.841	2905.875488	0.8837649805	1.05548274	44126.46013	16391.66837	10398.92877	2110.710866	580.6027211	0.486430121	0.02339969201	0.01500318817
92	1	65636.52019	2323.148571	731496.1031	3573562.331	1132.027247	0.9547189101	1.071081781	44776.32252	16501.01519	10509.15296	2117.276817	589.1585369	0.7743828571	0.02563532711	0.01118651745
92	1	66954.77517	603.4040368	1100980.69	2123115.716	3784.813401	0.848607464	1.047718671	43840.23591	16341.21153	10346.11173	2118.320003	576.6680328	0.2011346789	0.03858393779	0.01058338734
92	1	65338.1053	2988.716528	457525.5756	5599073.134	2397.606711	0.9040957316	1.059974908	44289.51544	16420.59017	10429.34786	2105.562413	582.8570976	0.9962388428	0.01603401268	0.01799317136
92	1	69107.58143	2534.089219	1692917.276	925442.8181	-71.58763962	1.002863506	1.08167398	45209.31988	16574.38255	10583.54378	2119.306502	594.8961927	0.8446964064	0.05932839279	0.01
92	1	66450.28259	692.1303296	754730.3303	3700924.253	5916.839391	0.7633264243	1.028985405	43043.15007	16208.11966	10212.82643	2105.566529	566.2483448	0.2307101099	0.02644957207	0.01799317136
92	1	64552.29701	3502.601837	474400.132	5055033.03	1030.522472	0.9587791011	1.071969304	44818.7564	16507.81845	10515.72409	2119.245819	589.692806	1.167533946	0.01662538257	0.01004269334
92	1	66578.77652	355.8555605	922531.626	2796933.374	8705.892113	0.6517643155	1.004399914	42081.9026	16042.49329	10042.56262	2113.618254	553.3114443	0.1186185202	0.03233017907	0.01331591226
92	1	70335.58625	258.3938379	1499852.434	1451068.654	9166.592125	0.633336315	1.000425491	41833.97801	16005.85632	10009.95667	2087.884537	550.4153867	0.08613127931	0.05256242324	0.02826625573
92	1	65499.70576	2318.17069	642786.0275	4117444.874	1603.594319	0.9358562273	1.066939348	44598.95131	16471.46624	10479.6188	2114.132095	586.8447741	0.7727235633	0.02252647691	0.01301409818
92	1	63878.80275	3142.879613	295641.9422	6481676.891	2436.514142	0.9025394343	1.05958825	44321.05488	16422.95816	10429.23237	2119.322874	583.0593958	1.047626538	0.01036079053	0.01
92	1	66345.41308	3024.046382	870944.6637	2994113.742	727.3418135	0.9709063275	1.074654996	44909.71298	16524.41391	10533.55199	2114.256944	590.9838399	1.008015461	0.03052231072	0.01293832793
92	1	67973.1092	530.4488915	1206227.482	1942877.423	4678.498707	0.8128600517	1.039881326	43490.5716	16283.80482	10289.46063	2108.253616	572.1679885	0.1768162972	0.04227231826	0.01643172254
92	1	67124.15581	1736.156926	1011027.696	2522134.744	1586.98997	0.9365204012	1.06709828	44591.74651	16471.10673	10479.98255	2110.158221	586.8117068	0.5787189754	0.03543152942	0.0153220483
92	1	67064.58178	366.8184188	965810.8571	2713553.597	8415.721301	0.6633711479	1.006971801	42167.47365	16058.22232	10059.55098	2108.397802	554.5344542	0.1222728063	0.03384690245	0.01634876352
92	1	70995.71393	2611.122447	1676256.942	1134919.281	2170.52643	0.9131789428	1.062031134	44311.69256	16428.23749	10440.39087	2087.865104	583.4327902	0.8703741491	0.05874453034	0.02826625573
92	0	66085.98222	98.52098133	766732.3635	3504064.484	39128.95766	-0.5651583064	0.7365064968	31302.53152	14205.22943	8170.537203	2112.165076	409.6912886	0.03284032711	0.02687018408	0.01416088012
92	1	67063.65241	193.4976783	1146722.499	1980578.405	12641.49113	0.494340355	0.9697257184	40706.87785	15806.84185	9801.369322	2119.326319	534.8977779	0.0644992261	0.04018696237	0.01
92	0	66067.1239	167.7287882	653424.1304	4260259.392	27359.75003	-0.09439000129	0.8401641699	35449.18134	14913.54564	8893.558333	2105.633957	465.0519828	0.05590959607	0.0228992899	0.01795516586
92	1	66181.09753	3214.162868	910879.2483	2750900.478	251.062749	0.98995749	1.0788328	45095.05057	16554.90283	10563.69266	2119.313138	593.3734686	1.071387623	0.03192182076	0.01
92	1	64190.03149	2277.077752	378810.9335	5772593.271	2683.647865	0.8926540854	1.05741205	44233.53043	16408.03769	10414.02742	2119.323198	581.8930669	0.7590259172	0.01327545308	0.01
92	1	66711.20232	318.9501758	990366.9059	2516247.599	8921.46402	0.6431414392	1.002495374	42012.00315	16030.14938	10029.62364	2115.575596	552.3489704	0.1063167253	0.03470747073	0.01217879047
92	1	66015.79352	506.1701791	819761.3407	3174488.044	6607.286748	0.7357085301	1.022870512	42834.61371	16170.18066	10172.15591	2116.493634	563.2963196	0.168723393	0.02872858793	0.01164515795
92	1	69671.91698	972.2880132	1760295.801	867275.0598	1334.155811	0.9466337676	1.069311459	44694.88757	16487.78668	10496.22181	2114.286568	588.120732	0.3240960044	0.06168967745	0.01292372738
92	1	67748.34292	2763.680247	1051687.065	2489867.638	1461.688116	0.9415324754	1.068226019	44611.05968	16476.06298	10486.43176	2102.543589	587.1896274	0.9212267491	0.03685643958	0.01974266114
92	1	64133.11961	504.6520969	285346.8965	6756271.304	20231.49119	0.1907403523	0.9029051476	38003.26756	15346.98401	9333.611515	2114.606191	498.9449364	0.1682173656	0.01	0.0127424723
92	1	67961.29178	335.4180161	1276683.041	1716835.315	6657.432853	0.7337026859	1.022441099	42804.34232	16165.85086	10168.44167	2112.695136	562.9531134	0.1118060054	0.04474143775	0.01385193272
92	1	65741.26103	1812.660453	786911.5568	3276748.657	1348.318191	0.9460672724	1.069171879	44705.17065	16488.52401	10496.11958	2118.932515	588.1841729	0.604220151	0.02757736518	0.01022537917
92	1	67118.20797	889.5540419	1072404.052	2265419.909	2738.056808	0.8904777277	1.056950107	44196.59764	16402.9143	10409.79191	2113.960325	581.4858727	0.296518014	0.0375824677	0.01311540842
92	1	65615.60234	827.0651269	477662.9953	5547181.633	7985.8255	0.68056698	1.010776852	42299.66852	16082.08934	10084.99212	2102.308723	556.3925228	0.2756883756	0.01673972982	0.01988621872
92	1	64695.27904	2876.240671	493331.8964	4956499.49	1420.156206	0.9431937518	1.068542007	44676.93415	16483.89599	10491.55925	2118.08418	587.8213421	0.9587468905	0.01728884745	0.01071825757
92	1	66061.91694	2243.22434	492078.0747	5638327.019	3604.65599	0.8558137604	1.049376609	43830.46229	16344.43004	10353.49699	2095.980386	576.8917093	0.7477414465	0.01724490719	0.02356078532
92	1	66797.96927	318.8015031	965810.8571	2647300.499	9372.040511	0.6251183796	0.998536928	41842.94156	16001.95886	10001.42494	2112.695722	550.1417276	0.1062671677	0.03384690245	0.01385193272
92	1	65790.76497	1459.290363	663807.0916	4078142.34	2923.793318	0.8830482673	1.05532496	44120.11439	16390.5866	10397.82637	2110.710894	580.5181593	0.486430121	0.02326316143	0.01500318817
92	1	70417.33382	699.5226034	2027766.834	583515.076	1397.731947	0.9440907221	1.068738438	44685.93741	16485.36033	10492.99227	2118.40645	587.9362113	0.2331742011	0.07106321671	0.01053102969
92	1	67375.44446	496.5288559	1117248.718	2145945.651	5085.523105	0.7965790758	1.036283508	43360.475	16260.69394	10265.12493	2112.520818	570.3667504	0.1655096186	0.03915405184	0.0139528484
92	1	65350.74587	479.6480155	688986.1507	3747296.119	8236.524604	0.6705390159	1.008514776	42266.93319	16072.78775	10072.38568	2119.32579	555.6866846	0.1598826718	0.02414556314	0.01
92	1	73458.88473	231.4952701	2543814.03	315181.2991	5636.408053	0.7745436779	1.031471001	43125.81453	16223.31716	10229.24285	2100.510644	567.4300116	0.07716509003	0.08914812325	0.02093029965
92	1	64452.0326	3133.360037	285346.8965	6959020.628	3269.642908	0.8692142837	1.052283493	43993.51321	16369.27786	10376.341	2109.461777	578.8509005	1.044453346	0.01	0.015729098
92	1	64586.36916	260.2617116	484723.4	4980752.502	22815.06238	0.08739750472	0.8801397384	37103.82342	15192.62164	9175.438521	2119.326785	486.8843768	0.08675390387	0.01698716215	0.01
92	0	65451.25408	134.5456631	581451.8676	4560632.529	37841.35655	-0.5136542622	0.7478478222	31755.43386	14282.64325	8249.600632	2111.220217	415.741522	0.04484855437	0.0203770174	0.0147098069
92	1	65843.66611	351.0738936	447969.3522	5966146.124	19763.06516	0.2094773934	0.907086865	38110.65224	15369.17458	9359.489946	2096.842408	500.657368	0.1170246312	0.01569911423	0.02306265547
92	1	64791.78215	1283.763928	300135.8966	6999267.523	7991.995348	0.6803201861	1.010714291	42305.95191	16082.59828	10085.03825	2104.879716	556.4355193	0.4279213094	0.01051828144	0.01839257692
92	1	64211.96705	2999.82754	321866.9005	6386823.534	2587.720685	0.8964911726	1.058268891	44255.02464	16412.53031	10419.302	2115.534145	582.2395197	0.9999425133	0.01127984585	0.01220103412
92	1	68839.0524	2587.954562	1534237.176	1189724.926	360.4065903	0.9855837364	1.077886732	45039.05467	16546.50365	10556.097	2114.064799	592.710356	0.8626515206	0.05376743868	0.01304617509
92	1	64261.45342	580.8471453	336036.9522	6259932.465	14743.27252	0.4102690993	0.9512298924	39950.22334	15678.66936	9671.438931	2115.594956	524.8739115	0.1936157151	0.0117764362	0.01216788443
92	1	65105.10479	530.4378619	517151.7993	4939429.621	10538.78542	0.5784485831	0.988262139	41430.46864	15931.59465	9929.677925	2112.920373	544.6416599	0.1768126206	0.01812361745	0.01372151283
92	1	66573.96866	3031.17386	973911.1871	2556599.488	424.2519846	0.9830299206	1.07731584	45025.3781	16543.57902	10552.61808	2116.782274	592.4851281	1.010391287	0.03413077903	0.01147028658
92	1	64109.49979	1471.117144	285927.777	6734681.722	6615.917768	0.7353632893	1.022799226	42826.70508	16169.15457	10171.38097	2115.020625	563.2142693	0.4903723815	0.01002035699	0.01250091536
92	1	67909.83704	2932.881293	1247645.897	1797211.629	589.8260103	0.9764069596	1.075873913	44950.19803	16531.86101	10541.59957	2111.75726	591.5628597	0.9776270976	0.04372382923	0.01438766677
92	1	69403.84088	2682.251165	1772086.054	828806.7125	-139.1576232	1.005566305	1.082268985	45233.25034	16578.46203	10587.70104	2119.304246	595.2150842	0.8940837217	0.06210286763	0.01
92	0	66466.39547	75.37498353	786512.4406	3507052.708	50281.58906	-1.011263562	0.6383149653	27336.46632	13530.20603	7483.551689	2107.226201	356.9187503	0.02512499451	0.02756337813	0.01703026275
92	1	68584.1302	2497.059021	1549224.911	1132025.926	20.46077513	0.999181569	1.080864161	45175.96282	16568.74638	10577.84241	2119.078633	594.4553279	0.832353007	0.05429268481	0.01013357814
92	1	65798.7832	300.7923779	788964.3759	3282524.792	11855.49755	0.5257800979	0.9766507998	40981.31979	15853.88706	9849.530439	2118.134901	538.5737982	0.100264126	0.02764930636	0.01069213413
92	0	65300.77149	87.7737086	363140.2878	6575620.377	93915.13385	-2.756605354	0.2541102507	11861.05449	10893.5561	4797.87239	2100.477248	150.8042209	0.02925790287	0.01272627431	0.02095127792
92	1	65546.55844	1291.4576	534370.3648	4993906.973	4441.150621	0.8223539752	1.041975877	43569.97792	16297.65024	10303.82962	2106.84093	573.2485162	0.4304858667	0.01872704316	0.01725230807
92	1	64083.24894	1775.120307	291107.8352	6658029.048	5247.701782	0.7900919287	1.034845046	43313.69318	16252.01158	10255.68252	2115.755781	569.6920954	0.591706769	0.01020189246	0.01207354014
92	1	65532.75055	877.4348909	555986.6972	4803410.747	6118.887458	0.7552445017	1.02719725	42980.82175	16196.88175	10200.85934	2108.368427	565.3733823	0.292478297	0.0194845889	0.0163654512
92	1	64521.74529	604.2887501	467376.7253	5102713.53	9767.984248	0.6092806301	0.9950291321	41724.53871	15980.32565	9978.161577	2119.321357	548.4589456	0.2014295834	0.01637924684	0.01000271162
92	1	64685.64616	3228.702972	321866.9005	6673560.824	2917.170776	0.883313169	1.05539228	44113.19633	16390.02224	10397.76812	2107.898254	580.4705294	1.076234324	0.01127984585	0.01663704714
92	1	65339.92099	977.1882506	684997.5567	3769608.065	3683.823987	0.8526470405	1.048604956	43879.09203	16347.63029	10352.48046	2119.258034	577.170957	0.3257294169	0.02400578261	0.0100384054
92	1	65881.53624	419.7886344	830828.1269	3075424.129	7764.181382	0.6894327447	1.012674115	42434.21745	16101.30504	10101.44668	2119.325701	557.9158728	0.1399295448	0.02911642415	0.01
92	1	69031.04314	431.252658	1541484.055	1195916.473	4276.739343	0.8289304263	1.043408972	43643.29885	16309.14741	10314.70383	2111.423227	574.152972	0.143750886	0.054021406	0.01459020433
92	1	72589.22952	566.6233173	2448107.863	343451.7453	2137.780044	0.9144887983	1.062252665	44392.04216	16437.37058	10445.86195	2108.75212	584.1728034	0.1888744391	0.08579409461	0.01613999234
92	1	66127.0069	1181.868959	533112.6876	5281564.781	5528.73034	0.7788507864	1.032429115	43153.73273	16228.7547	10235.35412	2097.408744	567.8511862	0.3939563197	0.01868296779	0.02273229329
92	1	68550.39434	148.3557609	1544021.363	1138754.608	12221.48137	0.5111407453	0.9734242216	40855.62778	15832.19957	9827.210498	2119.326284	536.8799822	0.0494519203	0.05411032613	0.01
92	1	68810.7345	196.2053366	1540388.43	1173972.814	9394.389558	0.6242244177	0.998333038	41842.32067	16001.36877	10000.41661	2114.910196	550.0983678	0.06540177886	0.05398300977	0.01256540636
92	1	68531.57121	490.0788255	1284503.276	1785588.855	5061.943974	0.7975222411	1.036518505	43340.67175	16259.18711	10265.16027	2103.973192	570.2382809	0.1633596085	0.04501549838	0.01891854872
92	1	65718.21749	3057.979698	714140.8235	3711126.147	913.3073905	0.9634677044	1.073015342	44845.9977	16513.40977	10522.21831	2114.910627	590.1244636	1.019326566	0.02502711024	0.01255983095
92	1	67259.15797	258.1584179	1130719.026	2073754.65	9721.180596	0.6111527762	0.9954544391	41727.56947	15981.74153	9980.36023	2115.209145	548.5644863	0.08605280597	0.03962611964	0.01239175561
92	1	71787.1433	51.01173114	2340697.949	384357.9045	24443.93432	0.02224262725	0.8658094759	36513.37948	15092.868	9074.539911	2115.208483	479.0815201	0.01700391038	0.08202990738	0.01239262837
92	1	66838.88266	859.0575962	1086657.76	2153429.28	2421.648406	0.9031340638	1.059719154	44326.3197	16423.85567	10430.14698	2119.322853	583.1295536	0.2863525321	0.0380819898	0.01
92	1	64055.45718	3218.90914	342848.9291	6069146.441	1930.489856	0.9227804058	1.064044176	44500.26757	16453.50892	10460.3656	2119.322024	585.4475392	1.072969713	0.01201516236	0.01
92	1	66244.76877	1133.111736	559516.3555	5099785.6	5521.423869	0.7791430452	1.032494432	43155.31387	16229.09106	10235.75305	2097.10316	567.8770975	0.377703912	0.019608286	0.02290981698
92	1	65426.39221	470.5961088	675060.4966	3866224.531	8746.692852	0.6501322859	1.004028953	42079.46935	16041.28074	10040.65646	2117.266443	553.221218	0.1568653696	0.02365753771	0.01119645471
92	1	66654.64587	231.1135342	1001431.418	2455359.231	12243.72497	0.5102510012	0.9732353011	40840.59838	15830.11225	9825.482425	2117.155106	536.7141043	0.07703784472	0.03509522725	0.01126138183
92	1	73036.38561	205.0776153	2690358.315	234860.4187	4853.624235	0.8058550306	1.038313898	43454.59482	16275.9427	10279.99537	2116.161149	571.5632899	0.06835920509	0.09428377697	0.01183793441
92	1	64849.63608	1006.085624	303400.3346	6997054.488	10069.63466	0.5972146137	0.9924214625	41567.71553	15956.91046	9957.089293	2104.144439	546.6096221	0.3353618747	0.01063268388	0.01881997752
92	1	71372.00325	619.9227863	2069951.205	592399.3125	2540.359906	0.8983856037	1.058717858	44238.95821	16411.97157	10420.56494	2105.562823	582.1833847	0.2066409288	0.07254157065	0.01799317136
92	1	68221.66553	1428.298733	1383793.91	1459729.737	1053.350938	0.9578659625	1.071782025	44796.53166	16504.96846	10513.60872	2114.951572	589.4646589	0.4760995776	0.04849514494	0.01253663018
92	1	67433.94797	2902.334032	1245000.752	1727572.884	61.17249741	0.9975531001	1.080505057	45162.16765	16566.35332	10575.36895	2119.269079	594.2684991	0.9674446773	0.04363112994	0.01002365674
92	1	69495.89169	3251.428872	1742092.719	880693.2349	-3.548220472	1.000141929	1.081085385	45174.37603	16569.14571	10578.81233	2116.006735	594.4827157	1.083809624	0.06105174929	0.01191317573
92	1	66970.31183	190.4763934	1121779.295	2050606.983	13156.96822	0.4737212714	0.9651865533	40524.31737	15775.72039	9769.654502	2119.326359	532.4650227	0.06349213115	0.0393128262	0.01
92	0	69256.13533	30	1553261.756	1196366.307	63849.84656	-1.553993862	0.5188321041	22535.37856	12711.47422	6648.974502	2108.508286	292.9203445	0.01	0.05443415629	0.01628544626
92	1	66892.48085	536.3124804	1100980.69	2110888.93	4272.923998	0.8290830401	1.043417274	43670.67514	16312.08657	10316.24692	2119.324524	574.3925983	0.1787708268	0.03858393779	0.01
92	1	67377.84765	1562.201655	1145576.779	2043190.705	1265.568332	0.9493772667	1.069915748	44718.84462	16491.89285	10500.42489	2114.18486	588.4415832	0.520733885	0.04014681055	0.01298259562
92	1	71373.57307	619.9227863	2069951.205	592485.5386	2542.175524	0.898312979	1.058701951	44238.23184	16411.85328	10420.44904	2105.537518	582.1741062	0.2066409288	0.07254157065	0.01800787272
92	1	65134.24464	280.1478074	631130.9909	4061811.96	16059.51226	0.3576195094	0.9396274603	39496.35739	15600.4819	9591.074957	2119.326539	518.7666853	0.09338260248	0.02211802541	0.01
92	1	69954.91853	1459.290363	1776584.933	865451.5638	1000.311395	0.9599875442	1.072262671	44801.33142	16506.71509	10516.16894	2110.702983	589.5958869	0.486430121	0.06226053112	0.01500318817
92	1	65694.77603	1665.721231	439279.56	5974002.642	4779.069213	0.8088372315	1.039026262	43423.53734	16274.463	10281.69362	2098.715479	571.4258229	0.5552404102	0.01539457991	0.02197283167
92	1	65881.53624	415.5040888	830828.1269	3075424.129	7852.131579	0.6859147368	1.011899647	42403.06916	16095.99513	10096.03553	2119.325718	557.5007984	0.1385013629	0.02911642415	0.01
92	1	64909.11108	573.9579609	366773.9268	6301162.671	14249.69757	0.4300120973	0.9556036813	40096.74574	15705.52486	9700.384446	2107.008986	526.9624682	0.1913193203	0.01285361542	0.01715603033
92	1	66700.23197	360.5965786	965758.0272	2623661.29	8139.895902	0.6744041639	1.009381858	42284.4948	16076.88754	10077.49322	2114.267828	556.0008438	0.1201988595	0.03384505103	0.0129384727
92	1	65966.51572	1347.050705	639087.2792	4327319.23	3618.606313	0.8552557475	1.049220451	43859.79712	16347.15536	10354.36182	2106.387242	577.1177493	0.4490169018	0.02239685404	0.01751540435
92	1	64735.38246	545.2275727	522959.2382	4724995.829	9674.723051	0.613011078	0.9958506585	41757.26844	15985.92504	9983.884433	2119.230421	548.8965344	0.1817425242	0.01832713951	0.01005553475
92	1	65711.27225	1812.660453	778897.7189	3313533.937	1369.77509	0.9452089964	1.068982935	44697.57151	16487.22857	10494.79944	2118.932586	588.0829087	0.604220151	0.02729651972	0.01022537917
92	0	66813.38136	69.3400841	969929.3974	2632155.638	43941.50718	-0.7576602871	0.6941266604	29599.87893	13914.8584	7874.532288	2112.696895	386.993741	0.02311336137	0.03399123696	0.01385193272
92	1	67971.10509	530.4488915	1206227.482	1942516.454	4676.180794	0.8129527682	1.039901633	43491.49892	16283.95584	10289.60859	2108.285922	572.1798339	0.1768162972	0.04227231826	0.01641295402
92	1	73470.97104	136.8886302	2698034.695	241272.3986	7985.814359	0.6805674256	1.010753544	42323.75394	16084.59653	10086.20344	2109.619734	556.5976446	0.04562954342	0.09455279621	0.0156388152
92	1	72291.74329	136.8886302	2543814.03	282856.0355	7777.726079	0.6888909569	1.012554844	42429.42048	16100.4873	10100.61334	2119.325704	557.8519496	0.04562954342	0.08914812325	0.01
92	1	66357.06694	2853.584538	937407.921	2670013.475	435.7689968	0.9825692401	1.07721028	45025.56303	16543.32749	10552.12385	2118.078061	592.4670832	0.9511948461	0.03285151976	0.01071825757
92	1	72898.76913	278.7402184	2543814.03	299231.5396	4132.385322	0.8347045871	1.044686151	43688.21696	16317.2167	10323.27324	2109.538914	574.7813913	0.09291340615	0.08914812325	0.01568480748
92	1	69760.91491	3196.713248	1545843.779	1269973.508	1229.152938	0.9508338825	1.070282098	44684.73921	16489.19918	10500.30243	2099.900116	588.2131887	1.065571083	0.05417419281	0.02127267926
92	1	65304.10999	2318.17069	614966.1948	4243992.913	1588.089289	0.9364764284	1.06707116	44609.3004	16472.90797	10480.81697	2115.607202	586.9593166	0.7727235633	0.02155152912	0.01215728822
92	1	68754.0245	196.2053366	1528722.742	1191763.238	9454.398413	0.6218240635	0.9978039409	41821.76124	15997.81794	9996.759405	2115.120658	549.8210637	0.06540177886	0.05357418498	0.01244314103
92	1	65644.94827	707.6703903	658431.9617	4061185.935	6091.720857	0.7563311657	1.027422478	43004.84102	16200.02052	10203.25459	2112.739617	565.6242012	0.2358901301	0.02307478966	0.01382598408
92	1	67015.3097	3194.312223	1127286.993	2039540.282	89.31495042	0.996427402	1.08025837	45151.04	16564.53342	10573.57912	2118.916744	594.1257983	1.064770741	0.03950584384	0.0102283882
92	1	70783.53565	2792.393092	2134244.057	501575.0167	-237.5694956	1.00950278	1.083136838	45266.80528	16584.26841	10593.69057	2118.904174	595.6684745	0.9307976972	0.07479471769	0.01022901515
92	1	67582.10081	937.5547952	1170505.156	1993864.383	2442.380045	0.9023047982	1.059558759	44296.17497	16420.23063	10427.72513	2112.399468	582.8375347	0.3125182651	0.04102042707	0.01402181342
92	1	66172.23671	846.1626482	690467.3279	4033444.583	5270.284969	0.7891886012	1.034676867	43274.12728	16247.36241	10252.70609	2106.171773	569.316695	0.2820542161	0.02419747109	0.01764136791
92	1	70921.84396	2847.305524	1656516.828	1166561.255	2121.577447	0.9151369021	1.062462167	44329.02825	16431.19274	10443.40247	2087.863449	583.6638013	0.9491018413	0.05805273682	0.02826625573
92	1	66439.81022	2483.099384	890172.5299	2921052.325	969.6431023	0.9612142759	1.072522508	44822.70827	16509.66115	10518.58445	2113.897216	589.8301691	0.8276997946	0.0311961525	0.01314851704
92	1	67507.9942	500.7894706	1082531.793	2307758.026	5513.970793	0.7794411683	1.032524248	43194.80067	16233.37627	10238.06401	2108.290044	568.2260496	0.1669298235	0.03793739503	0.01641083579
92	1	69178.62326	346.7829972	1501097.698	1300654.06	5861.928789	0.7655228484	1.029465598	43066.03031	16211.79218	10216.37741	2106.60882	566.5367271	0.1155943324	0.05260606357	0.01738763717
92	1	72426.69576	855.9696476	2264527.861	465636.0915	2134.515625	0.914619375	1.062308477	44365.35191	16434.66929	10444.66289	2100.295567	583.9510799	0.2853232159	0.07936052182	0.02105143364
92	1	64495.00701	974.5234024	413540.9435	5589931.539	6818.809437	0.7272476225	1.021007861	42759.7362	16157.41381	10159.1437	2116.504317	562.2983522	0.3248411341	0.01449256847	0.01163898555
92	0	66550.94324	104.4069399	872442.1014	3043774.048	32486.63702	-0.2994654807	0.7950007284	33651.28037	14605.87012	8579.021973	2111.046588	441.0078478	0.03480231328	0.03057478852	0.01481064366
92	1	64139.42117	545.1610198	285346.8965	6760219.748	18703.77414	0.2518490343	0.9163581755	38543.9866	15439.18373	9427.587761	2114.504556	506.1520323	0.1817203399	0.01	0.01280148654
