#gen	Feasible	f1	f2	f3	f4	f5	c1	c2	c3	c4	c5	c6	c7	x1	x2	x3
68	1	68371.3641	720.7260261	1413215.261	1406265.532	2514.665283	0.8994133887	1.058916092	44276.89245	16416.52407	10423.59538	2114.317898	582.5501908	0.2402420087	0.04952621803	0.01290748675
68	1	65625.82674	418.2658966	620744.7568	4328744.158	11305.84352	0.5477662593	0.9815144803	41151.74339	15884.54882	9882.129348	2110.775499	540.9614218	0.1394219655	0.02175403919	0.01496766111
68	1	63953.28509	461.6280832	315545.6984	6304429.634	19656.83353	0.2137266588	0.9079503292	38222.3363	15383.29687	9369.749119	2119.32669	501.7893993	0.1538760277	0.01105831892	0.01
68	1	69474.04086	552.0488961	1762340.995	848484.4422	2415.976569	0.9033609373	1.059774603	44322.66475	16423.6086	10430.21122	2117.603225	583.1080915	0.1840162987	0.06176135141	0.01099894025
68	1	71872.81193	2326.199753	2339979.143	387907.7396	179.1833018	0.9928326679	1.079483498	45102.25025	16557.34221	10567.19722	2113.758243	593.557228	0.7753999176	0.08200471679	0.01322010711
68	1	70540.21439	757.7458293	2030309.838	587595.1573	1365.282377	0.9453887049	1.069030031	44691.41042	16486.69293	10494.68613	2116.578475	588.0380965	0.2525819431	0.07115233643	0.0115926886
68	1	69346.48837	595.6274674	1438979.891	1471842.256	4081.09405	0.836756238	1.045167853	43675.47208	16317.09609	10324.87502	2100.154208	574.7602372	0.1985424891	0.05042914111	0.02113661926
68	1	66875.51706	333.2695557	1065411.142	2242131.425	7747.249881	0.6901100048	1.012829204	42434.04712	16101.6854	10102.17838	2117.453506	557.9432658	0.1110898519	0.03733740072	0.01108767083
68	1	64621.14241	1384.655684	332999.2411	6506509.013	6383.44178	0.7446623288	1.024863667	42891.22466	16181.33596	10184.78855	2109.612368	564.1597269	0.4615518946	0.01166997942	0.01564283482
68	1	65185.18335	705.0089694	504918.5473	5083296.378	8196.840345	0.6721263862	1.00889123	42253.20526	16072.29192	10073.43057	2110.891208	555.6373862	0.2350029898	0.01769490236	0.014900165
68	1	69759.57278	452.6932693	1586435.401	1183223.74	4592.06147	0.8163175412	1.04066124	43501.87393	16287.0135	10293.80792	2102.390879	572.4114844	0.1508977564	0.05559672876	0.0198375742
68	1	65668.5351	581.032082	545149.2068	4956859.719	9616.557356	0.6153377058	0.9964067246	41732.72994	15984.73852	9985.193864	2105.526728	548.7866608	0.1936773607	0.01910478836	0.01801687642
68	1	65458.44481	2693.095591	612307.5836	4325118.112	1495.39602	0.9401841592	1.067895872	44633.40555	16477.59632	10486.08141	2112.957921	587.3224941	0.8976985302	0.02145835792	0.01369580773
68	1	68066.56157	616.6472833	1414727.767	1363488.555	2644.883307	0.8942046677	1.057753402	44247.25922	16410.37806	10416.41242	2119.32315	582.0760133	0.2055490944	0.04957922391	0.01
68	1	69584.71156	2981.344707	1495927.206	1362762.362	1306.425989	0.9477429604	1.069602197	44656.80998	16484.47536	10495.51992	2099.731745	587.8437158	0.993781569	0.05242486335	0.02137186128
68	1	65131.61481	574.0515469	388812.6923	6190501.686	13608.51017	0.4556595931	0.9612570475	40316.39231	15743.46208	9739.459827	2104.751661	529.9251878	0.1913505156	0.01362596534	0.0184674317
68	1	69733.59764	167.8857113	1812935.684	795906.7962	9213.156856	0.6314737258	0.9999239206	41911.65838	16012.84685	10011.82602	2116.474478	550.99756	0.05596190377	0.06353444549	0.01165659982
68	1	69028.93589	1317.513476	1565694.025	1146360.797	1136.743741	0.9545302504	1.071054221	44760.27655	16499.23416	10508.14008	2112.91077	589.0138604	0.4391711588	0.05486984596	0.01372203
68	1	68002.82563	649.7295368	1216257.39	1914532.156	3784.636748	0.8486145301	1.047752052	43807.55525	16337.81413	10344.47651	2108.378887	576.3900369	0.2165765123	0.04262381702	0.01635851867
68	1	67207.63979	1861.150604	1185199.939	1877213.063	583.578026	0.976656879	1.075904752	44977.28753	16534.82751	10543.23459	2119.316655	591.8041879	0.6203835346	0.04153540669	0.01
68	1	64398.16931	568.7847947	434431.1571	5342213.893	11273.71891	0.5490512437	0.981769986	41191.2857	15889.41987	9885.521754	2119.326196	541.3528755	0.1895949316	0.01522466732	0.01
68	1	64395.65699	562.2774996	433650.0167	5348233.939	11435.45586	0.5425817657	0.9803457912	41133.98341	15879.65288	9875.569763	2119.31959	540.5893845	0.1874258332	0.01519729221	0.01000384718
68	1	65874.94357	1150.372728	416921.8997	6315602.774	7221.133398	0.7111546641	1.017535659	42544.65144	16125.56748	10130.74093	2094.463822	559.7813927	0.383457576	0.01461105429	0.02444362936
68	1	67245.28357	738.4824722	1133144.449	2062366.797	3058.707802	0.8776516879	1.05412136	44088.35793	16384.10917	10390.33133	2115.576446	580.0179005	0.2461608241	0.03971111873	0.01217682256
68	1	65061.12258	335.2112777	573322.5616	4461279.877	14879.2231	0.4048310758	0.9500281886	39906.76287	15670.94937	9663.310203	2117.018064	524.2722205	0.1117370926	0.02009212536	0.01134111072
68	1	67766.3869	199.3833335	1264032.41	1723615.734	11343.30837	0.5462676652	0.9811708098	41152.63594	15883.76086	9880.536229	2115.074682	540.9051996	0.06646111115	0.04429809559	0.01246998738
68	1	64607.89063	1001.000418	374751.3493	6043155.441	7665.831316	0.6933667474	1.013562511	42446.05535	16104.84956	10106.34174	2112.344957	558.1842233	0.3336668061	0.01313318469	0.01405552638
68	1	68549.54956	448.6578216	1265019.666	1850241.785	5682.832476	0.772686701	1.031055803	43115.95306	16221.19922	10226.71738	2102.508406	567.266949	0.1495526072	0.04433269406	0.01976972063
68	1	65802.82582	961.7839744	806908.5352	3182811.977	3080.566164	0.8767773535	1.053917442	44092.3851	16384.01442	10389.57812	2119.149533	580.0149579	0.3205946581	0.02827816055	0.01010113914
68	1	71832.24051	285.1389054	2331863.616	391947.114	4094.817888	0.8362072845	1.045002851	43716.03757	16320.99567	10326.31433	2113.945974	575.0822993	0.0950463018	0.08172030761	0.01312456425
68	1	68752.1806	696.8998055	1187389.233	2157993.743	4606.800352	0.8157279859	1.040556529	43470.85493	16283.43836	10291.60412	2094.558005	572.1222294	0.2322999352	0.04161213063	0.02438792726
68	1	65625.78313	2650.783243	692100.4452	3823305.744	1161.082258	0.9535567097	1.070832984	44758.77484	16498.50561	10507.00049	2115.072824	588.9596107	0.8835944143	0.02425470379	0.0124665881
68	1	67416.28904	366.0362346	1008516.022	2602729.466	8299.298671	0.6680280532	1.008006893	42198.51646	16064.19069	10066.20166	2105.304385	554.9971342	0.1220120782	0.03534350764	0.01814590283
68	1	64999.2467	683.5811696	285346.8965	7321190.69	15826.00665	0.3669597339	0.9417434665	39517.5178	15608.17448	9602.347779	2100.644294	519.3446658	0.2278603899	0.01	0.02085376743
68	1	64704.87514	1798.538275	467448.3813	5189443.28	2985.138953	0.8805944419	1.054766646	44117.03012	16388.82324	10394.98924	2116.370974	580.3873901	0.5995127584	0.01638175803	0.0117152147
68	1	66486.10625	171.3352464	760022.0226	3679204.103	23084.90642	0.07660374305	0.8778084334	36962.0864	15171.5245	9156.515255	2105.310179	485.2177051	0.0571117488	0.02663501976	0.01814321291
68	1	65278.89627	597.6470727	467090.5103	5476513.744	10768.50391	0.5692598434	0.9862579314	41329.93725	15915.72981	9914.580492	2107.099114	543.3942361	0.1992156909	0.01636921642	0.01710347406
68	1	67996.23817	752.3611816	1217197.058	1910237.405	3256.934651	0.869722614	1.052398346	43994.9818	16369.72951	10376.97045	2108.541145	578.8850556	0.2507870605	0.04265674774	0.01626389625
68	1	68954.28842	97.73438877	1452662.256	1385893.992	21050.10724	0.1579957104	0.89571999	37689.29884	15295.05767	9282.037006	2107.305152	494.8767465	0.03257812959	0.05090864045	0.01698416068
68	1	65369.38903	511.9073862	601130.454	4373794.002	9303.749004	0.6278500399	0.9991349885	41870.52048	16006.43505	10005.79716	2113.725778	550.4929171	0.1706357954	0.02106665471	0.013253502
68	1	66916.62565	436.9977187	824309.8961	3423801.203	8718.463156	0.6512614738	1.004325622	42039.99562	16037.83585	10039.90624	2102.247197	552.9331642	0.1456659062	0.02888799234	0.01992206187
68	1	65414.68865	2052.001395	556227.0825	4749132.733	2489.815013	0.9004073995	1.059147834	44272.40425	16416.64118	10424.45622	2110.282858	582.5543044	0.6840004652	0.01949301322	0.01525137519
68	1	67599.55196	1031.557494	1107771.727	2227428.969	2626.579794	0.8949368082	1.057949757	44217.5477	16407.71589	10415.71898	2108.333756	581.8541815	0.3438524979	0.03882193011	0.01638374077
68	1	64446.2146	616.3029603	426275.6226	5442753.745	10648.94302	0.574042279	0.9872756642	41408.38373	15926.70596	9923.75149	2118.059693	544.265935	0.2054343201	0.0149388561	0.01073575616
68	1	64445.14531	1788.168224	398021.8416	5716445.639	3626.505857	0.8549397657	1.04911893	43889.88085	16350.10088	10355.52883	2116.370427	577.3604744	0.5960560745	0.01394870056	0.01171589778
68	0	64345.60318	282.1586749	400603.0308	5638550.722	25637.92847	-0.02551713861	0.8552860904	36100.15166	15021.78454	9001.563587	2118.133627	473.5286039	0.09405289164	0.0140391585	0.01069322615
68	1	65458.44709	418.2658966	648924.7856	4058145.883	10492.74744	0.5802901024	0.988660325	41454.19463	15935.14659	9932.883507	2115.173406	544.9221296	0.1394219655	0.02274161007	0.01241257686
68	1	66564.18804	452.6932693	733965.3733	3877823.11	9396.79058	0.6241283768	0.9983516952	41800.52266	15996.96179	9998.210342	2102.478765	549.7383407	0.1508977564	0.02572186284	0.01978760709
68	1	66454.48248	3315.904428	983935.3235	2484715.529	146.7602623	0.9941295895	1.079751262	45131.99016	16561.19999	10570.10989	2119.311507	593.8657163	1.105301476	0.03448207552	0.01
68	1	65336.40983	978.771671	540656.9112	4844269.23	5481.818296	0.7807272682	1.032799952	43213.82417	16236.11228	10240.4261	2110.608447	568.4428199	0.3262572237	0.01894735558	0.01506395038
68	1	65861.57866	2752.575981	411271.2412	6370106.366	3655.522029	0.8537791189	1.048933962	43807.02908	16340.79506	10350.09505	2094.335224	576.6055082	0.917525327	0.01441302661	0.02451649447
68	1	66992.35116	885.3503524	879193.664	3133890.246	4132.054305	0.8347178278	1.044705725	43671.19459	16315.45271	10322.43196	2104.335173	574.6369988	0.2951167841	0.03081139745	0.01870782745
68	1	65602.63003	1538.05702	616471.9276	4351677.849	2977.524027	0.8808990389	1.054851253	44101.66932	16387.40345	10394.54994	2110.888323	580.2695553	0.5126856733	0.02160429762	0.014900165
68	1	64909.17733	253.6394288	570986.7362	4416787.394	19775.28337	0.2089886653	0.9069072889	38180.38631	15376.14556	9362.461471	2119.326695	501.2303842	0.08454647626	0.02001026621	0.01
68	1	65917.18237	1031.472871	839530.9772	3039232.004	2673.782076	0.893048717	1.057499085	44236.86099	16408.61631	10414.6262	2119.27355	581.9382356	0.3438242902	0.02942141609	0.01002883464
68	1	66363.94341	1592.684382	619237.8304	4647516.564	3724.931967	0.8510027213	1.048308517	43797.0949	16338.12912	10346.56098	2098.782892	576.4026697	0.5308947939	0.02170122886	0.02193294665
68	1	65177.56943	3776.415692	641948.1035	4002120.439	465.3618661	0.9813855254	1.076945881	45019.00366	16541.94898	10550.50027	2119.269717	592.3608134	1.258805231	0.02249711181	0.01002665101
68	1	67751.32518	523.3957844	1208093.92	1897163.915	4469.28107	0.8212287572	1.041711839	43576.81463	16297.70045	10302.94343	2111.941316	573.2588138	0.1744652615	0.04233772768	0.01428930203
68	1	65602.01992	805.0785185	652222.2007	4088997.761	5349.937239	0.7860025105	1.033953426	43268.59534	16244.91386	10248.94553	2113.056735	569.1338962	0.2683595062	0.0228571682	0.01364158077
68	1	64754.45698	1676.922406	496246.1246	4958561.247	2954.231898	0.8818307241	1.055035803	44131.06544	16391.01077	10397.04611	2117.308903	580.5595612	0.5589741352	0.01739097676	0.01117033069
68	1	64184.99615	3776.415692	297193.8827	6650334.894	2232.930822	0.9106827671	1.061396457	44377.20608	16433.58922	10440.95604	2114.479824	583.8843715	1.258805231	0.01041517838	0.01281311861
68	1	66020.58191	2644.96637	734427.0318	3684264.611	1344.418584	0.9462232566	1.069230769	44681.29229	16486.13033	10495.08964	2111.261498	587.9874765	0.8816554568	0.02573804169	0.01468054751
68	1	64861.50418	1285.929018	285346.8965	7228289.051	8523.109436	0.6590756225	1.006043884	42111.21295	16049.84157	10052.02752	2102.863815	553.8724182	0.4286430059	0.01	0.01956380632
68	1	67091.68211	1001.000418	1038984.055	2395162.781	2593.981308	0.8962407477	1.058223886	44242.39123	16411.06817	10418.39316	2112.371543	582.1212728	0.3336668061	0.03641126179	0.0140381992
68	1	65724.34185	259.3412828	751404.6362	3480112.506	14662.18417	0.4135126333	0.9519392159	39983.79818	15684.07051	9676.672067	2117.069409	525.29796	0.08644709425	0.02633302291	0.01131127305
68	1	65525.52016	608.3817048	735690.7111	3511253.742	5881.267225	0.764749311	1.029254597	43101.06708	16214.98429	10217.29331	2119.32522	566.8021439	0.2027939016	0.02578232741	0.01
68	0	66680.65221	116.9729451	899543.9752	2938699.348	28132.84906	-0.1253139624	0.8333405802	35191.70827	14868.5698	8846.814044	2110.590489	461.5424296	0.0389909817	0.03152457539	0.01507558351
68	1	69733.10538	93.57900124	1812935.684	795870.4725	16973.31998	0.3210672006	0.9315897969	39163.35855	15544.3367	9534.381905	2116.48307	514.3742789	0.03119300041	0.06353444549	0.0116519898
68	1	65218.07967	407.9043985	613542.1724	4220721.753	11294.37982	0.5482248071	0.9815957745	41176.02229	15887.34541	9883.851112	2116.913804	541.1877011	0.1359681328	0.02150162416	0.01140151773
68	1	68877.3542	669.315905	1631388.738	1008264.7	1959.35904	0.9216256384	1.063789962	44490.04223	16451.76586	10458.58937	2119.321755	585.3112842	0.2231053017	0.0571721213	0.01000018948
68	1	67031.62564	3595.888016	1117676.489	2077072.183	63.83379112	0.9974466484	1.080485449	45157.28848	16565.7829	10575.0073	2118.071978	594.2224163	1.198629339	0.03916904311	0.01071798802
68	1	68243.6555	657.4793314	1462052.199	1276499.599	2329.597953	0.9068160819	1.060529727	44358.92013	16429.41313	10435.8104	2119.322717	583.5639787	0.2191597771	0.0512377116	0.01
68	1	64937.09796	1167.429012	578447.9065	4371118.298	3640.086915	0.8543965234	1.048989882	43894.79962	16350.29354	10355.18234	2119.32411	577.3792251	0.3891430039	0.0202717434	0.01
68	1	65751.49207	1013.14453	595006.0511	4580065.886	5039.897756	0.7984040898	1.036702322	43359.09335	16261.62286	10267.05025	2107.195547	570.4327093	0.3377148434	0.02085202462	0.01704653357
68	1	67144.43016	452.5637281	1005672.203	2550536.842	6474.915597	0.7410033761	1.024058483	42858.5066	16175.77981	10179.14443	2109.514687	563.7252823	0.150854576	0.03524384582	0.01569960152
68	0	65217.83842	278.7467464	317458.8588	7065084.726	34305.73491	-0.3722293962	0.7790205793	32967.54311	14491.93355	8465.116448	2099.058243	432.0864812	0.09291558212	0.01112536575	0.02177551688
68	1	70910.4047	409.0957578	1899202.928	763936.197	4256.004381	0.8297598248	1.043619466	43621.93113	16307.41087	10314.53617	2102.706266	574.006335	0.1363652526	0.06655768651	0.01965417716
68	1	66001.0702	452.6932693	329922.1254	7434232.706	21458.65454	0.1416538185	0.8921868411	37478.33222	15263.49365	9253.569182	2087.184345	492.3842538	0.1508977564	0.01156214171	0.02867371996
68	1	65994.7764	503.4451671	546915.2713	5093404.754	11398.57595	0.544056962	0.9807312006	41084.64186	15875.38428	9874.70165	2100.374573	540.2320359	0.1678150557	0.01916668021	0.02101023997
68	1	64999.2467	687.0696924	285346.8965	7321190.69	15748.57354	0.3700570586	0.9424253236	39544.94138	15612.84943	9607.111866	2100.644289	519.7101055	0.2290232308	0.01	0.02085376743
68	1	68953.11083	628.7115818	1482867.554	1314793.207	3156.220581	0.8737511768	1.053283285	44032.631	16376.01617	10383.26646	2109.142318	579.3772331	0.2095705273	0.05196718703	0.01591458593
68	1	64935.48649	377.6274559	523046.8242	4812740.433	14533.61318	0.4186554729	0.9530747707	40025.84483	15691.46984	9684.407078	2116.010529	525.87504	0.1258758186	0.01833020897	0.01192644295
68	1	64622.39731	362.7022779	453017.4173	5280861.759	17518.29073	0.2992683709	0.9267897966	38971.50613	15511.55464	9500.910471	2116.833282	511.8121533	0.1209007593	0.01587602398	0.0114485424
68	1	65674.85249	1869.923144	592122.4631	4570512.094	2715.754992	0.8913698003	1.057164757	44185.7041	16402.3048	10410.21932	2108.254549	581.4310993	0.6233077146	0.0207509691	0.01642985817
68	1	64606.59893	1124.100481	287195.1976	7036797.32	9327.709088	0.6268916365	0.9989452644	41840.15922	16002.71156	10003.22327	2107.084501	550.1935545	0.3747001603	0.01006477383	0.01711184044
68	1	65504.36924	1292.936705	580698.253	4589160.492	3843.418271	0.8462632692	1.047228237	43793.115	16334.92907	10341.18059	2110.315284	576.1669322	0.4309789015	0.02035060693	0.01523364177
68	1	64129.71753	869.6996124	362693.3615	5903668.06	8665.621918	0.6533751233	1.00473625	42114.96482	16046.88138	10045.98539	2119.325863	553.6615922	0.2898998708	0.01271061175	0.01
68	1	64320.79099	1543.814368	299210.2812	6711005.182	6170.628382	0.7531748647	1.026728674	42975.82829	16195.14549	10198.34615	2112.415711	565.2427171	0.5146047894	0.01048584319	0.01401417479
68	1	64532.28526	1465.809168	453428.817	5233178.554	3783.610156	0.8486555938	1.047729304	43840.62329	16341.28014	10346.18381	2118.308233	576.6733813	0.4886030561	0.01589044152	0.01059022403
68	1	63990.9091	960.8705628	325599.8821	6216745.947	8743.238998	0.6502704401	1.004052773	42087.47609	16042.19532	10041.20999	2119.325876	553.2952843	0.3202901876	0.01141066842	0.01
68	1	66269.19755	1592.684382	584736.7336	4891897.385	3942.638813	0.8422944475	1.046393217	43718.16773	16324.79537	10333.0748	2098.229264	575.359682	0.5308947939	0.02049213574	0.02225474317
68	1	65336.40983	978.771671	540656.9112	4844269.23	5481.818296	0.7807272682	1.032799952	43213.82417	16236.11228	10240.4261	2110.608447	568.4428199	0.3262572237	0.01894735558	0.01506395038
68	1	69317.1653	408.325155	1741809.468	866647.0818	3448.354286	0.8620658286	1.050679607	43961.28972	16361.72209	10366.90765	2118.89478	578.272055	0.136108385	0.06104182276	0.01024932658
68	1	64861.0384	1744.245132	467237.135	5267060.665	3278.455037	0.8688617985	1.052191876	44004.81607	16370.24713	10376.52395	2113.841063	578.9321398	0.5814150439	0.01637435489	0.01318508944
68	1	66668.31822	220.6286143	923532.0841	2815344.259	14343.16014	0.4262735944	0.9547639385	40080.8619	15701.67414	9695.499673	2112.235831	526.6679899	0.07354287144	0.03236524018	0.0141194107
68	1	68312.12886	306.7281331	1202269.509	2018770.501	8505.211713	0.6597915315	1.006202488	42116.52225	16050.81499	10053.07694	2102.551314	553.9481198	0.102242711	0.04213361083	0.01974535493
68	1	64772.51117	253.6394288	532179.4133	4665831.353	21283.00705	0.1486797181	0.8936310845	37645.95921	15285.07082	9269.675663	2119.188828	494.1109278	0.08454647626	0.01865026113	0.01008012417
68	1	65056.35146	3655.676871	609981.0688	4183750.129	570.4769295	0.9771809228	1.076020181	44981.86089	16535.61156	10544.0373	2119.296348	591.8654512	1.218558957	0.02137682506	0.01001172938
68	1	65664.09773	978.771671	540656.9112	4993702.165	5860.815436	0.7655673825	1.029479508	43062.20003	16211.41968	10216.23353	2105.32624	566.5060065	0.3262572237	0.01894735558	0.01813275313
68	1	64936.22448	686.5984262	285346.8965	7278537.551	15686.09783	0.3725560869	0.9429722169	39570.41394	15616.96964	9611.123921	2101.660185	520.0334506	0.2288661421	0.01	0.02026356326
68	1	68017.91908	804.5781995	1216257.39	1917213.17	3077.607006	0.8768957197	1.053978762	44057.15427	16380.417	10387.93635	2108.134668	579.7199858	0.2681927332	0.04262381702	0.01649986914
68	1	67129.56255	3349.57088	1143633.152	2003458.87	101.1581673	0.9959536733	1.080156821	45144.02707	16563.52503	10572.70877	2118.059938	594.0459033	1.116523627	0.04007869601	0.01072551597
68	1	66894.80402	2798.132611	1086414.584	2165539.201	279.2852074	0.9888285917	1.078587213	45082.03779	16552.88484	10561.80456	2118.396491	593.2145784	0.9327108703	0.03807346766	0.01053222663
68	1	65042.12603	741.1814763	373744.174	6302449.261	10981.10782	0.5607556873	0.9843916017	41248.66613	15902.27206	9901.199585	2105.284967	542.3399812	0.2470604921	0.01309788817	0.01815744489
68	1	66061.39149	883.7776238	739065.771	3668501.254	4394.48602	0.8242205592	1.042373832	43599.84051	16301.85564	10307.3711	2110.88976	573.5823102	0.2945925413	0.0259006066	0.014900165
68	1	68196.18092	2696.22336	1384686.799	1454024.053	311.7205621	0.9875311775	1.078311153	45060.71675	16549.90303	10559.3146	2115.407676	592.9777611	0.8987411199	0.04852643627	0.01226667508
68	1	71546.31675	683.4814321	2160576.324	514222.27	2045.965941	0.9181613624	1.063062864	44422.80318	16442.73103	10451.42257	2108.218669	584.5911622	0.227827144	0.07571753365	0.01644965732
68	1	71229.1912	580.2454962	1984391.562	678451.4976	3010.800405	0.8795679838	1.054584427	44062.93043	16382.58894	10391.14757	2102.704442	579.8829811	0.1934151654	0.06954312757	0.01965417716
68	1	64098.1829	648.1366552	354266.4315	5973379.957	12190.45383	0.512381847	0.9736974426	40866.61644	15834.07283	9829.119473	2119.326281	537.0264143	0.2160455517	0.01241528945	0.01
68	1	65603.59985	2727.805935	734427.0318	3544549.269	815.640091	0.9673743964	1.073865544	44890.70397	16520.35933	10528.73589	2117.982798	590.6715464	0.9092686451	0.02573804169	0.0107755034
68	1	71706.84563	608.8273377	2110110.124	569836.4414	2751.145648	0.8899541741	1.056871255	44154.50702	16398.22557	10407.10366	2102.587734	581.1051467	0.2029424459	0.07394894251	0.0197216041
68	1	68111.37282	3479.850297	1426702.582	1340932.301	-165.822897	1.006632916	1.082503793	45242.69407	16580.07192	10589.34162	2119.303216	595.3409289	1.159950099	0.04999888204	0.01
68	0	64585.49832	223.2110469	472133.976	5090650.816	27515.7117	-0.1006284679	0.8387493568	35436.59436	14908.56861	8886.106796	2118.581509	464.6791097	0.07440368231	0.01654596499	0.01043304169
68	1	68944.10201	976.2111119	1635541.858	1007218.722	1157.380366	0.9537047853	1.070854632	44771.35072	16499.90161	10507.79456	2118.493869	589.0730088	0.325403704	0.05731766767	0.01047973755
68	1	65389.89591	608.0471037	379510.1568	6443994.515	13510.77126	0.4595691498	0.9621328386	40335.4451	15747.74318	9744.690876	2100.027084	530.2539366	0.2026823679	0.0132999574	0.02121224656
68	1	64608.50619	1485.48056	340393.0297	6415817.42	5768.311589	0.7692675364	1.030278273	43111.21816	16218.69664	10222.74214	2110.261848	567.0810112	0.4951601866	0.01192909521	0.0152653806
68	0	65592.41864	214.7527899	397101.4918	6368197.984	35660.41255	-0.426416502	0.7670955698	32483.70839	14409.72306	8381.565333	2097.82434	425.6585712	0.07158426331	0.01391644685	0.02249238594
68	0	63974.32969	30	285346.8965	6657534.091	346890.0421	-12.87560169	-1.973578345	-77677.1296	-4373.854679	-10763.69072	2117.166485	-1042.623622	0.01	0.01	0.01125540198
68	1	64249.56777	1700.900992	360569.6562	5991733.919	4233.246433	0.8306701427	1.04377326	43677.94164	16313.77579	10318.34696	2117.264366	574.5220695	0.5669669974	0.01263618636	0.01119682497
68	1	66620.71908	1167.680494	621639.5496	4739637.516	5093.443405	0.7962622638	1.036270528	43299.2685	16254.13706	10261.70164	2094.789907	569.8320452	0.3892268314	0.02178539726	0.0242534869
68	1	68787.2188	354.5423736	1607307.455	1042659.937	4455.139514	0.8217944194	1.041812728	43606.142	16301.08547	10305.03608	2119.324624	573.5326459	0.1181807912	0.05632819121	0.01
68	0	65589.94954	98.33524615	697671.8812	3773862.203	42834.01723	-0.7133606893	0.7038683863	30002.9698	13982.8529	7943.216975	2115.995129	392.3129713	0.03277841538	0.02444995512	0.01193575456
68	1	66768.793	827.3003427	1041227.819	2315465.714	2803.906721	0.8878437312	1.056358237	44185.6346	16400.22498	10406.36177	2117.712614	581.2803375	0.2757667809	0.03648989465	0.01093570428
68	1	64823.66811	418.2658966	548136.2899	4559642.459	12210.02506	0.5115989974	0.973525103	40859.68513	15832.89123	9827.915349	2119.326283	536.9340493	0.1394219655	0.01920947088	0.01
68	1	65346.39645	1079.902513	433822.8172	5839307.875	6684.019492	0.7326392203	1.022234811	42766.29704	16161.26583	10165.36664	2104.003352	562.583842	0.3599675042	0.01520334801	0.01890148273
68	1	66105.70677	518.4156	592887.8839	4750450.771	10202.38083	0.5919047669	0.9912614487	41511.52873	15947.94119	9948.460878	2101.359405	545.9050172	0.1728052	0.02077779332	0.02043799164
68	1	71340.97961	883.1002918	2180473.688	487356.9832	1252.784014	0.9498886394	1.07003299	44718.57136	16492.16499	10500.97009	2112.726684	588.4610348	0.2943667639	0.07641483805	0.013829367
68	1	65603.57318	1070.788131	324338.4015	7235196.909	9671.027224	0.613158911	0.995966368	41673.01431	15977.24236	9979.810341	2093.254066	548.1853523	0.3569293771	0.01136645975	0.02514683548
68	0	70000.64229	56.29787908	1870795.118	737721.2871	27742.33814	-0.1096935257	0.8367630902	35346.71269	14893.88495	8871.679939	2115.660965	463.5276425	0.01876595969	0.065562133	0.01212979005
68	1	67815.34881	584.9396781	1008516.022	2700829.599	5745.172844	0.7701930862	1.030518496	43081.89247	16216.18831	10222.2795	2098.870614	566.8707019	0.1949798927	0.03534350764	0.02188310441
68	1	66134.64841	243.9418642	621809.5346	4529445.345	20043.65068	0.1982539727	0.9045975417	38030.37146	15354.22155	9343.186622	2102.638237	499.4957372	0.08131395472	0.02179135439	0.01969546957
68	1	64705.05585	1354.904466	455698.8419	5296717.176	4315.844442	0.8273662223	1.043051057	43643.4056	16308.2391	10312.9995	2115.660397	574.087264	0.4516348221	0.01596999468	0.01212867037
68	0	65190.68151	275.2253934	382655.6927	6291537.792	28621.40374	-0.1448561496	0.8290614164	34995.09224	14836.61836	8815.569681	2103.428702	459.0358457	0.09174179779	0.01341019291	0.01923636475
68	1	67672.36219	271.7036455	1076950.768	2366061.065	10407.18042	0.5837127832	0.9894454014	41451.99367	15936.92932	9936.51391	2105.305052	545.0491537	0.09056788182	0.03774180765	0.01814573222
68	1	66260.99784	694.8308991	727293.5487	3814360.249	6008.525477	0.7596589809	1.02817357	43015.27755	16203.06286	10207.41663	2106.96278	565.8548015	0.2316102997	0.02548804832	0.0171820402
68	1	63990.68783	1116.149826	325540.7536	6217258.031	7421.93527	0.7031225892	1.015687851	42555.42674	16121.96785	10122.50344	2119.32563	559.5310774	0.372049942	0.01140859626	0.01
68	1	65716.9682	452.6932693	777168.0715	3325276.842	7732.231697	0.6907107321	1.012957326	42443.60875	16103.03372	10103.31567	2118.741598	558.0502733	0.1508977564	0.02723590412	0.01033933742
68	1	64840.75031	1571.048737	323243.1861	6754028.417	6085.850166	0.7565659933	1.027497403	42983.02024	16197.88734	10202.41428	2105.483641	565.4483842	0.5236829122	0.01132807786	0.01804136813
68	1	68006.61656	597.6723128	1222104.592	1895818.558	4072.010259	0.8371195896	1.045220578	43706.74007	16320.56419	10326.84409	2108.670783	575.0419788	0.1992241043	0.04282873257	0.01618910522
68	1	70555.26237	579.2667126	1960168.377	664794.9274	2372.533119	0.9050986753	1.060174751	44319.94849	16424.3473	10431.97404	2112.10682	583.1589684	0.1930889042	0.06869422451	0.01419172514
68	1	65952.97652	638.3822332	709496.6824	3823558.345	6410.52861	0.7435788556	1.024621169	42885.72361	16180.12653	10183.32775	2110.854688	564.0667384	0.2127940777	0.02486435602	0.01492110756
68	1	66302.02572	478.3799321	607183.91	4718854.401	10930.59806	0.5627760774	0.9848563167	41246.04121	15903.18642	9903.275947	2099.057259	542.4036738	0.1594599774	0.02127879845	0.02177551688
68	1	69075.13254	1160.271339	1438552.458	1436342.833	2080.608632	0.9167756547	1.062769716	44398.28374	16439.36443	10448.67531	2104.498624	584.3233482	0.3867571129	0.05041416171	0.01861034667
68	1	69062.04477	244.59088	1392580.734	1554069.522	9215.714415	0.6313714234	0.9999479229	41862.88757	16007.71042	10009.26237	2101.942975	550.5778883	0.08153029333	0.04880307973	0.02009886138
68	1	66626.17786	1167.566644	609888.484	4839993.936	5229.984731	0.7908006108	1.03507073	43248.28654	16245.62031	10253.16896	2093.993137	569.1652975	0.3891888813	0.02137358042	0.02471642522
68	1	66621.30923	836.4141362	910969.9718	2865045.093	3647.872914	0.8540850834	1.048944022	43868.68635	16347.39248	10353.52914	2112.233111	577.14359	0.2788047121	0.03192500017	0.0141194107
68	1	65038.39296	428.4044513	402525.953	5992521.592	17364.04424	0.3054382303	0.9281792736	38994.01339	15517.52389	9508.785737	2107.081817	512.266582	0.1428014838	0.01410654743	0.01711382536
68	1	69542.69895	97.73438877	1478916.525	1398243.791	21245.06306	0.1501974776	0.8940285534	37594.22751	15280.57846	9268.733913	2099.403881	493.7350381	0.03257812959	0.05182872298	0.02157455279
68	1	65327.86617	1079.902513	401198.2035	6169764.58	7320.132663	0.7071946935	1.016638698	42535.51386	16122.28876	10125.95325	2102.334253	559.5349312	0.3599675042	0.01406001637	0.01987127802
68	1	64745.39706	1292.936705	375422.7937	6113544.508	6020.448021	0.7591820792	1.02805832	43021.61372	16203.44204	10207.2139	2110.16837	565.8884476	0.4309789015	0.0131567155	0.0153197457
68	1	65698.9781	866.4984552	580888.7339	4671165.325	6015.624454	0.7593750219	1.028110328	43013.51495	16202.7125	10207.01765	2107.190957	565.8276985	0.2888328184	0.02035728235	0.01704948165
68	1	64913.91638	2318.261534	461791.6346	5343335.438	2491.77864	0.9003288544	1.059122937	44279.53438	16417.33715	10424.72882	2112.658963	582.6116769	0.7727538446	0.01618351699	0.01387113053
68	1	64549.41925	2276.617844	468265.3332	5107918.848	2053.899998	0.9178440001	1.062958728	44455.25263	16445.92198	10452.707	2118.925048	584.8539741	0.7588726145	0.01641038816	0.01023073742
68	1	69092.98991	757.3644477	1413215.261	1503569.894	3207.995888	0.8716801645	1.052848035	43993.02767	16370.67674	10379.01185	2102.685305	578.9517841	0.2524548159	0.04952621803	0.01966552491
68	1	66901.57039	1583.791302	838907.7989	3333275.325	2618.693399	0.895252264	1.058035106	44203.97945	16406.48907	10415.38167	2103.365735	581.7520739	0.5279304339	0.02939957677	0.01926948469
68	1	65132.63832	253.6394288	630701.7375	4064241.518	17830.5241	0.2867790359	0.9240323633	38869.13889	15493.55865	9482.113135	2119.326621	510.4085287	0.08454647626	0.0221029822	0.01
68	1	70443.77291	483.8658607	1773082.148	911115.5196	3900.784636	0.8439686146	1.046747719	43747.45225	16328.8275	10336.37691	2102.619988	575.6803587	0.1612886202	0.0621377758	0.01970407311
68	1	65251.43768	1040.502942	374280.3619	6419957.007	8120.723112	0.6751710755	1.009590148	42250.6878	16073.81953	10076.63191	2101.942737	555.7456171	0.3468343141	0.01311667891	0.02009886138
68	1	68018.88944	3748.885679	1391572.021	1413285.842	-149.6984943	1.00598794	1.082363817	45234.91379	16578.883	10588.24552	2118.673651	595.2472063	1.24962856	0.04876772932	0.01036504428
68	1	69733.10538	183.6241769	1812935.684	795870.4725	8374.893121	0.6650042752	1.007305441	42208.56256	16063.45899	10063.40166	2116.482274	554.953905	0.06120805896	0.06353444549	0.0116519898
68	1	68880.14548	940.7353485	1627737.45	1014953.419	1196.71744	0.9521313024	1.070506446	44759.26436	16497.71872	10505.4671	2119.054368	588.9030735	0.3135784495	0.05704416169	0.01015428951
68	1	65774.99981	883.7776238	616471.9276	4421780.832	5499.533124	0.780018675	1.032651953	43199.32665	16234.18681	10238.92277	2108.111751	568.2891863	0.2945925413	0.02160429762	0.01651441097
68	1	65743.42976	1281.324195	328812.5843	7272784.072	8308.627365	0.6676549054	1.007969682	42148.98255	16058.81563	10063.30361	2091.269159	554.5594293	0.427108065	0.01152325777	0.02629979681
68	1	65539.7163	517.9512326	552616.8465	4834779.66	10436.6621	0.5825335162	0.9891769925	41450.60671	15936.0918	9935.155224	2108.053849	544.9871196	0.1726504109	0.01936649227	0.0165487822
68	1	65171.1954	3755.516471	543770.6342	4744855.264	1112.516613	0.9554993355	1.071265826	44770.63955	16500.8824	10509.72029	2113.452097	589.1433799	1.251838824	0.0190564762	0.01340759373
68	1	67367.48253	776.3597338	991126.5059	2670573.375	4125.791277	0.8349683489	1.044758618	43675.7349	16316.07254	10322.93404	2105.040213	574.6863318	0.2587865779	0.03473409097	0.01829824571
68	1	64179.63873	425.314095	285346.8965	6785473.75	24138.79516	0.03444819363	0.8685007854	36616.99351	15110.82696	9093.089762	2113.85643	480.4836767	0.141771365	0.01	0.01317812466
68	0	65063.97716	30	285346.8965	7365260.179	348150.3062	-12.92601225	-1.984619687	-78181.31931	-4455.963995	-10844.13731	2099.601772	-1049.06403	0.01	0.01	0.02145996928
68	1	64582.93581	585.0843705	433989.9539	5438689.997	11165.84278	0.5533662886	0.9827295375	41219.59275	15894.90255	9891.661245	2116.321181	541.7776995	0.1950281235	0.01520920533	0.01174580349
68	1	69971.57704	515.0000154	1920195.785	675136.4447	2258.732529	0.9096506988	1.061154447	44383.30138	16433.61701	10440.1344	2119.105112	583.8923227	0.1716666718	0.06729338248	0.010126344
68	1	66519.39147	282.1745896	970359.4388	2559464.345	10233.05295	0.590677882	0.9909398076	41553.70224	15951.60966	9949.240043	2117.460837	546.2119005	0.09405819653	0.03400630779	0.01108364151
68	1	64086.41511	3720.026044	349179.578	6019913.856	1533.5056	0.938659776	1.067540297	44640.47693	16477.43633	10484.77073	2119.203917	587.3177903	1.240008681	0.01223702035	0.0100680635
68	1	69398.58226	669.315905	1770675.397	830438.5623	1745.054594	0.9301978162	1.065677074	44565.93992	16464.7043	10471.77449	2119.321301	586.3226778	0.2231053017	0.06205343107	0.01000018948
68	1	65965.21736	2095.550541	770346.543	3443327.828	1436.295831	0.9425481668	1.068411927	44658.8299	16481.63215	10489.94346	2114.322278	587.6396783	0.6985168471	0.02699684323	0.01290325597
68	1	64868.26637	783.6607412	385038.6072	6080986.836	9851.115245	0.6059553902	0.994330886	41660.33788	15971.68878	9971.299486	2108.768699	547.7706173	0.2612202471	0.0134937023	0.0161334321
68	1	64503.29956	2249.858956	462524.8896	5137180.691	2093.635719	0.9162545712	1.062607553	44442.48811	16443.65914	10450.32802	2119.322331	584.6775847	0.7499529853	0.01620921395	0.01
68	1	64728.35894	1581.309662	522667.024	4724321.49	2834.210043	0.8866315983	1.056086237	44180.20759	16398.94763	10404.76405	2119.323374	581.1825001	0.5271032205	0.01831689885	0.01
68	1	64806.78344	1916.308429	543624.2352	4588392.252	2090.518628	0.9163792549	1.062635001	44443.59205	16443.84733	10450.5198	2119.322325	584.6922955	0.6387694762	0.01905134564	0.01
68	1	64733.47635	423.1442926	515899.7279	4782547.789	12897.0566	0.484117736	0.9674768424	40614.75088	15791.24408	9785.564353	2118.835631	533.6778917	0.1410480975	0.01807973853	0.01028508499
68	1	65221.56349	565.3406098	401198.2035	6109255.83	13446.51045	0.4621395821	0.9626858276	40371.45081	15753.0017	9749.310506	2104.048819	530.6700191	0.1884468699	0.01406001637	0.01887575163
68	1	65572.30964	212.6892045	695343.4421	3782990.855	19578.01746	0.2168793017	0.9086545711	38239.7485	15386.9623	9374.070371	2116.138636	502.0719417	0.07089640151	0.02436835482	0.01185215684
68	1	67600.64839	1603.460138	1199903.701	1897697.243	1172.032085	0.9531187166	1.070740412	44750.93573	16497.43223	10506.12766	2113.86983	588.8742023	0.5344867125	0.04205070094	0.013165238
68	1	65420.07903	675.2155578	694027.9598	3738520.68	5641.264149	0.774349434	1.031370609	43183.38656	16229.19536	10231.92484	2118.511623	567.9120019	0.2250718526	0.02432225366	0.01047261579
68	1	67477.35846	1613.798047	1146248.736	2059718.811	1323.664497	0.9470534201	1.069409174	44693.1192	16487.84929	10496.5916	2112.621023	588.1235456	0.5379326823	0.04017035931	0.01389096735
68	1	70427.58666	1155.412951	1720422.816	997044.6783	2139.145622	0.9144341751	1.062269616	44361.74759	16434.18527	10444.27926	2099.698902	583.9124994	0.3851376505	0.06029232619	0.02139793828
68	1	65285.64332	3792.33175	658306.3938	3928984.672	484.0447165	0.9806382113	1.076783783	45009.89891	16540.56205	10549.22572	2118.514014	592.2514536	1.264110583	0.02307038912	0.01046548759
68	1	65464.89488	596.3008136	678710.1221	3855489.124	6761.703378	0.7295318649	1.021509567	42781.15059	16160.98538	10162.71698	2116.865521	562.577992	0.1987669379	0.02378543907	0.01142913159
68	1	68706.41	948.7799622	1373923.825	1553278.052	2433.666251	0.90265335	1.059654229	44279.98207	16418.75007	10427.29204	2106.545569	582.714486	0.3162599874	0.04814924719	0.01742216826
68	1	66757.45662	451.535612	783188.5442	3623878.588	8866.096539	0.6453561384	1.003025325	41987.9908	16028.95184	10030.83718	2102.332466	552.2388105	0.1505118707	0.02744689197	0.01987254156
68	1	67442.78492	752.3611816	1217197.058	1814690.353	2616.821907	0.8953271237	1.05800646	44251.0696	16411.43443	10417.83084	2117.462606	582.1562649	0.2507870605	0.04265674774	0.01108079711
68	1	66129.80321	518.9298714	631594.7303	4450979.384	9460.593684	0.6215762527	0.9977872131	41780.65019	15993.39325	9994.421784	2103.305742	549.4604228	0.1729766238	0.02213427719	0.0193071714
68	1	64313.94091	865.6767123	359896.9443	6034660.632	9008.236127	0.6396705549	1.001729321	41983.28787	16025.1204	10024.38631	2116.187585	551.9566216	0.2885589041	0.01261261113	0.01182325578
68	1	65122.72593	686.8300029	441097.217	5647526.136	9863.119679	0.6054752128	0.9942274838	41653.71398	15970.71708	9970.441643	2108.048448	547.6937605	0.2289433343	0.01545827981	0.01655187273
68	1	64182.00405	2318.075339	341339.4937	6156922.132	3147.438101	0.874102476	1.05333485	44062.25613	16379.30618	10385.13977	2117.192605	579.6444714	0.7726917795	0.0119622641	0.01123801183
68	1	66823.41752	605.8607921	863808.9855	3168891.404	5865.677353	0.7653729059	1.029434117	43063.13062	16211.40223	10216.06775	2106.131534	566.5056486	0.2019535974	0.03027224043	0.01766491808
68	1	67445.05254	607.899975	1217197.058	1815071.912	3391.380164	0.8643447934	1.051186006	43976.63299	16364.65864	10370.16995	2117.42691	578.4997704	0.202633325	0.04265674774	0.01110203341
68	1	65025.49838	1324.589668	427329.0789	5732545.432	5246.689809	0.7901324076	1.034876277	43291.08762	16249.68248	10254.59032	2108.783921	569.5013184	0.4415298894	0.01497577454	0.01612384034
68	1	64789.05049	626.8183975	375361.1725	6138996	12585.97678	0.4965609288	0.970246145	40694.04729	15806.81162	9803.151424	2109.462194	534.8830883	0.2089394658	0.01315455599	0.01573072035
68	1	65553.58012	318.9014962	417062.2156	6128709.889	23012.67843	0.07949286268	0.8784625634	36969.03636	15173.94609	9160.022507	2099.654235	485.3999317	0.1063004987	0.01461597167	0.02142913772
68	1	65806.98335	418.2658966	742063.3846	3564344.903	9117.150829	0.6353139668	1.000773492	41941.37355	16018.197	10017.51734	2115.173216	551.4141538	0.1394219655	0.02600565815	0.01241257686
