#gen	Feasible	f1	f2	c1	c2	c3	x1	x2	x3
15	1	0.07325593734	2405.634238	0.02674406266	97594.36576	25309.15744	0.0140655885	0.0011317	2.931131298
15	1	0.01186204962	20048.64885	0.08813795038	79951.35115	25096.41328	0.001717559533	0.001131705676	2.853956022
15	1	0.01049302981	23850.19822	0.08950697019	76149.80178	24270.62042	0.001537687689	0.0011317	2.602408827
15	1	0.02273850046	8813.965794	0.07726149954	91186.03421	24814.83919	0.003994896146	0.001131700035	2.760581155
15	1	0.01374963156	16384.22504	0.08625036844	83615.77496	25096.41646	0.002101701354	0.001131705724	2.853956022
15	1	0.006590638317	52709.59751	0.09340936168	47290.40249	15898.93206	0.00104925768	0.001131703297	1.551498607
15	1	0.01127530855	21523.1674	0.08872469145	78476.8326	24544.76135	0.00166997628	0.0011317	2.678730082
15	1	0.01068301167	23359.84323	0.08931698833	76640.15677	25268.19763	0.001453446966	0.0011317	2.915830229
15	1	0.008402829643	33717.92821	0.09159717036	66282.07179	25513.57093	0.001077253929	0.001148573826	2.638463208
15	1	0.011851508	20138.8436	0.088148492	79861.1564	25459.85835	0.001658954811	0.001131705841	2.989343532
15	1	0.09539628857	1825.000856	0.004603711434	98174.99914	25325.45754	0.01851536267	0.0011317	2.937285403
15	1	0.007377662295	42390.42952	0.0926223377	57609.57048	24954.12934	0.000825	0.001132487592	2.78854324
15	1	0.007088345117	44483.09065	0.09291165488	55516.90935	24261.59424	0.000825	0.00113170299	2.599947831
15	1	0.02415787218	8178.881764	0.07584212782	91821.11824	24993.11906	0.004245138214	0.0011317	2.8187333
15	1	0.01404893791	15980.07179	0.08595106209	84019.92821	24659.71111	0.00222984077	0.0011317	2.712703363
15	1	0.01752633108	11989.41634	0.08247366892	88010.58366	25144.66343	0.002860865429	0.001131705681	2.87091283
15	1	0.01098329843	22356.87058	0.08901670157	77643.12942	24974.87318	0.001555268462	0.0011317	2.812618974
15	1	0.01295724728	17821.20613	0.08704275272	82178.79387	24426.14221	0.002034708033	0.0011317	2.644925704
15	1	0.02502666011	7807.239594	0.07497333989	92192.76041	25242.05575	0.004358287838	0.001131701487	2.906148576
15	1	0.01515656595	14586.37921	0.08484343405	85413.62079	24255.89004	0.002516945779	0.001131700168	2.598479873
15	1	0.009286901864	28586.62292	0.09071309814	71413.37708	23391.45511	0.001362265681	0.0011317	2.394175165
15	1	0.04138558194	4482.679464	0.05861441806	95517.32054	24908.72111	0.007797422648	0.0011317	2.790767896
15	1	0.09295398664	1889.742423	0.007046013357	98110.25758	25098.11174	0.01821887401	0.001131700054	2.854677752
15	1	0.01031847223	24480.15024	0.08968152777	75519.84976	24901.90213	0.001428590267	0.0011317	2.78854324
15	1	0.02572286773	7554.913483	0.07427713227	92445.08652	25292.85515	0.004485138789	0.001131711331	2.92473375
15	1	0.09211992327	1918.250785	0.007880076725	98081.74922	24941.87911	0.01817385637	0.0011317	2.801659008
15	1	0.01743775722	12388.10086	0.08256224278	87611.89914	23802.97698	0.00305908851	0.001131710807	2.485323944
15	1	0.03646123158	5069.892619	0.06353876842	94930.10738	25475.30783	0.006580841449	0.0011317	2.995672449
15	1	0.02663318649	7272.640403	0.07336681351	92727.3596	25198.3463	0.004695506423	0.0011317	2.890261416
15	1	0.01290963728	17937.4521	0.08709036272	82062.5479	24288.61005	0.002041903979	0.0011317	2.607226628
15	1	0.007609945336	39258.16448	0.09239005466	60741.83552	24237.9764	0.0009363760963	0.00113170001	2.593731161
15	1	0.04258587516	4302.510959	0.05741412484	95697.48904	25289.3297	0.007910714419	0.001132470012	2.904878473
15	1	0.02537156567	7648.263395	0.07462843433	92351.73661	25514.7359	0.004358287838	0.0011321354	3
15	1	0.02451669557	7981.987136	0.07548330443	92018.01286	25623.31382	0.004219470327	0.001135637313	2.952198176
15	1	0.09856286876	1790.961255	0.001437131239	98209.03875	24903.20702	0.01952499829	0.0011317	2.788968558
15	1	0.03011128513	6308.803082	0.06988871487	93691.19692	25294.30498	0.005370066581	0.001131700342	2.925547705
15	1	0.01255475242	18532.09478	0.08744524758	81467.90522	24882.892	0.001889945536	0.001131701621	2.782333367
15	1	0.007098296184	44403.80487	0.09290170382	55596.19513	24286.12286	0.000825	0.0011317	2.60655901
15	1	0.04801514803	3769.816774	0.05198485197	96230.18323	25309.15744	0.008975677944	0.0011317	2.931131298
15	1	0.007311008396	42827.06629	0.0926889916	57172.93371	24770.36292	0.000825	0.0011317	2.746606443
15	1	0.01774154393	11805.53181	0.08225845607	88194.46819	25166.98946	0.002900047622	0.0011317	2.878992486
15	1	0.02668637547	7232.886047	0.07331362453	92767.11395	25346.16862	0.004664116568	0.001131716758	2.944737312
15	1	0.007981016015	36997.8155	0.09201898398	63002.1845	25016.24168	0.0009367163489	0.0011317	2.826537286
15	1	0.03217524711	5888.474027	0.06782475289	94111.52597	26745.61145	0.005812694701	0.001156039957	2.880103915
15	1	0.007456122805	41760.45118	0.0925438772	58239.54882	25007.88875	0.000830441188	0.0011317	2.823710938
15	1	0.02007999872	10179.27938	0.07992000128	89820.72062	24979.07751	0.003414712803	0.0011317	2.814024479
15	1	0.01386367887	16231.33655	0.08613632113	83768.66345	25172.23867	0.002144378186	0.001134877631	2.808372755
15	1	0.01324221612	17374.67198	0.08675778388	82625.32802	24169.81988	0.002126080528	0.0011317	2.575878384
15	1	0.02042133091	9975.991855	0.07957866909	90024.00814	24975.96918	0.003485157905	0.0011317	2.812985171
15	1	0.02465224174	7908.830003	0.07534775826	92091.17	25486.07911	0.004214698422	0.0011317	3
15	1	0.02687791609	7153.331727	0.07312208391	92846.66827	25486.07911	0.004659833292	0.0011317	3
15	1	0.02364367976	8409.275166	0.07635632024	91590.72483	24875.05732	0.004167525571	0.0011317	2.779834736
15	1	0.05214762208	3431.553817	0.04785237792	96568.44618	25486.27937	0.009713772567	0.001131703042	3
15	1	0.05164104069	3572.958263	0.04835895931	96427.04174	24558.7746	0.01004923183	0.0011317	2.682806211
15	1	0.02732523678	7038.780897	0.07267476322	92961.2191	25346.16862	0.004792736717	0.001131716758	2.944737312
15	1	0.04561053646	3992.018277	0.05438946354	96007.98172	25251.3839	0.008517725242	0.001131717481	2.90919051
15	1	0.007079253689	44555.85864	0.09292074631	55444.14136	24238.66719	0.000825	0.00113170001	2.593913928
15	1	0.008261439145	34238.36309	0.09173856086	65761.63691	24191.31209	0.001077253929	0.0011317	2.581469942
15	1	0.007087653554	44489.90394	0.09291234645	55510.09606	24263.34154	0.000825	0.001131760878	2.599381506
15	1	0.02727108378	7075.147547	0.07272891622	92924.85245	25214.67312	0.00482009739	0.0011317	2.896179647
15	1	0.01743792944	12280.69185	0.08256207056	87719.30815	24169.81988	0.003007969928	0.0011317	2.575878384
15	1	0.09451879035	1864.776097	0.005481209652	98135.2239	24986.01055	0.0186296611	0.0011317	2.816346626
15	1	0.01312732959	17545.17789	0.08687267041	82454.82211	24290.79693	0.002087226758	0.0011317	2.607814045
15	1	0.008942597448	30391.08659	0.09105740255	69608.91341	22707.1886	0.001337148861	0.0011317	2.261476681
15	1	0.007349262077	42824.50856	0.09265073792	57175.49144	25806.39993	0.0008292231433	0.001148504922	2.726335159
15	1	0.009703307612	26726.09302	0.09029669239	73273.90698	24258.14319	0.001373457087	0.0011317	2.599082275
15	1	0.04570906971	3975.803344	0.05429093029	96024.19666	25309.15744	0.008510647622	0.0011317	2.931131298
15	1	0.01049302981	23850.19822	0.08950697019	76149.80178	24270.62042	0.001537687689	0.0011317	2.602408827
15	1	0.01244024401	18776.52094	0.08755975599	81223.47906	25289.14758	0.001805083689	0.0011317	2.923627385
15	1	0.02502666011	7807.239594	0.07497333989	92192.76041	25242.05575	0.004358287838	0.001131701487	2.906148576
15	1	0.009861931434	26245.56198	0.09013806857	73754.43802	25029.13029	0.001319107903	0.0011317	2.830914427
15	1	0.04071335813	4563.34039	0.05928664187	95436.65961	24908.72111	0.007659596565	0.0011317	2.790767896
15	1	0.0229877499	8621.812725	0.0770122501	91378.18727	25250.22928	0.003943824336	0.0011317	2.90919051
15	1	0.01883227381	11007.605	0.08116772619	88992.395	24945.46465	0.003166186117	0.0011317	2.802844085
15	1	0.01077986786	22956.82875	0.08922013214	77043.17125	24235.74202	0.001601541003	0.0011317	2.593140415
15	1	0.04257341123	4304.604913	0.05742658877	95695.39509	25280.70805	0.007910714419	0.001132428539	2.902720996
15	1	0.01028471421	24767.35372	0.08971528579	75232.64628	25343.40749	0.001362265681	0.0011317	2.944105887
15	1	0.01548305125	14061.28459	0.08451694875	85938.71541	24880.50371	0.002491323151	0.00113170159	2.781561062
15	1	0.008016030795	35980.52614	0.0919839692	64019.47386	24230.64327	0.001022220182	0.001131701487	2.59176714
15	1	0.03755179276	4908.333957	0.06244820724	95091.66604	25512.0349	0.006801547762	0.001132364816	2.992857452
15	1	0.01029550815	24567.49611	0.08970449185	75432.50389	24928.1668	0.001420568384	0.0011317	2.797140191
15	1	0.0106510968	23485.94404	0.0893489032	76514.05596	23548.36629	0.00164125067	0.001131704096	2.427790959
15	1	0.007861129171	37812.74938	0.09213887083	62187.25062	24913.79236	0.0009259317671	0.001132098094	2.783822342
15	1	0.01608241758	13340.58173	0.08391758242	86659.41827	25313.39356	0.00253555088	0.001131705574	2.932588387
15	1	0.04193587526	4381.654361	0.05806412474	95618.34564	25185.9666	0.007801492884	0.0011317	2.885797211
15	1	0.007187369576	43601.57322	0.09281263042	56398.42678	24446.65067	0.0008327562313	0.001132279673	2.639849332
15	1	0.01361885356	16594.36549	0.08638114644	83405.63451	25096.41328	0.00207508675	0.001131705676	2.853956022
15	1	0.007076843397	44575.4233	0.0929231566	55424.5767	24233.0936	0.000825	0.001131708108	2.592297111
15	1	0.02932890409	6488.250864	0.07067109591	93511.74914	25372.99247	0.005187189443	0.0011317	2.95544817
15	1	0.01268760319	18281.18071	0.08731239681	81718.81929	25391.91572	0.00184477134	0.001132354899	2.946141345
15	1	0.07138555011	2494.434783	0.02861444989	97505.56522	25040.17591	0.01386690194	0.0011317	2.83468129
15	1	0.06534577635	2698.312093	0.03465422365	97301.68791	25486.45318	0.01235340175	0.001131705681	3
15	1	0.02614005089	7415.372251	0.07385994911	92584.62775	25295.00881	0.004568710977	0.001131711004	2.925547705
15	1	0.01526771538	14302.92025	0.08473228462	85697.07975	24958.58732	0.002434202754	0.00113170159	2.807158673
