#gen	Feasible	f1	f2	c1	c2	c3	x1	x2	x3
39	1	0.0270777308	7092.834535	0.0729222692	92907.16547	25483.66716	0.004700552084	0.0011317	2.999029381
39	1	0.01882704689	10930.21372	0.08117295311	89069.78628	25485.76635	0.003049732568	0.0011317	2.999874088
39	1	0.07863530265	2228.812474	0.02136469735	97771.18753	25371.18391	0.01510262642	0.0011317	2.954751169
39	1	0.008770721587	32303.41155	0.09122927841	67696.58845	26169.41088	0.001032141188	0.001142219039	2.998826572
39	1	0.06730225261	2624.259035	0.03269774739	97375.74096	25378.84658	0.01281853565	0.0011317	2.957707556
39	1	0.0131860509	17347.8906	0.0868139491	82652.1094	25485.8725	0.001921497294	0.0011317	2.999916821
39	1	0.07355012066	2394.614411	0.02644987934	97605.38559	25320.79223	0.01411657545	0.0011317	2.935520193
39	1	0.01846563918	11221.77732	0.08153436082	88778.22268	25264.55627	0.003026486456	0.0011317	2.914481118
39	1	0.02284504969	8661.100879	0.07715495031	91338.89912	25409.70875	0.003873800918	0.0011317	2.969702064
39	1	0.03366238558	5540.110475	0.06633761442	94459.88953	25486.07911	0.006016727191	0.0011317	3
39	1	0.01505573233	14524.61823	0.08494426767	85475.38177	25351.95096	0.002321265629	0.0011317	2.947368323
39	1	0.01771127418	11812.82338	0.08228872582	88187.17662	25296.60963	0.002867402535	0.0011317	2.926419226
39	1	0.008125280936	36657.98284	0.09187471906	63342.01716	25486.07911	0.0009093062616	0.0011317	3
39	1	0.008534153477	33605.80888	0.09146584652	66394.19112	25469.46243	0.000993306794	0.0011317	2.993331524
39	1	0.01151123402	21010.65245	0.08848876598	78989.34755	25486.08506	0.001586496822	0.00113170009	3
39	1	0.007891696022	37197.60464	0.09210830398	62802.39536	24579.31388	0.0009637773495	0.00113170016	2.688809863
39	1	0.01022384592	24817.36035	0.08977615408	75182.63965	24903.01382	0.001409294324	0.001131732429	2.788204325
39	1	0.07771477954	2256.439558	0.02228522046	97743.56044	25371.57964	0.01491721697	0.0011317	2.954903637
39	1	0.01652537392	12873.71031	0.08347462608	87126.28969	25479.84371	0.002590642514	0.0011317	2.997492613
39	1	0.01988195619	10222.9378	0.08011804381	89777.0622	25486.07911	0.003260641313	0.0011317	3
39	1	0.01455492442	15184.35271	0.08544507558	84815.64729	25484.20194	0.002195596212	0.0011317	2.999244511
39	1	0.01212524863	19501.46816	0.08787475137	80498.53184	25488.86729	0.001709273018	0.001131742348	3
39	1	0.01860688835	11090.3118	0.08139311165	88909.6882	25486.02634	0.00300563997	0.0011317	2.999978753
39	1	0.06769313166	2600.223422	0.03230686834	97399.77658	25477.32616	0.0128290457	0.0011317	2.99648197
39	1	0.05919062044	3015.216085	0.04080937956	96984.78391	25288.6775	0.01124126116	0.001131701678	2.923410391
39	1	0.01888738973	10896.23934	0.08111261027	89103.76066	25403.12245	0.003080891335	0.0011317	2.967130485
39	1	0.08767101575	1986.703126	0.01232898425	98013.29687	25412.96313	0.0168833042	0.0011317	2.970975105
39	1	0.00854527359	33557.98648	0.09145472641	66442.01352	25486.06422	0.000993306794	0.0011317	2.999994006
39	1	0.02066073178	9756.869264	0.07933926822	90243.13074	25486.07911	0.003416396431	0.0011317	3
39	1	0.01973987537	10313.406	0.08026012463	89686.594	25480.79334	0.003233506331	0.0011317	2.997874085
39	1	0.01652537392	12873.71031	0.08347462608	87126.28969	25479.84371	0.002590642514	0.0011317	2.997492613
39	1	0.02634527852	7425.319791	0.07365472148	92574.68021	24855.50811	0.004727002627	0.0011317	2.773542097
39	1	0.01174785029	20400.26622	0.08825214971	79599.73378	25480.23908	0.001634785029	0.0011317	2.997651418
39	1	0.0158413398	13593.7574	0.0841586602	86406.2426	25429.21367	0.002464057894	0.0011317	2.977355696
39	1	0.01068197541	23463.51808	0.08931802459	76536.48192	25486.07911	0.001420645157	0.0011317	3
39	1	0.008980404903	30826.85559	0.0910195951	69173.14441	25464.52994	0.00108330804	0.0011317	2.991360314
39	1	0.01495310806	14652.8411	0.08504689194	85347.1589	25486.07911	0.002274871686	0.0011317	3
39	1	0.01652537392	12873.71031	0.08347462608	87126.28969	25479.84371	0.002590642514	0.0011317	2.997492613
39	1	0.02549761965	7603.798302	0.07450238035	92396.2017	25486.07911	0.004383774005	0.0011317	3
39	1	0.009492935719	28180.82896	0.09050706428	71819.17104	25486.07911	0.001182837218	0.0011317	3
39	1	0.008326556007	35000.25833	0.09167344399	64999.74167	25429.21367	0.0009570159428	0.0011317	2.977355696
39	1	0.01004795151	25517.27632	0.08995204849	74482.72368	25259.28938	0.001409294324	0.001142621525	2.676769888
39	1	0.03366238558	5540.110475	0.06633761442	94459.88953	25486.07911	0.006016727191	0.0011317	3
39	1	0.01899852453	10808.6835	0.08100147547	89191.3165	25485.57649	0.00308407331	0.0011317	2.999797659
39	1	0.0102956254	24596.43471	0.0897043746	75403.56529	25049.45212	0.001409294324	0.001132240456	2.825662396
39	1	0.02514074482	7730.514817	0.07485925518	92269.48518	25479.71171	0.004314273989	0.0011317	2.997439598
39	1	0.01200887029	19710.7351	0.08799112971	80289.2649	25154.65068	0.001738703855	0.0011317	2.874592926
39	1	0.01110426454	22103.49168	0.08889573546	77896.50832	25377.76355	0.001522032597	0.0011317	2.957289183
39	1	0.02513579909	7731.657591	0.07486420091	92268.34241	25484.34865	0.004311919785	0.0011317	2.999303533
39	1	0.03674708287	5481.06245	0.06325291713	94518.93755	57934.71844	0.006081545984	0.002004679421	3
39	1	0.007646835757	40481.74263	0.09235316424	59518.25737	25296.62512	0.0008367247488	0.0011317	2.92642503
39	1	0.03749135485	4920.240904	0.06250864515	95079.7591	26233.61834	0.006776482931	0.001143214568	2.998791879
39	1	0.02088358748	9631.257149	0.07911641252	90368.74285	25485.75695	0.003461049285	0.0011317	2.999870304
39	1	0.01188634555	20061.94176	0.08811365445	79938.05824	25486.01219	0.00166153034	0.0011317	2.999973059
39	1	0.05966665374	2981.816139	0.04033334626	97018.18386	25372.45936	0.01128751699	0.0011317	2.955242663
39	1	0.007698341333	40433.80375	0.09230165867	59566.19625	25477.49986	0.000825	0.0011317	2.99655167
39	1	0.07062827422	2492.832393	0.02937172578	97507.16761	25395.58659	0.01347526232	0.0011317	2.964196058
39	1	0.01882704689	10930.21372	0.08117295311	89069.78628	25485.76635	0.003049732568	0.0011317	2.999874088
39	1	0.02021619848	10027.1429	0.07978380152	89972.8571	25411.49706	0.003346299939	0.001131740174	2.969366119
39	1	0.07372847781	2388.909662	0.02627152219	97611.09034	25316.00477	0.01415598012	0.001131700317	2.933704056
39	1	0.02293439446	8612.044131	0.07706560554	91387.95587	25476.2918	0.003873800918	0.0011317	2.996067027
39	1	0.01083453652	22843.84888	0.08916546348	77156.15112	25158.169	0.001499803698	0.0011317	2.875845448
39	1	0.08412928572	2070.015489	0.01587071428	97929.98451	26224.21873	0.01610295725	0.001143023058	2.999994712
39	1	0.06209883386	2848.025391	0.03790116614	97151.97461	25486.21901	0.0117040155	0.001131702125	3
39	1	0.007703749628	40404.0404	0.09229625037	59595.9596	25486.07911	0.000825	0.0011317	3
39	1	0.01814547753	11441.60405	0.08185452247	88558.39595	25486.02899	0.002913356993	0.001131700002	2.999979774
39	1	0.01871315989	11012.43218	0.08128684011	88987.56782	25486.07911	0.003026882053	0.0011317	3
39	1	0.02735212325	7041.468407	0.07264787675	92958.53159	25320.96602	0.004817337419	0.001132332199	2.919935545
39	1	0.02759251867	6941.629681	0.07240748133	93058.37032	25477.5177	0.004805476321	0.0011317	2.996558827
39	1	0.01090888724	22737.18115	0.08909111276	77262.81885	25486.07911	0.001466027522	0.0011317	3
39	1	0.01104819936	22418.70968	0.08895180064	77581.29032	26212.00359	0.001486882274	0.001142837112	2.999908781
39	1	0.02294775422	8604.813215	0.07705224578	91395.18679	25486.07911	0.003873800918	0.0011317	3
39	1	0.008534153477	33605.80888	0.09146584652	66394.19112	25469.46243	0.000993306794	0.0011317	2.993331524
39	1	0.01182022175	20222.83024	0.08817977825	79777.16976	25485.76635	0.001648346367	0.0011317	2.999874088
39	1	0.007876568742	38758.48659	0.09212343126	61241.51341	25477.49986	0.0008606602327	0.0011317	2.99655167
39	1	0.01877263584	10969.32456	0.08122736416	89030.67544	25486.07749	0.003038777621	0.0011317	2.999999346
39	1	0.01307044168	17609.95209	0.08692955832	82390.04791	25996.162	0.001948794403	0.001144826129	2.868623478
39	1	0.007300058229	42903.14394	0.09269994177	57096.85606	24747.32991	0.000825	0.0011317	2.739448669
39	1	0.01310386026	17594.15776	0.08689613974	82405.84224	24258.17479	0.00208632086	0.0011317	2.599090685
39	1	0.02410710835	8156.313533	0.07589289165	91843.68647	26043.46304	0.004144488491	0.001142758435	2.935521189
39	1	0.01713255956	12296.89062	0.08286744044	87703.10938	25491.24575	0.002710712354	0.001131778475	3
39	1	0.05747965212	3183.240388	0.04252034788	96816.75961	24604.10203	0.01124126116	0.001131701652	2.696081648
39	1	0.01155982662	20848.80353	0.08844017338	79151.19647	25376.97967	0.001613735848	0.0011317	2.956986479
39	1	0.007646835757	40481.74263	0.09235316424	59518.25737	25296.62512	0.0008367247488	0.0011317	2.92642503
39	1	0.08664093972	2006.776105	0.01335906028	97993.2239	25482.32898	0.01661581861	0.001131700845	2.998468896
39	1	0.02711266081	7082.307519	0.07288733919	92917.69248	25483.66716	0.0047075389	0.0011317	2.999029381
39	1	0.01155982662	20848.80353	0.08844017338	79151.19647	25376.97967	0.001613735848	0.0011317	2.956986479
39	1	0.01891319499	10868.92131	0.08108680501	89131.07869	25484.66665	0.003067220385	0.0011317	2.999431485
39	1	0.07218774015	2429.224878	0.02781225985	97570.77512	25486.07911	0.0137217981	0.0011317	3
39	1	0.02435109428	8024.018843	0.07564890572	91975.98116	25482.14391	0.004155598193	0.0011317	2.998416864
39	1	0.05747965212	3183.240388	0.04252034788	96816.75961	24604.10203	0.01124126116	0.001131701652	2.696081648
39	1	0.007838615695	38804.9032	0.09216138431	61195.0968	25349.3786	0.0008690342693	0.0011317	2.946384933
39	1	0.01769974334	11815.08828	0.08230025666	88184.91172	25358.87148	0.002851935366	0.0011317	2.950018707
39	1	0.02011578511	10100.25937	0.07988421489	89899.74063	26224.21873	0.003300249007	0.001143023058	2.999994712
39	1	0.01093269647	22585.60939	0.08906730353	77414.39061	25295.95084	0.001499803698	0.0011317	2.926172435
39	1	0.07185567729	2448.044357	0.02814432271	97551.95564	25395.58659	0.0137217981	0.0011317	2.964196058
39	1	0.02287594817	8643.996378	0.07712405183	91356.00362	25432.96029	0.003873800918	0.0011317	2.978832405
39	1	0.008517891228	33645.53083	0.09148210877	66354.46917	25425.73804	0.0009958444165	0.0011317	2.97598769
39	1	0.02493597446	7803.760459	0.07506402554	92196.23954	25486.07911	0.004271444967	0.0011317	3
