#gen	Feasible	f1	f2	c1	c2	c3	x1	x2	x3
41	1	0.09925398487	1743.597043	0.0007460151275	98256.40296	25458.53436	0.01916275069	0.0011317	2.988969313
41	1	0.00710838968	44323.98257	0.09289161032	55676.01743	24310.98251	0.000825	0.0011317	2.613254082
41	1	0.01013979625	25056.83198	0.08986020375	74943.16802	24256.16283	0.001465164275	0.0011317	2.598555413
41	1	0.01199113473	19740.09274	0.08800886527	80259.90726	24910.16713	0.001770476375	0.001131700002	2.791240274
41	1	0.007113058107	44287.24266	0.09288694189	55712.75734	24322.4124	0.000825	0.0011317	2.616348939
41	1	0.01160775253	20675.25957	0.08839224747	79324.74043	25126.18859	0.001661438084	0.0011317	2.864518086
41	1	0.01064361329	23374.1966	0.08935638671	76625.8034	24802.12482	0.001507886181	0.0011317	2.756565837
41	1	0.01061807271	23638.77193	0.08938192729	76361.22807	23372.1272	0.001649461653	0.0011317	2.390118564
41	1	0.007190452679	43547.30676	0.09280954732	56452.69324	24405.97893	0.0008339147193	0.0011317	2.639300653
41	1	0.03048448463	6479.444479	0.06951551537	93520.55552	23902.67978	0.00580866978	0.0011317	2.509156189
41	1	0.00980521667	26405.53398	0.09019478333	73594.46602	23491.34751	0.001465232348	0.0011317	2.415458422
41	1	0.008350721891	33528.69205	0.09164927811	66471.30795	23521.49147	0.001151665523	0.0011317	2.421987693
41	1	0.01026184284	24625.13763	0.08973815716	75374.86237	24493.21585	0.001465232348	0.0011317	2.663888611
41	1	0.03220008026	6092.595367	0.06779991974	93907.40463	23929.60911	0.006166036794	0.0011317	2.515658526
41	1	0.07445683544	2374.813045	0.02554316456	97625.18695	25184.39927	0.01439601254	0.0011317	2.885233442
41	1	0.01874287308	11250.50374	0.08125712692	88749.49626	24184.36851	0.003280002972	0.0011317	2.579659646
41	1	0.01222936497	19229.77505	0.08777063503	80770.22495	25287.845	0.00176272831	0.0011317	2.923140831
41	1	0.006822654327	46809.86504	0.09317734567	53190.13496	23519.79624	0.000825	0.0011317	2.421619164
41	1	0.008686075237	32591.18664	0.09131392476	67408.81336	25458.53436	0.001025188674	0.0011317	2.988969313
41	1	0.01386716608	16435.52318	0.08613283392	83564.47682	23917.63419	0.002287871502	0.001131723834	2.512374153
41	1	0.009107247271	29434.59801	0.09089275273	70565.40199	24420.07902	0.001232465709	0.0011317	2.643230603
41	1	0.01055650687	23643.55221	0.08944349313	76356.44779	24689.63408	0.001503661965	0.0011317	2.721752428
41	1	0.09108474581	1985.564761	0.008915254191	98014.43524	24890.06072	0.01837724781	0.001139981776	2.621242589
41	1	0.006760383648	47428.63768	0.09323961635	52571.36232	23336.01966	0.000825	0.001131973823	2.378752206
41	1	0.009990543659	25615.69228	0.09000945634	74384.30772	24532.99236	0.001404405157	0.0011317	2.675320494
41	1	0.0369580264	5091.469402	0.0630419736	94908.5306	24791.37555	0.00692825346	0.0011317	2.753183603
41	1	0.01071531225	23155.40458	0.08928468775	76844.59542	24211.03674	0.001590620375	0.0011317	2.586632403
41	1	0.01456034879	15329.20188	0.08543965121	84670.79812	24331.9604	0.002381835649	0.0011317	2.618942325
41	1	0.007133380436	43817.01576	0.09286661956	56182.98424	24125.43637	0.000845710062	0.0011317	2.564440405
41	1	0.00901361003	29890.31801	0.09098638997	70109.68199	24350.15308	0.001219904731	0.001131700085	2.62390269
41	1	0.01182266843	20137.26734	0.08817733157	79862.73266	24711.09191	0.001762585476	0.0011317	2.728295347
41	1	0.01119187337	21850.36757	0.08880812663	78149.63243	23882.82639	0.001724837597	0.0011317	2.504393105
41	1	0.05458786697	3345.76092	0.04541213303	96654.23908	24748.17136	0.01057840153	0.0011317	2.739709215
41	1	0.009165222315	29130.79379	0.09083477769	70869.20621	24336.52276	0.001252953436	0.0011317	2.620184143
41	1	0.08123029423	2146.340649	0.01876970577	97853.65935	25486.07911	0.01553030892	0.0011317	3
41	1	0.007264485839	42079.11061	0.09273551416	57920.88939	23670.71515	0.0009086173726	0.0011317	2.455068746
41	1	0.0547837079	3333.055423	0.0452162921	96666.94458	24747.98215	0.01061888063	0.0011317	2.739650621
41	1	0.007702877449	40408.83416	0.09229712255	59591.16584	25484.69767	0.000825	0.0011317	2.999443971
41	1	0.0687522871	2753.215904	0.0312477129	97246.7841	23439.93658	0.01409997421	0.001131700003	2.404437574
41	1	0.02294022894	9132.0396	0.07705977106	90867.9604	23188.74406	0.004320028126	0.0011317	2.352579771
41	1	0.006722207062	47810.68116	0.09327779294	52189.31884	23191.49325	0.000825	0.0011317	2.353130186
41	1	0.009194810699	29032.76346	0.0908051893	70967.23654	24527.96748	0.00123957572	0.0011317	2.673868535
41	1	0.01965125127	10571.21157	0.08034874873	89428.78843	24420.21683	0.003431656317	0.0011317	2.643269098
41	1	0.02883722386	6645.462242	0.07116277614	93354.53776	25170.41226	0.005150435037	0.0011317	2.880216383
41	1	0.006654777185	48381.12405	0.09334522282	51618.87595	22581.03736	0.000846276449	0.0011317	2.239223273
41	1	0.01472109685	14966.74625	0.08527890315	85033.25375	25194.94618	0.002282277444	0.0011317	2.889033323
41	1	0.009197633993	29020.65817	0.09080236601	70979.34183	24533.55329	0.00123957572	0.0011317	2.675482717
41	1	0.0762841209	2293.197314	0.0237158791	97706.80269	25474.51233	0.01455018064	0.0011317	2.995353561
41	1	0.006821618229	46819.81668	0.09317838177	53180.18332	23516.55907	0.000825	0.0011317	2.420915874
41	1	0.05663599919	3219.130662	0.04336400081	96780.86934	24731.60705	0.01100852647	0.0011317	2.734593379
41	1	0.01258535534	18532.97627	0.08741464466	81467.02373	24396.03697	0.001960895938	0.0011317	2.636539721
41	1	0.09698415936	1787.022471	0.003015840638	98212.97753	25440.69845	0.01872558733	0.0011317	2.981889093
41	1	0.01280704431	18101.30256	0.08719295569	81898.69744	24418.52926	0.002004345688	0.0011317	2.642797834
41	1	0.05332933605	3446.733634	0.04667066395	96553.26637	24606.81524	0.01037968727	0.0011317	2.696916818
41	1	0.02639043217	7374.648575	0.07360956783	92625.35143	25051.91647	0.004685983825	0.0011317	2.838701063
41	1	0.03876535973	4738.15987	0.06123464027	95261.84013	25473.51794	0.007042666462	0.0011317	2.994955083
41	1	0.01188456005	20014.85876	0.08811543995	79985.14124	24480.57349	0.001804430366	0.0011317	2.660284491
41	1	0.05367008672	3407.741294	0.04632991328	96592.25871	24739.47332	0.01039294903	0.0011317	2.737019417
41	1	0.007209488224	43182.31315	0.09279051178	56817.68685	24284.17668	0.0008484566044	0.00113170016	2.606034073
41	1	0.01028356404	24555.52507	0.08971643596	75444.47493	24596.38601	0.001458089635	0.0011317	2.69383537
41	1	0.01190038384	19950.36677	0.08809961616	80049.63323	24830.8453	0.00176272831	0.0011317	2.765661774
41	1	0.01007162444	25339.92065	0.08992837556	74660.07935	23865.82443	0.001489045427	0.0011317	2.500334622
41	1	0.006713229824	47903.92216	0.09328677018	52096.07784	23160.90122	0.000825	0.00113170406	2.346971143
41	1	0.008227103128	34320.33093	0.09177289687	65679.66907	23195.61592	0.001148984592	0.001131700014	2.353956079
41	1	0.00693259168	45794.75186	0.09306740832	54205.24814	23847.09444	0.000825	0.0011317	2.495885367
41	1	0.01065399611	23343.18077	0.08934600389	76656.81923	24819.23089	0.001507886181	0.0011317	2.761973012
41	1	0.06244801431	3053.658666	0.03755198569	96946.34133	23364.22248	0.01277521301	0.0011317	2.388465133
41	1	0.028896035	6630.102929	0.071103965	93369.89707	25170.41226	0.005162366547	0.0011317	2.880216383
41	1	0.006604276449	49086.47682	0.09339572355	50913.52318	22765.01775	0.000825	0.0011317	2.271889636
41	1	0.09925398487	1743.597043	0.0007460151275	98256.40296	25458.53436	0.01916275069	0.0011317	2.988969313
41	1	0.01550534064	13987.13068	0.08449465936	86012.86932	25249.9415	0.002431072238	0.0011317	2.909084522
41	1	0.00681358146	46897.26369	0.09318641854	53102.73631	23491.34751	0.000825	0.0011317	2.415458422
41	1	0.007396065981	42006.49272	0.09260393402	57993.50728	24811.21666	0.0008384603165	0.0011317	2.759435934
41	1	0.0116974283	20436.25954	0.0883025717	79563.74046	24732.81473	0.001733908287	0.0011317	2.734965439
41	1	0.006822038847	46815.77577	0.09317796115	53184.22423	23517.8736	0.000825	0.0011317	2.421201392
41	1	0.006851690161	46460.1664	0.09314830984	53539.8336	23519.79624	0.00083120965	0.0011317	2.421619164
41	1	0.04354496381	4238.590154	0.05645503619	95761.40985	24932.83692	0.008230788766	0.0011317	2.798676842
41	1	0.02418456118	8365.099892	0.07581543882	91634.90011	24090.91781	0.004440726923	0.001131701153	2.55562512
41	1	0.01364187731	16584.6883	0.08635812269	83415.3117	24808.1192	0.002124203031	0.0011317	2.758457165
41	1	0.03691613209	5102.047034	0.06308386791	94897.95297	24764.51455	0.00692825346	0.0011317	2.744783888
41	1	0.01038642162	24196.60066	0.08961357838	75803.39934	24413.27293	0.001500016066	0.0011317	2.641331523
41	1	0.01426637911	15632.70144	0.08573362089	84367.29856	24846.05284	0.002246919651	0.0011317	2.770513275
41	1	0.05804078387	3157.926461	0.04195921613	96842.07354	24538.97533	0.01138681768	0.0011317	2.677052254
41	1	0.00681358146	46897.26369	0.09318641854	53102.73631	23491.34751	0.000825	0.0011317	2.415458422
41	1	0.007085491336	44511.99873	0.09291450866	55488.00127	24270.86888	0.000825	0.001131976464	2.597546924
41	1	0.008910538045	30409.55363	0.09108946195	69590.44637	23257.61856	0.001291654007	0.0011317	2.366480588
41	1	0.008208164816	34440.19287	0.09179183518	65559.80713	23518.42523	0.001121411141	0.0011317	2.421321236
41	1	0.006816255452	46878.06188	0.09318374455	53121.93812	23515.32122	0.000825	0.001131962189	2.416808912
41	1	0.02744753816	7160.745312	0.07255246184	92839.25469	24476.58919	0.005045017864	0.0011317	2.659151539
41	1	0.02760931393	6979.613557	0.07239068607	93020.38644	25192.49475	0.004894990564	0.0011317	2.888148822
41	1	0.0120829391	19641.76913	0.0879170609	80358.23087	24090.01151	0.001891341537	0.0011317	2.555414957
41	1	0.01402840738	16059.98716	0.08597159262	83940.01284	24418.69735	0.00225908146	0.0011317	2.642844765
41	1	0.05970711851	3090.035743	0.04029288149	96909.96426	24311.83169	0.0118332076	0.0011317	2.613483651
41	1	0.008935758283	30235.98143	0.09106424172	69764.01857	24009.92639	0.001235561088	0.0011317	2.535342243
41	1	0.00706801536	44646.50336	0.09293198464	55353.49664	24210.31314	0.000825	0.0011317	2.586442494
41	1	0.006684610974	48045.85666	0.09331538903	51954.14334	22697.88024	0.000846276449	0.0011317	2.259813199
41	1	0.01007162444	25339.92065	0.08992837556	74660.07935	23865.82443	0.001489045427	0.0011317	2.500334622
41	1	0.01345094529	16983.26981	0.08654905471	83016.73019	24334.13349	0.00214951959	0.0011317	2.619533603
41	1	0.008743664114	31248.97188	0.09125633589	68751.02812	23516.55907	0.001236083827	0.0011317	2.420915874
41	1	0.007052561359	44772.26697	0.09294743864	55227.73303	24170.89683	0.000825	0.0011317	2.576157746
