#gen	Feasible	f1	f2	c1	c2	c3	x1	x2	x3
8	1	0.005119646639	90365.5918	0.09488035336	9634.408204	5003.203769	0.000825	0.0011317	1.113914138
8	1	0.01570271022	16180.62503	0.08429728978	83819.37497	18697.19056	0.003068975863	0.0011317	1.760086867
8	1	0.03561105894	5297.04568	0.06438894106	94702.95432	24833.60359	0.006637572471	0.0011317	2.766539905
8	1	0.008055274175	36310.24035	0.09194472582	63689.75965	24941.42828	0.0009601494521	0.0011317	2.801510104
8	1	0.02241723816	9207.626358	0.07758276184	90792.37364	23796.13245	0.00411746144	0.0011317	2.483893249
8	1	0.01754693403	12266.83974	0.08245306597	87733.16026	23930.89152	0.003068975863	0.001132175343	2.50825712
8	1	0.08104656554	2393.127361	0.01895343446	97606.87264	73245.31164	0.01482124342	0.003184273344	2.731061551
8	1	0.01569836713	16195.71534	0.08430163287	83804.28466	18675.0975	0.003068975863	0.0011317	1.758129913
8	1	0.08451213417	2096.252826	0.01548786583	97903.74717	24970.98078	0.01659830651	0.001131768562	2.80980431
8	1	0.09051087226	1956.395882	0.009489127739	98043.60412	24903.51108	0.01787351908	0.0011317	2.789067691
8	1	0.01585523013	16089.34164	0.08414476987	83910.65836	18492.10319	0.003113035306	0.0011317	1.742147897
8	1	0.08421630009	2127.219231	0.01578369991	97872.78077	24664.58464	0.01674477923	0.0011317	2.71417127
8	1	0.02424850209	8407.335799	0.07575149791	91592.6642	23818.30034	0.004502608848	0.0011317	2.489089387
8	1	0.005212066953	89973.2281	0.09478793305	10026.7719	3390.522879	0.0008575904039	0.0011317	1.073492602
8	1	0.009747468095	28755.28292	0.09025253191	71244.71708	19317.61942	0.001686256774	0.001132647502	1.81110334
8	1	0.08943740322	1984.36808	0.01056259678	98015.63192	24854.0836	0.01768997006	0.0011317	2.773085168
8	1	0.00500202763	99954.07577	0.09499797237	45.92422745	29.08457202	0.000825	0.0011317	1
8	1	0.096430595	1860.486046	0.003569404997	98139.51395	24491.12111	0.01939663144	0.0011317	2.663290466
8	1	0.04583100259	4050.981015	0.05416899741	95949.01899	24627.1654	0.00881787824	0.0011317	2.702958867
8	1	0.01803713438	11682.59898	0.08196286562	88317.40102	24578.03924	0.003068975863	0.0011317	2.688439096
8	1	0.08683555357	2051.616648	0.01316444643	97948.38335	25742.67821	0.01718798958	0.0011461321	2.754544546
8	1	0.09192701361	1902.68795	0.008072986389	98097.31205	25284.34095	0.01789634456	0.001132476378	2.902895518
8	1	0.007329497346	43000.4781	0.09267050265	56999.5219	18794.12948	0.001150089063	0.0011317	1.768745017
8	1	0.02198155827	9348.499617	0.07801844173	90651.50038	26148.68979	0.00393643799	0.00116120858	2.589790966
8	1	0.0806757867	2405.230742	0.0193242133	97594.76926	73244.50205	0.01474173549	0.003183992659	2.732399834
8	1	0.08930894097	2047.181501	0.01069105903	97952.8185	54163.05865	0.01732004484	0.00185852953	2.732399834
8	1	0.01830837547	11473.5288	0.08169162453	88526.4712	26655.733	0.003058660979	0.001159444382	2.774229303
8	1	0.09657085571	1845.8921	0.003429144286	98154.1079	24659.37137	0.01930445208	0.0011317	2.712601118
8	1	0.04875360683	3784.242436	0.05124639317	96215.75756	25495.18109	0.009387131572	0.001143775164	2.724974515
8	1	0.08394567263	2332.633953	0.01605432737	97667.36605	22352.5236	0.01778860981	0.0011317	2.200445898
8	1	0.009972059303	25697.11926	0.0900279407	74302.88074	24619.5802	0.00139087773	0.0011317	2.700702235
8	1	0.01632025609	15426.66272	0.08367974391	84573.33728	18794.12948	0.003205773048	0.0011317	1.768745017
8	1	0.005124159401	90047.70195	0.0948758406	9952.298048	5163.756853	0.000825	0.0011317	1.118153221
8	1	0.01367322327	19156.51115	0.08632677673	80843.48885	18591.25957	0.002611229828	0.001132647502	1.744826989
8	1	0.01245489765	21385.6836	0.08754510235	78614.3164	18633.44684	0.002328262503	0.0011317	1.754456841
8	1	0.01588268834	15994.4439	0.08411731166	84005.5561	18633.55037	0.003113035306	0.0011317	1.754465944
8	1	0.02851983953	7936.27812	0.07148016047	92063.72188	63790.51035	0.004502608848	0.002355869695	2.701538024
8	1	0.04697002921	3916.73112	0.05302997079	96083.26888	24845.92836	0.008968132887	0.0011317	2.770473465
8	1	0.06088680468	2969.981675	0.03911319532	97030.01832	24842.62976	0.01182997305	0.0011317	2.769419107
8	1	0.01290124791	20962.02416	0.08709875209	79037.97584	17738.08515	0.002463567246	0.0011317	1.680275688
8	1	0.08601207075	2066.678868	0.01398792925	97933.32113	24852.79823	0.01698712673	0.0011317	2.772673061
8	1	0.05345541909	3441.729385	0.04654458091	96558.27061	24576.43472	0.01041858117	0.0011317	2.687968641
8	1	0.03563010483	5291.959571	0.06436989517	94708.04043	24845.92836	0.006637572471	0.0011317	2.770473465
8	1	0.0216257053	9581.466523	0.0783742947	90418.53348	23992.71038	0.00393643799	0.001133500282	2.501758831
8	1	0.005867366476	61722.97694	0.09413263352	38277.02306	19484.38277	0.000825	0.00115130965	1.70832776
8	1	0.06942143042	2587.684457	0.03057856958	97412.31554	24829.12057	0.01359199632	0.0011317	2.765113099
8	1	0.09464787636	1896.600205	0.005352123643	98103.39979	24505.97932	0.01902388898	0.001131886654	2.66397776
8	1	0.01585523013	16089.34164	0.08414476987	83910.65836	18492.10319	0.003113035306	0.0011317	1.742147897
8	1	0.01251159549	21220.31756	0.08748840451	78779.68244	18719.81574	0.002337876826	0.0011317	1.762097189
8	1	0.01570271022	16180.62503	0.08429728978	83819.37497	18697.19056	0.003068975863	0.0011317	1.760086867
8	1	0.07250875462	2566.068908	0.02749124538	97433.93109	23828.63143	0.01474173549	0.0011317	2.491521635
8	1	0.09220969293	1897.231853	0.007790307075	98102.76815	27390.38927	0.01791313871	0.001164959665	2.911486777
8	1	0.09212660558	1899.012239	0.007873394423	98100.98776	27390.38927	0.01789634456	0.001164959665	2.911486777
8	1	0.09627544044	1865.170282	0.003724559556	98134.82972	26298.19455	0.01934791825	0.001159447828	2.663290466
8	1	0.05833670517	3151.43957	0.04166329483	96848.56043	24446.11757	0.01148922526	0.0011317	2.650532455
8	1	0.04327213942	4316.104797	0.05672786058	95683.8952	24585.08256	0.008302540326	0.0011317	2.690507042
8	1	0.03420494796	5568.416505	0.06579505204	94431.58349	24653.96156	0.00640192452	0.0011317	2.710974533
8	1	0.005103655727	91518.04468	0.09489634427	8481.95532	4418.697621	0.000825	0.0011317	1.098821236
8	1	0.008443454797	33137.07804	0.0915565452	66862.92196	24372.88589	0.00109855431	0.0011317	2.630142595
8	1	0.01473374689	17443.353	0.08526625311	82556.647	18765.20342	0.002846812058	0.001132647502	1.760086867
8	1	0.03570843387	5279.156084	0.06429156613	94720.84392	24845.92836	0.006653670512	0.0011317	2.770473465
8	1	0.0966019829	1831.93114	0.003398017096	98168.06886	24854.0836	0.01916197129	0.0011317	2.773085168
8	1	0.02232653737	9284.158481	0.07767346263	90715.84152	23673.3144	0.00411746144	0.0011317	2.455656453
8	1	0.0423136377	4927.235884	0.0576863623	95072.76412	21539.4252	0.008810018495	0.0011317	2.076455391
8	1	0.08973041595	1983.295729	0.01026958405	98016.70427	25726.62686	0.01778860981	0.001145978749	2.752599031
8	1	0.01570271022	16180.62503	0.08429728978	83819.37497	18697.19056	0.003068975863	0.0011317	1.760086867
8	1	0.05993379668	3081.324773	0.04006620332	96918.67523	44693.15859	0.01136903673	0.001537116447	2.78150326
8	1	0.08601649778	2066.471422	0.01398350222	97933.52858	24854.0836	0.01698712673	0.0011317	2.773085168
8	1	0.08943740322	1984.36808	0.01056259678	98015.63192	24854.0836	0.01768997006	0.0011317	2.773085168
8	1	0.03584090062	5237.023311	0.06415909938	94762.97669	24978.4241	0.006637572471	0.0011317	2.813805912
8	1	0.02152962638	10369.60611	0.07847037362	89630.39389	28194.80164	0.00411746144	0.001231772266	2.120750127
8	1	0.01591465743	15886.22509	0.08408534257	84113.77491	18794.12948	0.003113035306	0.0011317	1.768745017
8	1	0.005119646639	90365.5918	0.09488035336	9634.408204	5003.203769	0.000825	0.0011317	1.113914138
8	1	0.01665825025	15063.53179	0.08334174975	84936.46821	18794.12948	0.003283053421	0.0011317	1.768745017
8	1	0.05129989779	3762.882822	0.04870010221	96237.11718	55377.80539	0.0094737423	0.00191091255	2.710974533
8	1	0.02853904264	6800.863315	0.07146095736	93199.13669	25210.90261	0.00519696214	0.001138430015	2.745291767
8	1	0.01100655282	24320.97272	0.08899344718	75679.02728	19676.49323	0.001956050029	0.0011317	1.853364924
8	1	0.08390696107	2335.922939	0.01609303893	97664.07706	22328.09827	0.01778860981	0.0011317	2.196412646
8	1	0.07427184477	2430.675929	0.02572815523	97569.32407	24602.68299	0.01472313454	0.0011317	2.695694678
8	1	0.01591465743	15886.22509	0.08408534257	84113.77491	18794.12948	0.003113035306	0.0011317	1.768745017
8	1	0.006834262522	47037.35731	0.09316573748	52962.64269	19814.21202	0.001005042633	0.0011317	1.867608301
8	1	0.08456057699	2093.976806	0.01543942301	97906.02319	24984.65198	0.01659830651	0.001131768562	2.814369059
8	1	0.05865222714	3089.599056	0.04134777286	96910.40094	24845.92836	0.01136903673	0.0011317	2.770473465
8	1	0.08711742766	2050.039246	0.01288257234	97949.96075	24711.5043	0.01731310006	0.0011317	2.728421538
8	1	0.01765125257	12133.18049	0.08234874743	87866.81951	24088.56577	0.003068975863	0.001132175343	2.547005754
8	1	0.04575641178	4063.8613	0.05424358822	95936.1387	24585.08256	0.00881787824	0.0011317	2.690507042
