#gen	Feasible	f1	f2	c1	c2	c3	x1	x2	x3
22	1	0.01439133724	15489.95093	0.08560866276	84510.04907	24649.62815	0.002302172242	0.001131701244	2.70964877
22	1	0.045501505	3975.566178	0.054498495	96024.43382	25486.19273	0.008384549983	0.001131701726	3
22	1	0.03592863005	5152.002557	0.06407136995	94847.99744	25486.07911	0.006469976084	0.0011317	3
22	1	0.01191936284	19912.76907	0.08808063716	80087.23093	24694.73994	0.00178468677	0.0011317	2.723305212
22	1	0.01139528912	21225.86003	0.08860471088	78774.13997	25119.13472	0.001619267754	0.0011317	2.862036951
22	1	0.02089640663	9640.795206	0.07910359337	90359.20479	25359.43034	0.003494969234	0.0011317	2.950233032
22	1	0.01441791742	15451.93507	0.08558208258	84548.06493	24655.27461	0.002306847161	0.001131701248	2.711344106
22	1	0.02403881982	8247.255129	0.07596118018	91752.74487	24882.48613	0.004246924408	0.0011317	2.782236797
22	1	0.03507224277	5383.104877	0.06492775723	94616.89512	24857.5704	0.006519258291	0.0011317	2.774203982
22	1	0.01233627207	18983.26451	0.08766372793	81016.73549	24864.00587	0.001847743276	0.0011317	2.776272361
22	1	0.07707681054	2313.173911	0.02292318946	97686.82609	24900.1213	0.01512078344	0.0011317	2.787963096
22	1	0.06552159596	3161.905225	0.03447840404	96838.09478	78686.85306	0.01087283846	0.00397623763	2.860962978
22	1	0.04657967539	3939.93732	0.05342032461	96060.06268	37662.92365	0.00846037148	0.001352764826	3
22	1	0.05621591352	3236.973921	0.04378408648	96763.02608	24800.49374	0.01088983262	0.001131700107	2.756049609
22	1	0.01357025596	16721.88189	0.08642974404	83278.11811	24665.51814	0.002129981661	0.001131700078	2.714451137
22	1	0.02083190109	9673.221982	0.07916809891	90326.77802	25384.52465	0.003475886643	0.0011317	2.959903782
22	1	0.01009855427	25563.13814	0.08990144573	74436.86186	25486.07911	0.001303960928	0.0011317	3
22	1	0.01050701199	23976.66203	0.08949298801	76023.33797	25337.46335	0.001407892295	0.0011317	2.941842203
22	1	0.03703808521	5001.150386	0.06296191479	94998.84961	25329.57784	0.006754223839	0.0011317	2.938846955
22	1	0.07861230251	2266.713263	0.02138769749	97733.28674	24891.08861	0.01544166796	0.0011317	2.785025857
22	1	0.02114983765	9530.448622	0.07885016235	90469.55138	25178.59135	0.003589000715	0.001131703637	2.883060822
22	1	0.008702041311	31745.30011	0.09129795869	68254.69989	24711.06457	0.001118078238	0.0011317	2.728286983
22	1	0.01068601645	23416.23673	0.08931398355	76583.76327	25420.56876	0.001431504435	0.0011317	2.97395643
22	1	0.02217537279	8989.668047	0.07782462721	91010.33195	25293.26624	0.003768944775	0.0011317	2.92516738
22	1	0.08981638651	1935.697854	0.01018361349	98064.30215	25437.91368	0.01729143378	0.0011317	2.980788018
22	1	0.03339392695	5718.911695	0.06660607305	94281.0883	24650.77349	0.006235020759	0.001131701786	2.709981589
22	1	0.05408781873	3309.236263	0.04591218127	96690.76374	25388.68591	0.01015678287	0.0011317	2.961516329
22	1	0.009765610541	26475.21938	0.09023438946	73524.78062	24110.15877	0.001401191028	0.001131701723	2.560507362
22	1	0.03817314831	4837.165937	0.06182685169	95162.83406	25331.2433	0.006982275121	0.001131701337	2.939445363
22	1	0.008251665193	35515.26068	0.09174833481	64484.73932	25405.6583	0.0009450278867	0.0011317	2.968119828
22	1	0.01971447494	10357.26217	0.08028552506	89642.73783	25270.59752	0.003277461438	0.0011317	2.916720369
22	1	0.02456006862	7945.851208	0.07543993138	92054.14879	25469.3255	0.004201094257	0.0011317	2.993276745
22	1	0.01352098503	16802.16503	0.08647901497	83197.83497	24666.23779	0.002119687441	0.0011317	2.714669719
22	1	0.02510725214	7852.19832	0.07489274786	92147.80168	24831.91636	0.004478254708	0.0011317	2.766002661
22	1	0.00718607652	43236.20542	0.09281392348	56763.79458	24112.55299	0.0008578519615	0.0011317	2.561147446
22	1	0.02169812294	9315.685896	0.07830187706	90684.3141	24801.95147	0.003783521966	0.001131700003	2.756511141
22	1	0.03510104107	5354.854117	0.06489895893	94645.14588	25006.38126	0.006477073519	0.001131700056	2.823200469
22	1	0.03288278516	5891.323816	0.06711721484	94108.67618	24248.53499	0.006235020759	0.0011317	2.59652894
22	1	0.08185340934	2132.522495	0.01814659066	97867.47751	25446.36419	0.01569444246	0.00113181636	2.981098278
22	1	0.02077857865	9811.99356	0.07922142135	90188.00644	24807.85891	0.003598664069	0.001132141512	2.749155585
22	1	0.09689002336	1908.068111	0.003109976639	98091.93189	23712.80778	0.01998150054	0.0011317	2.464635927
22	1	0.01606797346	13429.96682	0.08393202654	86570.03318	24799.40004	0.00262495607	0.0011317	2.755707357
22	1	0.01375129339	16375.90686	0.08624870661	83624.09314	25271.11447	0.002072821757	0.00113170143	2.916877167
22	1	0.04541686642	3987.409225	0.05458313358	96012.59077	25452.07997	0.008384549983	0.001131711049	2.986112365
22	1	0.02204342586	9135.403172	0.07795657414	90864.59683	24875.12451	0.003844957407	0.00113213691	2.770535215
22	1	0.01364817619	16569.47351	0.08635182381	83430.52649	24847.26405	0.002119687441	0.0011317	2.770900732
22	1	0.03586830159	5247.568473	0.06413169841	94752.43153	24881.77546	0.006674981238	0.0011317	2.782006747
22	1	0.01460151543	15196.87621	0.08539848457	84803.12379	24679.69613	0.002341239052	0.001131703638	2.718664108
22	1	0.02154867964	9350.808738	0.07845132036	90649.19126	25008.78839	0.003708500809	0.001131702042	2.823969228
22	1	0.0128397546	18051.97039	0.0871602454	81948.02961	24358.46186	0.002018685015	0.0011317	2.626179416
22	1	0.04882162807	3694.167728	0.05117837193	96305.83227	25395.76197	0.009098905968	0.00113181636	2.961285734
22	1	0.05085881581	3539.777688	0.04914118419	96460.22231	25343.55115	0.009531476786	0.0011317	2.94416066
22	1	0.0421041845	4409.679145	0.0578958155	95590.32086	24836.04129	0.007971747683	0.0011317	2.767316638
22	1	0.01119135739	21893.39141	0.08880864261	78106.60859	25485.8087	0.001522564818	0.0011317	2.999891137
22	1	0.03447314232	5461.773938	0.06552685768	94538.22606	25014.42099	0.006346198867	0.0011317	2.825920531
22	1	0.0300667851	6296.864784	0.0699332149	93703.13522	25451.22807	0.005309465481	0.0011317	2.98606309
22	1	0.02950242895	6520.910638	0.07049757105	93479.08936	24963.6911	0.005361072022	0.001132560444	2.790088462
22	1	0.01000877297	25575.14419	0.08999122703	74424.85581	24724.33322	0.001386425578	0.001131702029	2.732314092
22	1	0.03828749176	4813.947012	0.06171250824	95186.05299	25388.3842	0.006982275121	0.001131701337	2.961365158
22	1	0.009149718361	29796.4292	0.09085028164	70203.5708	25378.99845	0.001128951604	0.0011317	2.957766237
22	1	0.02713202352	7127.544685	0.07286797648	92872.45531	25148.94059	0.004810507887	0.001131700057	2.872562145
22	1	0.02744607327	7039.00055	0.07255392673	92960.99945	25124.11751	0.004882066157	0.001131745606	2.862727629
22	1	0.01063962374	23502.18981	0.08936037626	76497.81019	25269.82847	0.001444458981	0.001131701362	2.916401678
22	1	0.05308094563	3382.825935	0.04691905437	96617.17407	25326.4372	0.009988033821	0.0011317	2.937656467
22	1	0.0142949369	15551.90213	0.0857050631	84448.09787	25273.55352	0.002182189148	0.0011317	2.917817858
22	1	0.01399668271	15995.47535	0.08600331729	84004.52465	25437.23429	0.002092649881	0.0011317	2.980519572
22	1	0.007073967882	44604.41127	0.09292603212	55395.58873	24241.43292	0.000825	0.001131968106	2.589905802
22	1	0.02185006997	9246.951826	0.07814993003	90753.04817	24765.6262	0.003822367117	0.0011317	2.74513005
22	1	0.01441790494	15451.95576	0.08558209506	84548.04424	24655.25698	0.002306847161	0.001131701248	2.711338808
22	1	0.01655988742	12890.01067	0.08344011258	87109.98933	25031.05493	0.002686093142	0.001131745606	2.830541272
22	1	0.0147716694	14930.08962	0.0852283306	85069.91038	24924.56263	0.002338213455	0.0011317	2.795955946
22	1	0.03679481996	5124.171121	0.06320518004	94875.82888	24741.68958	0.006910535021	0.001131701738	2.737668338
22	1	0.01323109079	17255.36869	0.08676890921	82744.63131	25367.14041	0.001951416048	0.001131700007	2.953194385
22	1	0.02332276099	8454.916975	0.07667723901	91545.08303	25388.68591	0.003975342901	0.0011317	2.961516329
22	1	0.01355939755	16742.22367	0.08644060245	83257.77633	24649.62521	0.002129981661	0.001131701723	2.709638315
22	1	0.05408781873	3309.236263	0.04591218127	96690.76374	25388.68591	0.01015678287	0.0011317	2.961516329
22	1	0.01477921038	14880.03113	0.08522078962	85119.96887	25449.95119	0.002247098857	0.001131701427	2.985518711
22	1	0.009520117448	27582.08417	0.09047988255	72417.91583	24724.5361	0.001285512554	0.0011317	2.73241791
22	1	0.07016157873	2510.233298	0.02983842127	97489.7667	25396.35921	0.01338097646	0.0011317	2.964496528
22	1	0.009798593026	26344.53201	0.09020140697	73655.46799	24112.55299	0.001407892295	0.0011317	2.561147446
22	1	0.01687234987	12555.16967	0.08312765013	87444.83033	25289.3885	0.002700163476	0.001131745606	2.922593045
22	1	0.01172198688	20381.32092	0.08827801312	79618.67908	24650.49462	0.001749612689	0.001131708056	2.70977264
22	1	0.04269838651	4346.127129	0.05730161349	95653.87287	24814.4687	0.008101899404	0.0011317	2.760464628
22	1	0.01866357502	11061.24638	0.08133642498	88938.75362	25371.86536	0.003042965238	0.001131700006	2.955013587
22	1	0.01050701199	23976.66203	0.08949298801	76023.33797	25337.46335	0.001407892295	0.0011317	2.941842203
22	1	0.0335921647	5657.429016	0.0664078353	94342.57098	24791.67677	0.006235020759	0.001131700107	2.753275987
22	1	0.02589558244	7568.304852	0.07410441756	92431.69515	24881.77546	0.004628172594	0.0011317	2.782006747
22	1	0.01089000644	22623.76686	0.08910999356	77376.23314	24291.74886	0.001618574148	0.0011317	2.608069861
22	1	0.01367508691	16529.41068	0.08632491309	83470.58932	24823.65372	0.002128736462	0.0011317	2.763376041
22	1	0.02207627589	9040.301063	0.07792372411	90959.69894	25276.14994	0.003753179132	0.0011317	2.918782827
22	1	0.01744236496	12123.51667	0.08255763504	87876.48333	24797.76509	0.002908194081	0.0011317	2.755192614
22	1	0.009155446978	29771.91058	0.09084455302	70228.08942	25384.52464	0.001129353892	0.0011317	2.959903782
22	1	0.02007453692	10252.43195	0.07992546308	89747.56805	24649.91634	0.003478954853	0.001131745606	2.708849481
22	1	0.009155446978	29771.91058	0.09084455302	70228.08942	25384.52464	0.001129353892	0.0011317	2.959903782
22	1	0.02105290638	9598.026732	0.07894709362	90401.97327	25091.76326	0.003589000715	0.001131703637	2.852384026
22	1	0.007162859643	43902.22721	0.09283714036	56097.77279	24441.72582	0.000825	0.001131700016	2.64929653
22	1	0.009851085981	26171.42968	0.09014891402	73828.57032	24634.72407	0.001364106824	0.0011317	2.705213014
22	1	0.00888112221	30613.6856	0.09111887779	69386.3144	24443.79929	0.001182929948	0.001131700287	2.649874608
22	1	0.06960997746	2544.623895	0.03039002254	97455.37611	25233.65521	0.01338097646	0.0011317	2.903104649
