#gen	Feasible	f1	f2	f3	f4	f5	c1	c2	c3	c4	c5	c6	c7	x1	x2	x3	ras
2	1	63875.75084	3372.94688	294826.3889	6489044.906	2226.392238	0.9109443105	1.061438532	44395.47129	16435.64408	10442.16015	2119.322556	584.0510503	1.124315627	0.01033220941	0.01	0.4
2	1	69898.2601	386.9974684	1523366.561	1337550.416	5929.186578	0.7628325369	1.028906181	43008.42471	16204.21497	10210.54087	2096.3515	565.9316022	0.1289991561	0.05338647728	0.02334663484	0.1
2	1	68319.55098	1588.493169	943355.4493	3169849.126	3552.860507	0.8578855797	1.049862067	43818.59945	16344.4131	10355.16515	2086.808042	576.8789252	0.5294977229	0.03305995127	0.02888852277	0.2
2	1	66901.45938	1902.187892	961215.7279	2694279.593	1477.249001	0.94091004	1.068062759	44632.53927	16477.93282	10486.83126	2110.742907	587.3460314	0.6340626307	0.03368586586	0.01498215601	0.1
2	1	66655.00779	2395.621566	491213.1635	5966019.516	4127.363664	0.8349054534	1.044804549	43613.67797	16309.57639	10319.74553	2086.367453	574.1551986	0.7985405221	0.01721459632	0.02914540215	0.3
2	1	68184.42589	802.860133	457665.8712	7288150.337	11609.36496	0.5356254015	0.9790052854	40875.99247	15848.71107	9854.996453	2059.694114	538.096165	0.2676200443	0.01603892935	0.04464409591	0.1
2	1	65903.61343	946.6887238	676733.8384	4029377.086	4570.736113	0.8171705555	1.040825712	43533.41256	16290.79758	10296.32581	2109.673179	572.7163846	0.3155629079	0.02371618009	0.0156069973	0.1
2	1	68498.8604	2002.933353	1230474.423	1955654.723	1739.456456	0.9304217417	1.065784264	44508.35978	16458.84271	10469.12454	2101.232429	585.8418825	0.6676444509	0.04312205384	0.02050565599	0.1
2	1	73780.92559	978.4919559	2272341.217	520799.3727	3470.193822	0.8611922471	1.050615202	43821.95767	16346.70627	10358.94823	2078.93581	577.0483486	0.3261639853	0.07963434139	0.03345999978	0.1
2	1	70412.0797	1051.046667	498933.1572	8339299.26	11584.03248	0.5366387008	0.9793353534	40774.88254	15838.78268	9851.020947	2026.273706	537.2783039	0.3503488891	0.01748514399	0.06405989747	0.1
2	1	65031.0719	1207.175987	553873.7169	4601996.947	3899.103037	0.8440358785	1.046718645	43793.19445	16333.6281	10338.75001	2116.326962	576.0727476	0.4023919955	0.01941053937	0.01174127155	0.1
2	1	65945.0818	1842.92623	624461.2101	4430046.997	2786.51768	0.8885392928	1.056549338	44152.72014	16397.20793	10405.46733	2105.849067	581.0296727	0.6143087433	0.02188428253	0.0178272468	0.3
2	1	67993.47242	872.1177519	1177503.528	2046308.319	3073.944294	0.8770422282	1.054017238	44052.0493	16379.97177	10387.83985	2106.190806	579.6827533	0.2907059173	0.04126568546	0.01762905726	0.1
2	1	67899.57938	384.3719619	1159738.93	2092254.845	6818.728382	0.7272508647	1.02104017	42727.25872	16154.03531	10157.51452	2106.635568	562.0219237	0.1281239873	0.04064312401	0.01737230881	0.3
2	1	79412.4519	222.0499173	2545076.475	546168.9996	12728.98296	0.4908406817	0.9693225331	40298.05608	15762.23267	9776.991578	2004.617615	531.2673521	0.0740166391	0.08919236571	0.07664131605	0.1
2	1	69011.43628	1219.313539	711808.9788	5056725.581	6797.545179	0.7280981928	1.021370593	42586.72358	16139.9058	10151.37559	2061.69091	560.8612632	0.4064378463	0.0249453906	0.0434826012	0.1
2	1	73282.62985	309.4909934	2556403.148	303354.4373	4086.414272	0.8365434291	1.04510834	43686.61761	16318.13108	10325.20273	2104.110218	574.8460853	0.1031636645	0.0895893097	0.01883848321	0.1
2	1	66153.97359	2513.368059	903630.9746	2778817.421	544.7910434	0.9782083583	1.0762463	44991.02427	16537.16924	10545.62097	2119.316337	591.9872401	0.8377893529	0.03166780455	0.01	0.2
2	1	67671.96666	945.5898497	947153.9501	2965467.609	4123.745204	0.8350501919	1.044800842	43651.55529	16313.60392	10321.80792	2097.47893	574.4839124	0.3151966166	0.03319306997	0.02269076575	0.1
2	0	73601.75051	324.0546609	372412.6886	13969121.66	34797.50141	-0.3919000563	0.7751122732	32359.14028	14417.04587	8413.030064	1967.227436	426.0677968	0.1080182203	0.01305122618	0.09836513723	0.6
2	1	66742.13483	3938.796379	882470.9037	3044614.503	862.6631153	0.9654934754	1.073481638	44843.01338	16514.28988	10524.28248	2108.553116	590.1853248	1.312932126	0.03092624853	0.01624969618	0.1
2	1	67445.05031	1953.394408	1226291.304	1786576.123	573.5780108	0.9770568796	1.075997126	44976.38803	16534.96901	10543.62658	2117.967461	591.8135634	0.6511314693	0.04297545617	0.01078330411	0.1
2	1	66634.41002	1508.483766	990414.0777	2498191.248	1406.154085	0.9437538366	1.068669383	44677.69914	16484.30483	10492.20989	2116.810566	587.8517096	0.502827922	0.03470912387	0.01145797611	0.1
2	1	63840.2774	2614.013403	285346.8965	6575303.126	3223.120332	0.8710751867	1.052661588	44042.47179	16375.46752	10380.83628	2119.323767	579.3470674	0.871337801	0.01	0.01	0.1
2	1	69640.75655	3038.356145	1790322.876	820751.5552	-23.05452547	1.000922181	1.081255315	45183.17558	16570.52024	10580.10753	2116.581985	594.5908792	1.012785382	0.0627419782	0.01157960869	0.1
2	1	72570.25957	525.1375235	2268152.623	468908.5199	3247.697588	0.8700920965	1.052512778	43964.20676	16366.74347	10375.82716	2098.203663	578.638722	0.1750458412	0.07948755186	0.02226888118	0.1
2	1	70154.64516	240.7681476	1721663.134	970034.8863	7497.922084	0.7000831167	1.015067215	42478.63133	16112.18804	10115.32053	2104.181099	558.7476686	0.08025604921	0.0603357932	0.01879836941	0.1
2	1	66388.08916	423.7961493	518826.461	5547160.431	14700.36932	0.4119852271	0.9516821388	39888.81968	15673.2869	9670.227768	2092.340423	524.4241072	0.1412653831	0.01818230608	0.02567799488	0.3
2	1	65589.72324	1085.104418	647586.1187	4117419.153	3923.889203	0.8430444319	1.046511117	43773.3738	16330.98231	10336.6699	2112.974431	575.8617378	0.3617014728	0.02269469641	0.01368889397	0.1
2	1	67982.57114	1159.839916	1169554.947	2072710.319	2391.941479	0.9043223408	1.06002376	44292.58572	16421.04293	10429.7499	2105.885454	582.892894	0.3866133053	0.04098712693	0.01780552517	0.1
2	1	68924.45226	2230.328891	1516886.496	1235937.541	664.3492952	0.9734260282	1.075218045	44923.4289	16527.32259	10536.9956	2111.644424	591.20795	0.7434429638	0.05315938301	0.01445400195	0.1
2	1	64201.01966	1893.795533	293074.1057	6708136.363	4978.461057	0.8008615577	1.037221612	43403.18445	16267.65655	10271.95288	2113.975783	570.9128332	0.6312651777	0.01027080053	0.01310755692	0.2
2	1	64256.24037	671.3139128	296194.422	6706059.868	14629.66565	0.414813374	0.9522377122	39982.81845	15684.7331	9678.044546	2113.275603	525.3450136	0.2237713043	0.01038015222	0.01351534811	0.1
2	1	68734.91926	195.3358993	1312712.228	1732418.094	12050.59738	0.5179761047	0.9749831791	40860.39017	15836.71302	9834.921086	2102.398725	537.2116446	0.06511196642	0.0460040829	0.01983432223	0.5
2	1	67655.47935	1019.100929	995124.0226	2723829.541	3508.911781	0.8596435288	1.050204799	43879.71046	16351.80713	10360.15883	2100.637756	577.4741931	0.3397003096	0.03487418419	0.02085524761	0.1
2	1	64958.30478	3041.075307	409585.8851	5875568.541	2378.608233	0.9048556707	1.060131861	44306.88472	16422.84473	10431.05168	2108.793448	583.0373729	1.013691769	0.0143539632	0.01611638238	0.2
2	1	65709.11357	265.8695739	574385.4421	4728764.284	19624.9509	0.2150019639	0.9082717071	38191.82906	15380.87114	9369.609372	2106.636996	501.5839239	0.08862319131	0.02012937408	0.01737230881	0.8
2	1	63958.43023	3041.075307	298479.0329	6497550.828	2592.056152	0.8963177539	1.058222146	44262.30414	16413.18606	10419.47841	2118.210551	582.2941237	1.013691769	0.01046021655	0.01064628669	0.1
2	0	68257.87896	278.147432	493231.9778	6897612.349	25127.74584	-0.005109833558	0.8599626521	36091.51272	15032.88059	9023.434836	2060.656606	474.3241539	0.09271581066	0.0172853458	0.04408556877	0.1
2	0	66448.81509	30	759205.5819	3671717.912	130808.7265	-4.232349061	-0.07078294361	-1187.37791	8667.984947	2528.879235	2105.862573	-23.16124654	0.01	0.02660640754	0.01782259276	0.1
2	1	64642.17453	2755.425311	285346.8965	7082787.224	3945.90284	0.8421638864	1.046338327	43743.91423	16327.39844	10334.22644	2106.397285	575.5733696	0.9184751036	0.01	0.01750978042	0.6
2	1	66087.46667	284.4221294	473887.3926	5833445.147	23088.46185	0.07646152603	0.877811812	36925.14024	15167.59538	9154.50243	2094.475962	484.8970281	0.09480737647	0.01660741359	0.02443755257	0.3
2	1	67241.26627	967.7804104	947862.2442	2845874.762	3543.957021	0.8582417192	1.04988395	43879.90161	16351.00305	10358.63624	2104.46428	577.4161199	0.3225934701	0.03321789218	0.01863242708	0.3
2	0	65958.05868	232.7631777	409595.9781	6446105.306	32348.39631	-0.2939358523	0.7962768319	33639.75462	14607.92073	8584.486526	2092.683998	441.1451972	0.0775877259	0.01435431691	0.02547874113	0.1
2	0	78362.37743	30	2673250.15	396450.668	42788.65654	-0.7115462616	0.7045454537	29733.39699	13955.86098	7931.648047	2029.278439	390.0946594	0.01	0.09368422026	0.06231549606	0.2
2	1	64509.61061	2793.197922	298589.0277	6836910.016	3518.582498	0.8592567001	1.050091806	43904.92313	16354.20401	10361.00353	2109.332721	577.6724207	0.9310659738	0.01046407132	0.01580424573	0.1
2	0	64623.47819	246.2757101	285346.8965	7070520.513	42471.43987	-0.6988575949	0.7070909062	30100.76927	14001.55711	7963.985752	2106.702151	393.7634614	0.08209190336	0.01	0.0173346889	0.1
2	1	67663.57959	308.0457948	464817.5008	6858690.064	23655.69179	0.05377232825	0.8729000165	36638.76241	15124.45132	9115.305768	2068.522454	481.4920384	0.1026819316	0.01628955866	0.03951573206	0.1
2	1	70699.17447	643.0768452	1696227.508	1066433.32	3788.58457	0.8484566172	1.047763749	43758.35722	16332.60054	10341.8306	2093.865875	575.9643588	0.2143589484	0.0594444001	0.02478928879	0.2
2	1	63840.2774	693.955182	285346.8965	6575303.126	14257.58398	0.4296966408	0.9554948001	40134.5252	15709.2717	9701.938919	2119.326435	527.2707497	0.231318394	0.01	0.01	0.1
2	1	65018.57363	3730.209422	293792.5664	7227328.669	3275.648457	0.8689740617	1.052258217	43962.9829	16365.95892	10374.5436	2100.83782	578.5806847	1.243403141	0.01029597903	0.02073878544	0.1
2	0	68695.54872	30	1477395.983	1296048.903	66808.01166	-1.672320466	0.4927689463	21502.41112	12534.4068	6467.711427	2112.968396	279.0846129	0.01	0.0517754355	0.01369426384	0.1
2	1	68988.62633	1925.767528	1278151.2	1883583.429	2101.099445	0.9159560222	1.062615792	44363.74906	16435.28812	10446.04329	2096.213542	583.9943563	0.6419225093	0.04479288947	0.02342148673	0.5
2	0	66300.28791	30	942730.2378	2631511.938	104416.7822	-3.176671287	0.161574954	8203.899231	10265.99119	4154.878034	2119.327262	101.7712244	0.01	0.03303804069	0.01	0.1
2	1	65973.85818	2030.581647	643655.4346	4295983.209	2427.889354	0.9028844259	1.05970511	44282.01719	16419.09772	10427.64692	2106.542269	582.7416575	0.6768605492	0.02255694534	0.01742407535	0.3
2	0	69489.97645	72.20630116	844416.5882	4196919.498	52138.12503	-1.085525001	0.6221116238	26529.9216	13402.60685	7361.835493	2061.980062	346.887822	0.02406876705	0.02959263264	0.04331689605	0.3
2	1	66330.70458	976.9981143	527888.4597	5431406.169	6833.483183	0.7266606727	1.020951302	42679.79	16148.74763	10154.48305	2093.810635	561.5925617	0.3256660381	0.01849988439	0.02482300892	0.1
2	1	65608.54898	1095.813132	565320.3504	4759360.689	4870.358607	0.8051856557	1.038193598	43420.82847	16272.03468	10277.5662	2107.708965	571.2472401	0.3652710441	0.01981168737	0.01674820637	0.2
2	1	64676.52455	1648.974367	507286.0103	4829200.684	2797.78872	0.8880884512	1.056407249	44192.80261	16401.1149	10406.98961	2119.231068	581.3518	0.5496581224	0.01777787025	0.01005359866	0.1
2	1	66980.54236	1855.185171	1124513.179	2042812.277	660.9273643	0.9735629054	1.075223632	44949.89363	16530.15762	10538.47566	2119.317238	591.4391435	0.6183950569	0.03940863533	0.01	0.1
2	1	64941.27122	333.4791231	566630.2129	4463657.225	15033.73315	0.3986506738	0.948662718	39857.07584	15662.14493	9654.057016	2118.546345	523.5858897	0.1111597077	0.01985759158	0.01045323445	0.7
2	1	73674.53057	842.6177956	2546867.286	319842.5091	2207.245429	0.9117101828	1.061677908	44329.43741	16429.22114	10439.67757	2097.211105	583.5213468	0.2808725985	0.08925512482	0.0228428251	0.1
2	1	65778.95369	244.4418334	518843.9076	5242406.354	23921.7256	0.04313097615	0.870449691	36655.34666	15119.9226	9104.508312	2102.160967	481.1800649	0.08148061113	0.01818291749	0.01997281932	0.1
2	0	64942.23441	195.1328294	360390.2218	6391140.404	42485.24517	-0.6994098067	0.7069712979	30093.8658	14000.51398	7963.035119	2106.090657	393.681156	0.06504427647	0.01262989807	0.01768994828	0.2
2	1	69269.938	1881.417936	1278151.2	1933356.244	2454.94715	0.901802114	1.059514414	44223.49422	16412.3702	10423.52183	2091.679178	582.1972028	0.627139312	0.04479288947	0.02605597533	0.1
2	0	66178.33909	210.1342547	492960.0577	5690776.344	29757.69455	-0.1903077819	0.8190851865	34562.14091	14764.83868	8744.124637	2094.161779	453.4132711	0.07004475156	0.01727581634	0.02462017158	0.3
2	1	67376.76276	664.0412777	450965.1192	6841640.886	12542.12382	0.4983150474	0.9707512507	40587.20111	15796.72162	9799.69727	2072.309475	534.0479297	0.2213470926	0.01580410107	0.03731514507	0.9
2	1	65867.69185	244.4418334	518843.9076	5285714.8	24024.35834	0.03902566649	0.8695505118	36614.28672	15113.23582	9097.956944	2100.730541	480.6555742	0.08148061113	0.01818291749	0.02080385366	0.1
2	1	66411.71883	465.0320782	630675.408	4576164.487	10857.33188	0.5657067246	0.985502605	41270.83233	15907.4894	9907.725511	2098.706079	542.7395978	0.1550106927	0.02210205948	0.0219795337	0.2
2	1	63880.87019	3559.14733	296194.422	6476690.336	2056.800952	0.9177279619	1.062931911	44455.53345	16445.88301	10452.59429	2119.322265	584.8514236	1.186382443	0.01038015222	0.01	0.1
2	1	67527.08869	894.4886464	1181058.642	1947626.302	2438.199147	0.9024720341	1.059590698	44302.67356	16421.00533	10428.23462	2113.923046	582.8999966	0.2981628821	0.04139027465	0.01313677649	0.1
2	1	65953.0501	1220.000011	639453.7334	4319165.284	3959.110429	0.8416355828	1.046221289	43739.99256	16326.67972	10333.45184	2106.626801	575.5174744	0.4066666704	0.02240969645	0.0173764562	0.1
2	0	65645.72108	323.5588513	357233.1985	6859460.063	26748.19281	-0.06992771251	0.8455848473	35629.29293	14946.67121	8929.350734	2094.560055	467.6275604	0.1078529504	0.01251925999	0.02438875106	0.9
2	0	70853.92403	139.9984158	579566.2807	7550724.988	42736.01686	-0.7094406743	0.7050258295	29734.71041	13957.23534	7934.015521	2024.017423	390.1955178	0.0466661386	0.02031093689	0.06537198436	0.8
2	1	66394.61928	2062.023648	965037.7232	2553562.968	742.4505351	0.9703019786	1.074506319	44920.44521	16525.17574	10533.43096	2119.142744	591.0494934	0.6873412162	0.03381980793	0.01010164764	0.2
2	0	70607.86472	30	776478.9136	5239389.712	132638.7777	-4.305551108	-0.08668661958	-2052.905674	8534.86923	2405.355742	2039.862188	-33.64933543	0.01	0.02721175254	0.056166819	0.4
2	1	64408.33416	3237.992001	298933.5698	6768954.656	2906.454998	0.8837418001	1.055476758	44127.15906	16391.72749	10398.93857	2110.985391	580.6076857	1.079330667	0.01047614583	0.0148437155	0.1
2	0	65956.58233	284.4221294	409201.4561	6449648.965	26705.90731	-0.06823629256	0.8459632098	35638.08878	14948.58093	8931.641677	2092.683895	467.7744977	0.09480737647	0.01434049086	0.02547874113	0.3
2	1	68081.37874	254.1592236	1152683.33	2154102.792	10540.19313	0.5783922747	0.9882806069	41398.21632	15928.20458	9927.994971	2103.280169	544.3646126	0.0847197412	0.04039586005	0.01932212687	0.1
2	1	66420.09092	1175.559782	974744.9408	2516730.806	1831.052719	0.9267578912	1.064919795	44535.48405	16459.51235	10466.48349	2119.321818	585.9168253	0.3918532607	0.03415999798	0.01	0.1
2	1	66386.66269	1552.774731	938220.9028	2673565.223	1396.321597	0.9441471361	1.068753259	44683.96547	16485.18824	10492.9548	2117.655963	587.9218215	0.517591577	0.03288001076	0.01096693124	0.1
2	1	68544.5906	650.0190384	1150019.693	2259074.159	4912.95491	0.8034818036	1.03785711	43366.02499	16265.32897	10272.94875	2095.650476	570.7079888	0.2166730128	0.04030251273	0.02375346122	0.1
2	1	70983.76786	115.2442251	2194286.556	460284.2583	10998.50395	0.5600598419	0.9841934616	41288.75535	15906.03573	9902.454404	2119.326168	542.6517317	0.03841474169	0.07689891088	0.01	0.2
2	1	66691.57451	255.565613	771660.0771	3674790.414	15512.10432	0.3795158274	0.9445010327	39635.45964	15627.83078	9622.001059	2102.699807	520.8837613	0.08518853768	0.02704287611	0.01965957034	0.1
2	1	67901.26756	1305.716437	1060636.55	2486399.71	2724.35164	0.8910259344	1.057113477	44157.53536	16399.17075	10408.42735	2100.62576	581.1765796	0.4352388123	0.03717007486	0.02086116773	0.3
2	1	66784.62522	975.0638078	883406.7535	3051658.967	3505.398811	0.8597840476	1.050212366	43904.99652	16354.52162	10361.58362	2107.937375	577.6955046	0.3250212693	0.03095904544	0.0166148225	0.1
2	0	63903.6892	340.9481208	296194.422	6490407.146	28718.08852	-0.1487235409	0.8281603118	35012.00626	14836.10563	8812.192865	2118.959074	459.0151732	0.1136493736	0.01038015222	0.01021370039	0.2
2	1	68079.894	2939.231801	1175576.965	2069696.557	1146.4033	0.954143868	1.070995524	44729.73239	16495.82786	10506.18223	2104.66968	588.7373018	0.9797439337	0.04119816896	0.01850591335	0.1
2	1	65658.33555	1122.766384	461262.6318	5730417.344	6320.316018	0.7471873593	1.025448294	42883.99482	16182.06763	10187.185	2100.629984	564.2056974	0.3742554613	0.01616497805	0.02086116773	0.3
2	1	73469.06527	561.936317	2470250.426	358558.4348	3058.049579	0.8776780168	1.054190128	44023.80426	16377.4056	10387.11483	2095.905165	579.4693059	0.1873121057	0.0865700821	0.02360368177	0.1
2	1	75891.4971	585.0462474	2727808.121	286728.8653	4466.060428	0.8213575829	1.041866806	43447.69762	16284.33706	10296.59319	2072.391758	572.164786	0.1950154158	0.0955962078	0.03726367176	0.1
2	0	64107.16144	256.764081	285346.8965	6740030.694	40145.14602	-0.6058058408	0.7275490345	30952.06024	14144.85847	8108.489611	2115.024971	404.9756837	0.08558802701	0.01	0.01249937364	0.6
2	1	64924.02212	908.8025754	574953.6773	4392447.045	4928.073778	0.8028770489	1.037648185	43438.64842	16272.53249	10275.93871	2119.324855	571.3006684	0.3029341918	0.02014928792	0.01	0.9
2	1	64597.17756	3237.992001	292304.8436	6968422.911	3223.250569	0.8710699772	1.05269816	44003.61922	16371.4205	10378.87736	2107.541554	579.0159909	1.079330667	0.01024384169	0.01684454127	0.1
2	1	65711.39472	333.4791231	574995.0291	4724750.417	15659.21897	0.373631241	0.9431929724	39596.32584	15620.29864	9613.601742	2106.636806	520.2998962	0.1111597077	0.02015073709	0.01737230881	0.1
2	0	72128.92486	30	2379868.939	370593.1967	41421.59177	-0.6568636707	0.7163184511	30490.2372	14066.77842	8029.465436	2112.062184	398.8684885	0.01	0.08340265719	0.01422066875	0.1
2	1	68785.68582	678.013858	1152899.331	2298593.36	5005.501025	0.799779959	1.037054058	43321.0198	16258.46871	10266.64004	2091.937649	570.1670848	0.2260046193	0.04040342984	0.02591040499	0.1
2	1	67314.83575	600.3427926	942730.2378	2891053.636	5664.49155	0.773420338	1.03121583	43123.97076	16222.46497	10227.92233	2102.970508	567.3664693	0.2001142642	0.03303804069	0.01950125792	0.1
2	1	68047.81826	412.9609797	1137562.797	2204657.835	6745.258616	0.7301896554	1.02169906	42741.00136	16157.1931	10161.41755	2102.908194	562.2641098	0.1376536599	0.03986596002	0.01953773243	0.3
2	1	73960.67846	195.0179638	2576905.53	311715.955	6941.412625	0.722343495	1.019998956	42643.56784	16142.43986	10147.94331	2094.41847	561.1002447	0.06500598794	0.09030781696	0.02446991292	0.1
2	0	65702.95756	113.5974551	669297.0677	4006620.588	38853.23794	-0.5541295176	0.7389334671	31401.15743	14221.9775	8187.550049	2112.461829	411.000851	0.03786581838	0.02345555799	0.01398847374	0.9
2	1	71162.15827	284.5232398	1037998.186	3499273.512	14518.25865	0.419269654	0.9534318785	39802.98471	15668.63451	9673.874629	2046.701134	524.0034	0.09484107994	0.03637671196	0.05219282825	0.1
2	0	64690.20847	367.2214133	298589.0277	6952350.248	27290.54904	-0.09162196149	0.8407710041	35476.29534	14917.99482	8897.946941	2106.425079	465.4007625	0.1224071378	0.01046407132	0.01749554777	0.1
2	1	79597.99157	185.5131669	2694453.139	428468.4061	12984.47235	0.4806211061	0.967053483	40227.4012	15748.8716	9762.269393	2010.637752	530.2304442	0.06183772229	0.09442728032	0.07314398363	0.1
2	1	68114.1788	436.2987486	1149931.456	2171033.969	6365.290547	0.7453883781	1.025046002	42874.50425	16180.02238	10184.74156	2102.58443	564.0482632	0.1454329162	0.04029942047	0.01972573955	0.1
2	1	73995.71469	186.8461528	2790715.816	215575.9988	5842.090038	0.7663163985	1.029639838	43073.5247	16213.03867	10217.62154	2106.750999	566.6343428	0.06228205093	0.09780081192	0.01730503281	0.1
2	0	66778.44511	30	890683.9736	3011535.598	111341.2653	-3.453650612	0.100634378	5715.806321	9844.212807	3727.051728	2108.480036	68.78738612	0.01	0.03121407608	0.01630191498	0.3
2	1	67286.9138	894.4886464	1181058.642	1904736.833	2160.417754	0.9135832898	1.062024378	44413.80465	16439.10347	10445.96627	2117.794576	584.3195608	0.2981628821	0.04139027465	0.01088753444	0.1
2	1	68577.96031	1427.297458	1196247.189	2090939.808	2514.334894	0.8994266042	1.058971566	44222.92945	16410.91511	10420.89697	2097.896412	582.0912241	0.4757658195	0.04192255824	0.02244592365	0.1
2	1	70202.73872	380.9974407	816050.7638	4710479.871	13864.52574	0.4454189703	0.9591818401	40041.35192	15708.81522	9714.439644	2048.778307	527.1469096	0.1269991469	0.02859855053	0.0509860091	0.1
2	1	66394.50267	3994.676085	520540.3281	5533932.45	2601.816047	0.8959273581	1.05821904	44173.62242	16403.72618	10414.59343	2092.331365	581.5223155	1.331558695	0.01824236866	0.02567799488	0.2
2	1	64130.57088	3068.98058	298589.0277	6600818.873	2759.67926	0.8896128296	1.056754961	44193.82077	16402.1169	10408.70696	2115.4423	581.4253912	1.022993527	0.01046407132	0.01225453214	0.1
2	1	70515.88604	697.0140231	1124912.862	2833199.585	7116.102273	0.7153559091	1.018563318	42476.1041	16120.9022	10131.88692	2062.35926	559.3765927	0.2323380077	0.03942264226	0.04309454733	0.1
2	0	64931.15765	150.7042854	334929.5609	6673783.772	59216.665	-1.3686666	0.559642853	24163.82428	12989.90422	6933.406748	2104.733478	314.6804126	0.05023476181	0.0117376276	0.0184784847	0.7
2	1	66431.69771	244.4418334	518843.9076	5569464.528	24676.67602	0.01293295901	0.8638354694	36353.31612	15070.73571	9056.317473	2091.638976	477.3219931	0.08148061113	0.01818291749	0.02608577825	0.8
2	1	64671.57946	1561.946477	507493.967	4825240.823	2987.77205	0.880489118	1.054734007	44125.82233	16389.67646	10395.31612	2119.323539	580.4577758	0.5206488255	0.01778515811	0.01	0.1
2	0	65306.93344	140.8150307	462778.9134	5532115.396	45811.88077	-0.8324752308	0.6776768062	28916.69003	13799.77333	7758.41252	2106.388125	377.9896938	0.04693834355	0.01621811623	0.01751714279	0.3
2	1	64776.37799	588.573111	285346.8965	7171465.316	18030.00288	0.2787998848	0.9223241129	38748.78791	15476.34188	9467.341421	2104.236987	509.0438429	0.196191037	0.01	0.01876659813	0.1
2	1	68433.73089	234.9565679	1149975.147	2236147.154	11815.16856	0.5273932574	0.9770721925	40927.42636	15849.22578	9848.584288	2097.437131	538.183563	0.07831885596	0.04030095161	0.02271681928	0.3
2	1	81845.58787	133.4567282	2555468.013	672116.8917	18956.78886	0.2417284454	0.9146055617	37965.30016	15373.00252	9387.433697	1966.024291	500.7931251	0.04448557605	0.08955653783	0.09906350418	0.1
2	1	65556.15174	380.0822103	721366.9992	3610102.66	10182.06371	0.5927174517	0.9913871818	41573.43193	15954.86206	9952.461193	2117.968265	546.4667737	0.1266940701	0.02528035202	0.01078884066	0.8
2	1	72586.09659	1994.264235	2422242.135	359157.9265	717.4272912	0.9713029084	1.074764778	44890.0988	16522.60548	10532.9994	2107.225584	590.8337023	0.6647547451	0.08488762852	0.01701711851	0.1
2	1	66594.87225	1777.431614	724998.5739	3950021.043	2826.510153	0.8869395939	1.056211293	44124.03095	16393.28154	10402.27655	2101.438596	580.717237	0.5924772045	0.02540762079	0.02038920733	0.1
2	1	73675.7405	2125.642861	2452372.145	377043.7567	1802.123	0.92791508	1.065263629	44454.07494	16451.71909	10463.65567	2091.476558	585.2728573	0.7085476204	0.08594353664	0.02616574432	0.1
2	1	66712.61959	1187.276962	980105.9036	2561912.78	2106.502802	0.9157398879	1.06250831	44423.46399	16441.37649	10448.80907	2114.92966	584.4936625	0.3957589874	0.03434787326	0.01255166074	0.1
2	1	66919.00381	951.5123811	941919.5397	2790811.989	3273.207776	0.869071689	1.052252618	43991.72001	16369.0074	10376.095	2109.30066	578.8295574	0.3171707937	0.03300962973	0.01582269605	0.1
2	1	65078.92396	270.7292236	520540.3281	4898487.795	20758.27384	0.1696690465	0.8982698182	37813.21566	15314.817	9301.025795	2113.547449	496.4291275	0.09024307453	0.01824236866	0.01335757762	0.1
2	1	66553.70029	1065.590236	523171.0254	5590569.11	6679.964874	0.732801405	1.022315566	42721.3821	16156.6862	10163.28592	2089.93126	562.2082696	0.3551967453	0.01833456161	0.02707669038	0.3
2	1	67186.52057	373.2751647	387668.8842	7504660.274	23219.31397	0.07122744133	0.8767329319	36803.3105	15151.83822	9142.656782	2071.558728	483.6366578	0.1244250549	0.01358588052	0.03775174426	0.1
2	1	68880.52556	247.2001751	1299111.394	1798014.766	9939.860281	0.6024055887	0.9935799549	41597.49154	15963.06089	9964.26004	2099.230866	547.0842597	0.08240005838	0.04552744082	0.02167456979	0.1
2	1	65816.79836	1641.56285	538145.7611	5087081.858	3794.251161	0.8482299535	1.047685533	43785.484	16335.2908	10342.94658	2102.71156	576.1857075	0.5471876168	0.01885935217	0.01965080061	0.2
2	1	73175.01625	3893.004246	2758165.08	211423.116	-394.10881	1.015764352	1.084518211	45319.2349	16593.40603	10603.17035	2117.967074	596.3816173	1.297668082	0.09666006934	0.01075992037	0.1
2	1	69549.11179	3008.741266	1790322.876	813807.4007	-123.6662316	1.004946649	1.082136547	45223.67408	16577.10106	10586.54232	2118.059523	595.107146	1.002913755	0.0627419782	0.01072135397	0.1
2	1	65860.97544	401.2124297	574701.5615	4793177.461	13221.02219	0.4711591125	0.9646709133	40451.83284	15766.66984	9763.210029	2104.207728	531.7386518	0.1337374766	0.0201404525	0.01878341936	0.1
2	1	79882.26748	93.22266045	2664934.586	463096.3703	19463.88078	0.2214447687	0.9100177691	37911.70578	15355.5016	9362.568944	2004.275946	499.4728835	0.03107422015	0.09339280079	0.07684071196	0.9
2	1	65697.47878	2970.081298	781642.8453	3293530.028	516.364014	0.9793454394	1.076496622	45001.09193	16538.8855	10547.36995	2119.316091	592.1213993	0.9900270992	0.02739272285	0.01	0.1
2	1	66540.11939	1256.180796	639453.7334	4560770.19	4528.276572	0.8188689371	1.041239649	43507.24618	16289.07235	10296.86672	2097.163349	572.5658926	0.4187269321	0.02240969645	0.02287437019	0.1
2	1	67904.97019	1639.32458	1188920.482	1989665.685	1551.685687	0.9379325725	1.067415102	44598.13745	16472.60199	10481.84737	2108.301628	586.926272	0.5464415266	0.04166579334	0.01640012447	0.1
2	1	64131.45086	477.9023359	363156.556	5899859.953	16375.21144	0.3449915426	0.9368474907	39384.54991	15581.42185	9571.651509	2119.326555	517.2767669	0.1593007786	0.01272684443	0.01	0.4
2	1	66176.24629	250.0344101	616748.6232	4587164.631	19792.80634	0.2082877465	0.9068095398	38115.99577	15369.0315	9358.458274	2101.6624	500.6522064	0.08334480337	0.02161399443	0.02026239441	0.5
2	1	65645.98755	333.4791231	523097.0522	5139996.628	17347.35126	0.3061059496	0.9283343397	38991.62088	15517.66734	9509.395288	2104.560657	512.2746454	0.1111597077	0.01833196922	0.01857853736	0.4
2	1	66413.42995	1641.606014	676512.1349	4226036.331	3196.647535	0.8721340986	1.052951954	43992.94373	16370.93482	10379.50378	2101.439463	578.9704016	0.5472020046	0.02370841047	0.02038920733	0.2
2	1	64341.80667	2830.800265	292545.61	6802523.381	3375.985374	0.864960585	1.051339989	43963.13413	16363.61558	10370.1644	2111.673138	578.4110446	0.9436000884	0.01025227937	0.01444455089	0.1
2	1	81389.43163	93.26781043	2465076.64	754020.9858	23036.57325	0.07853706987	0.8786738936	36526.6709	15127.34079	9136.738942	1967.925344	481.5922	0.03108927014	0.08638876646	0.09795936448	0.2
2	1	64713.88325	3264.180586	291823.1053	7050139.209	3340.245761	0.8663901695	1.051674045	43955.89199	16363.70208	10371.36288	2105.631213	578.4102569	1.088060195	0.01022695915	0.01795437463	0.1
2	1	67750.30705	191.2666241	1315201.449	1574440.466	11125.43476	0.5549826097	0.9830786396	41240.81849	15898.06188	9894.494987	2118.420487	542.027287	0.06375554137	0.04609131781	0.01052617704	0.1
2	1	64698.56303	1309.562753	297190.8479	6974684.994	7819.829829	0.6872068069	1.012226096	42371.29022	16093.44689	10095.85018	2106.204705	557.2852077	0.4365209176	0.01041507202	0.01762278764	0.8
2	1	66735.9302	3250.029583	960915.2205	2654634.334	612.6751893	0.9754929924	1.0756675	44947.46459	16531.03928	10540.46317	2113.386743	591.5006582	1.083343194	0.03367533456	0.01344250371	0.1
2	1	66848.67808	358.7148136	923814.1643	2861412.995	8927.79749	0.6428881004	1.002459551	41989.2369	16027.63085	10028.20221	2109.34489	552.1443118	0.1195716045	0.0323751257	0.01579859838	0.9
2	1	71231.50485	4257.521579	1463755.061	1678957.667	3160.651307	0.8735739477	1.053365545	43906.2889	16362.76171	10376.7212	2071.236738	578.293801	1.41917386	0.0512973885	0.03792158357	0.1
2	1	70740.27307	251.0228131	1725118.735	1018020.206	7853.339816	0.6858664073	1.01196705	42322.34885	16087.56497	10091.92468	2094.949352	556.8113549	0.08367427104	0.06045689498	0.02416168305	0.1
2	0	69392.68027	98.55549809	1149193.313	2447390.762	28182.88318	-0.1273153271	0.8329917423	35079.59235	14855.72386	8838.990156	2081.932826	460.5024555	0.0328518327	0.04027355219	0.03172479612	0.3
2	1	65402.77352	268.0041705	492424.5222	5300880.683	22686.6365	0.09253454	0.8813112716	37107.48824	15196.02259	9181.237633	2106.631166	487.1343637	0.0893347235	0.01725704846	0.01737575454	0.3
2	1	64113.02351	4273.986524	296189.692	6617658.756	1853.406664	0.9258637334	1.064734933	44515.23968	16456.87964	10464.48842	2115.578723	585.7063507	1.424662175	0.01037998645	0.01217428554	0.1
2	1	65017.90091	2939.231801	298589.0277	7166814.943	3929.248561	0.8428300575	1.046501814	43732.49377	16326.60131	10334.38044	2101.139058	575.5044882	0.9797439337	0.01046407132	0.02056439305	0.4
2	1	76924.69936	185.0652034	2797717.721	279411.9458	9239.87459	0.6304050164	0.9998695868	41716.0428	15991.85807	10000.8238	2059.959236	549.286253	0.06168840115	0.09804619413	0.04448964234	0.1
2	1	67076.49279	1427.27101	1016714.2	2486291.404	1862.488231	0.9255004708	1.064668752	44497.83715	16454.85478	10463.2165	2111.271032	585.5426862	0.4757570034	0.03563081333	0.01467639943	0.1
2	0	65856.74275	32.03913852	789331.1507	3298105.918	117013.5012	-3.680540048	0.05065806224	3735.7382	9504.754427	3379.514303	2117.223772	42.26295759	0.01067971284	0.02766216	0.01122207269	0.4
2	1	68141.11431	789.5002335	1003018.876	2810400.12	4859.667679	0.8056132928	1.038333912	43377.1121	16267.73584	10275.83588	2093.286814	570.8931795	0.2631667445	0.03515085982	0.02512655178	0.1
2	1	64719.33634	232.6198542	518843.9076	4751876.569	23888.20506	0.0444717974	0.8706901792	36723.4805	15127.80241	9109.39912	2119.241636	481.8173718	0.0775399514	0.01818291749	0.0100494846	0.1
2	1	64987.29354	1603.158811	526096.578	4810318.736	3046.649235	0.8781340306	1.05422825	44091.90333	16384.76171	10391.03678	2115.356238	580.0686341	0.5343862703	0.01843708779	0.01230473806	0.1
2	1	66917.17346	1769.202176	884231.1832	3084963.736	2103.206995	0.9158717202	1.062566405	44394.72027	16438.4622	10447.50815	2105.847053	584.2545058	0.5897340585	0.03098793763	0.0178272468	0.1
2	1	64123.91098	3195.986566	296194.422	6624287.592	2658.538933	0.8936584427	1.057645697	44229.51828	16408.21044	10414.9235	2115.405061	581.901675	1.065328855	0.01038015222	0.01227608116	0.1
2	1	65471.13656	1078.35325	720846.7331	3585003.308	3063.230153	0.8774707939	1.054069602	44099.03639	16385.11431	10390.67044	2119.304843	580.1011305	0.3594510833	0.02526211926	0.01001090482	0.1
2	1	66881.38466	1210.688283	1021701.816	2420622.222	1970.166639	0.9211933344	1.06370953	44471.05258	16449.53522	10457.16219	2114.718007	585.1311639	0.4035627611	0.03580560465	0.01267441706	0.1
2	1	78980.46978	185.4584405	2805366.473	333611.2824	11556.61873	0.5377352509	0.979573523	40787.91368	15840.78356	9852.874606	2027.282352	537.4359728	0.06181948018	0.09831424512	0.06347391666	0.1
2	1	67479.62361	3938.796379	1079548.451	2313674.928	706.4274064	0.9717429037	1.074857411	44898.34555	16523.72247	10533.89491	2108.549335	590.9226674	1.312932126	0.03783284361	0.01624969618	0.1
2	1	72834.43219	3322.128585	2418569.167	369879.4795	774.9631395	0.9690014744	1.074271657	44855.80639	16517.6834	10528.75993	2102.985338	590.4436658	1.107376195	0.08475890911	0.01947150503	0.2
2	1	75432.08084	151.1600596	1448975.847	2542987.643	21187.1841	0.152512636	0.8948479468	37296.06958	15250.9056	9256.275246	2002.662793	491.294631	0.05038668652	0.05077945002	0.07777798844	0.3
2	1	71501.93995	327.2610387	942739.8537	4262287.902	14892.99252	0.4042802993	0.9501679963	39633.30097	15642.16242	9648.96055	2035.477774	521.9200601	0.1090870129	0.03303837768	0.05871322376	0.1
2	1	67228.04048	234.9565679	1182676.918	1889041.79	9974.732588	0.6010106965	0.9932100819	41649.74793	15967.68008	9965.362463	2118.845002	547.4698501	0.07831885596	0.04144698725	0.01027947218	0.1
2	0	64752.57568	139.9984158	339831.3719	6508447.198	62580.61841	-1.503224736	0.530010539	22982.90844	12787.89688	6726.964564	2107.907852	298.893529	0.0466661386	0.01190941188	0.01663427722	0.7
2	1	66281.95166	1036.570809	811678.5172	3299882.566	3316.618029	0.8673352788	1.051862633	43984.29311	16367.21373	10373.8237	2111.713617	578.6923616	0.3455236029	0.02844532487	0.01442099652	0.2
2	1	65734.33487	1207.175987	741805.1757	3542008.9	2771.963982	0.8891214407	1.056643956	44192.38007	16401.67811	10408.09744	2116.325857	581.3921952	0.4023919955	0.02599660921	0.01174127155	0.2
2	1	69319.38859	1626.352302	1717527.195	904234.5771	438.4127849	0.9824634886	1.07718922	45022.34259	16542.93013	10551.84636	2117.384052	592.4351553	0.542117434	0.06019084897	0.01112112144	0.1
2	1	71803.74358	3937.350378	2330034.709	392158.9087	-79.9075859	1.003196303	1.081763345	45195.70083	16573.16063	10583.22287	2114.25356	594.7943912	1.312450126	0.08165621345	0.01292178413	0.1
2	0	67469.68133	280.2871896	457962.7745	6817321.059	25860.39091	-0.03441563647	0.8534772924	35866.88335	14992.27442	8980.110362	2071.234605	471.1632009	0.0934290632	0.01604933434	0.0379400958	0.2
2	1	68426.26039	912.6216491	1134837.174	2294239.985	3734.672661	0.8506130935	1.048229601	43786.58966	16336.80667	10345.60698	2096.640677	576.2966172	0.3042072164	0.03977044041	0.02317736907	0.1
2	1	67121.2208	1802.301479	373593.3941	7644307.031	7065.70392	0.7173718432	1.018977019	42524.91562	16127.16768	10136.54425	2071.759704	559.8781098	0.6007671596	0.01309260408	0.03763348728	0.2
2	1	64412.29793	2793.197922	285346.8965	6933431.126	3628.868457	0.8548452617	1.04911819	43868.40029	16347.80954	10354.34565	2110.102758	577.1735289	0.9310659738	0.01	0.0153569821	0.1
2	0	65478.13822	30	514582.0933	5136163.59	192833.4348	-6.713337393	-0.6169602056	-23151.0071	4923.604388	-1287.054579	2106.753464	-315.8571837	0.01	0.01803356194	0.01730503281	0.1
2	0	65620.31244	248.0635351	483500.8897	5493517.788	25238.26064	-0.009530425561	0.8588552438	36190.48575	15040.58379	9023.578682	2102.586289	474.9787065	0.08268784502	0.0169443192	0.01972573955	0.6
2	0	65403.13505	195.3358993	492619.4573	5299260.635	31059.50767	-0.242380307	0.8075817971	34142.18618	14690.52006	8666.09621	2106.637271	447.619397	0.06511196642	0.01726387998	0.01737230881	0.9
2	1	72817.63281	820.0900286	2418555.155	369312.8327	1885.155969	0.9245937612	1.064494706	44463.51162	16450.74906	10460.49981	2103.28477	585.2117668	0.2733633429	0.08475841807	0.01931466964	0.1
2	1	66301.76987	334.0989037	520353.5916	5488340.846	18175.79633	0.272968147	0.921073629	38662.85516	15463.96975	9456.647164	2093.824202	508.0637055	0.1113663012	0.01823582446	0.0248160948	0.1
2	1	72734.86474	267.4111254	1783327.098	1106834.196	9276.847061	0.6289261176	0.9995236898	41723.8613	15991.80257	9999.600392	2066.308285	549.2898485	0.08913704181	0.06249681071	0.0408011526	0.7
2	1	64658.51464	3837.509655	295555.8387	6968632.636	2759.941463	0.8896023415	1.056780484	44165.09312	16399.12062	10407.25129	2106.748014	581.1803102	1.279169885	0.01035777302	0.01730503281	0.2
2	1	66311.1455	267.4111254	737184.843	3766746.392	15227.3143	0.3909074281	0.9469958486	39749.66989	15646.4142	9640.193931	2106.752579	522.3414859	0.08913704181	0.02583468936	0.01730503281	0.1
2	1	64756.40368	507.7674106	308599.3096	6874364.511	19178.01013	0.2328795948	0.9122095203	38347.89235	15407.62325	9396.995653	2105.961645	503.6742842	0.1692558035	0.01081488229	0.01776465611	0.9
2	1	67833.11214	490.4912975	1073624.372	2415528.687	6090.236536	0.7563905385	1.027468292	42971.67882	16196.60374	10201.65234	2102.512028	565.3443324	0.1634970992	0.03762523388	0.01976773209	0.3
2	1	65252.86617	3938.796379	296194.422	7355235.788	3371.63841	0.8651344636	1.051424581	43917.02432	16358.91845	10368.03639	2097.20565	578.0257952	1.312932126	0.01038015222	0.0228487659	0.2
2	1	67494.45371	961.1852072	873105.5186	3318192.443	4462.154866	0.8215138053	1.041826028	43526.41704	16292.62238	10300.72138	2095.873923	572.8417857	0.3203950691	0.03059803801	0.02362338595	0.1
2	0	67291.14397	283.3916283	448367.2553	6818297.569	25932.08918	-0.03728356708	0.852838574	35849.064	14988.73395	8976.079837	2073.53375	470.8893168	0.0944638761	0.01571305877	0.036604366	0.4
2	1	73550.5547	521.5132132	2760803.26	217911.4012	1817.858302	0.9272856679	1.065059041	44516.43276	16457.83963	10466.1026	2112.117964	585.7770685	0.1738377377	0.09675252451	0.01418438931	0.1
2	1	65165.38938	1250.230986	639453.7334	4014991.562	2955.915705	0.8817633718	1.055014526	44137.10452	16391.59976	10397.27609	2119.323506	580.6081194	0.4167436619	0.02240969645	0.01	0.1
2	1	68090.00515	248.0635351	1111595.526	2315594.239	11362.05475	0.5455178101	0.9810518748	41098.52526	15877.68801	9876.996338	2100.662713	540.4124773	0.08268784502	0.03895593536	0.02084283802	0.3
2	1	68093.23486	2525.516739	863368.0629	3567547.686	3016.448924	0.879342043	1.054589344	44004.69763	16376.39499	10387.9731	2085.627879	579.377469	0.841838913	0.03025678826	0.0295722314	0.1
2	1	66325.82155	1211.169867	520540.3281	5498806.101	5810.143107	0.7675942757	1.029963752	43041.01359	16210.40589	10217.38387	2093.445538	566.4119127	0.4037232892	0.01824236866	0.02503479499	0.6
2	1	66146.66573	2887.077426	781646.0712	3433568.516	1072.704474	0.957091821	1.071620805	44780.20962	16502.81455	10511.94201	2112.075875	589.2926967	0.9623591421	0.02739283591	0.01420653044	0.2
2	1	64747.54837	3372.94688	407213.2721	5785710.351	1922.682699	0.923092692	1.064136211	44479.07358	16451.48651	10459.64146	2112.04702	585.2803587	1.124315627	0.01427081482	0.01422579338	0.1
2	1	65319.34434	333.2101401	513388.5639	5071622.466	17348.08827	0.3060764694	0.9283128672	39006.77453	15519.22728	9510.12488	2109.240409	512.402433	0.1110700467	0.01799173463	0.01585975263	0.2
2	1	66282.01927	244.8456934	518843.9076	5492709.55	24464.87307	0.02140507731	0.8656928298	36436.27533	15084.35033	9069.748226	2094.051736	478.3892588	0.08161523115	0.01818291749	0.02468403707	0.8
2	1	67445.70629	894.4886464	1181058.642	1932986.254	2344.07392	0.9062370432	1.060415342	44340.32993	16427.13782	10434.24293	2115.2349	583.3810108	0.2981628821	0.04139027465	0.0123746289	0.1
2	1	65140.89298	656.941872	508391.1249	5031969.11	8680.769077	0.6527692369	1.004626915	42084.85956	16043.39175	10043.80968	2111.814731	553.3794228	0.218980624	0.01781659906	0.01436368824	0.1
2	1	66674.24703	3067.923893	979130.3181	2557151.656	500.2655528	0.9799893779	1.076650651	44994.16982	16538.54351	10547.72579	2115.480398	592.0898774	1.022641298	0.03431368381	0.01222649051	0.1
2	1	71231.03755	505.7532446	2171519.271	489989.6755	2328.137713	0.9068744915	1.060559744	44341.78433	16427.66389	10435.01279	2113.962794	583.4205439	0.1685844149	0.07610102994	0.01311356583	0.1
2	1	67051.72395	234.598508	1045263.878	2360373.134	11791.36315	0.528345474	0.9772307161	40988.43177	15856.13521	9852.691979	2113.398335	538.7436168	0.07819950267	0.0366313386	0.01344391351	0.1
2	1	68634.38703	942.1275605	803403.4897	4163633.964	6467.706593	0.7412917363	1.024237922	42741.75809	16163.79757	10173.59036	2073.294478	562.7433746	0.3140425202	0.02815532601	0.03674159305	0.1
2	0	64855.68323	60.7016202	522457.3763	4782165.311	93182.13793	-2.727285517	0.2605110948	12175.93928	10943.56473	4845.749579	2117.262179	154.7343545	0.0202338734	0.01830955173	0.01119974136	0.1
2	1	67283.51086	1243.156828	944401.5995	2874298.437	2898.708332	0.8840516667	1.055568701	44105.49111	16389.65433	10398.18795	2103.573311	580.4363659	0.4143856094	0.03309661367	0.01914932688	0.1
