#gen	Feasible	f1	f2	f3	f4	f5	c1	c2	c3	c4	c5	c6	c7	x1	x2	x3	ras
10	1	64033.74106	3363.73764	337045.7772	6118408.453	1858.845216	0.9256461914	1.064675061	44525.64111	16457.8344	10464.77355	2119.321877	585.7856607	1.12124588	0.01181179054	0.01	0.1
10	0	65100.80199	92.8790931	622123.9425	4113197.595	50717.17659	-1.028687064	0.6344405593	27222.04487	13508.05513	7458.755224	2119.322881	355.2023377	0.0309596977	0.02180237284	0.01000246161	0.1
10	1	64665.83755	314.9921061	505959.5676	4835565.718	17900.24669	0.2839901325	0.9234184033	38844.44606	15489.34922	9477.823441	2119.326624	510.0794782	0.1049973687	0.01773138498	0.01	0.9
10	1	71964.02411	61.73295258	2449138.262	323528.9674	18940.91641	0.2423633437	0.9142558915	38474.47352	15426.37288	9413.725127	2118.898375	505.1561027	0.02057765086	0.08583020498	0.01024882252	0.3
10	1	63840.2774	3969.457794	285346.8965	6575303.126	1861.303274	0.925547869	1.064653416	44524.77057	16457.686	10464.62232	2119.321882	585.7740601	1.323152598	0.01	0.01	0.1
10	1	65764.2408	610.3667696	799483.5164	3212685.383	5331.054232	0.7867578307	1.034099638	43295.92956	16248.20291	10251.14527	2119.325023	569.3988325	0.2034555899	0.0280179503	0.01	0.1
10	1	65222.72025	602.322205	633483.7971	4078536.468	7123.379382	0.7150648247	1.018320972	42656.9325	16139.55258	10140.65947	2118.041272	560.9040658	0.2007740683	0.02220047966	0.01074612139	0.1
10	1	63840.2774	3095.014251	285346.8965	6575303.126	2603.320516	0.8958671794	1.058119393	44261.97902	16412.88738	10418.96957	2119.323098	582.2721658	1.031671417	0.01	0.01	0.1
10	1	64500.63535	3802.160425	461812.9363	5142278.173	929.1532206	0.9628338712	1.072861701	44854.89922	16513.96372	10521.97302	2119.318847	590.1732719	1.267386808	0.0161842635	0.01	0.1
10	1	63840.2774	1527.828571	285346.8965	6575303.126	6058.409508	0.7576636197	1.027694725	43038.33067	16204.28949	10206.3946	2119.325276	565.9661343	0.5092761904	0.01	0.01	0
10	1	63840.2774	1549.470651	285346.8965	6575303.126	5963.104205	0.7614758318	1.02853396	43072.08383	16210.04346	10212.25828	2119.325246	566.4159204	0.5164902168	0.01	0.01	0
10	0	63840.2774	386.3553236	285346.8965	6575303.126	26217.93349	-0.0487173397	0.8501748878	35898.66846	14987.17636	8966.076264	2119.326863	470.8247837	0.1287851079	0.01	0.01	0.5
10	0	63840.2774	397.9618645	285346.8965	6575303.126	25430.97738	-0.01723909527	0.8571046308	36177.37548	15034.68812	9014.49388	2119.326847	474.5387636	0.1326539548	0.01	0.01	0.2
10	1	67246.6897	552.8744194	1190173.67	1867787.351	3779.407386	0.8488237046	1.047764115	43844.37296	16341.76924	10346.55606	2118.994748	576.7124717	0.1842914731	0.04170971139	0.01019139835	0.1
10	0	63840.2774	71.35273682	285346.8965	6575303.126	145340.1176	-4.813604702	-0.1987859272	-6289.438564	7795.281617	1637.062465	2119.327301	-91.36336557	0.02378424561	0.01	0.01	0.9
10	0	65970.04952	139.6615578	376793.8425	6832312.096	57831.10284	-1.313244113	0.5718893052	24607.68899	13068.68059	7016.298759	2090.512238	320.8205653	0.04655385259	0.01320476399	0.02674058848	0.1
10	1	64198.2426	2949.907097	352948.9308	6042889.312	2213.552701	0.911457892	1.061557012	44394.44389	16435.83903	10442.66986	2117.629929	584.064174	0.9833023656	0.01236911756	0.01098323269	0.1
10	1	65143.46547	811.8353643	612270.996	4200906.017	5311.925493	0.7875229803	1.034272199	43298.46718	16248.91678	10252.10916	2118.038676	569.4530286	0.2706117881	0.02145707571	0.01074730301	0.1
10	1	65779.42791	732.5951769	801583.4106	3205478.633	4309.141339	0.8276343464	1.043098731	43657.45932	16309.85948	10313.99908	2119.206398	574.2183594	0.2441983923	0.02809154123	0.01006863664	0.1
10	0	64110.37927	30	357525.6406	5946321.013	276580.2734	-10.06321093	-1.354454637	-52769.22554	-128.2247679	-6437.511726	2119.327348	-710.7413671	0.01	0.01252950864	0.01	0.3
10	0	64463.81839	286.3698213	388950.3243	5817454.509	26214.93993	-0.04859759719	0.85021342	35887.2061	14986.05368	8965.630902	2115.525139	470.7322739	0.09545660711	0.01363078867	0.01220868344	0.8
10	1	65349.7644	405.0874325	414993.857	6035668.89	18115.05599	0.2753977603	0.9215797095	38713.98085	15470.71926	9461.872996	2102.814731	508.6025471	0.1350291442	0.01454348592	0.01959288574	0.8
10	0	67769.77382	30	1335272.4	1523151.561	73496.16713	-1.939846685	0.433854355	19154.66198	12132.79251	6057.272984	2119.318433	247.6984854	0.01	0.04679470556	0.0100050959	0.1
10	1	66837.39842	1461.943591	1022280.756	2408343.462	1502.348143	0.9399060743	1.067826643	44639.18493	16478.03441	10486.068	2115.460717	587.3598661	0.4873145304	0.03582589363	0.01224219625	0
10	1	66850.2088	1238.703952	1051746.148	2290699.98	1682.540267	0.9326983893	1.066234886	44580.54283	16467.69405	10475.24178	2117.032554	586.5535265	0.4129013173	0.03685851014	0.01132954919	0
10	1	63944.04054	3351.354641	313075.2973	6326162.888	2070.176027	0.9171929589	1.062814133	44450.79655	16445.0755	10451.77139	2119.322289	584.7883009	1.117118214	0.01097174356	0.01	0.1
10	1	72867.82256	592.815008	2685628.523	233129.2576	1155.960369	0.9537615852	1.070866835	44772.16344	16500.01958	10507.8975	2118.587947	589.0823486	0.1976050027	0.09411802113	0.0104250944	0.1
10	1	72377.78337	222.1199631	2564926.02	274837.6485	4464.535926	0.821418563	1.041730349	43602.44058	16300.47928	10304.43918	2119.211201	573.4851187	0.07403998769	0.08988799429	0.01006589583	0.1
10	1	64789.45052	2319.485224	538992.3962	4618093.851	1614.441152	0.9354223539	1.066827223	44612.19883	16472.59008	10479.81056	2119.32131	586.9391072	0.7731617413	0.01888902255	0.01	0.1
10	1	67831.43079	202.1670733	1298280.708	1633725.691	10800.70326	0.5679718696	0.9859456003	41348.15537	15916.86898	9914.088586	2116.092062	543.4945223	0.06738902442	0.04549832935	0.01187889077	0.1
10	1	65606.83913	408.6005212	626979.2041	4274508.805	11411.29867	0.5435480533	0.9805836841	41116.64251	15878.41593	9875.75416	2111.457661	540.4828683	0.1362001737	0.02197252579	0.01457135521	0.1
10	1	72226.70578	383.755144	2518942.015	293590.2787	2344.776254	0.9062089498	1.060397518	44352.05595	16428.34181	10434.80172	2118.87075	583.479669	0.1279183813	0.08827648193	0.010262564	0.8
10	1	64153.39982	3878.502347	369021.9303	5851850.321	1313.418418	0.9474632633	1.069477956	44718.80852	16490.76406	10498.33103	2119.320428	588.3597613	1.292834116	0.01293239684	0.01	0.1
10	1	73615.50997	83.94764421	2853468.965	186582.5273	11844.28929	0.5262284283	0.9767541982	40980.45255	15854.06032	9849.976874	2116.666506	538.5855067	0.02798254807	0.1	0.011545221	0
10	1	67261.33568	931.139446	1179401.922	1905710.842	2030.971073	0.9187611571	1.063163254	44460.6782	16447.0258	10453.98223	2118.106747	584.9392366	0.3103798153	0.0413322148	0.01070605479	0.1
10	1	66785.22525	544.7771552	1015928.373	2423360.107	4853.923372	0.8058430651	1.038312026	43453.70488	16275.84303	10279.93755	2115.923127	571.5552019	0.1815923851	0.03560327396	0.01197621328	0
10	0	65710.07293	30	785005.1993	3278143.127	125550.1599	-4.022006395	-0.02452039995	719.3380531	8990.082451	2854.643139	2119.327095	2.033839465	0.01	0.02751055676	0.01000011048	0.7
10	1	75221.79155	60.9738802	2853468.965	216544.898	18381.1123	0.264755508	0.9192754317	38580.09423	15450.52829	9443.509993	2090.774161	507.0091791	0.02032462673	0.1	0.02658807558	0.4
10	1	73425.72375	83.94764421	2713241.931	233988.3062	12873.51454	0.4850594186	0.9677083793	40598.15857	15790.07059	9785.75949	2111.267119	533.5767024	0.02798254807	0.09508573473	0.01468213507	0.1
10	1	64794.26599	2962.485938	540279.2259	4609822.84	1093.551718	0.9562579313	1.071414048	44796.67613	16504.03831	10511.85837	2119.319603	589.3974056	0.9874953125	0.01893411958	0.01	0.1
10	1	65635.39799	173.7589785	765053.1117	3370530.451	21612.43878	0.1355024487	0.8907297477	37529.74251	15265.22896	9249.430154	2119.326751	492.560068	0.05791965951	0.02681133459	0.0100000006	0.1
10	1	67637.19066	2449.490153	1299987.898	1599808.448	169.1878399	0.9932324864	1.07955377	45124.04725	16559.84595	10568.73003	2119.311888	593.7598711	0.8164967178	0.04555815793	0.01	0.6
10	1	65077.57273	978.7835623	605004.6153	4228445.675	4306.001654	0.8277599338	1.043128121	43656.77833	16309.86241	10314.10211	2118.662059	574.217909	0.3262611874	0.02120242493	0.01038486709	0.1
10	1	64518.34916	3304.770751	285346.8965	7001939.636	3173.774443	0.8730490223	1.05313111	44023.94462	16374.69933	10382.06231	2108.392541	579.2733593	1.10159025	0.01	0.0163501537	0.1
10	1	65762.07216	605.4417462	798903.9954	3215280.021	5385.101183	0.7845959527	1.033623713	43276.78838	16244.93987	10247.82002	2119.325044	569.143762	0.2018139154	0.02799764095	0.01	0.1
10	1	65306.51972	3093.298178	677167.6925	3809500.754	655.1401356	0.9737943946	1.075274593	44951.94322	16530.50702	10538.83172	2119.317196	591.4664559	1.031099393	0.02373138453	0.01	0.1
10	1	65754.44775	411.6334093	770458.288	3376037.679	8729.007912	0.6508396835	1.004183189	42087.26897	16042.50836	10041.82177	2117.732865	553.3177637	0.1372111364	0.02700075934	0.01092547893	0.1
10	1	66554.95202	4131.563954	1002142.632	2429760.25	-9.137086648	1.000365483	1.081125725	45185.48558	16570.43345	10579.61518	2118.785994	594.5868415	1.377187985	0.03512015181	0.0103028227	0.1
10	1	65779.14191	177.1046998	803458.6131	3194952.03	20140.2921	0.194388316	0.9036931126	38051.11408	15354.10835	9340.004175	2119.326291	499.5077414	0.05903489992	0.02815725782	0.01000024162	0.1
10	1	67013.00288	467.8917522	1132253.655	2021558.255	4854.175511	0.8058329796	1.038299095	43464.63455	16276.97472	10280.47599	2119.268486	571.6478455	0.1559639174	0.03967990083	0.0100327278	0.1
10	0	66522.61651	30	1002142.632	2422486.871	98181.04153	-2.927241661	0.2164853609	10412.33837	10642.46842	4538.533099	2119.327254	131.2003313	0.01	0.03512015181	0.01	0.1
10	1	64754.82734	841.8394117	526833.4345	4701720.151	5954.863366	0.7618054654	1.028607088	43074.42485	16210.48088	10212.73626	2119.149904	566.4498943	0.2806131372	0.01846291097	0.01010186489	0.3
10	1	74444.1221	102.1311986	2785019.637	226965.5592	11138.77832	0.5544488674	0.9830227382	41172.71794	15890.65993	9890.488004	2099.180389	541.4246358	0.03404373286	0.097601189	0.02170399882	0.1
10	1	65085.45017	359.6240002	618091.7511	4136265.67	12617.81893	0.4952872429	0.96993417	40715.26156	15808.27104	9802.825759	2119.326317	535.009497	0.1198746667	0.02166106443	0.01	0.2
10	1	68337.03349	335.2401916	1179622.151	2104764.912	8087.667285	0.6764933086	1.009884941	42258.5768	16075.41785	10078.47373	2100.783604	555.8691089	0.1117467305	0.04133993274	0.02077226532	0.1
10	0	64045.45857	315.1209897	285346.8965	6701583.079	32554.83964	-0.3021935855	0.7943842314	33643.50627	14603.4574	8575.649281	2116.019518	440.8254605	0.1050403299	0.01	0.01192152516	0.8
10	1	65301.67766	1528.619926	675873.7599	3816373.577	2114.281422	0.9154287431	1.062425752	44435.17626	16442.41267	10449.05779	2119.322367	584.5801488	0.5095399752	0.02368603858	0.01	0.1
10	1	65348.1591	297.1478184	624113.1635	4194075.336	15553.11381	0.3778754477	0.9440990765	39662.95002	15629.72791	9621.590108	2115.454948	521.0479982	0.09904927281	0.02187208521	0.01224925278	0.1
10	1	65346.57451	305.0558418	624124.5128	4193376.407	15135.13116	0.3945947534	0.9477796454	39811.06842	15654.97222	9647.310908	2115.481151	523.0213714	0.1016852806	0.02187248295	0.01223401533	0.2
10	1	65352.02607	419.4300293	688213.4028	3752783.417	9545.265902	0.6181893639	0.9969905357	41803.21011	15993.75061	9991.854	2119.258744	549.5082926	0.1398100098	0.02411848214	0.01003907015	0.1
10	1	64796.23131	409.3155607	540804.4121	4606451.499	12673.49814	0.4930600743	0.9694438725	40695.5423	15804.90946	9799.400085	2119.326322	534.7467232	0.1364385202	0.01895252476	0.01	0.1
10	1	67705.96304	163.8609249	1318365.794	1559371.312	13005.1252	0.479794992	0.9665236457	40578.09383	15784.88777	9778.99667	2119.326348	533.1816343	0.0546203083	0.04620221246	0.01	0.1
10	1	64583.98966	648.788801	484087.5323	4985166.356	8706.570032	0.6517371987	1.004375671	42100.46271	16044.40918	10043.46605	2119.32587	553.4683407	0.2162629337	0.01696487813	0.01	0.1
10	0	65107.99076	129.335671	624113.1837	4101718.253	36087.55846	-0.4435023384	0.7632653849	32403.25872	14391.30658	8358.845792	2119.326884	424.2458307	0.04311189033	0.02187208592	0.01000007147	0.3
10	1	65830.36964	355.3466988	786239.6593	3307796.796	10016.1647	0.599353412	0.9928496713	41630.51621	15964.70421	9962.584193	2117.461175	547.2354985	0.1184488996	0.02755381849	0.01108342954	0.8
10	1	63846.89448	1668.745175	285346.8965	6579338.272	5489.862256	0.7804055097	1.032701554	43239.33504	16238.57845	10241.35691	2119.218416	568.6463581	0.5562483917	0.01	0.01006196908	0
10	1	64529.40632	310.5825392	389533.9301	5846997.183	24169.31274	0.03322749023	0.8682299848	36608.31534	15109.20618	9091.319237	2114.503043	480.3577886	0.1035275131	0.01365124117	0.01280246303	0.9
10	1	72470.99685	3761.601941	2591715.577	264597.3479	-459.867096	1.018394684	1.085093074	45346.83226	16597.82458	10607.43274	2119.27991	596.7286483	1.253867314	0.09082683598	0.01	0.1
10	1	65943.88489	601.1135899	798903.9954	3269937.848	5639.664231	0.7744134308	1.031391477	43176.9791	16228.56606	10231.67267	2116.394307	567.8601638	0.2003711966	0.02799764095	0.01170267937	0.1
10	1	72820.85661	3029.270251	2685142.625	232312.6571	-399.001808	1.015960072	1.084557122	45325.26335	16594.14854	10603.68734	2119.283843	596.4412888	1.00975675	0.0941009928	0.01000228579	0.1
10	1	65299.20776	1695.042122	675213.7328	3819884.136	1834.126729	0.9266349308	1.064892726	44534.39537	16459.32676	10466.29436	2119.321825	585.9023177	0.5650140407	0.02366290789	0.01	0.9
10	1	65957.37161	415.2810298	851093.4484	2989817.626	7651.468006	0.6939412798	1.013666641	42474.13582	16108.11001	10108.38139	2119.325678	558.447815	0.1384270099	0.02982662363	0.01	0.1
10	1	68300.75297	163.1780497	1477072.111	1250171.7	11578.03739	0.5368785044	0.9790902779	41083.46148	15871.04199	9866.796126	2119.311862	539.9162645	0.05439268324	0.05176408537	0.010008345	0.1
10	1	64858.80573	3911.295531	545972.0716	4591779.609	678.0289256	0.972878843	1.075075272	44941.54125	16528.88618	10537.30807	2118.620043	591.3388845	1.303765177	0.01913362571	0.01040490964	0.9
10	1	75092.35621	83.70744122	2794859.678	236932.8819	14102.84688	0.4358861246	0.9569534295	40090.50456	15708.32795	9706.491103	2089.324909	527.1594864	0.02790248041	0.09794603384	0.02742987762	0.1
10	1	72806.07254	1526.05078	2634204.775	253495.1414	178.6439474	0.9928542421	1.079479589	45111.34923	16558.30195	10567.67823	2116.469541	593.6356304	0.5086835934	0.09231587261	0.01164895292	0.1
10	1	72939.17401	811.8353643	2695501.4	230679.5752	686.6748856	0.9725330046	1.075001024	44936.53793	16528.16213	10536.67854	2118.030432	591.2815493	0.2706117881	0.09446401673	0.01074730639	0.4
10	1	67957.20132	3952.567689	1299756.147	1648649.566	185.1601098	0.9925935956	1.079429683	45101.35295	16557.10829	10566.8908	2114.129942	593.5394052	1.317522563	0.04555003621	0.01300502701	0
10	0	66718.74503	50.08845474	1054497.747	2252140.736	55555.6674	-1.222226696	0.5918339899	25508.45617	13215.9359	7161.06635	2119.323771	332.3674701	0.01669615158	0.03695494011	0.01000195875	0.1
10	1	65714.23792	197.2930428	786121.3526	3273046.495	18414.9669	0.2634013239	0.918885903	38662.15364	15458.27345	9446.155187	2119.326644	507.650295	0.0657643476	0.02754967243	0.01	0.1
10	0	64283.16571	200.4723248	285346.8965	6850916.787	51749.42598	-1.069977039	0.6253736669	26832.96323	13443.28781	7394.064389	2112.187926	350.1305802	0.06682410826	0.01	0.01414765666	0.5
10	0	74412.66931	30	2853468.965	200894.7652	35097.81304	-0.4039125216	0.7720304963	32702.69814	14445.74418	8417.171774	2103.817343	428.4818199	0.01	0.1	0.01901063191	0
10	1	64783.53246	3481.635547	354948.7384	6357701.999	2431.842289	0.9027263084	1.059664627	44286.45517	16419.4667	10427.69721	2108.314957	582.7727158	1.160545182	0.01243920094	0.01639439887	0.1
10	1	64173.37067	436.8568	371584.8161	5836609.641	17572.35046	0.2971059817	0.926306313	38960.02207	15509.08829	9497.969607	2119.159284	511.6222663	0.1456189333	0.01302221334	0.01009721086	0.1
10	1	63840.28107	3105.850173	285346.8965	6575305.361	2591.573108	0.8963370757	1.058222838	44266.13927	16413.5966	10419.69233	2119.323024	582.3276051	1.035283391	0.01	0.01000003433	0.1
10	1	68664.57807	256.6788913	1574534.436	1091365.043	6595.492913	0.7361802835	1.0229653	42848.11814	16171.86356	10173.35045	2119.325431	563.4314097	0.08555963044	0.05517965871	0.01	0.1
10	1	65030.44359	4002.730755	603392.458	4221835.94	466.6660241	0.981333359	1.07693425	45018.69289	16541.88597	10550.42763	2119.315635	592.3559452	1.334243585	0.02114592678	0.01	0.1
10	1	65512.62682	544.8400986	732245.2526	3528147.096	6691.303713	0.7323478515	1.022121613	42814.18595	16166.07907	10167.45567	2119.325457	562.9792379	0.1816133662	0.0256615811	0.01	0.1
10	0	65835.5495	143.7795834	798903.9954	3237258.423	25217.45623	-0.008698249135	0.8589886379	36249.09435	15047.17319	9027.434673	2118.142413	475.5132375	0.0479265278	0.02799764095	0.01068811653	0.1
10	1	65032.80108	744.2676654	604022.4471	4218132.479	5852.089169	0.7659164332	1.029511531	43111.40072	16216.74589	10219.0885	2119.32521	566.9398475	0.2480892218	0.02116800479	0.01	0.1
10	1	67963.01138	4084.502397	1387056.271	1417073.835	-239.9314795	1.009597259	1.083156375	45268.94024	16584.54616	10593.90116	2119.299802	595.6906788	1.361500799	0.04860947456	0.01	0.1
10	1	65762.62147	638.268928	798903.9954	3215443.774	5069.427059	0.7972229176	1.036403491	43388.55782	16263.99538	10267.24046	2119.316061	570.6333139	0.2127563093	0.02799764095	0.01000514429	0.1
10	1	64959.80418	284.1768756	581270.7115	4358868.093	17257.73091	0.3096907635	0.9290768667	39071.35359	15528.07342	9517.321926	2119.130856	513.1062924	0.09472562521	0.02037066878	0.01011371879	0.1
10	1	66957.31541	2348.284847	1118306.29	2060551.936	367.7593968	0.9852896241	1.077805198	45053.72149	16547.85737	10556.51287	2119.314608	592.8227276	0.7827616158	0.03919111453	0.01	0.1
10	1	63840.2774	1277.444188	285346.8965	6575303.126	7395.826204	0.7041669519	1.015917761	42564.67348	16123.54416	10124.1098	2119.325624	559.6542972	0.4258147292	0.01	0.01	0
10	1	73443.32865	3031.927996	2851549.721	184241.8957	-420.9279578	1.016837118	1.084750186	45333.04164	16595.47366	10605.03701	2119.285285	596.544878	1.010642665	0.09993273998	0.01	0.1
10	1	65748.07614	241.0916645	795140.0363	3232209.863	14752.66198	0.4098935208	0.9511352689	39959.18449	15679.38132	9671.478918	2119.325028	524.9342262	0.08036388816	0.02786573276	0.01000083525	0.1
10	1	65162.75194	310.025185	638748.9374	4018935.457	14256.80262	0.4297278953	0.9555016806	40134.80192	15709.31888	9701.986992	2119.326435	527.2744373	0.1033417283	0.02238499683	0.01	0.3
10	1	64587.67495	729.4109716	485072.3447	4978331.974	7642.568424	0.694297263	1.013745009	42477.28768	16108.64732	10108.92894	2119.325676	558.4898159	0.2431369905	0.01699939094	0.01	0.1
10	1	65980.44566	824.0570588	786123.5011	3354821.482	4134.873479	0.8346050608	1.044646651	43705.43252	16318.95008	10324.02993	2115.033204	574.9237542	0.2746856863	0.02754974772	0.01249296481	0.1
10	1	67957.42788	2380.643734	1375347.767	1445490.988	187.7537036	0.9924898519	1.079392257	45115.44204	16558.51376	10567.48571	2118.695178	593.6549645	0.7935479112	0.04819914932	0.01035803568	0.2
10	1	64413.82815	3125.184754	285346.8965	6934414.855	3234.159889	0.8706336044	1.052593976	44008.10834	16371.63125	10378.62608	2110.07763	579.0356342	1.041728251	0.01	0.0153713126	0.4
10	1	67006.79621	349.7438117	1002140.861	2533718.039	8282.316742	0.6687073303	1.00813653	42225.00679	16067.3472	10068.27587	2111.520788	555.2516457	0.1165812706	0.03512008974	0.01453441334	0.1
10	1	66163.34941	415.2810298	906136.4568	2769135.587	7140.211985	0.7143915206	1.018168637	42655.20137	16138.97664	10139.83651	2119.325567	560.8606492	0.1384270099	0.03175560933	0.01	0
10	1	65841.95619	597.2049405	799694.2405	3234731.018	5552.735728	0.7778905709	1.032151535	43213.33466	16234.39395	10237.30093	2118.085042	568.3178408	0.1990683135	0.02802533514	0.0107204211	0.1
10	1	74507.5014	60.84252433	2684635.793	271874.6285	19400.17191	0.2239931236	0.9102975846	38223.56607	15389.4594	9381.032373	2092.104008	502.2371048	0.02028084144	0.09408323084	0.02581550527	0.1
10	1	73601.54684	138.4711868	2853468.965	186341.1388	6938.327372	0.7224669051	1.019954178	42718.68095	16150.33053	10151.85434	2116.890829	561.7451369	0.04615706227	0.1	0.01141445603	0.1
10	1	64922.55051	422.1433347	440397.223	5550436.539	15816.57806	0.3673368776	0.9417925899	39555.73702	15612.37419	9604.681384	2111.233547	519.686189	0.1407144449	0.01543374848	0.01470175783	0
10	1	64845.53278	267.2947316	551973.3447	4538492.642	19406.01093	0.2237595629	0.9101593991	38310.76866	15398.39857	9385.160989	2119.205688	502.9697438	0.08909824387	0.01934394071	0.01007029323	0
10	0	64060.70942	164.0833741	285346.8965	6711065.567	63024.72063	-1.520988825	0.5260746996	22851.53605	12763.78145	6700.943663	2115.773889	297.0182631	0.05469445803	0.01	0.01206434963	0.1
10	1	65346.53204	313.7100479	624113.1639	4193442.703	14704.38743	0.411824503	0.9515726694	39963.61988	15680.97799	9673.812494	2115.481125	525.0542339	0.104570016	0.02187208522	0.01223401533	0.3
10	0	66523.15606	30	1002286.816	2422000.356	98166.80774	-2.926672309	0.2166107002	10417.37939	10643.32778	4539.408836	2119.327254	131.2675067	0.01	0.03512520472	0.01	0.1
10	1	64214.37546	1674.68971	285349.0848	6807336.148	5892.650747	0.7642939701	1.029173662	43077.17254	16212.22959	10215.59438	2113.294882	566.5792743	0.5582299034	0.01000007669	0.01350335803	0
10	1	66214.01852	383.2436141	919676.6528	2717393.523	7674.935516	0.6930025794	1.013459992	42465.82461	16106.69318	10106.93755	2119.325683	558.3370619	0.1277478714	0.03223012635	0.01	0.1
10	1	64242.59459	841.0930451	392857.2586	5660738.211	8237.650565	0.6704939774	1.008504861	42266.53442	16072.71977	10072.3164	2119.32579	555.6813707	0.2803643484	0.01376770743	0.01	0.3
10	1	64645.04772	2595.29258	500403.947	4873134.358	1525.5626	0.938977496	1.067609866	44643.6759	16477.95604	10485.27882	2119.321074	587.3585628	0.8650975266	0.01753668791	0.01	0.9
10	1	65272.91184	175.8157605	668165.6913	3857601.447	24557.62965	0.01769481405	0.8647951214	36486.67463	15087.41527	9068.226546	2119.325559	478.6604266	0.0586052535	0.02341590883	0.01000073735	0.1
10	1	65788.41305	434.3112936	805942.9993	3183906.286	7733.529196	0.6906588322	1.012944031	42445.07317	16103.15564	10103.33256	2119.325694	558.0605334	0.1447704312	0.02824432329	0.01000000056	0.1
10	0	64486.09564	30	457927.4711	5170186.89	215771.576	-7.630863038	-0.8189881221	-31233.32227	3543.045653	-2696.245682	2119.32733	-423.7593132	0.01	0.01604809713	0.01000000181	0.8
10	1	67907.27564	1705.71393	1198563.067	1956979.861	1441.412184	0.9423435127	1.068384401	44638.98525	16479.44633	10488.72213	2108.845657	587.4619724	0.5685713098	0.04200371833	0.01608379004	0.1
10	0	72209.54905	30	2364661.99	383385.0434	41848.60313	-0.6739441252	0.7125653913	30331.70517	14040.23792	8002.826373	2109.845246	396.7910558	0.01	0.08286972872	0.01550864415	0.1
10	1	68060.09231	140.4442265	1412998.999	1366776.127	14225.06348	0.4309974606	0.9557811676	40146.0426	15711.2351	9703.939748	2119.326433	527.4242277	0.04681474218	0.04951863912	0.01	0.9
10	1	67601.48278	900.1634299	1282474.787	1643857.946	1846.288823	0.9261484471	1.064787169	44528.50427	16458.42764	10465.46646	2118.840954	585.8314327	0.3000544766	0.04494440986	0.01027934319	0.1
10	0	68417.48576	30	1508504.487	1196513.235	64967.68253	-1.598707301	0.5089540762	22175.12425	12647.6951	6581.990985	2119.32718	287.9482702	0.01	0.05286563497	0.01	0.1
10	1	64425.83265	422.1433347	441823.5733	5287482.385	15184.25482	0.3926298072	0.9473347633	39806.33705	15653.32478	9644.925329	2119.326491	522.8973967	0.1407144449	0.01548373501	0.01	0.1
10	1	67446.99249	302.9037074	1245310.102	1728732.717	7137.857578	0.7144856969	1.018190113	42655.26992	16139.03913	10139.94289	2119.093231	560.8652438	0.1009679025	0.04364197112	0.01013497766	0.1
10	1	74158.13046	330.0757761	2677130.789	266668.9992	4183.023727	0.8326790509	1.044279488	43629.90426	16309.95664	10318.12777	2097.279515	574.1985567	0.1100252587	0.09382021748	0.02280665373	0
10	1	63841.02298	3982.018946	285546.1362	6573478.41	1851.191962	0.9259523215	1.064742454	44528.35157	16458.29646	10465.24442	2119.321861	585.8217797	1.327339649	0.01000698237	0.01	0.1
10	1	74718.77877	132.6122855	2707419.814	266476.3314	9619.294098	0.6152282361	0.9964321057	41680.85379	15979.27466	9982.466262	2090.071712	548.3402399	0.04420409516	0.09488169828	0.02699565399	0.4
10	1	65714.57964	455.5496875	786212.671	3272630.156	7540.64616	0.6983741536	1.014642512	42513.3843	16114.80078	10115.19973	2119.325655	558.9708304	0.1518498958	0.02755287268	0.01	0.2
10	1	65202.30239	309.8039499	604625.9295	4280447.353	15309.34401	0.3876262396	0.9462418897	39753.15562	15644.84836	9636.78277	2116.630592	522.2314282	0.1032679833	0.02118915386	0.01156623356	0.3
10	1	64218.28126	322.0776463	379467.6618	5781122.458	23604.45458	0.05582181693	0.873189875	36822.88416	15144.82025	9126.802177	2118.911044	483.147238	0.1073592154	0.01329846816	0.01024154447	0.1
10	0	65753.88548	127.1223493	796716.2478	3225093.97	28606.33151	-0.1442532604	0.8291432391	35052.79754	14842.97897	8819.129646	2119.326904	459.5529196	0.04237411643	0.0279209712	0.01000000131	0.1
10	1	65014.41804	3981.567667	597978.2707	4255468.752	489.3217631	0.9804271295	1.076734968	45010.4443	16540.49475	10549.02242	2119.247535	592.2471083	1.327189222	0.02095618624	0.01003966105	0.2
10	0	74467.46033	30	2836865.357	207836.385	35436.42955	-0.4174571818	0.7690547564	32576.56602	14424.65433	8396.026227	2101.932577	426.8308774	0.01	0.09941812552	0.02010562526	0.1
10	1	63840.2774	1992.910897	285346.8965	6575303.126	4466.041697	0.8213583321	1.041716726	43602.2809	16300.42726	10304.36532	2119.32463	573.4811939	0.6643036323	0.01	0.01	0
10	1	74068.3886	222.1157791	2830246.413	202607.0997	4782.14265	0.808714294	1.038969591	43452.90961	16277.44794	10283.03587	2107.963552	571.670711	0.07403859304	0.0991861642	0.01660027295	0.1
10	1	65157.01189	202.4851669	637215.0349	4027532.257	22290.25809	0.1083896762	0.8847610366	37289.6872	15224.30623	9207.727199	2119.326771	489.361151	0.06749505565	0.02233124112	0.01	0.1
10	1	65714.24595	430.6647496	786123.5011	3273036.699	8021.564707	0.6791374117	1.01040766	42343.06301	16085.76576	10085.61113	2119.325751	556.7011716	0.1435549165	0.02754974772	0.01	0.1
10	1	63893.98035	4085.03356	299460.5442	6447820.123	1667.749252	0.9332900299	1.066357851	44593.27218	16469.36674	10476.52839	2119.307128	586.6871222	1.361677853	0.01049461367	0.01000831534	0.1
10	0	65710.04515	30	785000.9299	3278159.038	125550.8332	-4.022033329	-0.02452632988	719.1002084	8990.041863	2854.601743	2119.327285	2.030666993	0.01	0.02751040714	0.01	0.1
10	1	65166.82325	2270.999696	285346.8965	7435825.588	5359.745287	0.7856101885	1.033915452	43215.33308	16239.13947	10245.83908	2097.940816	568.6636254	0.7569998987	0.01	0.02242312471	0.1
10	1	74423.44443	44.42243499	2853468.965	201095.5596	23828.14691	0.04687412343	0.8712689757	36693.37151	15126.08059	9110.511248	2103.643451	481.6632859	0.01480747833	0.1	0.01911154112	0.1
10	1	72156.24476	3761.074935	2469630.908	317809.8317	-280.3836085	1.011215344	1.08351992	45275.72143	16586.20307	10596.01067	2116.99149	595.8173368	1.253691645	0.08654837106	0.01133080618	0.1
10	1	73450.45804	150.4888228	2853454.893	183753.5691	6162.458942	0.7535016423	1.026778491	43001.4807	16198.0076	10199.99294	2119.325308	565.4750808	0.05016294093	0.09999950685	0.01	0.1
10	1	65062.43915	811.8353643	611942.5639	4171849.406	5222.84555	0.791086178	1.035052497	43334.25256	16254.73591	10257.80283	2119.32498	569.9095152	0.2706117881	0.02144556578	0.01	0.2
10	1	67411.5122	239.3901979	1237922.088	1745348.325	9280.664081	0.6287734368	0.9993206789	41896.7932	16009.7124	10008.12725	2119.219897	550.7559723	0.07979673262	0.04338305772	0.01006161753	0
10	0	63950.20161	317.6045424	307261.3078	6394136.241	29750.0737	-0.190002948	0.8190731659	34646.24944	14773.77228	8748.686181	2118.876901	454.1424917	0.1058681808	0.01076799193	0.01026145023	0.8
10	0	63852.72614	314.0609577	285346.8965	6582896.517	32443.59083	-0.2977436332	0.7953539146	33693.13942	14611.23909	8583.008347	2119.126294	441.4376354	0.1046869859	0.01	0.0101165827	0.1
10	1	66770.52457	243.8503122	1068390.574	2208930.649	10653.15287	0.5738738851	0.9872345387	41411.06429	15926.88599	9923.702191	2119.326131	544.28159	0.08128343741	0.03744181511	0.01	0.1
10	1	63891.76722	3984.686515	299106.4096	6450470.735	1730.912392	0.9307635043	1.065801606	44570.94958	16465.55823	10472.64464	2119.321594	586.38943	1.328228838	0.01048220301	0.01	0.1
10	1	64046.14177	375.8133871	340359.5919	6090229.254	22491.21193	0.1003515229	0.8829914863	37218.51774	15212.17382	9195.363478	2119.326777	488.4127646	0.125271129	0.01192792338	0.01	0.1
10	1	72914.73646	502.6538283	2708391.549	225052.8441	1428.326165	0.9428669534	1.068466474	44677.73475	16483.78724	10491.2423	2119.205939	587.8142419	0.1675512761	0.09491575279	0.01006671229	0.1
10	1	73806.96241	203.6214267	2791138.811	211680.3993	5151.161352	0.7939535459	1.035714164	43328.329	16255.80477	10260.63912	2109.818903	569.9811892	0.0678738089	0.09781563581	0.01552254055	0.1
10	1	66329.50675	995.6871785	933681.1715	2680525.372	2507.794729	0.8996882109	1.058963826	44292.46084	16418.30604	10424.67843	2118.30602	582.69447	0.3318957262	0.03272091559	0.01059076006	0.1
10	0	63840.2774	176.5838102	285346.8965	6575303.126	58272.12231	-1.330884893	0.5679135416	24546.4123	13051.93353	6993.936531	2119.327155	319.5474609	0.05886127006	0.01	0.01	0.1
10	1	66756.65761	850.2618079	1064684.937	2220362.864	2521.059596	0.8991576162	1.058843763	44291.11241	16417.85381	10424.03069	2119.32299	582.66039	0.2834206026	0.03731195082	0.01	0
10	1	74250.10148	249.7743388	2776794.966	226132.4176	4780.655685	0.8087737726	1.039002386	43433.16734	16275.42803	10282.10839	2101.809811	571.505126	0.08325811293	0.09731295485	0.02017522657	0.1
10	1	66522.61651	412.8907675	1002142.632	2422486.871	6424.265247	0.7430293901	1.024473089	42908.75983	16182.20128	10183.88526	2119.325384	564.2395057	0.1376302558	0.03512015181	0.01	0.1
10	1	72904.5911	115.0146261	2707419.814	225221.7403	8788.727594	0.6484508962	1.003652243	42071.3333	16039.44559	10038.40965	2119.315977	553.0803264	0.03833820869	0.09488169828	0.01000575526	0.1
10	0	64054.73236	265.5350904	342131.4091	6076320.006	31981.46456	-0.2792585823	0.7994227442	33857.36217	14639.19752	8611.468746	2119.295359	443.6233479	0.08851169681	0.01199001683	0.01001835754	0.9
10	1	66005.48573	177.1046998	833515.049	3096459.682	19518.14971	0.2192740117	0.909177423	38265.40488	15391.04033	9377.977646	2117.490741	502.3924093	0.05903489992	0.02921058751	0.01106662571	0.9
10	1	66859.3652	294.031109	1092131.264	2137072.216	8498.627759	0.6600548896	1.00620676	42174.10719	16056.9635	10056.25974	2119.325836	554.4497086	0.09801036967	0.03827380908	0.01	0
10	0	66468.33897	192.7084337	600304.1457	4849891.208	26625.85178	-0.0650340713	0.8466576634	35677.23959	14954.53816	8937.109975	2095.962203	468.2442697	0.06423614456	0.02103769668	0.02357414511	0.7
10	1	65097.7741	813.5626683	611942.5639	4185538.933	5251.000222	0.7899599911	1.034806397	43322.40518	16252.84082	10255.97628	2118.755389	569.7606646	0.2711875561	0.02144556578	0.0103309124	0.2
10	0	63944.32237	318.4192178	313150.6118	6325499.206	29067.98305	-0.1627193221	0.8250780485	34889.29983	14815.10718	8790.726452	2119.326914	457.3741901	0.1061397393	0.01097438296	0.01	0.9
10	1	65836.15677	795.5054522	798903.9954	3237440.692	4001.391823	0.8399443271	1.045812143	43762.90685	16328.07065	10332.75523	2118.130088	575.6405763	0.2651684841	0.02799764095	0.01069380362	0.1
10	1	63852.96305	1674.68971	288736.8545	6544325.436	5386.947834	0.7845220866	1.033607452	43276.13438	16244.82838	10247.7064	2119.325045	569.1350469	0.5582299034	0.01011880129	0.01	0.1
10	0	65105.65587	30	285346.8965	7393775.976	348198.511	-12.92794044	-1.985042015	-78200.60443	-4459.104653	-10847.21437	2098.929926	-1049.310374	0.01	0.01	0.02185029112	0.9
10	1	65829.6046	2918.8308	678815.1794	3987357.206	1334.232395	0.9466307042	1.069321351	44683.99031	16486.65064	10495.67063	2110.985193	588.0278044	0.9729435999	0.02378912081	0.01484096256	0.1
10	1	64826.01892	459.8919315	548764.492	4555654.009	11022.11239	0.5591155045	0.9839855715	41280.39423	15904.61039	9901.00189	2119.326171	542.5403135	0.1532973105	0.01923148626	0.01	0.1
10	1	74044.04118	153.3148411	2853468.965	194144.8148	6721.198364	0.7311520654	1.021889	42772.08396	16160.99402	10164.03208	2109.757777	562.5697857	0.05110494704	0.1	0.01555842319	0.1
10	1	66529.35439	487.7381224	1003696.204	2417456.957	5312.663115	0.7874934754	1.034261633	43302.39385	16249.30815	10252.27432	2119.310117	569.4852101	0.1625793741	0.03517459684	0.01000865537	0.1
10	1	65825.22496	409.3155607	795076.6856	3255770.795	8465.358449	0.661385662	1.00650372	42181.77611	16058.54394	10058.09983	2118.076945	554.57169	0.1364385202	0.02786351264	0.0107255554	0.1
10	0	63907.13069	128.3532373	303211.9571	6413684.516	75670.66819	-2.026826728	0.4147062024	18384.57333	12001.51197	5923.487867	2119.32721	237.4363379	0.04278441245	0.01062608218	0.01	0.9
10	1	65572.91692	368.5800194	718608.9591	3633111.799	10594.9139	0.576203444	0.9877531219	41425.77944	15929.7869	9926.988209	2117.531692	544.5061113	0.1228600065	0.02518369633	0.01104250257	0.1
10	1	65784.52415	177.1046998	803086.1101	3198619.248	20157.826	0.1936869602	0.9035390631	38044.54451	15353.0123	9338.907311	2119.217062	499.4219277	0.05903489992	0.02814420342	0.0100637008	0.1
10	1	74262.52555	84.16121163	2785487.899	222994.4832	13157.63655	0.4736945379	0.965235704	40467.45783	15769.78646	9766.766803	2102.136148	531.9796886	0.02805373721	0.09761759927	0.01998693378	0.1
10	0	65049.83389	30	608574.0874	4191471.505	162170.0454	-5.486801814	-0.3469861548	-12249.89674	6779.189861	601.5981292	2119.327311	-170.7909385	0.01	0.02132751731	0.01	0
10	1	68112.45268	1010.425942	1405559.465	1391321.468	1422.330749	0.94310677	1.068523039	44675.97796	16483.74534	10491.4161	2118.027687	587.8094951	0.3368086472	0.04925792019	0.01075107473	0.1
10	0	64428.58284	101.976158	442500.2613	5282607.203	65158.26374	-1.606330549	0.5072758759	22107.61677	12636.18773	6570.26486	2119.323667	287.0487381	0.03399205268	0.01550744959	0.01000204096	0.1
10	1	63909.74656	3239.066759	285346.8965	6617789.624	2533.866261	0.8986453496	1.058734576	44282.88823	16416.69669	10423.05733	2118.203081	582.5685392	1.07968892	0.01	0.01065057987	0.1
10	1	65218.74383	722.073632	538709.7756	4807970.919	7380.118686	0.7047952525	1.016078287	42547.38618	16122.11412	10123.92747	2112.388408	559.5338431	0.2406912107	0.01887911809	0.01403024374	0.1
10	1	66583.91008	197.1021275	1018521.984	2367838.544	14052.92859	0.4378828565	0.9572969454	40207.0056	15721.62759	9714.530379	2119.326422	528.2366054	0.06570070917	0.03569416724	0.01	0.1
10	1	64678.23122	536.3989681	509271.5023	4813307.438	10124.59953	0.5950160189	0.9918888502	41598.25583	15958.79692	9956.22153	2119.326069	546.7760576	0.178799656	0.01784745195	0.01	0.1
10	1	64664.92553	689.0813356	505715.8507	4837207.708	7771.349036	0.6891460386	1.012610998	42431.67896	16100.8723	10101.00569	2119.325702	557.8820456	0.2296937785	0.01772284391	0.01	0.1
10	1	64391.71133	346.4629637	432589.6057	5356151.358	19083.48152	0.2366607391	0.9129991491	38425.37065	15417.91008	9405.023548	2119.319685	504.4950949	0.1154876546	0.01516013004	0.0100040582	0.1
10	1	64761.98153	3287.264897	531056.0166	4670398.89	941.5971146	0.9623361154	1.072752238	44850.37371	16513.20011	10521.20145	2119.28295	590.1135356	1.095754966	0.01861089163	0.01002088341	0.1
10	0	64434.68761	288.4017869	379611.9349	5896804.858	26685.85972	-0.0674343888	0.8460669156	35720.11722	14957.59019	8936.641956	2115.431418	468.5071745	0.09613392898	0.01330352422	0.01226313763	0.9
10	1	66658.45822	194.4968127	1038443.323	2303031.47	13963.34437	0.4414662252	0.9580858021	40238.73259	15727.03615	9720.042064	2119.326416	528.6593913	0.0648322709	0.03639231181	0.01	0
10	1	64180.57622	3480.358286	299595.0761	6619894.145	2419.84218	0.9032063128	1.059749869	44311.72166	16422.3787	10429.49207	2114.696304	583.0083188	1.160119429	0.01049932835	0.01268757594	0.1
10	1	66581.00211	1354.360117	1017718.39	2370512.477	1393.293587	0.9442682565	1.0687746	44690.5148	16485.94112	10493.41643	2119.319087	587.9827516	0.4514533722	0.03566600523	0.01000092879	0
10	0	65198.0137	242.4773769	369363.4536	6443124.838	33655.92187	-0.3462368748	0.7847316267	33209.04557	14532.34843	8505.667701	2102.508776	435.2500118	0.08082579231	0.01294436555	0.01977085822	0.9
10	1	66527.47055	243.5574713	1000784.445	2429311.566	11450.63335	0.5419746661	0.9802126335	41128.10239	15878.68391	9874.610537	2119.166039	540.5134483	0.08118582376	0.03507255404	0.010093056	0.1
10	1	65776.20411	241.0916645	799740.877	3214810.821	14676.01028	0.4129595887	0.9518108081	39985.75198	15683.9488	9676.165802	2119.149141	525.2910446	0.08036388816	0.02802696952	0.01010301734	0.1
10	1	66149.23343	467.8917522	901463.5485	2788091.372	6291.602392	0.7483359043	1.025641459	42955.56451	16190.19205	10192.03837	2119.271012	564.864074	0.1559639174	0.03159184696	0.01003156592	0.1
10	1	67754.42454	296.5857883	1331316.058	1531492.09	6768.862854	0.7292454858	1.021438647	42786.71774	16161.39651	10162.68383	2119.325477	562.6132034	0.09886192942	0.04665605527	0.01	0.3
10	0	74171.66575	30	2803951.435	214132.8823	35647.07021	-0.4258828084	0.7671909972	32511.1318	14412.89112	8383.527317	2104.715258	425.9148283	0.01	0.09826465504	0.01848897442	0.8
10	0	64467.46196	265.7140225	428230.5315	5434967.498	25485.08105	-0.01940324199	0.8566329808	36153.30297	15030.91048	9010.918241	2117.835842	474.241603	0.08857134085	0.01500736601	0.01086622821	0.9
10	1	65776.28419	409.7769659	801521.9587	3204887.147	8297.145872	0.6681141651	1.007981188	42245.22923	16069.10339	10068.64416	2119.254627	555.3985907	0.136592322	0.02808938764	0.01004134921	0.1
10	0	63919.13568	82.43439294	306420.0271	6385085.879	117002.0039	-3.680080156	0.05075256996	3746.738837	9506.169745	3380.570004	2119.327277	42.37622115	0.02747813098	0.01073850919	0.01	0.9
10	1	66184.55127	146.9343197	900756.2375	2800680.504	21758.79045	0.1296483822	0.889443144	37475.71609	15256.16466	9240.315505	2118.660445	491.8506825	0.04897810656	0.0315670592	0.01038710588	0.9
10	0	72503.67686	30	2600448.584	261397.9055	37366.13135	-0.4946452539	0.7520065844	31950.44196	14314.11394	8280.181386	2119.32702	418.211706	0.01	0.09113288479	0.01	0.1
10	1	64579.60979	543.1878081	482917.1082	4993301.046	10575.35401	0.5769858396	0.9879196165	41438.6174	15931.58302	9928.48878	2119.326122	544.6487559	0.1810626027	0.01692386054	0.01	0.1
10	1	67731.87026	482.0245835	1251786.823	1755109.515	4483.152932	0.8206738827	1.041580244	43581.61634	16297.87408	10302.57834	2114.890692	573.2760721	0.1606748612	0.04386894824	0.0125758858	0.1
10	0	63913.91734	209.4842791	305025.5387	6397501.473	45789.49046	-0.8315796185	0.6778325444	28967.23964	13805.5612	7761.932701	2119.327089	378.458299	0.06982809303	0.01068963926	0.01	0.8
10	1	64422.10609	378.6242755	408009.296	5605975.741	18633.24546	0.2546701816	0.9169701335	38578.32763	15444.41635	9432.397739	2117.346985	506.5646166	0.1262080918	0.01429871153	0.01115012414	0.1
10	0	65106.13698	30	623619.8431	4104535.199	158238.9952	-5.329559808	-0.3123702886	-10857.6828	7016.523479	843.4566979	2119.327309	-152.2386442	0.01	0.02185479677	0.01	0.8
10	1	72730.05922	137.608747	2501828.643	316913.8538	8564.296907	0.6574281237	1.005659223	42119.23448	16049.7081	10050.63004	2109.727604	553.8705622	0.04586958233	0.08767674271	0.01557621679	0.1
10	1	65803.67063	415.3017443	797231.0147	3237113.91	8275.00504	0.6689997984	1.008178397	42250.76387	16070.20003	10069.89041	2118.554318	555.4834395	0.1384339148	0.02793901124	0.01044820011	0.9
