#gen	Feasible	f1	f2	f3	f4	f5	c1	c2	c3	c4	c5	c6	c7	x1	x2	x3	ras
19	1	65897.36874	140.1338737	835059.0101	3057351.52	24655.78299	0.01376868024	0.863930803	36451.91699	15081.48979	9062.187854	2119.32683	478.1972349	0.04671129125	0.02926469572	0.01	0
19	1	66605.41747	425.1166612	919083.0011	2820725.545	7303.788571	0.7078484572	1.016748536	42576.36939	16126.92548	10128.72174	2112.980481	559.9106851	0.1417055537	0.03220932179	0.01368626251	0.1
19	1	66684.64077	458.8156648	1045440.031	2280693.544	5436.715713	0.7825313715	1.033169208	43258.50867	16241.82369	10244.64443	2119.325063	568.9001712	0.1529385549	0.03663751188	0.01	0
19	1	65972.48482	2305.132595	855132.1199	2973044.033	744.107182	0.9702357127	1.074491171	44920.43481	16525.13571	10533.35801	2119.317798	591.0465827	0.7683775315	0.02996815912	0.01	0.1
19	1	64536.22671	442.9030768	471323.9405	5074596.347	13485.20198	0.460591921	0.9622962071	40408.07067	15755.90357	9749.45986	2119.326383	530.9159482	0.1476343589	0.01651757725	0.01	0.1
19	1	74001.29584	369.698768	2853468.965	193376.9264	2691.890202	0.8923243919	1.057367896	44201.36642	16404.49611	10412.05009	2110.443809	581.6051286	0.1232329227	0.1	0.0151581123	0.8
19	1	64084.56996	4350	350609.8727	6003923.574	1185.535855	0.9525785658	1.070604062	44764.09545	16498.48446	10506.19884	2119.318836	588.9632616	1.45	0.01228714512	0.01000065891	0.1
19	1	63840.29092	4349.711303	285346.8965	6575311.369	1631.726425	0.934730943	1.066675014	44606.07639	16471.54642	10478.74704	2119.321136	586.8575246	1.449903768	0.01	0.01000012662	0.1
19	1	66642.80683	241.7722611	1034260.836	2316488.965	11131.32075	0.55474717	0.9830239094	41241.71718	15898.01703	9894.282826	2119.326182	542.0249129	0.0805907537	0.03624573629	0.01	0.3
19	1	65897.36874	1118.24835	835059.0101	3057351.52	2420.618646	0.9031752541	1.059728221	44326.6844	16423.91784	10430.21034	2119.322851	583.1344134	0.37274945	0.02926469572	0.01	0.1
19	1	65554.61896	305.5022082	743466.7205	3473424.043	12332.04532	0.5067181874	0.9724506225	40816.47064	15825.52437	9820.408031	2119.326294	536.358184	0.1018340694	0.02605483815	0.01	0.1
19	1	66428.5163	725.357282	968348.6193	2546885.975	3507.546207	0.8596981517	1.050158673	43940.02174	16358.11672	10363.25054	2118.802328	577.9901087	0.2417857607	0.03393583849	0.01030306329	0.1
19	1	67329.24137	473.6216977	1217695.232	1794131.378	4392.972641	0.8242810944	1.042360155	43628.15891	16304.83874	10308.86091	2119.324588	573.8260377	0.1578738992	0.04267420627	0.01000000123	0.1
19	1	73682.96795	43.55582017	2853468.965	187753.1228	23438.65888	0.06245364463	0.874660497	36870.62883	15153.68787	9136.451133	2115.57967	483.836254	0.01451860672	0.1	0.01217696613	0.7
19	0	64686.73543	127.0364995	424592.2466	5581813.694	54761.72971	-1.190469188	0.5988419929	25772.37001	13262.07207	7209.045515	2114.082059	335.96737	0.04234549983	0.01487986208	0.01304723194	0.9
19	1	66220.90432	337.2311242	699296.1858	3989918.474	12811.00521	0.4875597915	0.9682759354	40602.68898	15792.01183	9788.720198	2105.921538	533.7217688	0.1124103747	0.02450687897	0.01778773306	0
19	1	73103.55131	4244.623962	2760751.751	209083.7446	-511.1468017	1.020445872	1.085544631	45364.99339	16600.92054	10610.58774	2119.270317	596.970659	1.414874654	0.09675071938	0.01	0.9
19	1	66841.82809	409.088787	972468.3786	2627473.532	7210.121096	0.7115951562	1.017575239	42607.59726	16132.3781	10134.38685	2112.389889	560.3361767	0.136362929	0.03408021571	0.01402935809	0.8
19	1	64544.48539	1570.965629	473530.8904	5059019.107	3233.84176	0.8706463296	1.052567178	44038.67471	16374.82022	10380.17664	2119.323776	579.2964684	0.5236552095	0.01659491994	0.01	0
19	1	73633.96736	248.9370599	2830856.495	194402.4142	3766.307602	0.8493476959	1.047892249	43835.86359	16341.19154	10346.70101	2115.002692	576.662325	0.08297901998	0.09920754457	0.01251053017	0.1
19	1	65622.47752	204.6832135	761600.4185	3386780.868	18317.69971	0.2672920115	0.919742414	38696.60162	15464.14587	9452.139568	2119.326641	508.1093402	0.06822773784	0.02669033474	0.01	0.1
19	1	66119.12441	179.8710597	810207.0441	3258773.557	20011.33746	0.1995465015	0.9048448984	38080.07333	15360.1545	9347.098022	2114.252959	499.9740274	0.05995701988	0.028393757	0.01294768445	0.9
19	1	66122.7987	206.3347089	895300.1761	2811253.854	15338.05431	0.3864778277	0.9459804426	39751.86769	15644.03928	9635.462788	2119.3265	522.1715516	0.06877823629	0.03137585119	0.01	0
19	1	67618.73102	736.7537214	1295054.968	1610839.831	2352.731256	0.9058907498	1.060326021	44350.72728	16428.01648	10434.38712	2119.322752	583.4548028	0.2455845738	0.04538528309	0.01000000001	0.1
19	0	63840.27746	256.7349995	285346.8965	6575303.162	39841.07255	-0.5936429021	0.7302128575	31073.92105	14164.69159	8127.910183	2119.327042	406.5314079	0.08557833317	0.01	0.01000000055	0.9
19	1	65999.59279	4320.932549	721027.1936	3763843.017	801.5842837	0.9679366287	1.07401234	44871.99352	16518.74233	10528.4098	2110.785821	590.5361595	1.44031085	0.02526844351	0.01495358226	0.1
19	0	63855.43078	243.383742	289396.3026	6538316.328	41469.23916	-0.6587695663	0.7158756207	30497.29238	14066.39249	8027.73694	2119.327057	398.8473987	0.08112791401	0.01014191169	0.01	0
19	0	73564.37045	30	2853200.726	185786.6637	34121.11579	-0.3648446314	0.7805873256	33093.59219	14509.39403	8479.524945	2117.475425	433.4743759	0.01	0.09999059956	0.01107569899	0.1
19	1	66642.78247	808.5472643	983340.7891	2531091.526	3196.805429	0.8721277828	1.052903143	44041.67518	16376.00331	10381.94674	2116.252338	579.3851122	0.2695157548	0.03446124003	0.01178426808	0.2
19	1	65726.391	190.3873364	789368.9949	3258272.351	19028.88739	0.2388445046	0.9134798693	38444.72862	15421.20855	9408.383619	2119.326668	504.7529437	0.06346244547	0.02766348625	0.01	0
19	1	66903.5182	274.6520832	1054500.332	2291044.215	9720.098063	0.6111960775	0.9954603373	41731.69192	15982.19607	9980.614806	2116.344299	548.6014358	0.09155069441	0.03695503071	0.01173227207	0.1
19	1	67789.66661	184.9749352	1326964.495	1548182.354	11413.88	0.5434448002	0.980538421	41138.91062	15880.67301	9876.760778	2118.495622	540.6680981	0.06165831172	0.04650355448	0.01048254333	0.1
19	1	73354.41125	4284.81096	2825683.877	191141.1056	-510.1973161	1.020407893	1.085536676	45364.23894	16600.81969	10610.5083	2119.141466	596.9626169	1.42827032	0.09902626984	0.01007375715	0.1
19	1	73380.32926	87.55682609	2834714.528	188613.8236	11220.32672	0.5511869311	0.9822401446	41210.19498	15892.64338	9888.806718	2119.326191	541.6048559	0.0291856087	0.09934274957	0.01	0.1
19	0	65577.8808	109.6257246	638796.597	4176285.638	42193.90977	-0.6877563909	0.7095157635	30218.61176	14020.3479	7982.043817	2112.63821	395.2397493	0.0365419082	0.02238666707	0.0138860186	0.1
19	1	64091.58594	4196.734985	352503.5389	5988067.303	1245.824603	0.9501670159	1.07007317	44742.74743	16494.84497	10502.48975	2119.320194	588.6787652	1.398911662	0.01235350877	0.01	0.1
19	1	73450.5107	1991.423532	2853468.965	183749.9671	-241.5051315	1.009660205	1.083170232	45269.49756	16584.64117	10593.99798	2119.299719	595.6981055	0.6638078441	0.1	0.01	0.2
19	1	66693.64581	419.5218152	1047846.427	2273060.982	6002.013314	0.7599194675	1.028191336	43058.30385	16207.69436	10209.86439	2119.325259	566.2322918	0.1398406051	0.03672184419	0.01	0
19	1	68490.40795	534.545301	1405724.953	1440525.051	3722.984012	0.8510806395	1.048283523	43841.14724	16342.7601	10348.86077	2111.948428	576.7811221	0.178181767	0.04926371972	0.01428483283	0.1
19	1	64359.13153	4350	423999.1407	5420415.077	847.8538823	0.9660858447	1.073577603	44883.69205	16518.8721	10526.97497	2119.318413	590.5569579	1.45	0.01485907665	0.01000000121	0.1
19	1	65506.6292	202.0028714	730642.5198	3536033.094	19390.18235	0.2243927058	0.9102983942	38316.77302	15399.39569	9386.154881	2119.326681	503.0478394	0.06733429047	0.02560541323	0.01	0.1
19	0	64482.39343	30	427055.4662	5453635.718	231554.423	-8.262176918	-0.9579622411	-36828.88565	2589.552452	-3667.586677	2117.524762	-498.2958293	0.01	0.01496618577	0.01104724192	0.8
19	1	66152.54716	4143.911958	903249.7934	2780293.368	29.75053039	0.9988099788	1.080781621	45173.43012	16568.26435	10577.30893	2119.309167	594.4179349	1.381303986	0.03165444603	0.01	0
19	1	64208.04898	486.6447096	306771.4034	6554420.851	19493.73192	0.2202507231	0.9094014046	38264.82953	15391.55455	9379.016285	2114.690693	502.4291065	0.1622149032	0.0107508232	0.01269336396	0.1
19	0	63856.92268	66.40267097	289794.9784	6534686.139	153821.9443	-5.152877773	-0.2734748192	-9293.347694	7283.198953	1115.216546	2119.327306	-131.3927064	0.02213422366	0.01015588331	0.01	0.1
19	1	65643.30298	940.1880179	767165.5613	3360626.451	3359.254018	0.8656298393	1.051462828	43994.25892	16367.24857	10372.46063	2119.323886	578.7045947	0.313396006	0.02688536552	0.01	0.1
19	1	66927.76841	707.8008418	1110410.508	2083341.358	3019.901479	0.8792039408	1.054451083	44114.44343	16387.73668	10393.33936	2119.323571	580.3061434	0.2359336139	0.03891440636	0.01000000001	0.1
19	1	65897.36874	157.1167795	835059.0101	3057351.52	21908.0258	0.1236789679	0.8881268807	37425.05793	15247.38316	9231.24411	2119.326761	491.1650674	0.05237225982	0.02926469572	0.01	0.1
19	0	65036.57555	30	605031.0898	4212209.824	163124.1756	-5.524967025	-0.3553879925	-12587.80986	6721.585104	542.8950933	2119.327312	-175.2938842	0.01	0.02120335273	0.01	0.9
19	1	67587.78335	861.9993247	1286784.888	1629504.921	1916.861462	0.9233255415	1.064164184	44505.09418	16454.33173	10461.20409	2119.321997	585.5118574	0.2873331082	0.04509545763	0.01	0.1
19	0	64860.9913	141.6394046	558110.087	4496729.26	36865.95612	-0.4746382447	0.7564110051	32127.58316	14344.31157	8310.954757	2119.327015	420.5722452	0.04721313485	0.01955900323	0.01	0
19	1	67281.12691	182.1376121	1027964.802	2484791.321	15888.59459	0.3644562164	0.9411666783	39521.74557	15607.14298	9599.823931	2108.657217	519.2740469	0.06071253735	0.03602509136	0.01619852345	0.1
19	0	66683.73308	30	1045197.471	2281464.313	94105.15548	-2.764206219	0.2523766165	11855.84714	10888.54638	4789.302721	2119.327247	150.4361677	0.01	0.03662901133	0.01	0.9
19	1	63840.2774	1391.899216	285346.8965	6575303.126	6724.766415	0.7310093434	1.021826949	42802.33486	16164.05879	10165.39687	2119.325465	562.8213132	0.4639664053	0.01	0.01	0.1
19	1	73460.07265	62.7201621	2844507.991	186802.9775	15958.65432	0.3616538272	0.9405178148	39529.78885	15606.33294	9597.165226	2118.631855	519.2231912	0.0209067207	0.09968596209	0.01040358575	0.1
19	1	68213.32829	207.4596751	1453947.923	1290992.412	9097.038016	0.6361184794	1.000937306	41962.17524	16020.83502	10019.44244	2119.325931	551.6255566	0.06915322503	0.05095369674	0.01	0.1
19	0	63853.31951	142.9778697	288832.1103	6543457.093	71268.5671	-1.850742684	0.4534700278	19943.61385	12267.28486	6194.327928	2119.327199	258.2117215	0.04765928992	0.01012213954	0.01	0.9
19	0	64346.4517	248.0859783	420610.77	5446060.608	27742.99076	-0.1097196305	0.8367456065	35358.55681	14895.10239	8872.246841	2119.326892	463.6273911	0.08269532609	0.01474033099	0.01	0.1
19	1	63851.55659	4350	288361.0102	6547752.725	1606.501602	0.9357399359	1.066897137	44615.01069	16473.06942	10480.29904	2119.32129	586.9765773	1.45	0.0101056298	0.01000000002	0.1
19	1	64926.69725	3973.053865	575662.151	4388123.871	535.66763	0.9785732948	1.07632664	44994.25413	16537.71993	10546.18223	2119.315873	592.0302865	1.324351288	0.02017411642	0.01000022417	0.2
19	1	65818.17665	250.2122679	813896.6446	3148824.111	13842.3476	0.4463060959	0.95915127	40281.58459	15734.34122	9727.486411	2119.326406	529.2304264	0.0834040893	0.02852305929	0.01000000119	0.1
19	0	63880.49466	55.42845916	296094.0694	6477595.81	180488.6255	-6.219545021	-0.508295091	-18737.57346	5673.222056	-525.4558104	2119.32732	-257.2440939	0.01847615305	0.01037663535	0.01	0
19	1	64210.2064	4349.997473	336518.8518	6225038.322	1473.503629	0.9410598548	1.068077493	44652.63858	16480.11291	10488.00546	2116.443928	587.5235703	1.449999158	0.0117933244	0.01167106704	0.1
19	1	65441.73697	1051.798122	713295.7858	3622528.295	3200.061073	0.8719975571	1.052864643	44050.63728	16376.85959	10382.25495	2119.3234	579.4558841	0.3505993741	0.02499749584	0.01000020058	0.1
19	1	65704.26793	4350	536184.7696	5051490.499	1580.608048	0.9367756781	1.067172904	44575.04939	16469.51886	10479.42216	2104.40016	586.6803919	1.45	0.0187906291	0.01866567423	0.1
19	1	63840.27745	4173.823639	285346.8965	6575303.156	1732.709806	0.9306916078	1.065785778	44570.31301	16465.44972	10472.53405	2119.321598	586.3809472	1.391274546	0.01	0.01000000045	0.1
19	1	64246.45469	296.2053536	393888.7847	5652609.807	24731.6251	0.01073499594	0.8632629559	36425.05688	15076.91089	9057.521655	2119.326832	477.8393038	0.09873511786	0.01380385732	0.01	0.9
19	1	63871.28276	629.1893702	293632.3918	6499847.031	15336.40883	0.3865436466	0.9459949323	39752.45045	15644.13862	9635.564026	2119.3265	522.1793173	0.2097297901	0.01029036571	0.01	0
19	1	73450.5107	252.5829144	2853468.965	183749.9671	3362.357555	0.8655056978	1.051435499	43993.15977	16367.0612	10372.26968	2119.323889	578.6899478	0.0841943048	0.1	0.01	0.1
19	1	67177.78954	259.8061553	1045226.203	2388279.597	10760.71391	0.5695714436	0.9863128746	41346.74357	15917.66225	9915.765974	2111.363803	543.5506233	0.08660205176	0.03663001827	0.01462584032	0
19	1	73448.47603	93.78344866	2738249.593	224498.1734	11315.09532	0.5473961872	0.9814277823	41153.84645	15884.55019	9881.830579	2112.408723	540.9635699	0.03126114955	0.09596212982	0.01401881541	0.1
19	0	65034.1896	142.5848404	604393.4858	4215952.826	33753.83175	-0.3501532701	0.783815611	33229.76774	14532.20327	8502.428768	2119.326979	435.2596811	0.04752828013	0.02118100786	0.01000000045	0.8
19	1	65864.77643	198.1883823	796281.2552	3260889.716	18214.84093	0.2714063626	0.9206539702	38727.05552	15469.73403	9458.167625	2117.512868	508.5438987	0.0660627941	0.02790572685	0.01105374139	0.9
19	1	73436.96107	72.84763507	2849848.127	184679.1389	13563.87332	0.457445067	0.9616034464	40380.20856	15751.15386	9744.619592	2119.326389	530.5446647	0.02428254502	0.09987310752	0.01	0.1
19	1	63986.07688	4350	324308.5456	6227939.297	1343.635912	0.9462545635	1.069211868	44708.10674	16488.9397	10496.4719	2119.320526	588.217152	1.45	0.01136541345	0.01000000123	0.1
19	0	63840.2774	139.5567074	285346.8965	6575303.126	73935.81654	-1.957432662	0.4299828817	18998.98539	12106.25208	6030.224927	2119.327206	245.6238392	0.04651890248	0.01	0.01	0.1
19	1	66698.78425	253.331055	1049219.563	2268717.148	10426.65737	0.5829337053	0.9892290028	41491.27955	15940.56045	9937.637368	2119.326105	545.3505185	0.08444368501	0.03676996581	0.01	0.4
19	1	65200.63992	188.0323418	648873.6593	3962649.631	23616.28088	0.055348765	0.8730844044	36820.06526	15144.24879	9126.143409	2119.326806	483.1030867	0.06267744726	0.02273981835	0.01	0.1
19	0	63840.2774	47.78982699	285346.8965	6575303.126	217377.6604	-7.695106416	-0.8331309088	-31802.13036	3446.07975	-2795.060315	2119.327334	-431.3391073	0.01592994233	0.01	0.01	0.9
19	0	64264.08322	278.2987239	398599.618	5615636.653	26051.44007	-0.04205760262	0.8516409882	35957.63349	14997.22825	8976.319802	2119.32686	471.6105368	0.09276624131	0.01396894877	0.01	0.1
19	1	73212.9303	4055.16989	2789949.61	200752.3151	-501.9325112	1.0200773	1.085463498	45361.72386	16600.36359	10610.02051	2119.270403	596.92712	1.351723297	0.09777396019	0.01000109531	0.1
19	1	64839.06474	535.7713446	521505.6229	4782716.619	10014.66185	0.5994135261	0.9928628722	41631.08229	15964.79847	9962.678356	2117.471445	547.2428791	0.1785904482	0.01827619747	0.01107746314	0.1
19	1	65417.01494	334.0666317	706695.0927	3655983.93	11835.39162	0.5265843351	0.9768240335	40992.36466	15855.50939	9850.964739	2119.32625	538.7021036	0.1113555439	0.02476617413	0.01	0.1
19	1	67745.6459	333.5317994	1328970.158	1536505.094	5946.146845	0.7621541262	1.028683282	43078.08942	16211.06724	10213.30158	2119.325241	566.4959494	0.1111772665	0.04657384307	0.01	0.1
19	0	63844.92991	30	286590.1763	6563924.951	345227.4824	-12.8090993	-1.958945169	-77081.20256	-4272.73828	-10661.04361	2119.327358	-1034.716684	0.01	0.01004357082	0.01	0.9
19	1	63858.87472	4349.997473	290316.619	6529939.324	1590.528238	0.9363788705	1.067037795	44620.66779	16474.0338	10481.2818	2119.321248	587.0519624	1.449999158	0.01017416424	0.01	0.1
19	1	73169.74607	142.9369542	2778440.833	203994.5428	6725.37465	0.730985014	1.021821593	42802.11945	16164.02207	10165.35945	2119.325465	562.8184427	0.0476456514	0.09737063438	0.01	0.1
19	1	73728.56393	463.6653688	2853468.965	188548.5049	1804.979448	0.9278008221	1.06516374	44529.95439	16459.54982	10467.34544	2114.83884	585.9141535	0.1545551229	0.1	0.01260397324	0.1
19	0	65897.36874	59.98183091	835059.0101	3057351.52	58624.86424	-1.34499457	0.5648073825	24421.48583	13030.63705	6972.234021	2119.327156	317.882722	0.01999394364	0.02926469572	0.01	0.1
19	1	73689.27134	43.55582017	2852589.253	188150.6593	23457.13797	0.06171448104	0.8744982699	36863.57482	15152.51918	9135.28859	2115.424996	483.7447047	0.01451860672	0.09996917044	0.01226682701	0.7
19	1	66394.31131	709.666119	967855.4391	2541001.473	3565.966807	0.8573613277	1.049642566	43921.04978	16354.76846	10359.74258	2119.324026	577.7290285	0.236555373	0.03391855496	0.01000001653	0.1
19	1	64857.20378	547.4643293	495184.9051	5015274.566	10475.97921	0.5809608316	0.9888066437	41461.51001	15936.30226	9933.984389	2115.591381	545.01299	0.1824881098	0.01735378626	0.01216974675	0.1
19	1	65228.87064	4350	288361.0102	7439604.845	3199.474958	0.8720210017	1.052940885	43977.71506	16369.28328	10378.61458	2097.119498	578.835903	1.45	0.0101056298	0.02289856971	0.1
19	0	64042.91211	32.43898058	339496.5367	6097555.767	269348.7368	-9.773949472	-1.290775495	-50208.11704	308.3727491	-5992.590138	2119.327346	-676.6126765	0.01081299353	0.01189767756	0.01	0.1
19	1	68637.57527	634.6538819	1567318.536	1102390.819	2225.577121	0.9109769151	1.061445709	44395.75997	16435.6933	10442.2103	2119.322555	584.0548972	0.211551294	0.05492677702	0.01	0.1
19	1	64826.60408	245.4727661	548913.1818	4554722.63	21312.14421	0.1475142317	0.8933740698	37636.0928	15283.35881	9267.905755	2119.32628	493.9772726	0.08182425537	0.01923669711	0.01000026924	0
19	0	64864.9226	30	559160.6405	4490153.271	176568.738	-6.062749521	-0.4737775204	-17349.31287	5909.88174	-284.2840264	2119.327318	-238.7444809	0.01	0.01959581994	0.01	0.1
19	1	66684.46557	349.5199902	1045393.212	2280842.298	7376.370549	0.704945178	1.016089082	42571.56386	16124.71877	10125.30681	2119.32562	559.7461167	0.1165066634	0.0366358711	0.01	0
19	1	64949.32633	327.4991937	581568.7004	4352378.488	14854.08699	0.4058365203	0.9502421688	39923.23952	15673.25533	9665.237496	2119.317607	524.4553501	0.1091663979	0.02038111182	0.01000515045	0
19	1	64860.9913	615.7012228	558110.087	4496729.26	7891.838771	0.6843264492	1.011549995	42389.00653	16093.59784	10093.59254	2119.325726	557.3134034	0.2052337409	0.01955900323	0.01	0.1
19	1	63840.42225	4055.019866	285346.8965	6575391.431	1806.05506	0.9277577976	1.065139926	44544.32949	16461.02076	10468.02109	2119.319429	586.0347344	1.351673289	0.01	0.01000135653	0.1
19	1	63840.2774	4349.997473	285346.8965	6575303.128	1631.55312	0.9347378752	1.066676539	44606.13848	16471.55696	10478.75774	2119.321353	586.8583486	1.449999158	0.01	0.01000000003	0.1
19	1	67567.54297	896.6677561	1281362.232	1641868.681	1824.141643	0.9270343343	1.064980655	44537.92891	16459.92931	10466.90856	2119.320967	585.9494181	0.298889252	0.0449054203	0.01000048585	0.1
19	0	63909.38509	270.9607532	303814.3958	6408304.269	35370.53407	-0.4148213626	0.7695793259	32657.19925	14434.59633	8402.960867	2119.326999	427.6297766	0.09032025108	0.01064719468	0.01	0.1
19	1	65834.27584	724.2586518	814778.7189	3148691.286	4290.792605	0.8283682958	1.043260588	43663.66726	16310.93704	10315.11339	2119.118219	574.3024818	0.2414195506	0.02855397164	0.01011985801	0.1
19	1	66009.64762	152.6921336	835059.0101	3089344.128	22694.89429	0.09220422838	0.8812037038	37140.4203	15199.25616	9182.532177	2117.516885	487.4007338	0.05089737787	0.02926469572	0.01105149364	0.1
19	1	64450.42676	967.8152355	448395.8028	5239294.365	6089.806877	0.7564077249	1.027418247	43027.21103	16202.3939	10204.46287	2119.325286	565.8179568	0.3226050785	0.01571405921	0.01	0.1
19	0	67557.30108	55.12667982	835059.0101	3566010.432	65775.32907	-1.631013163	0.5019278051	21800.95249	12589.76045	6527.869506	2092.569681	283.3860997	0.01837555994	0.02926469572	0.02554529494	0.8
19	0	64356.11878	256.018746	288832.1103	6855710.808	40044.85496	-0.6017941982	0.7284443483	30975.05281	14149.60965	8114.030305	2111.222102	405.34233	0.08533958199	0.01012213954	0.01470872387	0.9
19	0	66920.97303	30	1090308.385	2156141.847	90259.09844	-2.610363938	0.2862475855	13214.32669	11120.37043	5025.749413	2118.224186	168.5564028	0.01	0.03820992618	0.01064084129	0.1
19	1	65267.46272	345.2442463	666726.496	3865320.404	12158.36606	0.5136653574	0.9739800003	40877.97978	15836.01001	9831.093638	2119.326033	537.1778432	0.1150814154	0.02336547214	0.01000014294	0
19	1	65897.36874	815.4361943	835059.0101	3057351.52	3603.597837	0.8558560865	1.049311196	43907.72253	16352.49653	10357.42733	2119.324083	577.5514325	0.2718120648	0.02926469572	0.01	0.1
19	1	63840.2775	4350	285346.8965	6575303.187	1631.551839	0.9347379265	1.066676551	44606.13893	16471.55704	10478.75782	2119.321352	586.8583546	1.45	0.01	0.01000000093	0.1
19	0	65503.71348	84.19449501	729863.358	3539873.205	47643.76016	-0.9057504066	0.661504299	28310.53468	13693.61134	7647.848424	2119.327101	369.7072132	0.02806483167	0.02557810745	0.01	0.7
19	0	63955.32918	215.6795987	285346.8965	6645816.456	47703.65352	-0.9081461407	0.6609828304	28283.21408	13689.35949	7643.856366	2117.472508	369.37253	0.07189319955	0.01	0.01107746187	0.8
19	1	68679.82107	382.1802002	1578607.789	1085189.795	4165.67971	0.8333728116	1.044361641	43708.65659	16318.56135	10322.84514	2119.324461	574.8987296	0.1273934001	0.0553224096	0.01	0.1
19	1	67383.2978	566.9331331	1205031.837	1843317.453	3706.633836	0.8517346466	1.048409122	43865.8451	16345.71519	10350.81724	2117.688823	577.0192934	0.188977711	0.04223041678	0.01095003019	0
19	0	64280.18433	279.3028	393888.7847	5670314.309	26313.6141	-0.05254456398	0.8493340885	35862.99145	14981.21332	8960.099462	2118.783155	470.3579753	0.09310093334	0.01380385732	0.01031587865	0.8
19	1	64870.44522	256.7349995	560636.4375	4480931.689	19902.25598	0.203909761	0.9057891992	38135.41791	15368.47971	9354.649459	2119.326699	500.6311466	0.08557833317	0.01964753934	0.01	0.1
19	0	63840.2774	187.6448933	285346.8965	6575303.126	54792.06749	-1.191682699	0.5985580532	25778.9025	13262.03871	7208.047531	2119.327139	335.9713168	0.06254829776	0.01	0.01	0.1
19	1	73687.56626	71.23768562	2852301.297	188215.1977	14154.32645	0.4338269418	0.9564165202	40158.27581	15714.17153	9707.647417	2115.434727	527.6489047	0.02374589521	0.099959079	0.01226095035	0.1
19	1	67345.4033	1429.022318	1222014.186	1783369.405	938.4679148	0.9624612834	1.072779678	44851.60034	16513.40136	10521.39993	2119.318893	590.1293119	0.4763407727	0.04282556429	0.01	0.1
19	1	64038.52043	347.9888954	338322.957	6107532.478	24501.92339	0.01992306432	0.865285653	36506.40764	15090.77892	9071.654094	2119.326826	478.9233637	0.1159962985	0.01185654938	0.01	0.1
19	1	63957.37001	629.1893702	316637.3031	6294850.086	14166.57989	0.4333368042	0.9562961598	40166.75505	15714.76599	9707.537961	2119.32643	527.7002366	0.2097297901	0.01109657427	0.01	0.1
19	1	66824.24711	413.9118383	1069064.881	2217357.246	6016.81649	0.7593273404	1.028063625	43050.34267	16206.51767	10208.81695	2118.499932	566.1392795	0.1379706128	0.03746544625	0.01047948138	0.9
19	1	64106.76947	748.5219613	356437.1127	5955600.625	10385.19951	0.5845920195	0.9895940944	41505.93758	15943.06087	9940.186832	2119.318627	545.5459661	0.2495073204	0.01249136111	0.01000434169	0
19	1	65191.61528	995.2237663	646462.0246	3975984.566	3858.655418	0.8456537833	1.047065221	43817.39178	16337.09766	10341.73487	2119.324266	576.3477075	0.3317412554	0.02265530246	0.01	0.1
19	1	68257.64023	445.8068133	1465789.092	1269871.955	3787.30256	0.8485078976	1.047693537	43842.66194	16341.40552	10346.12486	2119.324204	576.6844516	0.1486022711	0.05136867124	0.01000000754	0.1
19	1	67051.60056	254.5488757	1143501.909	1989484.065	9454.770425	0.621809183	0.9977872014	41835.48135	15999.23725	9997.432887	2119.325982	549.9372655	0.08484962525	0.04007409657	0.01	0
19	1	66824.50911	857.6661723	1069064.881	2217411.108	2538.862794	0.8984454882	1.058689648	44282.07483	16416.49455	10422.79798	2118.493398	582.5531008	0.2858887241	0.03746544625	0.010481935	0.1
19	1	66053.89686	183.1077589	712744.4157	3837753.515	22738.79837	0.09044806527	0.880843001	37098.21854	15193.83135	9178.491067	2109.425369	486.9665664	0.06103591962	0.02497817304	0.01575241128	0.8
19	0	63885.21179	30	285346.8965	6602753.188	346786.9702	-12.87147881	-1.972675318	-77635.89395	-4367.139287	-10757.11132	2118.603033	-1042.096887	0.01	0.01	0.01042081131	0.1
19	1	63840.2774	628.5049955	285346.8965	6575303.126	15821.98033	0.3671207866	0.9417191084	39580.48128	15614.82268	9605.689152	2119.326526	519.8876993	0.2095016652	0.01	0.01	0
19	0	65818.17652	30	813896.6446	3148824.074	121066.2512	-3.842650047	0.01496380268	2307.352043	9260.794471	3130.51646	2119.327281	23.1953132	0.01	0.02852305929	0.01	0.1
19	1	67567.52706	4239.728032	1281371.844	1641838.8	-217.4345445	1.008697382	1.082958273	45260.97276	16583.18793	10592.51704	2119.300936	595.5845062	1.413242677	0.04490575715	0.01	0.1
19	1	64407.01835	514.4083374	436795.866	5324644.861	12474.22914	0.5010308345	0.9711985866	40766.11507	15816.94015	9811.660146	2119.326305	535.6871582	0.1714694458	0.0153075387	0.01	0.1
19	1	73688.83332	199.0390764	2819848.047	199172.5825	4956.266037	0.8017493585	1.037418723	43409.32944	16268.81799	10273.23218	2113.454924	571.0029717	0.06634635881	0.0988217528	0.01341014268	0.1
19	0	65603.35347	75.22900034	756487.433	3410992.63	51506.17931	-1.060247172	0.6274927812	26942.62649	13460.4212	7410.212367	2119.326972	351.4788136	0.02507633345	0.02651114984	0.01000008781	0.9
19	1	63853.35032	4143.333591	288840.3442	6543382.038	1720.658505	0.9311736598	1.065891899	44574.58108	16466.1773	10473.27551	2119.32157	586.4378225	1.381111197	0.0101224281	0.01	0.1
19	0	65774.70525	76.07670597	802279.9101	3200194.738	47973.43727	-0.9189374908	0.658601243	28193.77681	13673.70738	7627.564981	2119.327103	368.151327	0.02535890199	0.02811595009	0.01	0.1
19	1	66832.9347	295.4158588	1069064.881	2219143.953	8723.405913	0.6510637635	1.004230509	42091.32035	16043.06176	10042.27036	2118.360509	553.361807	0.09847195295	0.03746544625	0.01056084075	0.1
19	1	64096.91223	344.800823	353926.8725	5976206.151	23611.27747	0.05554890101	0.8731284631	36821.83726	15144.55087	9126.451244	2119.326806	483.1266998	0.1149336077	0.01240338959	0.01	0.1
19	1	63851.55226	3969.396507	288359.8513	6547763.298	1833.902233	0.9266439107	1.064894703	44534.47487	16459.34031	10466.30817	2119.321824	585.9033772	1.323132169	0.01010558919	0.01000000005	0.1
19	1	63851.55659	4204.961887	288361.0102	6547752.724	1688.299752	0.9324680099	1.066176842	44586.0412	16468.13093	10475.26639	2119.321493	586.5905371	1.401653962	0.0101056298	0.01	0.1
19	0	64625.90386	90.30218984	495186.4074	4908855.853	65760.03249	-1.6304013	0.5019768559	21894.48674	12599.85558	6533.240495	2119.321043	284.2086623	0.03010072995	0.0173538389	0.01000356641	0.1
19	1	63841.0409	1601.230752	285346.8965	6575768.587	5746.499951	0.770140002	1.030441364	43148.75548	16223.11653	10225.58286	2119.312867	567.4378226	0.533743584	0.01	0.01000715018	0.1
19	0	64865.36542	73.7043231	559133.4581	4490550.002	71419.60152	-1.856784061	0.4521400838	19890.09485	12258.16329	6185.034055	2119.318422	257.4986797	0.0245681077	0.01959486733	0.01000509956	0.1
19	1	66675.52353	186.0076984	1043003.65	2288447.32	14568.18832	0.4172724671	0.9527596942	40024.5221	15690.51924	9682.828931	2119.326455	525.804876	0.06200256613	0.03655212877	0.01	0.1
19	0	73326.10379	30	2820223.973	192459.8584	34394.63536	-0.3757854144	0.7781728512	33002.82185	14493.51533	8463.003211	2119.326988	432.2354569	0.01	0.09883492716	0.01	0.1
19	1	65196.36555	248.8501858	647731.4299	3968959.911	17690.09465	0.2923962139	0.9252689507	38918.87314	15502.03696	9490.753082	2119.326615	511.0712749	0.08295006193	0.02269978885	0.01	0.1
19	1	66149.75468	621.4252431	902503.5641	2783185.064	4539.096301	0.818436148	1.041073425	43576.40801	16296.01666	10299.87062	2119.324668	573.1364182	0.2071417477	0.03162829437	0.01	0
19	1	66674.68953	467.2580232	1042780.78	2289157.918	5340.19348	0.7863922608	1.03401916	43292.69282	16247.65113	10250.58297	2119.325026	569.3557006	0.1557526744	0.03654431827	0.01	0
19	1	66690.31595	152.1273361	1046956.597	2275880.347	17912.26491	0.2835094036	0.9233125737	38840.18971	15488.62363	9477.084017	2119.326624	510.0227591	0.05070911204	0.03669066004	0.01	0
19	1	68223.50588	639.7815172	1456667.659	1286110.477	2426.957126	0.9029217149	1.059672406	44324.43958	16423.53516	10429.82036	2119.32286	583.1044995	0.2132605057	0.05104901007	0.01	0.1
19	1	67674.96407	304.8746365	1218868.297	1848793.186	7634.959594	0.6946016162	1.013829626	42461.85873	16107.22029	10108.48595	2113.823427	558.3713904	0.1016248788	0.04271531641	0.01319659012	0
19	1	63922.67895	4339.497329	307363.9071	6376702.466	1465.280223	0.9413887911	1.068140698	44665.02482	16481.59548	10488.98768	2119.320723	587.6430559	1.44649911	0.01077158753	0.01000010436	0.1
19	1	69751.92916	244.9170007	1698331.268	973202.2362	7108.484125	0.715660635	1.018480233	42633.301	16137.44311	10140.12269	2109.265308	560.7282031	0.08163900023	0.0595181265	0.01584459377	0.1
19	1	65909.11248	204.6698146	813896.6446	3175484.056	17197.90099	0.3120839604	0.9296077808	39088.35919	15531.25014	9520.792649	2117.860735	513.3530287	0.06822327154	0.02852305929	0.01085161679	0.1
19	1	67304.38651	359.5147188	920266.4952	3003381.61	9484.770871	0.6206091652	0.9975791834	41767.07862	15991.41221	9992.682462	2101.785041	549.3036654	0.1198382396	0.03225079742	0.02019064389	0.1
19	0	64439.72978	203.0606139	444873.3449	5266279.321	32167.5252	-0.2867010081	0.7977843667	33791.43942	14627.96138	8600.019932	2119.286911	442.7450116	0.06768687129	0.01559061445	0.01002326734	0.8
19	1	66030.99526	551.4150599	870767.7385	2908988.112	5430.384483	0.7827846207	1.03322496	43260.75093	16242.20593	10245.03396	2119.325061	568.9300509	0.18380502	0.03051611036	0.01	0.1
19	1	73450.5107	4202.317361	2853468.965	183749.9671	-516.9225917	1.020676904	1.085595491	45367.03893	16601.26925	10610.94309	2119.268988	596.9979174	1.400772454	0.1	0.01	0.1
19	1	63851.55225	4350	288359.8513	6547763.294	1606.51113	0.9357395548	1.066897053	44615.00731	16473.06885	10480.29845	2119.32129	586.9765324	1.45	0.01010558919	0.01	0.1
19	1	66816.2173	152.6921336	1080600.943	2171675.482	17263.8162	0.3094473521	0.9290226545	39069.84318	15527.77314	9516.979941	2119.326596	513.0830638	0.05089737787	0.03786972827	0.01	0
19	1	64476.88608	253.7365155	455466.4697	5187942.044	24975.07659	0.0009969365788	0.8611191817	36338.83652	15062.21272	9042.543259	2119.326837	476.6903529	0.08457883849	0.01596185118	0.01	0.1
19	1	64671.69853	243.3651847	506046.5021	4837462.252	23396.02973	0.06415881068	0.8750241678	36897.7751	15157.51566	9139.679624	2119.237567	484.1400423	0.08112172822	0.01773443161	0.0100518416	0.3
19	1	63840.27768	4349.997473	285346.8965	6575303.295	1631.553436	0.9347378626	1.066676537	44606.13836	16471.55694	10478.75772	2119.321349	586.858347	1.449999158	0.01	0.01000000259	0.1
19	1	64334.01292	4339.806568	417283.4994	5471368.06	877.6740242	0.964893039	1.073315015	44873.13035	16517.07167	10525.14025	2119.31838	590.4162185	1.446602189	0.01462372658	0.01000011507	0.1
19	1	73450.5107	4123.054348	2853468.965	183749.9671	-512.1534664	1.020486139	1.085553495	45365.34991	16600.98132	10610.64967	2119.27009	596.9754099	1.374351449	0.1	0.01	0.1
19	1	64483.07942	629.1893702	285346.8965	6979080.778	16547.39025	0.33810439	0.9353645003	39289.44065	15567.47422	9559.342336	2108.964795	516.173537	0.2097297901	0.01	0.01601985197	0
19	1	66674.71358	338.8179572	1042787.207	2289137.423	7654.515536	0.6938193785	1.013639806	42473.05651	16107.92602	10108.19389	2119.325679	558.4334324	0.1129393191	0.03654454351	0.01	0
19	1	64865.49093	998.072644	559312.5122	4489203.418	4563.838151	0.817446474	1.040855555	43567.64548	16294.52289	10298.34837	2119.324681	573.0196509	0.3326908813	0.0196011423	0.01	0.1
19	1	73622.20726	94.13046128	2832262.598	193716.0425	10683.3416	0.5726663362	0.9869816608	41387.04258	15923.67591	9921.174684	2115.279213	544.025602	0.03137682043	0.09925682151	0.01235111969	0.1
19	0	65129.46316	110.5851596	629853.2473	4069048.218	41943.36989	-0.6777347956	0.7117005414	30329.37506	14037.76727	7998.565961	2119.327061	396.6097745	0.03686171985	0.02207324681	0.01	0.1
19	1	67236.62895	1205.196901	1192946.648	1857064.061	1304.046206	0.9478381518	1.069560485	44722.12777	16491.3299	10498.90766	2119.320396	588.4039927	0.4017323003	0.0418068906	0.01	0.1
19	1	64801.81096	801.7262281	542290.2949	4596934.709	6077.151876	0.756913925	1.027529685	43031.69188	16203.15783	10205.24142	2119.324971	565.8776724	0.267242076	0.01900459762	0.01000018073	0
19	1	65502.36459	524.1074815	729502.8978	3541651.149	7015.398411	0.7193840636	1.019267715	42699.40513	16146.51214	10147.51569	2119.325538	561.4496974	0.1747024938	0.0255654751	0.01	0.1
19	1	63912.25682	4350	288840.3442	6579216.08	1670.696128	0.9331721549	1.066334896	44589.14792	16468.86819	10476.19222	2118.371728	586.6469814	1.45	0.0101224281	0.01055166044	0.1
19	0	63840.82869	30	285346.8965	6575639.215	346735.6376	-12.8694255	-1.972225586	-77615.35749	-4363.794842	-10753.8346	2119.318472	-1041.834558	0.01	0.01	0.01000516288	0.5
19	0	64501.08659	44.78475174	461933.5217	5141414.443	143028.6032	-4.72114413	-0.1784312976	-5470.796646	7934.837215	1779.278799	2119.327299	-80.45434838	0.01492825058	0.01618848943	0.01	0.1
19	1	65384.24903	347.8142189	697763.4923	3701981.742	11493.02703	0.5402789187	0.9798388462	41113.58101	15876.17571	9872.027028	2119.315623	540.3175702	0.115938073	0.02445316563	0.01000615518	0
19	1	73597.66593	131.1584986	2853468.965	186274.1029	7353.595138	0.7058561945	1.016297232	42571.8165	16125.28056	10126.31527	2116.953489	559.7870668	0.04371949953	0.1	0.01137811126	0.1
19	1	66686.08932	403.7970994	1045827.121	2279464.05	6279.109882	0.7488356047	1.025751291	42960.16781	16190.9649	10192.81597	2119.325343	564.9245555	0.1345990331	0.03665107749	0.01	0
19	0	63840.2774	267.7481062	285346.8965	6575303.126	38170.84962	-0.5268339849	0.7449204321	31665.44432	14265.52979	8230.670949	2119.327028	414.4138989	0.08924936873	0.01	0.01	0.7
19	1	68120.37271	361.2011067	1367614.268	1487374.45	5523.088517	0.7790764593	1.032420507	43215.70063	16235.33726	10238.71607	2115.615613	568.3884937	0.1204003689	0.04792812835	0.01215503775	0.1
19	1	65915.5482	284.1029559	835056.2714	3062523.578	11794.8883	0.528204468	0.9771816346	41005.74343	15857.85421	9853.408159	2119.033033	538.8850314	0.09470098531	0.02926459974	0.01017034692	0.1
19	1	64103.69409	629.1893702	355739.1739	5961137.586	12525.34173	0.4989863308	0.9707485016	40748.01312	15813.85427	9808.515435	2119.32631	535.4459362	0.2097297901	0.01246690181	0.01	0
19	1	74328.78841	134.5040978	2834407.955	206060.5845	8136.110988	0.6745555605	1.009448002	42252.07446	16073.60207	10076.02885	2104.01824	555.7312116	0.04483469927	0.09933200572	0.01889308015	0.1
19	1	64155.72854	4054.671988	350605.428	6043711.389	1409.946414	0.9436021434	1.068631631	44680.83942	16484.54252	10492.20195	2118.172023	587.8719908	1.351557329	0.01228698936	0.01066721603	0.1
19	0	64667.2733	189.4340486	285358.4472	7099145.375	55221.55447	-1.208862179	0.5948187738	25582.88762	13231.53861	7179.415871	2105.996966	333.5704762	0.06314468286	0.0100004048	0.01774442605	0.9
19	1	73615.94807	43.59832565	2825384.091	195934.7297	23697.04809	0.05211807629	0.8723871499	36777.09638	15137.87742	9120.45205	2114.965884	482.5995889	0.01453277522	0.0990157638	0.01253356006	0.5
19	1	65897.3695	241.7233016	835059.2141	3057350.651	13972.14739	0.4411141043	0.9580082848	40235.61492	15726.50468	9719.500456	2119.326417	528.6178461	0.08057443387	0.02926470287	0.01	0
19	0	64743.90026	215.6795987	526820.0982	4697068.294	25415.4927	-0.01661970797	0.8572409852	36182.85951	15035.623	9015.446578	2119.326847	474.6118424	0.07189319955	0.0184624436	0.01	0
19	1	65897.36874	255.1474688	835059.0101	3057351.52	13196.77987	0.4721288051	0.9648359815	40510.21775	15773.3168	9767.205082	2119.326362	532.2771346	0.08504915627	0.02926469572	0.01	0.1
19	1	67209.51128	613.9703439	1185626.36	1876146.255	3321.84221	0.8671263116	1.051792281	44007.49398	16369.50575	10374.76166	2119.319409	578.8810322	0.2046567813	0.04155035064	0.01000258252	0.1
19	1	69081.65127	190.0151202	1260523.472	1959075.637	13496.11011	0.4601555956	0.962282321	40319.66989	15746.44593	9744.538811	2093.661504	530.1445764	0.06333837339	0.04417512466	0.0249104317	0.1
19	1	63862.99695	629.1893702	291418.1938	6519926.561	15458.74748	0.3816501007	0.9449176481	39709.1232	15636.75254	9628.037118	2119.326507	521.6019493	0.2097297901	0.010212769	0.01	0
19	0	64431.57651	148.0567395	443357.895	5276194.221	44552.56999	-0.7821027997	0.6887245636	29405.30514	13880.23915	7838.03445	2119.327044	384.2958507	0.0493522465	0.01553750542	0.01000002089	0.8
19	0	63840.39042	55.87012183	285377.0975	6575026.501	185808.7249	-6.432348994	-0.5551425843	-20621.73065	5352.025844	-852.7758781	2119.327322	-282.3519008	0.01862337394	0.0100010584	0.01	0.9
19	1	73601.14631	100.5233828	2853033.423	186475.4839	9783.411751	0.60866353	0.9949011245	41711.0055	15978.55432	9976.806726	2116.87154	548.3174203	0.03350779427	0.0999847364	0.01142596871	0.1
19	1	65485.16838	360.3217281	724905.6286	3564407.75	10623.79085	0.575048366	0.9874930939	41421.46271	15928.65865	9925.508675	2119.326009	544.4201586	0.1201072427	0.02540436351	0.01000006878	0.1
19	0	65897.35824	30	835056.2051	3057363.467	117979.1587	-3.719166348	0.0421479839	3400.671384	9447.174903	3320.45038	2119.327278	37.76461294	0.01	0.02926459742	0.01	0.9
19	1	64942.00685	473.2163621	486824.2411	5128934.934	12549.9369	0.4980025239	0.9705498708	40720.83675	15810.44735	9806.073889	2113.720256	535.1726131	0.1577387874	0.01706078626	0.01325692894	0
19	0	65036.33408	175.318884	553538.3488	4606930.226	30110.57199	-0.2044228797	0.8159071975	34509.83982	14751.09822	8726.067269	2116.224692	452.3667531	0.05843962801	0.01939878637	0.01180230497	0.9
19	1	73365.17384	43.81748112	2827086.035	190865.6985	23264.39292	0.06942428337	0.8761837348	36943.97826	15165.4197	9147.757633	2119.110933	484.7577404	0.01460582704	0.09907540854	0.0101254103	0.7
19	1	65115.10137	616.0174767	626015.3763	4090860.879	6948.849885	0.7220460046	1.019853725	42722.97384	16150.52995	10151.6101	2119.325521	561.7637682	0.2053391589	0.02193874838	0.01	0.1
19	1	73083.16878	144.2909659	2755304.969	210676.2205	6717.391033	0.7313043587	1.021891895	42804.94691	16164.50407	10165.85065	2119.325463	562.8561207	0.04809698864	0.09655983658	0.01	0.1
19	1	68278.27472	214.4047585	1460863.152	1283255.548	8777.597814	0.6488960874	1.003752234	42073.23321	16039.90502	10038.99177	2118.6961	553.1154654	0.07146825283	0.05119604137	0.01036587981	0.1
19	1	67745.64866	289.1111439	1328970.896	1536503.514	6977.280738	0.7209087705	1.01960337	42712.90482	16148.81346	10149.86089	2119.325528	561.6295909	0.09637038129	0.04657386894	0.01	0.1
19	1	64687.42203	1405.395777	506046.5021	4844519.367	3442.320943	0.8623071623	1.050732458	43963.71129	16362.11599	10367.29317	2118.981246	578.3029542	0.468465259	0.01773443161	0.01019909244	0.1
