#gen	Feasible	f1	f2	f3	f4	f5	c1	c2	c3	c4	c5	c6	c7	x1	x2	x3	ras
7	1	74203.37017	164.4883938	2853468.965	197034.0041	6443.575104	0.7422569958	1.024341905	42861.94668	16176.87473	10180.6876	2107.189298	563.8079666	0.05482946461	0.1	0.0170505419	0.5
7	1	64195.75897	4349.699687	285349.0398	6795597.336	2042.832654	0.9182866939	1.063073258	44441.60594	16444.76178	10452.50482	2113.591252	584.7566174	1.449899896	0.01000007511	0.01332901594	0.1
7	1	65572.91323	443.6916272	678308.2589	3897018.968	9422.354164	0.6231058334	0.998086179	41833.04383	15999.7457	9998.727608	2115.10057	549.9717308	0.1478972091	0.02377135575	0.01245480858	0.1
7	1	67532.00072	1226.519007	1104448.615	2226358.392	2155.631502	0.9137747399	1.062093968	44387.26441	16436.45357	10444.84128	2109.221169	584.1017071	0.408839669	0.03870547142	0.01586758095	0.1
7	1	63840.35974	439.4798278	285346.8965	6575353.325	22956.32052	0.08174717932	0.8788958581	37053.79131	15184.09285	9166.747369	2119.325462	486.2176825	0.1464932759	0.01	0.01000077116	0
7	1	66818.05107	325.3861528	1079705.556	2175431.334	7708.293596	0.6916682561	1.013166517	42453.73529	16104.65057	10104.87135	2119.242118	558.1772868	0.1084620509	0.03783834938	0.01004855225	0.1
7	1	65729.6278	327.7578774	790233.9589	3254348.723	10720.24833	0.5711900667	0.9866437125	41387.30188	15922.83516	9919.574131	2119.326138	543.9649381	0.1092526258	0.02769379897	0.01	0.2
7	1	65266.67749	366.6850225	666453.8085	3866873.304	11407.96369	0.5436814522	0.9805878722	41143.7285	15881.31358	9877.261651	2119.322172	540.7192041	0.1222283408	0.02335591579	0.01000234561	0.4
7	1	66980.25528	173.5549111	1123338.95	2046935.819	14497.88647	0.420084541	0.953378967	40049.20201	15694.74096	9687.143302	2119.260246	526.1348032	0.05785163703	0.03936748441	0.0100384624	0.1
7	1	66109.12182	223.8611648	891645.3341	2825603.417	14138.15837	0.4344736651	0.9565464327	40176.82076	15716.48192	9709.286601	2119.326428	527.8343698	0.07462038826	0.03124776702	0.01	0.3
7	0	64962.509	182.7954567	582740.4318	4348825.856	27171.80735	-0.08687229397	0.8417757904	35560.3498	14929.53542	8907.364051	2119.176197	466.3188214	0.06093181891	0.02042217522	0.01008754298	0.1
7	1	65937.68222	1025.298236	845831.896	3011812.179	2665.164506	0.8933934198	1.05757481	44240.07646	16409.1536	10415.16461	2119.323175	581.9802977	0.3417660787	0.02964223219	0.01	0.3
7	0	73256.28153	30	2655598.414	254642.4801	37206.0027	-0.4882401082	0.7534448281	31978.14994	14320.7628	8288.575278	2110.522033	418.7204427	0.01	0.09306561404	0.01511542644	0.1
7	1	68943.54138	1006.937538	1649081.203	983716.5567	1026.449806	0.9589420078	1.072004931	44820.44083	16508.08953	10515.98683	2119.319311	589.714088	0.335645846	0.05779215485	0.01	0.1
7	1	68647.84066	605.6222802	1570061.733	1098186.196	2363.460272	0.9054615891	1.060231544	44346.92751	16427.36872	10433.72702	2119.322768	583.4041681	0.2018740934	0.05502291254	0.01	0.1
7	1	69174.21789	3063.982208	1613698.481	1068798.243	256.5798649	0.9897368054	1.078802956	45073.8181	16552.56313	10562.38403	2113.45055	593.1832618	1.021327403	0.05655216513	0.01340027921	0.1
7	1	64927.56284	530.7909211	569652.3568	4434606.961	9100.243797	0.6359902481	1.000910283	41959.79854	16020.51227	10019.1828	2118.949067	551.5998563	0.176930307	0.0199635028	0.01021894407	0.1
7	1	66447.94007	1136.063423	982187.0074	2490774.371	1900.952792	0.9239618883	1.064304272	44510.72836	16455.2922	10462.18287	2119.321965	585.5869372	0.3786878077	0.03442080567	0.01	0
7	1	66601.8511	494.3258091	1003861.565	2433060.317	5313.827627	0.7874468949	1.034255088	43298.16494	16248.8406	10252.01081	2118.151439	569.4472145	0.1647752697	0.0351803919	0.01068179325	0.1
7	1	67754.56312	427.0501038	1331353.088	1531413.09	4467.113243	0.8213154703	1.041707291	43601.90141	16300.36257	10304.29939	2119.32463	573.4761368	0.1423500346	0.04665735302	0.01	0.1
7	0	63840.2774	324.6819807	285346.8965	6575303.126	31343.34176	-0.2537336706	0.8050417963	34083.46272	14677.73444	8650.734598	2119.326949	446.6358065	0.1082273269	0.01	0.01	0.1
7	1	70324.58274	98.27925826	1938744.265	675443.2511	15190.90125	0.3923639502	0.9472915687	39788.20885	15651.28165	9643.72339	2114.537555	522.731701	0.03275975275	0.06794341514	0.01278221582	0.2
7	1	65798.61451	1347.108231	808669.129	3171837.96	1965.711775	0.921371529	1.06373402	44487.79343	16451.38243	10458.19857	2119.322093	585.2813121	0.4490360771	0.02833986067	0.01	0.2
7	1	63840.2774	453.0745808	285346.8965	6575303.126	22244.45681	0.1102217275	0.8851643515	37305.9081	15227.07144	9210.545131	2119.32677	489.5773067	0.1510248603	0.01	0.01	0.1
7	1	64417.63892	4026.004762	439246.2624	5307214.016	918.8363436	0.9632465463	1.072952624	44858.47599	16514.57858	10522.60389	2119.295398	590.2213056	1.342001587	0.01539341299	0.01001358754	0.1
7	0	64337.78764	193.2799379	388054.7388	5758841.525	39027.41257	-0.5610965026	0.7373835886	31356.07679	14213.19016	8177.668688	2117.502862	410.320247	0.06442664596	0.01359940282	0.01105978914	0.1
7	1	66583.82503	683.9236943	977945.9003	2541035.108	3858.127967	0.8456748813	1.047077698	43809.52084	16336.29082	10341.36224	2116.877896	576.28158	0.2279745648	0.03427217581	0.01142119491	0.1
7	0	64592.57897	222.6489248	301964.4725	6849358.147	44279.04742	-0.771161897	0.6911687523	29465.53258	13892.93887	7853.020843	2108.20265	385.2746824	0.07421630826	0.010582364	0.01646295312	0.1
7	1	63840.2774	4099.598117	285346.8965	6575303.126	1777.932185	0.9288827126	1.065387561	44554.29713	16462.71946	10469.75174	2119.321702	586.1675236	1.366532706	0.01	0.01	0.1
7	1	67788.36893	295.0045869	1334765.902	1527125.033	6813.995552	0.7274401779	1.021042305	42769.61675	16158.55541	10159.85089	2118.986411	562.3906921	0.09833486231	0.0467769553	0.01019698969	0.1
7	1	67470.09237	511.7808129	1236341.014	1759687.753	4018.602548	0.8392558981	1.045660434	43756.97126	16327.04819	10331.70437	2118.178594	575.5607118	0.1705936043	0.04332764889	0.01066563068	0.1
7	1	67018.46347	1107.260474	1134646.756	2014177.522	1602.765806	0.9358893678	1.066930033	44616.33375	16473.29497	10480.52888	2119.32128	586.9942081	0.3690868246	0.03976376718	0.01	0.1
7	1	65987.4645	400.4361738	859135.107	2956511.507	7881.78077	0.6847287692	1.011638564	42392.56865	16094.20509	10094.21136	2119.325724	557.3608713	0.1334787246	0.03010844406	0.01	0.1
7	1	66200.37696	4041.687557	854251.7398	3041184.026	363.9756659	0.9854409734	1.077850448	45042.78626	16546.80814	10556.12856	2115.583939	592.7360529	1.347229186	0.02993730615	0.0121650668	0.1
7	0	73739.97848	32.37430214	2782711.754	213477.2423	32896.30124	-0.3158520497	0.7913954191	33504.04038	14580.91281	8553.70902	2110.392655	439.0561256	0.01079143405	0.09752030907	0.01519056163	0.1
7	1	68417.07662	1436.254225	1501557.539	1211018.036	643.9482075	0.9742420717	1.075374467	44954.54834	16531.04131	10539.45201	2118.904438	591.507706	0.4787514085	0.05262217874	0.01023962458	0.1
7	1	66522.6668	3567.809366	1002156.074	2422441.513	66.97870978	0.9973208516	1.080453799	45160.24546	16566.01673	10575.01846	2119.309983	594.2422393	1.189269789	0.03512062286	0.01	0.1
7	1	64345.91511	4342.994037	416572.3841	5484190.59	896.1140717	0.9641554371	1.073153388	44865.82639	16515.87788	10523.96685	2119.083634	590.3226072	1.447664679	0.0145988055	0.01013650037	0.1
7	1	67440.45108	600.5324798	1104187.604	2208544.041	4341.000743	0.8263599703	1.042845467	43618.10694	16305.01443	10310.62782	2110.684539	573.8289749	0.2001774933	0.03869632429	0.01501936409	0
7	0	71221.3376	52.62708116	1632710.716	1250132.834	36560.59435	-0.4624237738	0.7592206618	32111.53319	14349.82056	8323.498519	2081.622255	420.9557653	0.01754236039	0.0572184501	0.0319053055	0.2
7	1	65291.26633	361.019946	610371.5705	4272966.669	13006.14396	0.4797542418	0.9665267877	40565.2709	15783.52915	9778.307487	2115.542952	533.0707033	0.120339982	0.02139051022	0.01219802602	0.1
7	0	73219.61233	30	2590581.464	284174.7766	38382.1088	-0.5352843521	0.7430989895	31550.65073	14248.61448	8215.663572	2107.191206	413.0764694	0.01	0.09078709093	0.0170505419	0.1
7	0	72113.32579	37.18587271	2494954.139	302902.7853	31303.44822	-0.2521379289	0.8053933173	34097.35654	14680.11854	8653.177251	2119.255662	446.8220815	0.0123952909	0.08743582528	0.01004141509	0.9
7	0	64915.89191	30	572781.0592	4405761.129	172351.8392	-5.894073569	-0.436644541	-15855.86327	6164.473213	-24.83856869	2119.327316	-218.8431455	0.01	0.02007314838	0.01	0.9
7	1	66871.30267	575.697141	1090473.166	2145620.108	3994.475102	0.8402209959	1.045870163	43768.32682	16328.79741	10333.33011	2119.031895	575.6985137	0.191899047	0.03821570095	0.01016990283	0.1
7	0	73043.94844	30	2435679.838	366071.9466	41283.62118	-0.6513448473	0.717569831	30501.60516	14071.20557	8036.069106	2100.678941	399.2003322	0.01	0.08535855369	0.0208339838	0.1
7	1	66078.00245	223.8611648	883329.3718	2858526.892	14278.46176	0.4288615295	0.9553109554	40127.13116	15708.01122	9700.654409	2119.326437	527.1722186	0.07462038826	0.03095633359	0.01	0.3
7	1	68858.15995	194.534374	1313462.899	1750039.071	12231.02751	0.5107588996	0.9734005708	40790.09482	15825.15414	9823.498621	2100.457417	536.3056647	0.06484479132	0.0460303902	0.02096216611	0.1
7	0	72344.88358	30	2420380.713	352354.3356	40798.64276	-0.6319457106	0.7218073091	30707.44251	14104.03273	8067.620692	2111.024741	401.7793493	0.01	0.08482239488	0.01482338812	0.1
7	1	64262.83545	308.7011886	398266.1798	5618245.684	23430.66078	0.06277356876	0.8747189295	36885.80415	15155.45544	9137.563719	2119.326801	483.9791067	0.1029003962	0.01395726341	0.01	0
7	1	66082.49575	4047.888219	853298.7175	3013119.645	231.4024044	0.9907439038	1.079011956	45095.80793	16555.4439	10564.5903	2117.426645	593.4134102	1.349296073	0.02990390742	0.01109450595	0
7	1	64904.18392	526.7194907	569652.3568	4425005.155	9149.251446	0.6340299422	1.000477527	41943.68343	16017.68268	10016.23	2119.325938	551.3791392	0.1755731636	0.0199635028	0.01	0.3
7	1	65361.83267	198.4232585	691948.8538	3731862.27	20901.1949	0.1639522041	0.8969927874	37781.63542	15308.16967	9293.189562	2119.326731	495.9167298	0.06614108617	0.02424939126	0.01	0.1
7	0	64812.84209	30	545243.2756	4578055.299	181095.1915	-6.243807662	-0.5136363629	-18952.39383	5636.601179	-562.7748934	2119.32732	-260.1067363	0.01	0.01910808501	0.01	0.1
7	1	73302.28172	164.4644926	2811648.487	194922.1426	5677.600058	0.7728959977	1.031048467	43172.75846	16227.23482	10229.8019	2119.191863	567.7595971	0.05482149752	0.09853439871	0.01007743435	0.1
7	1	64176.82375	4287.394021	375281.4565	5801045.31	1083.837382	0.9566465047	1.07149959	44800.11655	16504.62481	10512.45605	2119.319562	589.4432516	1.42913134	0.01315176233	0.01	0.1
7	0	63840.2774	200.4104164	285346.8965	6575303.126	51253.25427	-1.050130171	0.6297199768	27032.20248	13475.69138	7425.77365	2119.327121	352.6724784	0.06680347215	0.01	0.01	0.9
7	1	66282.41297	126.2484376	937953.5571	2649080.704	24356.28613	0.02574855475	0.8665680991	36557.98628	15099.57164	9080.614453	2119.326823	479.6106878	0.04208281253	0.03287064162	0.01	0.1
7	1	64415.08651	488.429845	303526.2994	6719282.715	19886.66369	0.2045334524	0.9059526552	38114.03169	15366.62033	9354.256024	2111.15758	500.4755913	0.1628099483	0.01063709832	0.01474599884	0.1
7	1	64877.93077	946.5962377	499020.8725	4991494.229	5807.79838	0.7676880648	1.029913831	43114.44653	16218.10426	10221.17804	2115.487681	567.0412356	0.3155320792	0.01748821798	0.01222942368	0.1
7	0	64480.25379	270.2289679	395154.9152	5763763.647	27357.92687	-0.09431707489	0.8401482065	35482.76797	14917.08436	8895.32653	2115.6345	465.3411003	0.09007632262	0.01384822895	0.01214516092	0.8
7	1	65211.78989	479.0426854	480844.1607	5313845.982	12889.43213	0.4844227147	0.9675754369	40585.08888	15788.33598	9784.406514	2109.010725	533.4382893	0.1596808951	0.01685121397	0.01599302411	0
7	1	73697.84385	98.27925826	2837435.314	193331.3339	10257.92387	0.5896830451	0.9907306897	41534.71952	15949.04909	9947.198358	2114.371946	546.0078818	0.03275975275	0.09943809969	0.0128781795	0.9
7	0	63840.2774	91.50870187	285346.8965	6575303.126	113158.5918	-3.526343673	0.08459671663	5107.915023	9738.212293	3617.036623	2119.327273	60.51491414	0.03050290062	0.01	0.01	0.8
7	1	71897.04448	89.08598437	2418880.543	338907.3531	13123.87009	0.4750451963	0.9654817653	40532.17295	15777.31623	9771.496496	2118.152553	532.5883019	0.02969532812	0.08476982133	0.01068194084	0.1
7	1	65861.3059	325.3861528	825379.1131	3098903.705	10311.53581	0.5875385676	0.9902427433	41532.04228	15947.50992	9944.719814	2119.323504	545.8937534	0.1084620509	0.02892546312	0.01000150351	0.1
7	1	64927.84801	600.5324798	575976.0626	4386195.665	7835.194657	0.6865922137	1.012048789	42409.06751	16097.01768	10097.07758	2119.325715	557.580731	0.2001774933	0.02018511747	0.01	0.9
7	1	67547.52887	342.8911818	1276027.771	1654107.102	6033.807963	0.7586476815	1.02791136	43047.04351	16205.77478	10207.90822	2119.325269	566.0822394	0.1142970606	0.04471847377	0.01	0.1
7	0	64909.22414	196.9764852	570999.2457	4416710.427	25683.39356	-0.02733574259	0.8548819157	36087.9802	15019.44872	8998.963929	2119.326852	473.3475045	0.0656588284	0.02001070461	0.01	0
7	1	65975.8683	391.7399819	854251.7398	2978535.986	8131.980274	0.6747207891	1.009435713	42303.60385	16079.06261	10078.79996	2119.218123	556.1770542	0.130579994	0.02993730615	0.01006253933	0.1
7	1	65274.5911	1107.260474	668635.4768	3855049.6	3253.000664	0.8698799734	1.052398469	44031.88942	16373.66352	10378.99789	2119.323794	579.2060494	0.3690868246	0.02343237249	0.01	0
7	1	64617.36041	541.1688422	399352.639	5795016.618	13404.81615	0.4638073541	0.9630221517	40417.93172	15758.81996	9753.470127	2113.677073	531.1368618	0.1803896141	0.01399533844	0.01328205734	0.8
7	1	65307.4809	1121.093335	677416.5864	3808190.673	3152.016856	0.8739193258	1.053287709	44067.65209	16379.76017	10385.21085	2119.32322	579.6826214	0.3736977785	0.02374010703	0.01000027899	0.1
7	1	63905.18264	3821.526035	300698.7144	6440629.688	1832.319035	0.9267072386	1.064909029	44534.63964	16459.39469	10466.38567	2119.201601	585.9074774	1.273842012	0.01053800543	0.01006983322	0.1
7	0	63840.2774	273.5050895	285346.8965	6575303.126	37351.29253	-0.4940517012	0.7521372514	31955.69725	14315.00982	8281.094347	2119.32702	418.2817367	0.09116836317	0.01	0.01	0.9
7	1	64261.75817	308.4027707	397956.019	5620717.113	23473.04548	0.06107818091	0.8743457046	36870.78884	15152.89604	9134.95577	2119.325458	483.7790376	0.1028009236	0.01394639381	0.0100007808	0
7	1	68148.78538	233.8490528	1436700.259	1322386.346	8089.161351	0.6764335459	1.009812421	42319.1231	16081.68467	10081.45223	2119.325763	556.3821543	0.07794968426	0.05034925126	0.01	0.2
7	1	74202.47383	180.3626541	2750225.939	235788.3978	6548.55023	0.7380579908	1.023437412	42804.30261	16168.40673	10173.2001	2100.975825	563.1382611	0.06012088471	0.09638184163	0.02066030597	0.1
7	1	65985.09106	161.8656502	858500.8584	2959124.842	20641.90034	0.1743239866	0.8992760719	37873.46674	15323.82434	9309.142707	2119.326723	497.1404509	0.05395521674	0.03008621678	0.01	0.3
7	1	66062.10669	327.7279533	859034.4224	2977564.161	9888.119606	0.6044752157	0.9939751062	41678.02389	15972.65959	9970.570751	2118.116751	547.8581867	0.1092426511	0.03010491556	0.01070255396	0.1
7	1	65975.84769	308.9105513	854251.7398	2978530.293	10515.46863	0.5793812546	0.988447296	41459.47282	15935.16176	9932.155468	2119.2188	544.9283703	0.1029701838	0.02993730615	0.01006234627	0.2
7	1	65287.62341	321.0404548	672118.0715	3836392.513	13021.17803	0.4791528788	0.9663822884	40572.40859	15783.9186	9778.009017	2119.326349	533.1058742	0.1070134849	0.02355442024	0.01	0.2
7	1	67839.4902	1640.094012	1250704.027	1776052.398	1132.47274	0.9547010904	1.071091278	44762.35803	16499.55122	10508.43146	2113.083529	589.0388614	0.5466980039	0.04383100158	0.01362169501	0.1
7	1	65750.92562	2978.409758	795925.3284	3228649.241	489.8518221	0.9804059271	1.076730082	45010.48145	16540.48615	10549.00112	2119.315852	592.2465216	0.9928032528	0.02789325338	0.01	0
7	1	67088.91438	1026.464967	1123338.95	2067661.248	1945.271897	0.9221891241	1.063919828	44489.04487	16451.99326	10459.15513	2117.504035	585.326789	0.3421549889	0.03936748441	0.01105605677	0.1
7	1	63948.07059	399.8531701	314152.2388	6316679.342	22916.46222	0.08334151128	0.8792468363	37067.91183	15186.49971	9169.199878	2119.326788	486.4058279	0.13328439	0.01100948504	0.01	0.1
7	1	65987.13208	396.1508155	859046.2766	2956877.382	7976.221052	0.6809511579	1.010806946	42359.12185	16088.50334	10088.4009	2119.325742	556.9151676	0.1320502718	0.03010533099	0.01	0.1
7	1	66853.63357	870.0441066	1081803.968	2174665.225	2433.5942	0.902656232	1.059615661	44320.34135	16422.95255	10429.32416	2118.792247	583.0582939	0.2900147022	0.03791188834	0.01030824394	0.1
7	0	64083.84538	379.1113247	285346.8965	6725476.385	27015.22485	-0.08060899387	0.8431667054	35603.36846	14937.69451	8916.372611	2115.400648	466.9518973	0.1263704416	0.01	0.01228101828	0
7	1	66052.56554	328.6479385	844699.3565	3050067.766	10088.36472	0.5964654114	0.9922140728	41604.76373	15960.32623	9958.132911	2117.405855	546.893204	0.1095493128	0.02960254227	0.01111557414	0.1
7	1	71008.82492	195.681208	2200982.501	456010.8141	6141.905381	0.7543237847	1.026959481	43008.75992	16199.2485	10201.2575	2119.325302	565.5720818	0.06522706935	0.07713357068	0.01	0.1
7	1	64255.83157	4243.106238	311367.655	6531080.786	1854.604927	0.9258158029	1.064728821	44510.24844	16456.33196	10464.18511	2114.192	585.6618058	1.414368746	0.01091189913	0.01297977282	0.1
7	1	72664.43597	60.94993708	2518634.226	305914.0885	19153.11351	0.2338754597	0.9124100616	38375.94104	15411.12805	9399.494232	2111.800097	503.9555492	0.02031664569	0.08826569545	0.01437270116	0.5
7	1	66253.69633	4350	929877.3624	2679426.361	-27.8407336	1.001113629	1.081288834	45193.74661	16571.73305	10580.84822	2119.283428	594.6890518	1.45	0.03258761086	0.01001409892	0.1
7	1	67175.29191	329.447788	1145376.963	2005875.552	7253.35469	0.7098658124	1.017178351	42608.9359	16131.50094	10132.56394	2117.44481	560.2739259	0.1098159293	0.04013980796	0.01109266023	0.1
7	1	65009.02925	213.6939847	589853.5827	4313899.11	22868.86753	0.08524529891	0.879667453	37083.21481	15189.21155	9172.050073	2118.85529	486.6172221	0.07123132824	0.02067145604	0.01027392513	0.1
7	1	64757.21786	487.9307931	414451.6871	5718421.972	14446.8899	0.4221244039	0.953850207	40044.4468	15695.44502	9689.133852	2112.33349	526.1811842	0.1626435977	0.01452448554	0.01406267764	0.1
7	1	67932.91908	359.4617676	1379014.769	1433037.345	5236.054819	0.7905578072	1.034936179	43329.57439	16253.93841	10256.99012	2119.324985	569.8471751	0.1198205892	0.04832765963	0.01	0.1
7	0	66282.25576	95.94017032	761643.2252	3600151.232	40707.53018	-0.6283012072	0.7226170856	30732.03433	14108.73456	8072.840494	2108.694245	402.1439783	0.03198005677	0.02669183491	0.01617733444	0.9
7	0	66822.86281	30	1081666.165	2168990.035	90909.65582	-2.636386233	0.2805155421	12987.41858	11081.4571	4985.899314	2119.284375	165.5158845	0.01	0.03790705905	0.01002490455	0.9
7	0	63854.00632	330.4478679	289015.6455	6541784.327	30382.62301	-0.2153049203	0.8135016506	34423.70922	14735.73697	8709.842992	2119.326935	451.1698461	0.1101492893	0.01012857154	0.01	0.4
7	0	65957.61438	30	850453.6617	2993215.179	115832.3465	-3.63329386	0.06105242308	4160.842672	9576.772186	3452.526347	2119.284769	47.89513863	0.01	0.02980420226	0.01002469496	0.1
7	1	65360.76118	607.3556433	568718.1939	4623850.635	8379.210281	0.6648315888	1.007282065	42191.97148	16061.6306	10062.37884	2111.909511	554.8052669	0.2024518811	0.01993076501	0.01430859171	0.3
7	1	66909.46974	865.2330281	1105513.812	2097605.968	2344.96895	0.906201242	1.060394375	44353.47502	16428.48498	10434.86463	2119.322331	583.491425	0.2884110094	0.03874280133	0.01000023763	0.1
7	0	64414.1115	126.024439	438691.3546	5310603.715	53041.57748	-1.121663099	0.61397244	26398.85302	13367.72297	7315.746743	2119.327131	344.2326221	0.04200814634	0.01537396621	0.01	0.3
7	0	63849.4002	355.8212379	285346.8965	6580866.922	28543.97104	-0.1417588415	0.829692841	35074.39863	14846.69351	8822.942034	2119.179849	459.8431003	0.1186070793	0.01	0.01008543514	0.8
7	1	65520.01656	432.0019042	734219.8273	3518455.89	8613.588511	0.6554564596	1.005194444	42133.39285	16050.02285	10049.18675	2119.325845	553.9071597	0.1440006347	0.0257307802	0.01000000591	0.1
7	1	67856.1975	405.1596045	1276014.346	1702167.616	5346.026991	0.7861589204	1.033983724	43274.23486	16245.59279	10249.4	2114.348448	569.1885815	0.1350532015	0.04471800331	0.01289115743	0.1
7	1	72997.88549	95.94017032	2730224.985	218340.1974	10601.56231	0.5759375077	0.9876892749	41428.88052	15929.95336	9926.853436	2119.187993	544.5211932	0.03198005677	0.09568090694	0.01008025022	0.6
7	0	63964.32229	264.8300146	285346.8965	6651359.947	38743.3412	-0.549733648	0.7398856131	31456.10531	14230.28059	8195.117187	2117.327474	411.6559809	0.08827667155	0.01	0.01116168255	0.8
7	1	66081.23998	400.4362318	858974.888	2983159.808	7992.544596	0.6802982162	1.010668075	42348.32972	16086.99625	10087.14468	2117.804434	556.7954578	0.1334787439	0.03010282917	0.01088382391	0.2
7	1	63840.2774	3716.750725	285346.8965	6575303.126	2039.869299	0.9184052281	1.063081007	44461.52993	16446.90524	10453.63601	2119.322234	584.9313312	1.238916908	0.01	0.01	0.1
7	1	73839.9835	164.4883938	2790881.513	212424.5332	6436.302356	0.7425479058	1.02439928	42871.38124	16178.02772	10181.47987	2109.271627	563.9006974	0.05482946461	0.09780661881	0.01584080062	0.1
7	1	63840.2774	4350	285346.8965	6575303.126	1631.551724	0.934737931	1.066676552	44606.13898	16471.55704	10478.75782	2119.321353	586.8583552	1.45	0.01	0.01	0.1
7	1	64314.84189	1108.087547	412133.4193	5510814.01	5748.974631	0.7700410147	1.030419539	43147.91357	16222.97071	10225.43234	2119.323346	567.4264375	0.3693625156	0.01444324169	0.01000106293	0.1
7	1	64435.58984	330.072873	394514.3413	5746346.746	22295.27579	0.1081889683	0.8847264922	37277.99197	15222.97096	9206.919872	2116.315712	489.2530108	0.110024291	0.01382578	0.01174933124	0.1
7	1	65431.42308	235.3517562	529702.6634	4981174.388	23879.30203	0.04482791877	0.8708032299	36690.98165	15124.6291	9108.154565	2108.418061	481.5557899	0.07845058539	0.01856346328	0.01633764338	0.1
7	1	70075.93692	324.1497453	1738436.923	935282.4084	5436.882314	0.7825247074	1.033208926	43216.07763	16237.40335	10242.50402	2106.460944	568.5385598	0.1080499151	0.0609236317	0.01747342685	0.2
7	0	65204.20277	133.3105163	596849.341	4339524.95	36851.23974	-0.4740495894	0.7565508251	32122.26895	14344.10444	8311.331008	2116.131387	420.5520613	0.04443683878	0.02091662283	0.01185656173	0.9
7	1	65183.35684	1442.902417	644255.1387	3988226.677	2435.032321	0.9025987072	1.059601298	44321.57968	16423.04763	10429.32354	2119.322872	583.0663892	0.4809674724	0.022577962	0.01	0.9
7	1	65389.27519	198.5856366	699282.259	3693932.62	20656.45044	0.1737419825	0.8991479472	37868.3137	15322.94589	9308.247509	2119.326724	497.0717828	0.06619521221	0.02450639091	0.01	0.1
7	1	68613.8738	398.1475181	1536685.331	1160191.681	4202.229258	0.8319108297	1.044044487	43690.88408	16315.85216	10320.3537	2117.858633	574.6851216	0.1327158394	0.05385323442	0.01085157795	0.1
7	1	71783.23532	50.50108276	2402214.145	345217.4236	23780.64624	0.04877415025	0.8716381464	36760.71889	15134.20724	9115.97374	2118.982228	482.3177113	0.01683369425	0.08418574637	0.01020019103	0.6
7	1	64209.6675	395.8599434	298021.7436	6655969.48	24822.41419	0.007103432593	0.8624801054	36375.80817	15069.65025	9051.07643	2114.136962	477.2652567	0.1319533145	0.01044419082	0.01301515386	0.8
7	1	68213.69168	102.8739568	1332570.718	1594626.806	21460.43763	0.1415824947	0.8920916925	37559.43867	15271.89367	9257.568657	2111.999199	493.0718898	0.03429131893	0.04670002492	0.01425707494	0.1
7	1	65968.50161	171.6280872	854052.5	2977534.419	19529.46906	0.2188212378	0.9090718725	38267.44046	15390.98607	9377.585089	2119.325769	502.3904606	0.05720936241	0.02993032377	0.01000053253	0.2
7	1	69035.8992	3542.781637	1477391.608	1337608.19	653.2442365	0.9738702305	1.075329212	44913.59695	16526.56033	10536.98685	2107.456527	591.1431425	1.180927212	0.05177528217	0.01688180528	0.1
7	1	65955.33503	350.996614	850549.2179	2992085.172	9199.301054	0.6320279578	1.000036802	41925.95794	16014.66098	10013.15069	2119.325946	551.1429339	0.1169988713	0.02980755103	0.01	0.2
7	0	64062.54333	325.5343174	343489.8504	6066366.124	25843.90664	-0.03375626564	0.8534687187	36030.88426	15009.73198	8989.07582	2119.251291	472.5878556	0.1085114391	0.01203762349	0.01004390081	0.1
7	1	70422.72163	660.5735951	1704330.117	1024895.176	3348.92115	0.866043154	1.051619485	43930.35636	16360.84023	10369.69984	2098.810785	578.1780258	0.2201911984	0.05972835654	0.02191634676	0.1
7	1	63852.16472	1423.729574	288523.5205	6546270.588	6476.699307	0.7409320277	1.024011367	42890.18988	16179.03562	10180.65925	2119.325399	563.9920472	0.4745765247	0.01011132499	0.01	0
7	1	68543.31538	323.442727	1542129.666	1141759.425	5198.908001	0.79204368	1.035263285	43342.73024	16256.18112	10259.27559	2119.32497	570.0224867	0.1078142423	0.05404403149	0.01	0.1
7	1	64494.11873	3212.006169	458126.417	5172243.414	1264.98259	0.9494006964	1.069904846	44735.57599	16493.6481	10501.29163	2119.2029	588.5850594	1.070668723	0.0160550692	0.01006816612	0.1
7	1	66602.19712	171.6162523	984530.4963	2516370.916	17009.3056	0.319627776	0.931271321	39152.2553	15542.33494	9532.2504	2116.981374	514.2184248	0.05720541743	0.03450293339	0.01136249224	0.1
7	1	67389.1092	1324.494065	1233693.621	1754588.865	1055.505021	0.9577797991	1.071749078	44810.15068	16506.33535	10514.1992	2119.31944	589.5769641	0.4414980218	0.04323487083	0.01	0.1
7	1	68007.82104	170.5043072	1396504.377	1399771.415	11739.07262	0.5304370954	0.977672683	41025.97487	15861.27231	9856.865549	2119.17385	539.1523993	0.05683476907	0.04894058405	0.01008853378	0.8
7	1	64275.6168	890.7468562	401681.7116	5591577.695	7549.054364	0.6980378254	1.014568471	42510.40646	16114.29314	10114.68241	2119.325657	558.9311485	0.2969156187	0.01407696094	0.01	0
7	1	72418.00081	166.4642671	2535390.353	290412.1004	6465.76855	0.741369258	1.024115764	42885.68349	16178.82357	10180.9106	2116.781989	563.9722933	0.05548808903	0.08885291496	0.01147761222	0.1
7	1	66545.72108	451.4148899	871945.2453	3044931.991	7382.828914	0.7046868434	1.016058548	42542.18026	16121.50854	10123.54726	2111.099322	559.4848944	0.15047163	0.03055737616	0.01477915038	0.2
7	1	67116.58597	364.395019	1160867.821	1941933.077	6267.245313	0.7493101875	1.025855768	42964.36974	16191.68121	10193.54594	2119.325339	564.9805495	0.1214650063	0.04068268608	0.01	0.1
7	1	66453.10377	970.6032649	924810.5613	2753593.244	2803.317914	0.8878672834	1.056369613	44179.47371	16399.59757	10406.07779	2115.778748	581.2288766	0.3235344216	0.0324100445	0.0120591194	0.1
7	1	74632.25402	276.1036212	2853468.965	205026.5985	4377.536594	0.8248985362	1.042557069	43570.87896	16299.2397	10306.65617	2100.274298	573.3645581	0.0920345404	0.1	0.02106704654	0.1
7	1	64861.30932	4003.495931	558195.0717	4496196.937	566.1402879	0.9773543885	1.076058304	44983.46325	16535.8803	10544.30745	2119.316514	591.886484	1.334498644	0.01956198152	0.01	0.1
7	1	66107.66698	2928.78967	891256.5586	2827134.123	374.61536	0.9850153856	1.077744826	45051.29339	16547.44345	10556.09106	2119.314685	592.7903714	0.9762632235	0.03123414236	0.01	0.2
7	1	64135.21604	4064.547811	285375.136	6757252.601	2140.604954	0.9143758018	1.062209169	44410.19889	16439.194	10446.65123	2114.569152	584.3226073	1.35484927	0.01000098965	0.0127611158	0.1
7	1	73657.44461	909.0651368	2853468.965	187309.3561	621.1180522	0.9751552779	1.075584863	44953.0049	16531.41744	10540.37257	2115.979066	591.5334547	0.3030217123	0.1	0.01193793961	0.1
7	1	66336.38637	390.3721811	952376.7522	2596386.238	7236.318721	0.7105472512	1.017322345	42621.16438	16133.17428	10133.92353	2119.325589	560.4070807	0.1301240604	0.0333761034	0.01	0.1
7	1	66432.34793	878.6899973	978020.3539	2505273.661	2696.510405	0.8921395838	1.057298786	44228.97505	16407.26112	10413.23605	2119.323214	581.8323631	0.2928966658	0.03427478504	0.01	0.8
7	1	65295.38034	988.3690879	674190.9406	3825330.554	3699.236054	0.8520305578	1.048469029	43873.85147	16346.72246	10351.54317	2119.324154	577.1000752	0.3294563626	0.02362706407	0.01	0
7	1	67366.8685	406.5551419	1225224.002	1776969.841	5217.857793	0.7912856883	1.035096906	43335.51705	16254.98479	10258.08446	2119.172584	569.9287801	0.1355183806	0.04293805251	0.01008853378	0.1
7	1	65950.30647	467.4403653	849205.4472	2997691.386	6728.94037	0.7308423852	1.021790194	42800.85662	16163.80679	10165.14007	2119.325466	562.8016145	0.1558134551	0.0297604585	0.01	0.1
7	0	63844.05472	113.316034	286244.7606	6567338.27	90946.24539	-2.637849816	0.2801932276	12974.57912	11079.26043	4983.654118	2119.320514	165.3442165	0.03777201133	0.01003146571	0.01000390893	0.9
7	1	64913.2607	421.8199923	572077.9263	4410078.655	11562.26882	0.5375092471	0.979229086	41089.09336	15871.99893	9867.768669	2119.326224	539.991086	0.1406066641	0.02004850704	0.01	0.1
7	1	65459.06323	184.838828	690998.5445	3771887.373	22642.07144	0.09431714231	0.8816682558	37159.73814	15202.50881	9185.812788	2117.702133	487.6552234	0.06161294266	0.02421608761	0.01094386952	0.3
7	0	64915.89191	30	572781.0592	4405761.129	172351.8392	-5.894073569	-0.436644541	-15855.86327	6164.473213	-24.83856869	2119.327316	-218.8431455	0.01	0.02007314838	0.01	0.1
7	1	65767.74509	396.3316617	798991.9122	3216479.494	8635.126828	0.6545949269	1.005005058	42125.48117	16048.69296	10047.84734	2119.239715	553.8030952	0.1321105539	0.028000722	0.01005004607	0.3
7	1	64453.92781	305.7387115	449331.3822	5232470.436	20888.69595	0.1644521619	0.89710285	37786.06203	15308.92428	9293.958562	2119.326731	495.9757177	0.1019129038	0.01574684665	0.01	0.9
7	1	64575.99266	425.3842332	481950.5104	5000029.108	13744.93222	0.4502027112	0.9600090861	40316.08506	15740.22259	9733.47991	2119.326401	529.690171	0.1417947444	0.01688998606	0.01	0.2
7	1	63889.00972	407.1220731	298236.1349	6458594.47	23735.47698	0.05058092071	0.8720348184	36777.82447	15137.04968	9118.808515	2119.318762	482.5403239	0.1357073577	0.01045170418	0.01000467485	0.2
7	1	64589.48292	315.7395152	444097.9997	5347116.033	20629.35381	0.1748258475	0.89939456	37869.67281	15323.72444	9309.500519	2116.825933	497.1295167	0.1052465051	0.01556344243	0.01145288012	0.5
7	1	63842.71337	4257.35665	285997.8568	6569343.248	1678.129033	0.9328748387	1.066266403	44589.64324	16468.74498	10475.89215	2119.321469	586.6385371	1.419118883	0.01002281295	0.01	0.1
7	0	66479.60822	30	990649.6203	2461583.607	99328.96309	-2.973158524	0.2063770444	10005.79245	10573.16369	4467.907018	2119.327255	125.7828022	0.01	0.03471737848	0.01	0.1
7	1	63840.58876	407.6370569	285346.8965	6575492.943	24809.58067	0.0076167731	0.8625765143	36397.43173	15072.20267	9052.724593	2119.321814	477.4712576	0.135879019	0.01	0.01000291592	0.1
7	1	66792.4429	172.7559013	1011681.36	2442968.689	16526.30179	0.3389479284	0.9355291092	39318.6084	15571.00596	9561.730678	2115.552439	516.4578442	0.05758530044	0.03545443711	0.01219264352	0.1
7	1	73523.75398	95.94017032	2592915.889	291117.1252	12405.45071	0.5037819717	0.9718583322	40734.81401	15815.29928	9813.093602	2102.428538	535.5377763	0.03198005677	0.09086890099	0.01981702361	0.1
7	1	73020.51545	3669.875467	2658431.279	247911.7	-113.2773519	1.004531094	1.082056565	45208.16303	16575.24234	10585.30833	2114.446241	594.9573615	1.223291822	0.09316489198	0.01280819513	0.1
7	1	65523.36913	394.6539137	735115.8952	3514066.478	9488.614597	0.6204554161	0.9974891779	41823.49516	15997.19394	9995.350618	2119.325987	549.7775405	0.1315513046	0.02576218295	0.01	0.1
7	1	68170.16405	122.8304664	1442413.236	1311904.016	16025.10519	0.3589957922	0.9399304406	39508.54293	15602.5592	9593.191858	2119.326537	518.9290669	0.04094348881	0.0505494629	0.01	0.2
7	1	63872.8132	4259.487758	293736.2408	6499594.821	1613.896073	0.9354441571	1.066832082	44612.33125	16472.61668	10479.84104	2119.302899	586.9411634	1.419829253	0.0102940051	0.0100106932	0.1
7	1	67286.30995	431.3776535	1135089.113	2063233.203	5618.085707	0.7752765717	1.031585846	43180.1411	16229.40252	10232.77506	2115.034113	567.92385	0.1437925512	0.03977926961	0.0124928844	0.3
7	1	64944.50662	686.8670456	580427.7054	4359079.618	6696.538812	0.7321384475	1.022075514	42812.3319	16165.763	10167.13358	2119.325458	562.9545312	0.2289556819	0.02034112557	0.01	0.9
7	1	66820.20349	326.023414	1081666.165	2168455.326	7670.42913	0.6931828348	1.013499674	42467.42058	16106.96525	10107.21481	2119.325682	558.3583294	0.1086744713	0.03790705905	0.01	0.9
7	0	66302.49944	138.1587025	303266.7149	8007848.025	73003.21558	-1.920128623	0.4383187488	19202.09827	12149.32	6081.209926	2080.718042	248.9421982	0.04605290083	0.01062800117	0.03243075055	0.1
7	1	67333.2869	467.062624	1133219.2	2078992.289	5225.605724	0.790975771	1.035044715	43316.27526	16252.79985	10256.77838	2114.163872	569.751725	0.1556875413	0.03971373838	0.01299835563	0.1
7	1	66821.19758	310.0128362	1081931.813	2167653.019	8103.897786	0.6758440886	1.009682655	42313.90407	16080.79497	10080.54557	2119.325766	556.3126069	0.1033376121	0.03791636869	0.01	0.1
7	1	64275.99751	308.4027707	401783.4496	5590785.283	23242.05585	0.07031776617	0.8763797385	36952.60015	15166.84229	9149.167671	2119.326796	484.8692134	0.1028009236	0.01408052635	0.01	0.8
7	1	66006.28992	1440.541077	864165.785	2935864.876	1624.607117	0.9350157153	1.066737704	44608.59847	16471.97632	10479.18509	2119.321336	586.8911297	0.4801803589	0.03028474449	0.01	0.2
7	1	66843.88449	822.1434007	1075315.138	2197370.333	2654.727962	0.8938108815	1.057669161	44241.25335	16409.52148	10415.68007	2118.55826	582.0080988	0.2740478002	0.03768448689	0.01044434508	0.1
7	1	66295.84346	170.935837	941542.5583	2635869.343	17718.15642	0.2912737431	0.9250218456	38908.93483	15500.34275	9489.026577	2119.326616	510.9388395	0.05697861234	0.03299641839	0.01	0.7
7	1	66933.40901	319.7735634	1079709.509	2198807.878	7990.281578	0.6803887369	1.010689352	42347.74257	16086.98834	10087.2141	2117.382858	556.794313	0.1065911878	0.03783848789	0.0111287428	0.1
7	1	67942.75787	469.7907526	1310510.286	1615921.426	4374.619709	0.8250152116	1.042535504	43620.52487	16304.47566	10309.27953	2115.033499	573.7922939	0.1565969175	0.0459269157	0.0124928844	0.1
7	1	64217.59317	328.2330501	386176.1819	5713668.72	22703.28881	0.09186844753	0.8811239892	37143.40896	15199.36987	9182.31541	2119.326783	487.4118837	0.1094110167	0.01353356867	0.01	0.1
7	1	70535.80258	309.5864473	2074577.754	543811.9747	3866.669479	0.8453332208	1.046994651	43814.55353	16336.61382	10341.2418	2119.324271	576.3098858	0.1031954824	0.07270370834	0.01	0.1
7	1	64964.45972	396.3659717	585759.7296	4326821.503	12047.48421	0.5181006318	0.9749563981	40917.25032	15842.70449	9837.915705	2119.326269	537.7011486	0.1321219906	0.0205279867	0.01	0.3
7	1	73291.11363	4047.888219	2799042.153	199038.7715	-451.2430657	1.018049723	1.085019418	45341.42713	16597.05922	10606.78396	2118.558513	596.6679288	1.349296073	0.09809260894	0.01041463475	0.1
7	0	64575.99266	195.3195576	481950.5104	5000029.108	30836.01563	-0.2334406251	0.8095091861	34263.13647	14708.3638	8681.94793	2119.326941	449.0300939	0.06510651919	0.01688998606	0.01	0.9
7	1	64233.12596	1197.131976	390326.4223	5680731.795	5601.187111	0.7759525156	1.031720914	43200.25965	16231.89387	10234.52529	2119.32509	568.1239599	0.3990439918	0.01367901411	0.01000001945	0.9
7	1	65135.13252	847.6508091	605447.5585	4247796.324	5143.55119	0.7942579524	1.035755749	43357.18501	16258.98717	10262.42251	2117.76132	570.2398808	0.2825502697	0.02121794791	0.01090839253	0.1
7	0	72832.92076	32.37430214	2683322.864	233310.2233	33500.43197	-0.340017279	0.7860479742	33318.49627	14547.3964	8517.968203	2119.018802	436.4469379	0.01079143405	0.09403721914	0.01017904047	0.6
7	1	65525.08219	413.4360681	735573.6723	3511826.263	9016.707651	0.639331694	1.001644675	41990.62491	16025.6849	10024.38478	2119.325919	552.0046696	0.1378120227	0.02577822578	0.01	0.1
7	1	68320.72067	359.4617676	1480119.876	1245863.805	4837.064317	0.8065174273	1.03845008	43470.37821	16277.97486	10281.51285	2119.172419	571.7259061	0.1198205892	0.05187089448	0.01008853378	0.1
7	1	73662.59202	4029.952355	2736855.241	229555.5859	254.7110069	0.9898115597	1.078834141	45059.32714	16551.09878	10561.73724	2108.820667	593.0630457	1.343317452	0.09591326468	0.01607288049	0.1
7	1	63840.2774	4122.561599	285346.8965	6575303.126	1763.767551	0.9294492979	1.065512291	44559.31365	16463.57463	10470.62322	2119.32167	586.2343726	1.3741872	0.01	0.01	0.1
7	1	72665.74168	166.452475	2535390.353	297159.7625	6752.799916	0.7298880034	1.021601021	42770.87471	16160.12515	10162.58965	2112.788498	562.5056537	0.05548415833	0.08885291496	0.01379770971	0.1
7	1	66947.73568	1472.306883	1115746.319	2067913.281	1045.862236	0.9581655106	1.07183399	44813.56576	16506.91752	10514.79248	2119.319398	589.6224725	0.4907689608	0.03910140019	0.01	0.1
7	1	64139.3942	918.9434508	285346.8965	6760202.842	10925.50247	0.5629799011	0.9848517318	41298.72729	15908.79004	9906.147396	2114.504471	542.8610101	0.3063144836	0.01	0.01280123394	0
7	1	67011.83721	3862.651552	1123554.367	2052168.842	-39.21498322	1.001568599	1.081390715	45196.00267	16572.2353	10581.45893	2118.743961	594.7276401	1.287550517	0.03937503372	0.01032667841	0.1
7	1	67588.84177	224.1498297	1253871.784	1725717.239	9962.865355	0.6014853858	0.9933194528	41648.93947	15967.87495	9965.840663	2117.323596	547.4831818	0.07471660989	0.04394201582	0.01116335394	0.1
7	1	63913.0517	752.4219063	300452.6111	6448090.878	12412.45492	0.5035018032	0.9717433937	40787.13026	15820.57992	9815.417448	2119.064406	535.9713509	0.2508073021	0.01052938072	0.01015215181	0.9
7	1	65390.43544	227.3862949	532166.6113	4941052.332	24542.76678	0.01828932886	0.8649583304	36458.67601	15084.85049	9067.468798	2109.227414	478.4473199	0.07579543164	0.01864981249	0.01586744421	0.1
7	1	66119.74739	427.1841843	894484.7804	2814448.915	7020.044444	0.7191982222	1.019226803	42697.7597	16146.23164	10147.22984	2119.325539	561.4277708	0.1423947281	0.03134727559	0.01	0.2
7	1	64675.71716	321.3399795	508599.6737	4817814.249	17436.55022	0.3025379913	0.927501601	39008.668	15517.34447	9506.352449	2119.326604	512.2678587	0.1071133265	0.01782390767	0.01	0.1
7	0	64867.94569	272.354299	384966.3106	6081571.028	28364.57154	-0.1345828615	0.8313059157	35103.64682	14853.95578	8832.255892	2108.770466	460.3977815	0.09078476634	0.01349116865	0.01613296258	0.9
7	1	65726.50483	405.6243396	789399.4133	3258134.288	8525.271601	0.658989136	1.005972141	42164.67105	16055.35491	10054.62047	2119.32584	554.323965	0.1352081132	0.02766455227	0.01	0.3
7	1	74031.51246	3290.517264	2787752.665	217410.7231	515.6871836	0.9793725127	1.076545258	44957.42483	16534.35633	10545.20428	2105.953065	591.7506989	1.096839088	0.09769696812	0.0177441234	0.1
7	1	72820.90227	3048.660148	2473811.061	335560.6159	544.4253083	0.9782229877	1.07629035	44949.14794	16532.81916	10543.53173	2106.538119	591.6312593	1.016220049	0.08669486479	0.01740884141	0.1
7	0	64343.65919	30	417515.6605	5474051.785	236740.5606	-8.469622425	-1.003635418	-38660.12838	2277.013483	-3986.389698	2119.185651	-522.7248267	0.01	0.01463186268	0.01008231639	0.9
7	1	73284.25003	3138.4988	2809039.482	195481.9528	-427.5810988	1.017103244	1.084808772	45335.3979	16595.87534	10605.44634	2119.284454	596.576277	1.046166267	0.09844296596	0.01	0.1
7	1	70887.75824	3554.487883	2162235.256	482370.1214	-350.2707188	1.014010829	1.08412923	45306.74717	16591.07554	10600.62593	2118.904213	596.2005963	1.184829294	0.07577567102	0.01022410813	0.1
7	1	63840.2774	714.503833	285346.8965	6575303.126	13825.54454	0.4469782184	0.9592992337	40287.53554	15735.35569	9728.520223	2119.326407	529.3097272	0.2381679443	0.01	0.01	0
