#gen	Feasible	f1	f2	f3	f4	f5	c1	c2	c3	c4	c5	c6	c7	x1	x2	x3	ras
32	1	63913.48522	4221.710488	304910.0644	6398530.661	1545.94181	0.9381623276	1.067430412	44636.45844	16476.72567	10484.02499	2119.32113	587.2623847	1.407236829	0.01068559245	0.01	0.1
32	1	66453.40882	4350	983648.4117	2485708.819	-69.78350937	1.00279134	1.081658094	45208.68093	16574.27363	10583.43278	2119.306556	594.8876783	1.45	0.03447202068	0.01	0.1
32	1	73450.5107	67.80844302	2853468.965	183749.9671	14609.19167	0.4156323331	0.9523986287	40010.00042	15688.0437	9680.306192	2119.326457	525.6113638	0.02260281434	0.1	0.01	0.1
32	1	68251.75081	121.518575	1060345.386	2569822.874	24069.53471	0.03721861178	0.8691711598	36579.2948	15108.53153	9094.222666	2094.964655	480.2806358	0.04050619166	0.03715987099	0.02415365334	0.1
32	0	63843.52963	249.9185011	285346.8965	6577286.051	40952.35992	-0.6380943968	0.7204273006	30680.17676	14097.58064	8059.529347	2119.274628	401.2853007	0.08330616702	0.01	0.01003045718	0.9
32	1	67302.45166	878.4373747	1210536.312	1812113.151	2032.438775	0.918702449	1.063146438	44464.16151	16447.35385	10454.09318	2119.32222	584.966399	0.2928124582	0.04242332148	0.01	0.1
32	1	65698.47887	494.9012472	620683.1482	4358467.527	9616.933078	0.6153226769	0.9963903739	41746.01516	15986.11248	9985.84532	2109.600426	548.8991529	0.1649670824	0.02175188011	0.01565020862	0.8
32	1	73395.45765	4349.867829	2838742.835	187559.3011	-524.0318742	1.020961275	1.085658096	45369.55388	16601.69817	10611.38035	2119.266379	597.0314447	1.449955943	0.09948392185	0.01000050534	0
32	1	66252.00809	349.1228553	832033.1997	3176226.361	9898.979571	0.6040408172	0.9938944912	41658.72959	15970.39601	9969.125971	2113.426808	547.675383	0.1163742851	0.029158656	0.01342724338	0.1
32	1	66986.56639	631.3171867	959719.4407	2722702.52	4864.931969	0.8054027212	1.038236333	43427.94711	16272.90321	10278.16133	2109.286711	571.3171043	0.2104390622	0.03363342838	0.01583162212	0
32	1	73276.63959	253.0236998	2681938.01	243694.9961	4159.985784	0.8336005686	1.044435934	43685.82283	16316.31857	10321.94617	2111.779799	574.7139853	0.08434123327	0.09398868686	0.01438300717	0.8
32	1	64885.38972	546.5523039	564630.0245	4456072.442	8874.478067	0.6450208773	1.002897114	42040.99669	16034.27188	10033.13548	2119.325897	552.6759114	0.1821841013	0.01978749485	0.01	0
32	1	63840.2774	4349.757956	285346.8965	6575303.126	1631.685081	0.9347325967	1.066675377	44606.09175	16471.54899	10478.74962	2119.321354	586.8577258	1.449919319	0.01	0.01	0.1
32	1	67817.08151	717.8325815	1210536.312	1900670.792	3253.536158	0.8698585537	1.052420313	44004.37459	16370.78706	10377.59123	2111.027525	578.9708307	0.2392775272	0.04242332148	0.01481951733	0.1
32	0	64656.63812	282.5459664	382934.6114	5984705.225	27250.6654	-0.09002661612	0.8411041878	35508.96196	14922.33265	8901.332919	2112.054094	465.7468831	0.09418198881	0.01341996763	0.01422526454	0.8
32	1	66740.41842	3962.341063	1060345.373	2233826.036	-56.97267884	1.002278907	1.081545285	45204.14387	16573.50019	10582.64459	2119.306934	594.8272185	1.320780354	0.03715987052	0.01	0.1
32	0	65107.24208	197.7052806	558940.3949	4593932.403	26435.61963	-0.05742478519	0.8482705452	35808.66297	14972.69	8952.034058	2115.407476	469.6874922	0.06590176021	0.01958810142	0.01227704461	0.9
32	1	65960.397	311.8433026	831409.7823	3094858.595	10797.23742	0.5681105031	0.985969723	41355.96388	15917.76321	9914.632669	2118.090017	543.5669209	0.1039477675	0.0291368083	0.01071814818	0
32	1	68448.33325	503.3800127	1323951.105	1654323.609	4532.995909	0.8186801637	1.041164378	43540.26082	16292.39772	10298.32012	2107.694336	572.8389939	0.1677933376	0.04639795005	0.0167565722	0
32	1	64963.40513	519.2498697	571241.4625	4437082.364	9325.511616	0.6269795354	0.9989281723	41878.43072	16006.74671	10005.24335	2118.467189	550.5232044	0.1730832899	0.02001919311	0.01049891734	0.1
32	1	63904.03677	4305.671438	302385.1764	6421075.667	1519.798125	0.939208075	1.067660627	44645.71744	16478.30407	10485.63348	2119.321058	587.3857678	1.435223813	0.01059710759	0.01	0.8
32	1	66930.53383	129.8670271	1060345.373	2273549.174	21057.33181	0.1577067274	0.8956276955	37716.24373	15297.69236	9283.075733	2116.262139	495.0938922	0.04328900904	0.03715987052	0.01178043401	0
32	1	65185.31606	440.8742002	644482.9599	3987370.26	9705.711314	0.6117715475	0.9955775345	41746.5498	15984.0808	9981.990749	2119.308176	548.7524685	0.1469580667	0.02258594601	0.01001036415	0.1
32	1	63840.29781	4350	285346.8965	6575315.566	1631.575325	0.934736987	1.066676345	44606.12954	16471.55551	10478.75632	2119.321025	586.8582346	1.45	0.01	0.0100001911	0.9
32	1	65883.71286	327.8667877	831409.7791	3072933.228	10147.81174	0.5940875305	0.9916844492	41590.03504	15957.39551	9954.793395	2119.326072	546.6665094	0.1092889292	0.02913680819	0.01	0
32	1	68142.51321	4298.6361	1435024.158	1325477.565	-282.7643304	1.011310573	1.083533551	45284.10985	16587.13216	10596.53646	2119.297351	595.8928252	1.4328787	0.05029051219	0.01000000007	0.1
32	1	65819.67052	239.2045265	814295.8806	3147073.335	14507.05874	0.4197176505	0.9532979864	40046.17165	15694.20989	9686.589939	2119.326451	526.0933724	0.07973484216	0.02853705054	0.01	0.3
32	1	66434.28994	562.9184594	978539.3141	2503463.171	4635.394023	0.8145842391	1.040225451	43542.30338	16290.20277	10293.94589	2119.324717	572.6819483	0.1876394865	0.03429297203	0.01	0
32	1	65107.80332	352.8282888	590594.1085	4347979.966	13655.54163	0.453778335	0.9608027019	40341.09296	15744.92725	9738.645344	2117.307357	530.0554097	0.1176094296	0.02069740781	0.01117299417	0.2
32	1	65351.93303	315.4225943	689303.395	3745640.426	12916.88703	0.4833245189	0.9673006495	40609.34411	15790.21507	9784.42554	2119.326341	533.5980677	0.1051408648	0.02415668099	0.01	0.9
32	1	66312.73455	471.9084209	946056.3261	2619347.351	5898.071842	0.7640771263	1.029106619	43095.11558	16213.96973	10216.25941	2119.325225	566.7228358	0.157302807	0.03315460367	0.01	0
32	1	65883.71286	573.2678904	831409.7791	3072933.228	5476.320313	0.7809471875	1.03282046	43244.48237	16239.4326	10242.20775	2119.325078	568.7132603	0.1910892968	0.02913680819	0.01	0
32	1	65184.20937	320.4890683	644482.9599	3986961.157	13637.05806	0.4545176776	0.9609589995	40354.28958	15746.7354	9740.116888	2119.326394	530.1992749	0.1068296894	0.02258594601	0.01	0.4
32	0	63946.41279	122.7594584	313709.2282	6320578.771	76479.39196	-2.059175678	0.4075847787	18098.15712	11952.686	5873.730992	2119.327212	233.6196272	0.04091981948	0.0109939597	0.01	0.8
32	1	64856.85846	897.499282	557005.3432	4503655.365	5185.532765	0.7925786894	1.035381064	43347.46712	16256.98863	10260.0985	2119.324945	570.0856096	0.2991664273	0.01952028741	0.01000001164	0
32	1	65553.6473	301.407198	743207.0666	3474680.638	12514.62365	0.499415054	0.9708428824	40751.80902	15814.50136	9809.174866	2119.326309	535.4965193	0.100469066	0.02604573856	0.01	0.1
32	1	65481.8242	574.6582619	724013.9324	3568835.67	6384.77934	0.7446088264	1.024820792	42922.74409	16184.5852	10186.31464	2119.325373	564.4258565	0.191552754	0.02537311396	0.01	0
32	1	64856.83151	274.3089461	556998.4744	4503697.94	18704.51979	0.2518192085	0.9163361711	38559.60609	15440.79195	9428.340393	2119.326656	506.2837721	0.09143631536	0.0195200467	0.01	0
32	1	65429.5878	669.7867054	709995.1355	3639291.07	5490.690914	0.7803723634	1.032693928	43239.38103	16238.56375	10241.32299	2119.321478	568.6453381	0.2232622351	0.02488182434	0.01000209491	0.9
32	1	65070.16419	279.4801593	614006.882	4159869.774	16570.04602	0.3371981591	0.9351318249	39315.54763	15569.65888	9559.664275	2119.326562	516.3572597	0.09316005311	0.02151790994	0.01000000097	0.1
32	1	68744.18152	367.8625911	1595806.696	1059498.953	4302.37808	0.8279048768	1.043157908	43660.24373	16310.30831	10314.43475	2119.32454	574.2535919	0.1226208637	0.05592514639	0.01	0.1
32	1	65318.73033	219.0320096	680430.7072	3792223.91	19194.87075	0.23220517	0.9120182605	38385.94424	15411.18745	9398.171462	2119.326674	503.9695978	0.07301066985	0.02384573708	0.01	0.1
32	0	65230.77247	98.73297658	554526.4178	4682675.385	54011.32441	-1.160452976	0.6054528618	26035.06288	13307.05764	7255.06003	2113.150225	339.4827134	0.03291099219	0.01943341332	0.01358859692	0
32	0	64031.68385	212.7693632	311479.7223	6395508.116	44229.21427	-0.7691685708	0.6915767862	29514.85375	13899.24411	7857.679089	2117.818052	385.7795767	0.07092312108	0.01091582653	0.01087669816	0.8
32	1	65883.71286	172.483826	831409.779	3072933.228	19978.67559	0.2008529766	0.9051162668	38108.35327	15363.86594	9349.947729	2119.326701	500.27049	0.05749460865	0.02913680819	0.01	0
32	0	73236.77644	30	2583557.192	288127.4597	38536.42918	-0.541457167	0.7417423244	31493.68985	14239.0574	8206.053002	2106.490812	412.3285201	0.01	0.09054092488	0.01745745008	0.8
32	1	67302.45513	490.5820906	1210536.397	1812113.468	4244.103346	0.8302358662	1.043671061	43680.88204	16313.82657	10318.02011	2119.324456	574.5286137	0.1635273635	0.04242332443	0.01000002954	0.1
32	0	65369.56892	152.7866511	662015.0361	3934206.064	28783.56591	-0.1513426363	0.8275887366	34983.67005	14831.61679	8807.905611	2117.396544	458.6623289	0.05092888369	0.02320035873	0.01112148267	0.1
32	1	64101.69958	4350	287690.4129	6709204.574	1904.242169	0.9238303132	1.064288345	44496.14837	16453.6973	10461.30609	2115.24864	585.4571756	1.45	0.01008212868	0.01236609453	0.1
32	1	66740.41842	238.0830044	1060345.373	2233826.036	11018.47751	0.5592608996	0.9840175793	41281.68155	15904.82984	9901.225527	2119.32617	542.557468	0.07936100147	0.03715987052	0.01	0
32	1	66962.62431	1679.515659	702536.3301	4249921.746	3561.75627	0.8575297492	1.049760213	43839.64787	16346.39476	10355.83438	2094.156138	577.0430118	0.559838553	0.02462043004	0.02462040244	0.1
32	1	65883.71286	245.1931834	831409.779	3072933.228	13827.36542	0.4469053834	0.9592831995	40286.89066	15735.24576	9728.408193	2119.326407	529.3011337	0.08173106113	0.02913680819	0.01	0
32	1	67726.86052	176.8837634	1323950.182	1547287.583	11937.5117	0.5224995319	0.975924789	40956.19799	15849.34398	9844.681783	2119.326259	538.2201556	0.05896125446	0.0463979177	0.01	0.1
32	1	67963.4995	418.0400429	1210536.312	1926648.225	5877.878353	0.7648848659	1.029318554	43067.16776	16211.53557	10215.73727	2108.669089	566.5192426	0.139346681	0.04242332148	0.01619072436	0.1
32	1	66804.18776	316.4382605	1068865.839	2214003.935	8066.90123	0.6773239508	1.010010084	42325.31374	16082.85239	10082.73668	2118.811783	556.4727925	0.1054794202	0.03745847081	0.01029860066	0.1
32	1	65606.73515	272.7790783	757393.6194	3406686.502	13633.47569	0.4546609725	0.960990545	40355.55831	15746.95168	9740.337294	2119.326394	530.2161817	0.09092635943	0.0265429072	0.01	0.9
32	1	67953.87374	862.0122566	1060345.371	2499822.492	3892.988845	0.8442804462	1.046825514	43740.80175	16328.31857	10336.38341	2099.762497	575.6370059	0.2873374189	0.03715987045	0.02136402999	0.1
32	1	65883.71286	239.842563	831409.7789	3072933.229	14152.90483	0.4338838067	0.956416579	40171.59818	15715.59161	9708.379322	2119.326429	527.764775	0.079947521	0.02913680818	0.01	0
32	1	64037.80658	4247.208655	338132.1669	6109156.008	1306.377047	0.9477449181	1.06953996	44721.30228	16491.18917	10498.76425	2119.320402	588.3929924	1.415736218	0.01184986314	0.01000000106	0.1
32	1	63904.03808	4324.036421	302385.1764	6421076.446	1510.095679	0.9395961729	1.067746064	44649.15357	16478.88984	10486.23043	2119.32101	587.4315572	1.441345474	0.01059710759	0.01000001226	0.1
32	0	72746.0941	30	2665229.225	238841.8656	36439.32208	-0.4575728834	0.7601678401	32278.67913	14370.06921	8337.203492	2119.327011	422.5857123	0.01	0.09340312645	0.01	0.1
32	1	73438.52236	495.5847645	2850265.347	184571.8338	1340.939923	0.9463624031	1.069235608	44709.06155	16489.10247	10496.63777	2119.320519	588.2298756	0.1651949215	0.09988772901	0.01	0.2
32	1	65453.96599	479.4644433	716566.9636	3606054.343	7893.378518	0.6842648593	1.011536437	42388.46072	16093.50483	10093.49778	2119.325577	557.3061324	0.1598214811	0.02511213447	0.01000008691	0.2
32	1	68316.11966	573.8599735	1481415.175	1242528.887	2734.188038	0.8906324785	1.056967006	44215.63092	16404.98634	10410.91791	2119.32317	581.6545439	0.1912866578	0.05191628831	0.01000005133	0.2
32	1	65999.45271	487.5963721	715920.6077	3797385.947	8390.360843	0.6643855663	1.007188409	42183.35831	16060.47194	10061.45832	2110.493517	554.7129247	0.162532124	0.02508948289	0.01513123095	0.1
32	1	72334.94717	99.83290668	2510572.51	300901.6526	11297.52871	0.5480988515	0.9815689722	41173.95436	15887.05614	9883.60948	2116.624565	541.1647271	0.03327763556	0.08798317209	0.01156955631	0.1
32	0	64662.49068	30	505065.1897	4841594.129	195562.2238	-6.822488952	-0.6410295102	-24076.013	4763.167117	-1452.861655	2119.327326	-328.3828022	0.01	0.01770004146	0.01	0.1
32	1	72508.93773	129.047322	2601854.437	260886.482	8094.663446	0.6762134622	1.009763971	42317.17449	16081.35249	10081.11371	2119.325764	556.3561876	0.04301577401	0.09118215298	0.01	0
32	1	66749.50641	4188.733942	1062773.936	2226281.575	-96.77065086	1.003870826	1.081895736	45218.23865	16575.90295	10585.09317	2119.305715	595.0150421	1.396244647	0.03724497966	0.01	0
32	1	73327.50444	235.1063145	2820598.266	192359.5348	3720.839067	0.8511664373	1.048278798	43866.20058	16345.4182	10350.21404	2119.32417	576.9981214	0.07836877149	0.09884804429	0.01	0.8
32	1	66284.11901	239.74598	831409.7789	3189154	14622.01618	0.4151193526	0.9523063636	39984.19824	15685.05656	9678.448352	2112.87203	525.3697946	0.07991532667	0.02913680818	0.01374981045	0
32	1	66596.93681	316.4382605	1022003.089	2356383.927	8433.309535	0.6626676186	1.006781936	42197.24018	16060.90703	10060.27845	2119.325825	554.757973	0.1054794202	0.03581616278	0.01	0.2
32	1	65883.71286	274.0327197	831409.779	3072933.228	12291.64715	0.5083341139	0.9728063589	40830.77799	15827.96337	9822.893536	2119.32629	536.5488401	0.09134423991	0.02913680819	0.01	0
32	1	65454.67628	703.2529886	716759.2535	3605085.426	5136.525964	0.7945389615	1.035812606	43364.82335	16259.94738	10263.11365	2119.324945	570.316894	0.2344176629	0.02511887328	0.01	0.1
32	0	63841.7059	337.3411126	285346.8965	6576174.027	30140.08971	-0.2056035885	0.8156374132	34509.52854	14750.37181	8724.761084	2119.303904	452.3138178	0.1124470375	0.01	0.01001337794	0.8
32	1	65883.71286	170.6933861	831409.779	3072933.228	20196.26048	0.1921495807	0.9032002674	38031.29378	15350.72945	9336.560779	2119.326709	499.2436146	0.05689779538	0.02913680819	0.01	0.2
32	0	63953.24111	63.7160229	285346.8965	6644530.002	162982.2667	-5.519290668	-0.3541325474	-12543.54966	6729.528426	551.3245294	2117.506378	-174.6752327	0.0212386743	0.01	0.0110579071	0.8
32	1	63887.42753	4349.749742	297931.8488	6461067.055	1530.515317	0.9387793873	1.067566256	44641.9189	16477.65672	10484.97396	2119.32019	587.3351637	1.449916581	0.01044104045	0.0100005213	0.1
32	0	63848.73509	92.07245791	287157.2233	6559765.643	111749.1774	-3.469967096	0.09700776216	5606.981428	9823.295119	3703.746606	2119.300138	67.16577797	0.0306908193	0.01006344302	0.01001576335	0.8
32	1	65509.03713	445.439907	731285.9862	3532864.902	8367.145937	0.6653141625	1.007364557	42220.67256	16064.9016	10064.34918	2119.325813	555.0702271	0.148479969	0.02562796355	0.01	0.1
32	0	72988.99968	30	2730133.337	218195.1869	35554.88526	-0.4221954104	0.7679559758	32591.90835	14423.46614	8391.618557	2119.326577	426.7597332	0.01	0.09567769513	0.0100002462	0.1
32	1	65660.23564	581.4193223	647479.2522	4145195.518	7674.537264	0.6930185094	1.013487488	42441.28554	16104.1484	10105.72132	2111.832941	558.1287744	0.1938064408	0.02269095127	0.0143529889	0.2
32	1	67720.46381	361.8420602	1322240.802	1550976.431	5452.554703	0.7818978119	1.033029734	43252.89916	16240.86743	10243.66993	2119.325069	568.8254202	0.1206140201	0.04633801238	0.01	0.1
32	1	65571.17608	359.9830422	644727.1841	4130842.916	12498.64268	0.500054293	0.9710035306	40736.97065	15813.33266	9809.127603	2113.103242	535.3973853	0.1199943474	0.02259450487	0.01361539097	0
32	0	67325.10227	84.46256058	1210536.416	1815922.296	28355.44333	-0.1342177334	0.8313536679	35140.44902	14858.00094	8834.505126	2118.961789	460.7267261	0.02815418686	0.04242332512	0.01021211967	0.1
32	1	67010.273	4350	831409.779	3411254.389	1360.473405	0.9455810638	1.069121741	44642.3269	16481.69715	10492.42882	2101.15005	587.6283111	1.45	0.02913680819	0.02055025508	0.1
32	1	65690.7129	338.4391252	366614.298	6776610.788	24998.48064	6.077424194e-05	0.8609928949	36248.44303	15052.25387	9036.975699	2094.400646	475.8807246	0.1128130417	0.01284802122	0.02448133906	0.1
32	1	72664.37562	244.141596	2639303.332	247976.9978	3869.251288	0.8452299485	1.046972706	43812.82681	16336.37339	10341.04212	2119.07764	576.2907834	0.08138053201	0.09249455186	0.01014327965	0.1
32	1	67312.48746	315.4225943	1213218.155	1805355.875	7008.51636	0.7196593456	1.019328316	42701.84247	16146.92764	10147.93911	2119.325536	561.4821767	0.1051408648	0.04251730684	0.01	0
32	0	66496.79386	112.5214651	995240.8093	2445891.353	25798.52799	-0.03194111946	0.8538680704	36047.20414	15012.49756	8991.88025	2119.326777	472.8041341	0.03750715503	0.03487827699	0.0100000453	0.8
32	1	66668.96017	4350	1041249.737	2294045.459	-108.2424784	1.004329699	1.081996754	45222.30149	16576.59556	10585.79898	2119.305336	595.0691825	1.45	0.03649066277	0.01	0
32	1	66083.52816	330.348319	884805.9928	2852652.963	9412.217601	0.6235112959	0.9981619112	41850.55179	16001.80634	10000.05096	2119.325976	550.1380903	0.1101161063	0.03100808187	0.01	0.3
32	1	73365.41894	142.5332452	2830719.983	189666.9672	6607.906151	0.735683754	1.022855994	42843.71988	16171.11391	10172.58662	2119.324826	563.3728093	0.04751108174	0.09920276051	0.01000035368	0.9
32	0	65185.11894	175.9319137	644726.0229	3985611.413	25460.83898	-0.01843355909	0.8568416769	36166.79975	15032.88526	9012.65664	2119.326847	474.397834	0.05864397123	0.02259446417	0.01	0
32	0	65318.51027	30	680371.9023	3792534.573	144975.9487	-4.799037949	-0.1955791457	-6160.465164	7817.267982	1659.468017	2119.327301	-89.64469834	0.01	0.02384367626	0.01	0
32	1	67802.70903	867.8379292	1344219.016	1504210.43	1785.002199	0.928599912	1.065325304	44551.79322	16462.29261	10469.31676	2119.321717	586.1341572	0.2892793097	0.04710824027	0.01	0.1
32	1	64786.63546	440.8742002	538240.1335	4622935.84	11770.98474	0.5291606105	0.9773911848	41015.17489	15859.39789	9854.927384	2119.326244	539.006067	0.1469580667	0.01886265946	0.01	0.1
32	1	65883.71286	420.9810832	831409.7789	3072933.229	7734.071984	0.6906371207	1.012939251	42444.88094	16103.12287	10103.29917	2119.325695	558.0579718	0.1403270277	0.02913680819	0.01	0
32	1	64662.49658	509.7375592	505066.7684	4841583.481	10789.56999	0.5684172005	0.986033283	41362.75104	15918.64993	9915.309103	2119.326146	543.6377798	0.1699125197	0.01770009678	0.01	0.1
32	0	66604.16485	65.66783098	1023934.621	2350052.119	43475.93714	-0.7390374855	0.6982051291	29786.60369	13945.23991	7904.274486	2119.327072	389.3769391	0.02188927699	0.03588385343	0.01	0.9
32	1	68287.4569	462.2219431	1473757.153	1255854.428	3601.894826	0.855924207	1.049326192	43908.32567	16352.59935	10357.53211	2119.324082	577.5594697	0.154073981	0.05164791244	0.01	0
32	1	73615.26369	4033.720889	2853468.965	186578.2669	-316.0038139	1.012640153	1.083834752	45287.13403	16588.22844	10598.14175	2116.615574	595.9752028	1.34457363	0.1	0.01154291454	0.1
32	0	63840.2774	30	285346.8965	6575303.126	346735	-12.8694	-1.97222	-77615.1024	-4363.7533	-10753.7939	2119.327358	-1041.8313	0.01	0.01	0.01	0.9
32	1	64997.35841	4349.759324	304934.4991	7074634.107	2731.212148	0.8907515141	1.057049144	44159.13983	16399.17645	10408.20807	2101.850778	581.1785555	1.449919775	0.01068644877	0.02014963481	0.1
32	1	64092.59755	4350	342624.2467	6092462.433	1274.842426	0.949006303	1.069819607	44730.45385	16492.88314	10500.60304	2118.707898	588.5246445	1.45	0.01200728835	0.0103556942	0.1
32	1	65092.41013	202.0821313	619951.6439	4125562.859	22979.52507	0.08081899711	0.8786915202	37045.5776	15182.69235	9165.319924	2119.32679	486.1082076	0.06736071044	0.0217262445	0.01	0.1
32	1	64701.748	581.3737417	515555.8402	4771354.004	9159.716125	0.633611355	1.000385377	41939.97727	16017.05089	10015.58616	2119.32594	551.329752	0.1937912472	0.01806768697	0.01	0.1
32	0	64225.45188	143.8210217	388276.2479	5696977.93	52505.40801	-1.10021632	0.6186938172	26588.74188	13400.09372	7348.734666	2119.327128	346.7630334	0.04794034057	0.01360716562	0.01	0.9
32	1	64134.39305	467.1440282	363942.7909	5893401.623	16732.0686	0.330717256	0.9337050938	39258.166	15559.87692	9549.695807	2119.326572	515.5926065	0.1557146761	0.01275439808	0.01	0.1
32	1	66740.41842	469.9953303	1060345.371	2233826.042	5204.092781	0.7918362888	1.035217629	43340.89401	16255.86809	10258.95659	2119.324972	569.9980175	0.1566651101	0.03715987045	0.01	0.2
32	1	65871.38158	2196.2819	828108.5213	3087103.965	870.6138265	0.9651754469	1.073377186	44875.63024	16517.49786	10525.57461	2119.318179	590.449534	0.7320939667	0.0290211154	0.01000021017	0.9
32	1	66957.56757	4313.325554	1118228.71	2060878.286	-147.6265894	1.005905064	1.082343589	45236.2209	16578.97034	10588.22064	2119.29516	595.2548075	1.437775185	0.03918839573	0.01000508026	0.1
32	1	64262.27307	315.6103247	398076.9247	5619803.058	22912.40514	0.08350379458	0.8792825695	37069.34094	15186.74385	9169.449101	2119.324437	486.4249091	0.1052034416	0.01395063095	0.01000136574	0.1
32	1	64250.49391	375.975551	394968.1756	5644116.726	19267.14747	0.2293141011	0.9113818093	38360.34684	15406.82381	9393.724624	2119.326677	503.6284932	0.1253251837	0.01384168464	0.01	0.3
32	0	65184.19018	81.76654645	644477.8318	3986989.638	55685.21218	-1.227408487	0.5906932395	25462.58792	13208.1159	7153.096643	2119.327143	331.7561878	0.02725551548	0.0225857663	0.01	0
32	1	65785.21527	277.1728321	805088.4802	3187698.585	12565.76109	0.4973695564	0.9703925786	40733.69827	15811.41399	9806.028626	2119.326313	535.25518	0.09239094403	0.02821437661	0.01	0.1
32	1	64862.25317	482.9204935	558447.2937	4494617.45	10265.40327	0.589383869	0.9906489669	41548.38902	15950.29602	9947.558555	2119.326086	546.111545	0.1609734978	0.01957082066	0.01	0.1
32	0	65185.01195	171.9216283	644697.431	3985770.162	26073.77946	-0.0429511782	0.851444273	35949.72181	14995.87953	8974.945367	2119.32686	471.5051078	0.05730720944	0.02259346217	0.01	0
32	0	65883.71286	30	831409.779	3072933.228	118499.951	-3.739998039	0.03756201441	3216.228487	9415.732537	3288.408541	2119.327278	35.30677308	0.01	0.02913680819	0.01	0.1
32	1	64782.38194	571.9147989	537101.0564	4630281.139	8919.168684	0.6432332526	1.00250358	42025.16866	16031.57367	10030.38586	2119.325758	552.4649933	0.1906382663	0.01882274043	0.0100000848	0.1
32	1	67662.05473	1243.874976	1306565.365	1585253.657	1065.669917	0.9573732033	1.071659581	44806.53741	16505.72027	10513.57314	2119.315447	589.5288784	0.4146249922	0.0457886657	0.01000234469	0.7
32	1	63861.45037	4349.703793	291004.9038	6523681.359	1585.115605	0.9365953758	1.067085457	44622.58472	16474.36058	10481.61481	2119.321234	587.0775069	1.449901264	0.01019828522	0.01	0.1
32	1	67190.7367	314.8164142	884375.0245	3163416.683	11201.96904	0.5519212385	0.9824590226	41157.82167	15887.62373	9886.976386	2101.452256	541.1901366	0.1049388047	0.03099297856	0.02038413032	0.1
32	1	67570.34836	121.518575	1060345.387	2412495.412	23281.43849	0.06874246024	0.876075776	36894.58586	15159.87794	9144.529304	2105.94861	484.3080946	0.04050619166	0.03715987101	0.01777230759	0.2
32	1	65918.52535	222.6578933	716759.2535	3763504.669	18411.13094	0.2635547623	0.9189436201	38638.88329	15455.94155	9445.153036	2111.849548	507.4586678	0.07421929775	0.02511887328	0.01434395447	0.2
32	1	64951.94223	4211.066693	582370.4723	4347365.074	448.1829391	0.9820726824	1.077097016	45025.23004	16543.00096	10551.56436	2119.312785	592.4430999	1.403688898	0.02040920996	0.01000155028	0.9
32	1	65085.87122	522.2833112	441649.2138	5622858.666	12895.45602	0.4841817591	0.967523463	40581.85352	15787.8576	9783.980495	2108.676182	533.4004762	0.1740944371	0.01547762458	0.01618738293	0.6
32	1	73177.11602	91.89275305	2777084.502	204616.304	10906.18119	0.5637527523	0.9850070755	41320.7914	15911.54085	9908.101357	2119.12554	543.0818147	0.03063091768	0.09732310166	0.01011655249	0.1
32	1	73024.11796	130.1566063	2730085.019	218925.1809	7647.424997	0.6941030001	1.013704066	42473.69202	16108.15888	10108.53584	2118.756237	558.4509232	0.04338553544	0.09567600184	0.01033082283	0.1
32	1	66923.82882	157.4441253	1084851.479	2177288.21	16757.22732	0.3297109072	0.933488285	39244.38656	15557.85117	9547.903122	2117.84831	515.4324069	0.05248137511	0.03801868855	0.01085882345	0.1
32	1	72763.79695	46.16473209	2633770.139	252694.5361	23857.52226	0.04569910973	0.870967081	36727.43691	15128.93562	9110.939493	2117.14378	481.9033326	0.01538824403	0.09230064079	0.01126827318	0.5
32	1	66632.32233	338.9456257	931434.4323	2767646.31	9090.429482	0.6363828207	1.001014816	41944.64134	16019.16539	10018.84989	2113.292208	551.487502	0.1129818752	0.03264217848	0.01350537029	0
32	1	64942.82842	4350	435948.9727	5604089.05	1427.016093	0.9429193563	1.068505458	44649.95891	16480.927	10489.90321	2110.630016	587.5799445	1.45	0.01527785927	0.01504754998	0.1
32	1	65808.08315	553.8666725	811199.4131	3160677.578	5855.889747	0.7657644101	1.029478064	43110.05472	16216.51644	10218.85467	2119.325211	566.921911	0.1846222242	0.02842853464	0.01	0
32	1	63877.49808	4350	295278.7879	6484989.379	1551.004976	0.937959801	1.067385829	44634.66239	16476.41968	10483.71333	2119.320268	587.2384649	1.45	0.01034806376	0.01000050855	0.1
32	1	65185.12329	276.9364931	644727.1841	3985604.966	15895.69241	0.3641723035	0.9410700179	39554.37554	15610.37238	9601.154003	2119.32653	519.5398207	0.09231216438	0.02259450487	0.01	0.5
32	0	65185.12329	98.56311597	644727.1841	3985604.966	46047.17395	-0.841886958	0.6755634467	28875.9789	13790.0038	7746.078678	2119.32709	377.2421812	0.03285437199	0.02259450487	0.01	0
32	1	68998.97358	390.4901282	1323956.916	1740955.334	6460.210587	0.7415915765	1.024222214	42828.48573	16173.00083	10178.27812	2098.819297	563.4946859	0.1301633761	0.04639815369	0.02191312468	0
32	1	65185.01015	254.7906809	644696.9506	3985772.829	17344.65019	0.3062139922	0.9283108501	39041.21516	15522.89286	9512.006615	2119.3266	512.7015739	0.08493022698	0.02259344533	0.01	0
32	1	63840.2774	462.5889151	285346.8965	6575303.126	21771.20798	0.1291516809	0.889331665	37473.51309	15255.64341	9239.661851	2119.326757	491.8107688	0.154196305	0.01	0.01	0.1
32	1	66786.94663	276.8845464	831409.779	3341349.182	13201.82942	0.4719268231	0.9648381311	40460.47061	15768.02015	9764.483394	2104.766485	531.8449036	0.09229484881	0.02913680819	0.01845879975	0
32	0	64076.15678	204.3131832	317896.5237	6350629.755	45167.10195	-0.8066840779	0.6833190327	29181.60669	13842.50691	7799.920766	2117.488243	381.3440354	0.06810439441	0.01114070374	0.01106831069	0.1
32	1	66466.49947	396.2221671	895043.0484	2903577.956	8021.786671	0.6791285332	1.010423493	42324.68391	16083.84755	10084.67746	2113.769833	556.5442836	0.1320740557	0.03136684013	0.01322777473	0.3
32	1	68201.15265	99.78448816	1450694.251	1296857.115	19784.92745	0.2086029019	0.9068223655	38176.97078	15375.56331	9361.868117	2119.326695	501.1848697	0.03326149605	0.05083967161	0.01	0.2
32	1	65883.71287	305.5712321	831409.7823	3072933.214	10944.04895	0.5622380418	0.984672979	41308.04104	15909.3234	9905.804757	2119.326162	542.908728	0.1018570774	0.0291368083	0.01	0
32	0	66451.27057	78.41457454	983077.0112	2487688.192	37824.121	-0.5129648402	0.7479736395	31788.24113	14286.46322	8252.00349	2119.327024	416.0502584	0.02613819151	0.03445199591	0.01	0.8
32	1	73450.5107	110.6033184	2853468.965	183749.9671	8660.576153	0.6535769539	1.004780682	42116.75182	16047.18602	10046.29583	2119.325863	553.6854054	0.03686777279	0.1	0.01	0.9
32	1	73265.37923	232.1816379	2803996.679	196860.0154	3804.238753	0.8478304499	1.047544401	43836.66389	16340.38302	10345.08286	2119.324229	576.6045229	0.07739387932	0.09826624061	0.01	0
32	0	65454.67628	30	716759.2535	3605085.426	137577.1924	-4.503087695	-0.130427507	-3540.134389	8263.961244	2114.677832	2119.327295	-54.72682662	0.01	0.02511887328	0.01	0.2
32	0	64662.49169	113.0407028	505065.4613	4841592.297	51338.47599	-1.05353904	0.6289695351	27002.0205	13470.54619	7420.530368	2119.327122	352.2702809	0.03768023428	0.01770005097	0.01	0.9
32	1	65790.72248	392.3394917	806560.1583	3181170.152	8635.488589	0.6545804564	1.005001597	42125.63679	16048.70066	10047.83935	2119.325859	553.8038042	0.1307798306	0.02826595166	0.01	0.1
32	1	64033.9391	4349.987592	334813.3697	6142333.552	1287.373844	0.9485050463	1.069707739	44727.57834	16492.28921	10499.9106	2119.182451	588.4788099	1.449995864	0.01173355568	0.01008008946	0.1
32	1	63840.28035	1689.981842	285347.684	6575295.913	5403.688306	0.7838524678	1.03346004	43270.2056	16243.81769	10246.67644	2119.325051	569.0560415	0.5633272807	0.0100000276	0.01	0.1
32	0	64275.65286	242.4076579	401499.9852	5593364.743	29800.33191	-0.1920132765	0.8186292005	34629.8944	14770.88831	8745.666645	2119.315382	453.9176011	0.08080255265	0.01407059233	0.01000670637	0.1
32	0	63968.24107	228.1369295	319542.3533	6269427.217	40041.10997	-0.6016443988	0.728451377	31003.07615	14152.61451	8115.602845	2119.327045	405.5873465	0.07604564317	0.01119838194	0.01	0.9
32	1	66363.86363	664.9575919	959719.4407	2569964.028	3896.342086	0.8441463166	1.046733362	43804.04474	16334.82236	10339.41619	2119.324291	576.1698481	0.2216525306	0.03363342838	0.01	0
32	1	65555.68778	260.9724454	638697.0016	4168423.665	17536.45873	0.2985416506	0.9266421199	38952.41063	15509.13993	9499.156172	2112.989475	511.6185929	0.08699081514	0.02238317674	0.0136816709	0
32	0	63840.2774	47.88741935	285346.8965	6575303.126	216933.0957	-7.677323828	-0.8292161807	-31644.68409	3472.919944	-2767.708392	2119.327333	-429.2410178	0.01596247312	0.01	0.01	0
32	1	65781.6721	4203.964853	804091.2128	3192185.978	115.2226363	0.9953910945	1.080028985	45143.14945	16563.10301	10572.04974	2119.307891	594.0144704	1.401321618	0.02817942731	0.01000176741	0
32	0	72846.22087	39.13037123	2691985.888	230103.3483	27474.8555	-0.09899421991	0.8391067401	35453.51914	14911.29082	8888.743911	2119.326887	464.8928352	0.01304345708	0.09434081536	0.01	0.1
32	1	67353.61173	4345.154221	1224207.706	1777928.344	-205.771994	1.00823088	1.082855575	45256.84237	16582.48381	10591.7995	2119.301488	595.5294657	1.44838474	0.04290243635	0.01	0.1
32	1	72946.30555	130.7545208	2718731.302	221688.0208	7603.087566	0.6958764974	1.014092668	42491.27016	16111.03094	10111.35801	2119.325668	558.6761429	0.04358484027	0.09527811011	0.01	0.1
32	1	69311.77516	301.8974538	1639235.325	1035469.072	5714.529302	0.7714188279	1.030743755	43138.61034	16222.81225	10226.47061	2112.795277	567.4058935	0.1006324846	0.05744710544	0.01379356515	0.9
32	1	65313.51296	412.6745797	591566.8266	4424206.499	11798.91538	0.5280433848	0.977162127	40987.90326	15855.90264	9852.335221	2114.049896	538.7262506	0.1375581932	0.02073149678	0.01306537953	0.1
32	1	68668.40211	554.4876987	1210533.22	2056779.298	5246.648291	0.7901340684	1.034913391	43253.29444	16245.74976	10252.69218	2097.305329	569.179556	0.1848292329	0.04242321309	0.02279225781	0.1
32	1	65883.71287	239.74598	831409.7823	3072933.214	14158.91453	0.4336434187	0.9563636591	40169.4698	15715.22878	9708.009574	2119.326429	527.7364127	0.07991532667	0.0291368083	0.01	0
32	1	67722.34025	1248.177324	1322675.335	1550073.855	1037.143882	0.9585142447	1.071910775	44816.64014	16507.4425	10515.32821	2119.315322	589.6635049	0.4160591081	0.04635324061	0.01000234469	0.1
32	1	64965.81981	4349.982081	586123.1858	4324631.347	401.7366695	0.9839305332	1.077506002	45041.68816	16545.80602	10554.42242	2119.31498	592.6623744	1.449994027	0.02054072405	0.01	0
32	0	64857.29781	76.70545449	557123.0838	4502916.228	68845.02924	-1.753801169	0.4748111095	20801.92984	12413.60378	6343.436531	2119.327192	269.6494253	0.02556848483	0.01952441364	0.01	0
32	1	66213.8998	304.9595691	919644.9291	2717513.614	9841.858402	0.6063256639	0.9943785994	41698.39094	15975.86716	9973.617229	2119.326034	548.110433	0.1016531897	0.03222901459	0.01	0
32	1	65520.19965	241.2797296	734268.9213	3518215.065	16025.87131	0.3589651478	0.9399236944	39508.27161	15602.51294	9593.144723	2119.326537	518.9254512	0.08042657652	0.0257325007	0.01	0.1
32	0	65335.90404	155.8314495	586035.6053	4476274.676	32237.3368	-0.2894934719	0.7971886111	33747.1793	14621.71319	8594.742647	2113.356052	442.2491815	0.05194381651	0.02053765478	0.01346891439	0.1
32	1	67627.83692	572.0967002	1297488.319	1605388.717	3242.525714	0.8702989714	1.052490709	44035.59921	16374.29594	10379.64236	2119.323784	579.2554851	0.1906989001	0.04547056003	0.01	0.2
32	1	67733.9846	109.4160173	1325853.935	1543189.601	19740.60713	0.2103757146	0.9072126393	38192.66718	15378.23911	9364.594933	2119.326693	501.3940361	0.03647200576	0.04646463486	0.01	0.1
32	1	63840.2774	1679.515659	285346.8965	6575303.126	5442.146652	0.7823141339	1.033121385	43256.58526	16241.4958	10244.31029	2119.325065	568.8745403	0.559838553	0.01	0.01	0.2
32	1	64245.09053	1861.486266	393524.2423	5655481.059	3295.858804	0.8681656479	1.052021071	44016.71086	16371.076	10376.36103	2119.323832	579.0037836	0.620495422	0.01379108191	0.01	0.1
32	1	65090.71789	578.6331724	619499.4305	4128162.584	7533.602795	0.6986558882	1.014704534	42515.87876	16115.22602	10115.63307	2119.325654	559.004071	0.1928777241	0.02171039665	0.01	0.1
32	1	64493.43737	252.7575661	459889.4366	5156075.458	24826.257	0.006949720082	0.8624296506	36391.54221	15071.19757	9051.69941	2119.326834	477.3926958	0.08425252203	0.01611685433	0.01	0.2
32	1	73450.5681	4349.978905	2853468.965	183750.945	-525.2772735	1.021011091	1.085669063	45369.99477	16601.77334	10611.45696	2119.26601	597.0373207	1.449992968	0.1	0.01000053759	0
32	1	73145.16849	261.6483214	2770306.3	206431.4818	3345.744228	0.8661702309	1.051582094	43998.73222	16368.03181	10373.27617	2119.229362	578.7657022	0.08721610713	0.09708555916	0.01005490583	0.1
32	0	64856.48871	158.4034408	556906.868	4504272.7	32956.12323	-0.3182449293	0.7908400371	33512.28282	14580.36421	8551.507928	2119.32697	439.0244062	0.05280114692	0.01951683635	0.01	0
32	1	63874.18698	4350	294408.481	6492823.686	1557.788374	0.9376884651	1.067326094	44632.26288	16476.01044	10483.29613	2119.321161	587.2064757	1.45	0.0103175638	0.01	0.1
32	1	63861.45037	699.6336132	291004.9038	6523681.359	13845.94288	0.4461622848	0.9591196109	40280.3113	15734.12416	9727.265211	2119.326408	529.2134588	0.2332112044	0.01019828522	0.01	0.1
32	1	63904.03677	4329.20258	302385.1764	6421075.667	1507.379231	0.9397048308	1.067769984	44650.1157	16479.05385	10486.39756	2119.321023	587.4443779	1.443067527	0.01059710759	0.01	0.1
32	1	65883.71286	279.8331326	831409.779	3072933.228	12021.00749	0.5191597005	0.9751895456	40926.62726	15844.303	9839.54469	2119.326267	537.8261035	0.09327771088	0.02913680819	0.01	0
32	1	64857.29749	665.4625108	557122.9966	4502916.775	7258.697322	0.7096521071	1.017125284	42613.23881	16131.82319	10132.54668	2119.325594	560.3014666	0.2218208369	0.01952441058	0.01	0
32	1	64983.34148	253.2983373	573373.9052	4428827.977	19792.75583	0.208289767	0.9067567972	38170.73473	15374.73018	9361.212353	2118.275192	501.1184299	0.0844327791	0.0200939247	0.01061089001	0.9
32	1	73529.23724	99.83290668	2853468.965	185096.0695	9768.50214	0.6092599144	0.9950286197	41720.19054	15979.86089	9977.92034	2118.05697	548.4210359	0.03327763556	0.1	0.01073727536	0
32	0	65249.54057	130.7545208	403774.1387	6097730.988	56697.18532	-1.267887413	0.5818319104	25052.89281	13141.67976	7088.256007	2103.754071	326.5434348	0.04358484027	0.01415029018	0.0190474836	0.9
32	1	73450.56636	4271.146453	2853468.965	183750.9154	-520.8559529	1.020834238	1.08563013	45368.42901	16601.50642	10611.18495	2119.267134	597.0164554	1.423715484	0.1	0.0100005213	0
32	1	68029.61354	555.4919302	1403949.623	1384549.446	3053.259879	0.8778696049	1.054157512	44102.44953	16385.70399	10391.27794	2119.269034	580.1471803	0.1851639767	0.04920150316	0.01003170179	0.1
32	1	65270.39942	597.2359656	612260.3422	4250715.278	7609.326634	0.6956269346	1.014048399	42478.08166	16109.51153	10110.42221	2115.992545	558.5532058	0.1990786552	0.02145670234	0.01193641493	0.9
32	1	65894.81897	4350	834377.6392	3060254.87	54.59123874	0.9978163505	1.08056288	45164.63258	16566.76462	10575.7806	2119.309719	594.3007011	1.45	0.02924081704	0.01000000006	0
32	1	66163.19324	740.0599641	906094.7218	2769296.585	3671.17537	0.8531529852	1.048716125	43883.78939	16348.4166	10353.26961	2119.324134	577.2325054	0.2466866547	0.03175414672	0.01	0.3
32	1	73042.44008	130.7545208	2744421.127	213894.7552	7524.756037	0.6990097585	1.014782436	42519.01192	16115.76013	10116.17737	2119.325652	559.0458226	0.04358484027	0.09617841165	0.01	0.1
32	1	67919.55105	1175.657678	961063.13	2961770.968	3661.251984	0.8535499206	1.048883535	43804.96884	16340.4459	10349.74096	2094.325845	576.5782027	0.3918858926	0.03368051806	0.02452194974	0.1
32	0	64463.77794	140.3177852	401499.9852	5691778.666	52255.48156	-1.090219262	0.6209043542	26667.22854	13414.13916	7363.60736	2116.283076	347.8571573	0.04677259505	0.01407059233	0.01176850095	0.8
32	1	68790.09914	850.5476775	1593421.533	1068444.075	1493.356465	0.9402657414	1.067896296	44652.16998	16479.59736	10487.11392	2118.436746	587.4857597	0.2835158925	0.05584155822	0.01051360745	0.1
32	1	67724.43612	368.3983527	1323302.27	1548684.771	5337.004088	0.7865198365	1.034047245	43293.82236	16247.84369	10250.7792	2119.325022	569.3707526	0.1227994509	0.04637521157	0.01000000161	0
32	1	63862.69943	536.5448378	285347.684	6588977.244	18690.75245	0.252369902	0.9164585599	38563.29152	15441.49924	9429.127588	2118.965267	506.3386091	0.1788482793	0.0100000276	0.01020995511	0.1
32	1	66740.41842	121.518575	1060345.373	2233826.037	22321.55881	0.1071376474	0.8844854102	37278.60179	15222.41647	9205.801417	2119.326772	489.2134296	0.04050619166	0.03715987052	0.01	0.1
32	0	63840.30117	56.55049871	285353.2485	6575244.944	183579.4032	-6.343176129	-0.5355117233	-19832.19795	5486.619133	-715.6164635	2119.327321	-271.8307857	0.01885016624	0.01000022261	0.01	0.9
32	1	64092.57182	1386.680116	319057.3397	6347468.526	6104.533521	0.7558186592	1.027295078	43015.29754	16200.80764	10203.22009	2117.291822	565.6914183	0.4622267053	0.01118138461	0.01118135701	0.1
32	1	64965.25108	4350	444685.3055	5531031.34	1384.320536	0.9446271786	1.068880895	44665.62518	16483.56146	10492.55748	2110.795376	587.7860864	1.45	0.0155840246	0.01495137327	0.1
32	1	64617.22885	381.4139218	425798.3726	5534332.177	17842.48407	0.2863006372	0.9239400193	38851.55653	15491.4474	9480.706325	2115.274706	510.2384293	0.1271379739	0.01492213084	0.01235403288	0.2
32	1	65567.78617	447.5225194	716759.2535	3643090.279	8639.69082	0.6544123672	1.004970431	42118.14277	16047.82184	10047.27888	2117.502548	553.7328291	0.1491741731	0.02511887328	0.011059276	0
32	1	64405.45351	737.7492957	436377.6984	5327747.502	8475.125421	0.6609949832	1.006413716	42182.43074	16058.38244	10057.70572	2119.325832	554.5606261	0.2459164319	0.01529288399	0.01	0
32	0	65191.32584	30	646384.6779	3976412.99	152639.0795	-5.105563181	-0.263058801	-8874.426334	7354.613352	1187.992517	2119.327306	-125.8102652	0.01	0.02265259184	0.01	0.1
32	1	65940.72323	669.4522888	846642.1528	3008417.091	4483.443828	0.8206622469	1.041563488	43596.11732	16299.37657	10303.29463	2119.324495	573.3990618	0.2231507629	0.02967062769	0.01000008362	0.2
32	1	69297.80516	150.5908533	1687157.315	951396.5371	11188.27077	0.5524691691	0.982533351	41210.30312	15893.40832	9890.213663	2115.912376	541.6603853	0.0501969511	0.0591265346	0.01198330665	0.1
