#gen	Feasible	f1	f2	f3	f4	f5	c1	c2	c3	c4	c5	c6	c7	x1	x2	x3	ras
20	1	68059.16451	254.8274895	1412751.065	1367248.27	7497.991351	0.700080346	1.015018119	42528.49085	16117.37603	10117.82407	2119.325646	559.1721365	0.0849424965	0.04950995024	0.01	0.1
20	1	65215.60977	270.0358727	652874.0202	3940628.517	16108.23552	0.3556705793	0.9391984153	39479.10164	15597.54028	9588.07725	2119.326541	518.5367396	0.09001195757	0.02288001125	0.01	0.1
20	1	65015.84752	323.2257199	598388.2803	4252997.556	14619.9147	0.4152034122	0.9523044176	40005.98348	15687.37348	9679.635432	2119.259881	525.5588898	0.1077419066	0.02097055506	0.01003867932	0
20	1	64332.53327	1851.730379	416891.3776	5474351.331	3088.439569	0.8764624173	1.053847554	44090.1701	16383.59875	10389.12254	2119.32364	579.982683	0.6172434598	0.01460998464	0.01	0
20	1	65213.01482	301.0157456	652013.9874	3945580.501	14392.36645	0.424305342	0.9543079708	40086.75777	15701.13089	9693.644739	2119.316395	526.6343721	0.1003385819	0.02284987135	0.01000583819	0.2
20	0	64916.61743	151.9352231	559687.7232	4507589.522	34274.53474	-0.3709813896	0.779232994	33042.71638	14500.49151	8470.259698	2118.525479	432.7797805	0.05064507438	0.01961429159	0.01046565126	0.9
20	1	66689.2307	160.2885534	1046666.379	2276800.802	16966.21335	0.3213514659	0.9316432724	39175.24165	15545.74063	9535.290007	2119.32657	514.4875776	0.05342951779	0.03668048934	0.01000000727	0.2
20	1	65123.03935	1120.477048	628115.4565	4078940.52	3461.843674	0.861526253	1.050559453	43957.92174	16361.05438	10366.14857	2119.322695	578.2203948	0.3734923492	0.02201234582	0.01000074191	0.3
20	1	73208.28828	169.6986576	2788740.189	201088.6554	5520.832635	0.7791666946	1.032428495	43228.71793	16236.7452	10239.46911	2119.325083	568.5031874	0.05656621921	0.09773157597	0.01000000689	0.1
20	1	68726.2087	161.4125048	1218397.838	2039727.94	15973.62224	0.3610551104	0.9404557468	39452.74119	15597.96154	9592.63743	2096.850226	518.5415824	0.05380416826	0.04269882914	0.02305800148	0
20	1	66413.99065	274.8792407	973114.7775	2522452.506	10355.98377	0.5857606493	0.9898513372	41516.30919	15944.82731	9941.985574	2119.326097	545.6840572	0.09162641357	0.0341028688	0.01	0.1
20	0	63900.76198	209.2662922	301510.0612	6428908.191	46381.35574	-0.8552542296	0.6726207236	28757.62565	13769.82787	7725.518084	2119.327093	375.6650355	0.06975543072	0.01056643913	0.01	0.3
20	1	67352.87904	613.1990802	1223031.751	1781448.954	3205.765322	0.8717693871	1.052814601	44048.42346	16376.49504	10381.89426	2119.264622	579.4273146	0.2043996934	0.04286122492	0.01003434978	0.1
20	1	64339.68278	316.249614	401572.3829	5625959.465	22733.26401	0.09066943961	0.8808633624	37129.36957	15197.20382	9180.299076	2118.287467	487.2412654	0.105416538	0.01407312951	0.01060381043	0.5
20	1	63840.2774	4350	285346.8965	6575303.126	1631.551724	0.934737931	1.066676552	44606.13898	16471.55704	10478.75782	2119.321353	586.8583552	1.45	0.01	0.01	0.1
20	1	67004.23153	482.190986	1130843.586	2024876.898	4690.412452	0.8123835019	1.039740972	43522.81815	16286.88108	10290.56087	2119.324744	572.422293	0.1607303287	0.03963048484	0.01	0.2
20	0	63840.2774	211.7669003	285346.8965	6575303.126	48463.65654	-0.9385462617	0.654284492	28020.1616	13644.11083	7597.404152	2119.327106	365.8377742	0.07058896676	0.01	0.01	0.8
20	1	67494.3766	482.8601624	1193917.461	1898766.203	4688.94952	0.8124420192	1.039766969	43509.84358	16285.56502	10289.97256	2115.228356	572.3142984	0.1609533875	0.04184091278	0.01237978905	0.2
20	1	65398.66849	4241.668011	701774.3541	3681154.092	234.4222484	0.9906231101	1.078979336	45100.94035	16555.90711	10564.71629	2119.31181	593.4519716	1.413889337	0.02459372654	0.01000063283	0.1
20	0	66599.59547	137.3068109	638400.1126	4594404.01	34834.60957	-0.3933843829	0.7743727669	32770.64027	14459.00426	8432.094848	2096.144546	429.5087683	0.04576893696	0.02237277224	0.02346828891	0.2
20	1	66500.53116	873.0031102	994823.3605	2448516.848	2666.346785	0.8933461286	1.057564673	44239.37611	16409.05291	10415.07771	2119.237666	581.9723197	0.2910010367	0.03486364747	0.01004967474	0.1
20	1	65923.68356	165.7144219	842090.9013	3027548.956	20552.18972	0.1779124114	0.9000660417	37905.23846	15329.24054	9314.662167	2119.32671	497.5638332	0.05523814065	0.02951112879	0.0100000057	0.3
20	1	65521.01409	903.2741631	734486.5628	3517148.561	3718.795266	0.8512481894	1.048296796	43866.92441	16345.54159	10350.33979	2119.324168	577.0077669	0.3010913877	0.02574012796	0.01	0.1
20	1	64097.54993	365.1381167	335556.3407	6170683.199	23594.01168	0.05623953289	0.8732840822	36824.26809	15145.20983	9127.328322	2118.208383	483.1768129	0.1217127056	0.01175959314	0.01064976853	0.1
20	1	72892.74478	92.37438582	2684111.291	234286.2477	11320.5665	0.54717734	0.9813613794	41170.65932	15886.17152	9882.436602	2118.101235	541.097422	0.03079146194	0.09406484964	0.01071166294	0.1
20	1	65410.77049	830.1577432	705003.7056	3664637.07	4317.830035	0.8272867986	1.043021846	43654.76678	16309.37494	10313.48384	2119.32318	574.1806292	0.2767192477	0.02470689937	0.01000079539	0.3
20	0	65037.22414	30	605204.4106	4211192.938	163077.2404	-5.523089616	-0.3549746925	-12571.18737	6724.418776	545.7827911	2119.327312	-175.072377	0.01	0.02120942677	0.01	0.9
20	0	63840.2774	374.6525729	285346.8965	6575303.126	27060.77982	-0.08243119262	0.8427529892	35600.16747	14936.29027	8914.219992	2119.326879	466.8470341	0.124884191	0.01	0.01	0.5
20	0	63852.7862	146.6944679	287943.4358	6553258.918	69663.4634	-1.786538536	0.4676043225	20511.92635	12364.17613	6293.074769	2119.282185	265.7856246	0.04889815597	0.01009099588	0.01002614921	0.9
20	1	64965.01946	378.7293143	585909.3088	4325920.017	12640.71238	0.4943715047	0.9697325759	40707.15365	15806.88887	9801.417235	2119.326319	534.9014531	0.1262431048	0.02053322871	0.01	0.1
20	1	64223.2712	531.1683876	386090.4593	5717530.103	13747.27857	0.4501088572	0.9599887343	40314.93556	15740.04778	9733.319538	2119.229702	529.6763852	0.1770561292	0.01353056452	0.01005617896	0.9
20	0	63862.25385	30	291219.6163	6521730.396	339727.3329	-12.58909332	-1.910512198	-75133.27913	-3940.671702	-10322.64592	2119.327357	-1008.759145	0.01	0.01020580983	0.01	0.1
20	0	64663.40601	30	505309.7934	4839944.671	195467.1883	-6.818687533	-0.6401926511	-24042.3554	4768.904798	-1447.01458	2119.327326	-327.9342895	0.01	0.01770861361	0.01	0.1
20	1	67448.1673	896.0461825	1249475.59	1716435.282	1891.996895	0.9243201242	1.064383135	44513.90017	16455.8329	10462.73389	2119.321946	585.6292039	0.2986820608	0.04378795094	0.01	0.9
20	1	66127.03876	252.9745707	842109.3709	3085072.127	13433.92463	0.462643015	0.9627582342	40415.4371	15757.87592	9752.072073	2116.049456	531.0660311	0.08432485689	0.02951177606	0.01190378338	0.1
20	0	66420.17195	50.80023112	974766.5937	2516654.894	59308.49396	-1.372339759	0.5587875064	24179.3727	12989.36352	6930.173579	2119.327159	314.6563832	0.01693341037	0.03416075681	0.01	0.2
20	1	73450.5107	114.307685	2853468.965	183749.9671	8355.121712	0.6657951315	1.007470439	42224.93104	16065.62755	10065.08897	2119.325811	555.1269745	0.03810256167	0.1	0.01	0.1
20	1	65913.30777	152.1433275	838083.4082	3045802.389	22570.04012	0.09719839513	0.882297583	37190.3547	15207.3891	9190.501224	2119.252284	488.0386513	0.05071444248	0.02937068594	0.0100432791	0.4
20	0	65119.71783	100.1610417	627249.0236	4083836.684	46583.95411	-0.8633581643	0.6708366919	28685.87377	13757.59618	7713.053183	2119.327094	374.7088878	0.03338701391	0.02198198163	0.01	0.9
20	1	67349.14242	358.8261197	1223013.383	1780888.821	6013.505598	0.7594597761	1.028090138	43054.23376	16207.00052	10209.15732	2119.325262	566.1780549	0.1196087066	0.0428605812	0.01	0.1
20	1	67723.26619	280.3331712	1322989.678	1549359.273	7255.810787	0.7097675685	1.017150702	42614.2611	16131.99746	10132.72427	2119.325593	560.3150894	0.0934443904	0.04636425678	0.01	0.1
20	1	63840.2774	2261.049176	285346.8965	6575303.126	3845.691405	0.8461723438	1.047179379	43821.98309	16337.88035	10342.53248	2119.324257	576.4088902	0.7536830585	0.01	0.01	0
20	1	66018.70268	4091.276486	840422.6571	3063216.971	217.2705832	0.9913091767	1.079135592	45101.64163	16556.38336	10565.50142	2117.678337	593.487162	1.363758829	0.02945266507	0.01094832508	0.1
20	0	65269.34802	33.02363717	667234.3777	3862581.19	134238.7707	-4.36955083	-0.1010301826	-2357.804745	8465.515448	2320.074824	2119.327293	-38.97139787	0.01100787906	0.02338327089	0.01	0.3
20	0	64747.65654	30	374984.824	6119486.984	264328.6562	-9.573146248	-1.246540376	-48460.58229	608.2947212	-5685.255472	2110.107839	-653.1793912	0.01	0.01314136683	0.01535625439	0.1
20	0	73595.83789	30.64780375	2853468.965	186242.535	33418.57044	-0.3367428176	0.7867753403	33340.78691	14551.64122	8522.667857	2116.984354	436.7762114	0.01021593458	0.1	0.01136099161	0.9
20	1	64632.73788	236.5275421	496977.8593	4896679.851	24541.9962	0.01832015219	0.8649328081	36492.18839	15088.35674	9069.187243	2119.31859	478.7340121	0.07884251404	0.01741662045	0.01000478556	0.9
20	1	66689.35119	594.3948895	1046698.785	2276697.862	4016.37086	0.8393451656	1.045676418	43761.53555	16327.57573	10332.0314	2119.324369	575.6033814	0.1981316298	0.03668162498	0.01	0.2
20	1	64805.87055	2048.658649	543362.4656	4590094.119	1907.406471	0.9237037412	1.064247446	44508.4392	16454.90219	10461.78563	2119.320903	585.5564494	0.6828862162	0.01904217191	0.0100006245	0.3
20	1	64263.20139	4350	368425.9113	5917861.068	1220.709867	0.9511716053	1.070300106	44745.69349	16495.7421	10503.73589	2117.51368	588.7466367	1.45	0.01291150932	0.01104918112	0.1
20	1	68771.46756	1128.106675	1601902.58	1050975.876	886.3006102	0.9645479756	1.073239282	44869.83825	16516.52618	10524.59759	2119.24647	590.3734884	0.3760355585	0.05613877703	0.01004190359	0.1
20	1	66637.15477	140.4014247	1032750.448	2321368.067	19750.50966	0.2099796134	0.9071254401	38189.16012	15377.64125	9363.985678	2119.326694	501.3473019	0.04680047489	0.03619280463	0.01	0.2
20	1	64523.41081	290.2589363	406369.4345	5675046.723	24721.15961	0.01115361556	0.8633669955	36416.53768	15076.27023	9057.550931	2115.615249	477.7845858	0.09675297876	0.01424124248	0.01215631367	0.3
20	1	73682.34306	561.7757567	2853468.965	187742.2455	1358.855237	0.9456457905	1.069089815	44690.40715	16486.73961	10494.91669	2115.58254	588.0405019	0.1872585856	0.1	0.01217111401	0.8
20	1	73611.99868	73.34624619	2844313.332	189517.0111	13720.55812	0.4511776753	0.9602338208	40314.32368	15740.61233	9734.457015	2116.170974	529.7166939	0.02444874873	0.09967914025	0.01183319748	0.1
20	1	68963.93568	614.8873052	1654531.129	976276.486	2159.009287	0.9136396285	1.062031889	44419.33552	16439.71227	10446.3059	2119.322444	584.369059	0.2049624351	0.05798314787	0.01	0.1
20	1	66776.68199	470.8986957	1070036.008	2203873.231	5138.687177	0.7944525129	1.035793575	43364.05794	16259.8169	10262.98068	2119.324945	570.3066943	0.1569662319	0.03749947944	0.01	0.1
20	0	63907.65459	30	303351.9599	6412433.779	326109.5867	-12.04438347	-1.790597656	-70310.44165	-3118.512522	-9484.811639	2119.327356	-944.4912201	0.01	0.01063098858	0.01	0.9
20	0	65201.406	62.26506108	648409.5656	3966132.522	72918.87329	-1.916754932	0.4389379644	19359.01137	12167.63528	6092.785863	2119.286859	250.4220944	0.02075502036	0.02272355416	0.01002343859	0.9
20	1	63872.8237	4350	293912.0698	6497612.966	1562.283274	0.937508669	1.067286538	44630.64473	16475.73633	10483.01826	2119.313203	587.1850389	1.45	0.01030016704	0.01000462964	0.1
20	1	63854.80338	4350	289228.6443	6539843.562	1599.387519	0.9360244992	1.066959782	44617.5302	16473.49893	10480.73673	2119.321271	587.0101517	1.45	0.0101360361	0.01	0.1
20	0	63840.27804	238.3002011	285346.8965	6575303.516	42982.34108	-0.7192936431	0.7025516153	29961.41479	13975.04032	7934.64307	2119.327058	391.7064282	0.07943340037	0.01	0.01000000599	0.8
20	0	64372.91346	235.8744193	416666.388	5497036.15	29550.41044	-0.1820164177	0.8208320383	34716.25542	14785.75324	8760.934985	2118.662436	455.0787717	0.07862480643	0.01460209987	0.01038604597	0.9
20	1	67098.81248	233.8019481	904577.1879	3028230.73	14389.19538	0.4244321849	0.9543844414	40037.93404	15696.12364	9691.328884	2104.152994	526.2240088	0.07793398269	0.03170096465	0.01881527238	0.1
20	1	66126.62543	625.8202087	814623.4877	3236077.039	5423.6247	0.783055012	1.033300263	43246.91174	16240.92442	10244.63377	2114.396679	568.8237169	0.2086067362	0.02854853155	0.01286315708	0.1
20	1	65794.15529	157.4652451	806242.5469	3183941.868	22671.77478	0.09312900871	0.8814017325	37154.32453	15201.24696	9184.24198	2119.252287	487.5585223	0.05248841504	0.02825482095	0.0100432791	0.1
20	1	73445.771	424.5795738	2852202.386	184074.461	1691.460479	0.9323415808	1.06614901	44584.9218	16467.94011	10475.07193	2119.321501	586.5756203	0.1415265246	0.09995561267	0.01	0.1
20	1	64312.11875	2063.832893	285346.8965	6869331.699	4832.003151	0.806719874	1.03851851	43447.61937	16275.72501	10280.58998	2111.718624	571.5407219	0.6879442977	0.01	0.01441880237	0
20	0	63954.7298	67.36146431	300639.2455	6470953.611	146191.1174	-4.847644694	-0.20627667	-6593.86573	7743.587003	1584.551793	2118.404831	-95.40547003	0.02245382144	0.01053592134	0.01053592733	0.9
20	0	65059.585	164.9815648	611179.8548	4176284.29	28736.54547	-0.1494618189	0.8279966068	35006.68119	14835.11742	8811.118209	2119.326909	458.9383847	0.05499385494	0.02141883659	0.01	0.2
20	1	64634.35924	238.6161024	497547.6874	4892562.637	24291.17407	0.02835303713	0.86714146	36581.04625	15103.50272	9084.620484	2119.326822	479.9179792	0.07953870079	0.01743659011	0.01	0.9
20	1	73575.39122	256.3756974	2850634.339	186808.9249	3462.044224	0.861518231	1.050564675	43950.66094	16360.29392	10365.77478	2117.139823	578.1582228	0.08545856581	0.09990066037	0.01126884782	0.1
20	1	67323.18629	525.9478786	1216077.182	1798179.907	3885.989613	0.8445604155	1.046824523	43807.71115	16335.44738	10340.05313	2119.324284	576.2187059	0.1753159595	0.04261750161	0.01	0.2
20	1	68758.98595	434.1517489	1599762.851	1053676.022	3518.039253	0.8592784299	1.050064604	43938.02381	16357.66206	10362.69134	2119.324017	577.9552198	0.1447172496	0.0560637901	0.01	0.1
20	1	64793.46839	252.2961833	540066.085	4611191.764	21066.90491	0.1573238035	0.8955335855	37722.94785	15298.16507	9282.994224	2119.326736	495.1346739	0.08409872776	0.01892665004	0.01	0.9
20	1	66301.88909	421.2912231	797649.9317	3387678.627	8717.035295	0.6513185882	1.004311618	42067.84464	16040.76808	10041.36871	2110.548467	553.1727489	0.1404304077	0.02795369221	0.01509934357	0.1
20	1	65928.2636	200.7312598	842109.3709	3028737.487	16838.31492	0.3264674032	0.9327697475	39220.29843	15553.43746	9543.146941	2119.253852	515.0891451	0.06691041993	0.02951177606	0.01004225055	0.1
20	1	73450.59004	260.0718874	2853468.965	183751.3187	3243.598837	0.8702560465	1.052481263	44035.21494	16374.23071	10379.57612	2119.322506	579.2503847	0.08669062915	0.1	0.01000074304	0.1
20	1	64047.98419	4350	340851.937	6086053.66	1241.292242	0.9503483103	1.070113081	44744.3526	16495.11861	10502.76861	2119.320177	588.7001553	1.45	0.01194517765	0.01	0.1
20	0	66689.2538	30	1046672.552	2276781.224	93971.45532	-2.758858213	0.2535539474	11903.19812	10896.6184	4797.528645	2119.327235	151.0671551	0.01	0.03668070566	0.01000000727	0.1
20	1	67080.28137	177.5917717	1151166.014	1968356.634	13785.85272	0.4485658914	0.9596487502	40301.59268	15737.75205	9730.962268	2119.326392	529.4970494	0.05919725722	0.04034268562	0.01000000727	0.2
20	1	66299.82428	2025.057868	942605.3534	2631970.683	793.4148233	0.9682634071	1.07405698	44902.9719	16522.15879	10530.32434	2119.318042	590.8138773	0.6750192894	0.03303366411	0.01000003468	0.2
20	1	73185.4551	810.5156003	2782638.724	202805.0974	553.958145	0.9778416742	1.076165577	44987.77766	16536.61579	10545.05696	2119.316413	591.9439767	0.2701718668	0.09751774974	0.01	0.2
20	1	67692.92069	170.9466238	1314880.515	1566960.682	12469.3434	0.5012262639	0.9712416092	40767.84539	15817.23512	9811.960742	2119.326305	535.710216	0.05698220794	0.04608007064	0.01	0.2
20	1	65991.96769	148.6131575	842092.4054	3046768.808	23084.13569	0.07663457238	0.8777738685	37004.90348	15175.99923	9158.701479	2118.226156	485.583633	0.04953771917	0.02951118151	0.01063943502	0.3
20	1	64077.59044	473.4631884	348763.5524	6019346.278	17249.90209	0.3100039165	0.9291451787	39074.77098	15528.61319	9517.836009	2119.326596	513.1487304	0.1578210628	0.01222244071	0.01	0.1
20	1	67819.01444	282.0240585	1348576.278	1495107.759	7056.454857	0.7177418057	1.018906182	42684.86465	16144.0334	10144.98968	2119.325547	561.2559346	0.09400801951	0.04726094078	0.01	0.1
20	1	73450.6676	4174.681742	2853468.965	183752.64	-515.098903	1.020603956	1.08557944	45366.38473	16601.15828	10610.83047	2119.266843	596.9892397	1.391560581	0.1	0.01000146933	0.1
20	0	64559.74547	193.2145357	477608.8077	5030361.775	31470.69918	-0.2588279671	0.803920318	34038.35804	14670.04535	8642.89891	2119.32695	446.0347528	0.06440484524	0.01673783081	0.01	0.5
20	1	73743.73266	62.52597076	2793667.764	209519.1154	16862.93332	0.3254826673	0.932579413	39184.36785	15549.11881	9540.264282	2110.992612	514.7412346	0.02084199025	0.09790426315	0.01484176557	0
20	1	65055.90093	219.9834804	610194.6252	4182021.111	21396.0755	0.1441569798	0.8926349899	37606.36922	15278.29168	9262.741936	2119.326701	493.5811769	0.07332782681	0.02138430916	0.01000002609	0.1
20	1	65212.42329	209.86266	652022.5048	3945305.648	20974.59545	0.161016182	0.8963464401	37755.64001	15303.73817	9288.67358	2119.326733	495.5703215	0.06995421999	0.02285016984	0.01	0.1
20	1	63875.70838	4263.682923	294815.0408	6489147.487	1601.544528	0.9359382189	1.066940788	44616.76628	16473.3687	10480.60402	2119.321277	586.9999719	1.421227641	0.01033181172	0.01	0.1
20	0	65578.72122	180.7185917	615905.158	4346326.396	26540.88345	-0.06163533811	0.8473569488	35757.6675	14964.90723	8944.868173	2111.243612	469.0739119	0.06023953058	0.02158443514	0.01469612109	0.9
20	0	64161.38768	161.3689257	371156.5086	5834475.364	48902.49177	-0.9560996706	0.6504202164	27864.74447	13617.61655	7570.404736	2119.327108	363.7667245	0.05378964191	0.01300720327	0.01	0.1
20	1	71329.98863	68.52898589	2286806.393	404624.8339	18217.15496	0.2713138017	0.9206277866	38732.21038	15470.21616	9458.325602	2119.326637	508.5838536	0.0228429953	0.08014127439	0.01	0.1
20	1	64887.6863	1119.851514	565243.7346	4452264.468	3934.514766	0.8426194094	1.046397222	43790.52556	16332.51772	10337.06761	2119.324317	575.9896951	0.3732838379	0.01980900236	0.01	0.3
20	1	65408.37314	584.0402357	703150.8078	3675653.928	6484.003503	0.7406398599	1.023947287	42887.35766	16178.56909	10180.19752	2119.250905	563.955486	0.1946800786	0.02464196444	0.0100432791	0.4
20	1	63979.35393	4350	322512.0192	6243545.003	1355.381741	0.9457847304	1.069108437	44703.94686	16488.23056	10495.74923	2119.320566	588.1617185	1.45	0.01130245407	0.01	0.1
20	1	67241.28422	178.0411524	1194172.657	1853906.707	13226.49485	0.470940206	0.9645743222	40499.69036	15771.52241	9765.376683	2119.325278	532.1368665	0.05934705078	0.04184985615	0.01000063112	0.2
20	1	64375.87537	442.6103809	352409.1426	6149006.173	18635.5188	0.2545792479	0.9169584669	38568.92975	15443.38473	9431.825891	2114.738306	506.4807149	0.1475367936	0.01235020065	0.0126656835	0.1
20	1	63854.25967	4347.949385	289083.3496	6541167.371	1601.691544	0.9359323382	1.066939493	44616.71421	16473.35983	10480.59498	2119.321277	586.999278	1.449316462	0.01013094423	0.01	0.1
20	1	67240.26362	333.266161	1193917.461	1854554.604	6711.249975	0.731550001	1.021945972	42807.12172	16164.87482	10166.22847	2119.325433	562.8851022	0.1110887203	0.04184091278	0.01000001665	0.2
20	1	73184.63061	108.393065	2782418.399	202867.3524	9098.369063	0.6360652375	1.000925585	41961.70384	16020.75466	10019.36054	2119.325931	551.6192748	0.03613102167	0.09751002842	0.01	0.1
20	1	64869.85823	554.7494723	560479.5771	4481910.937	8802.369056	0.6479052378	1.003532088	42066.53469	16038.6254	10037.572	2119.325885	553.0162245	0.1849164908	0.01964204216	0.01	0.1
20	1	66934.389	161.3689257	1112179.714	2078213.125	15810.03063	0.3675987747	0.9418243346	39584.71337	15615.54413	9606.424359	2119.326526	519.944095	0.05378964191	0.03897640829	0.01	0.1
20	1	67457.58724	613.9303188	1220650.857	1806294.772	3340.176461	0.8663929416	1.051636873	43994.7879	16367.75218	10373.32131	2117.433148	578.7415987	0.2046434396	0.04277778634	0.01109838249	0.1
20	1	63854.66615	4348.026473	289191.9609	6540177.791	1600.760792	0.9359695683	1.066947689	44617.04384	16473.41602	10480.65224	2119.321274	587.0036706	1.449342158	0.01013475052	0.01000000037	0.1
20	1	73826.04013	3470.204525	2853468.965	190260.2117	-30.255743	1.00121023	1.081329402	45174.74244	16569.81179	10579.99842	2113.225769	594.5313332	1.156734842	0.1	0.01351683957	0.1
20	1	64218.39873	4037.179136	385810.9188	5717728.233	1147.351242	0.9541059503	1.070940415	44777.50724	16500.77821	10508.54255	2119.284794	589.1425205	1.345726379	0.013520768	0.01002034472	0.1
20	1	73443.48872	432.8077483	2851540.426	184247.61	1645.545107	0.9341781957	1.066553339	44601.17276	16470.71113	10477.89636	2119.318247	586.7922264	0.1442692494	0.09993241422	0.01000182486	0.1
20	1	63981.86941	1851.730379	285346.8965	6662189.57	5028.631726	0.798854731	1.036770004	43395.51691	16265.67888	10269.37391	2117.042415	570.7620714	0.6172434598	0.01	0.01132601161	0
20	1	67985.97586	168.3271409	1321120.45	1592731.845	12923.74776	0.4830500894	0.9672541546	40592.59388	15788.31032	9783.283506	2114.978779	533.4437412	0.05610904696	0.04629874957	0.01252578779	0.1
20	1	63840.2774	4349.722765	285346.8965	6575303.126	1631.704471	0.9347318211	1.066675207	44606.08488	16471.54782	10478.74843	2119.321354	586.8576343	1.449907588	0.01	0.01	0.1
20	1	65220.59536	1051.433689	608446.5418	4259303.79	4082.96506	0.8366813976	1.045098843	43728.85844	16322.60881	10327.47709	2116.563978	575.211669	0.3504778965	0.02132304747	0.01160365396	0.1
20	1	63840.2774	1890.190823	285346.8965	6575303.126	4750.316166	0.8099873534	1.039213475	43501.60275	16283.26445	10286.87528	2119.324773	572.139582	0.6300636075	0.01	0.01	0
20	1	68441.95112	374.2027295	1472862.573	1275956.947	4814.899929	0.8074040028	1.038652912	43470.34898	16278.49294	10282.48042	2116.780363	571.7634151	0.1247342432	0.05161656183	0.0114781916	0.1
20	1	65923.75233	147.8729423	842109.4407	3027470.596	23123.66975	0.07505321013	0.8774222175	36994.52757	15173.98975	9156.451397	2119.326793	485.4279277	0.04929098078	0.02951177851	0.01	0.2
20	1	65129.55737	401.2166035	606550.0781	4237464.41	11559.69402	0.5376122392	0.9792562644	41085.37003	15871.67193	9867.694059	2117.91901	539.9637657	0.1337388678	0.02125658577	0.0108175433	0
20	1	64990.74868	253.40317	592564.5818	4286327.04	19046.72928	0.2381308288	0.9133228005	38438.36599	15420.12681	9407.283692	2119.31338	504.6683675	0.08446772334	0.02076646317	0.01000772017	0
20	1	71782.03637	81.19415525	2407606.143	341955.7236	14452.34919	0.4219060322	0.9537797452	40065.54748	15697.51293	9689.955954	2119.326448	526.35157	0.02706471842	0.08437470926	0.01	0.1
20	1	64952.8351	222.4454449	542840.7264	4657291.11	24042.35176	0.03830592972	0.8693402173	36661.25818	15117.70178	9099.531637	2116.92525	481.0249139	0.07414848165	0.01902388752	0.01139523449	0.1
20	1	64615.33433	371.2947835	477851.083	5054223.329	16064.56606	0.3574173576	0.9395857799	39491.66409	15599.87458	9590.618057	2118.445078	518.7181095	0.1237649278	0.01674632137	0.01051210011	0.3
20	1	68116.62233	538.3614237	1428105.396	1338314.439	3104.145164	0.8758341934	1.053709254	44084.60783	16382.65054	10388.15625	2119.323655	579.9085617	0.1794538079	0.05004804374	0.01	0.1
20	1	65413.91401	886.6063656	676535.1571	3851858.144	4321.334723	0.8271466111	1.042996645	43647.70211	16308.55721	10312.97545	2117.555166	574.1144986	0.2955354552	0.02370921729	0.01102791656	0.9
20	1	65689.62674	648.2270506	779544.5615	3303171.086	5121.824936	0.7951270026	1.03594206	43370.02985	16260.83494	10264.01814	2119.324938	570.3862744	0.2160756835	0.02731918837	0.01	0.5
20	1	65539.88631	198.4784676	733701.3348	3528125.089	19687.78645	0.212488542	0.907678891	38210.21599	15381.30757	9367.786516	2118.975111	501.6334576	0.0661594892	0.02571260959	0.01020425707	0.1
20	1	68124.52384	378.8174627	1430204.055	1334413.511	4725.673483	0.8109730607	1.039430475	43510.32761	16284.75196	10288.3913	2119.323986	572.2558595	0.1262724876	0.0501215914	0.01000045011	0.1
20	1	66783.31071	357.2422447	1071807.387	2198441.649	7004.081218	0.7198367513	1.019367371	42703.41321	16147.19541	10148.21198	2119.325535	561.5031081	0.1190807482	0.03756155754	0.01	0.1
20	1	65837.57464	165.2752996	819080.3616	3126167.901	21209.28489	0.1516286045	0.8942798223	37672.52281	15289.56901	9274.23427	2119.326741	494.4627224	0.05509176653	0.02870472298	0.01	0.4
20	0	65438.39619	30	712408.76	3627000.085	138422.0119	-4.536880474	-0.1378667807	-3839.334197	8212.956027	2062.700162	2119.327296	-58.71388835	0.01	0.02496640997	0.01	0.4
20	1	64369.10218	1851.730379	426663.611	5400333.257	3000.18102	0.8799927592	1.054624737	44121.42759	16388.92728	10394.55266	2119.323551	580.3992126	0.6172434598	0.01495245318	0.01	0
20	1	64207.47735	362.6606558	330745.4935	6286296.775	24263.38824	0.02946447053	0.8673963183	36580.41017	15104.08981	9085.803323	2116.146207	479.9598968	0.1208868853	0.0115909967	0.01184783719	0.1
20	1	66072.06513	1861.696985	880507.798	2871014.499	1055.054061	0.9577978376	1.071753288	44810.06502	16506.33703	10514.21461	2119.24492	589.5770028	0.6205656617	0.03085745136	0.0100432791	0.3
20	1	65400.15272	309.7553459	677531.1569	3840285.759	13516.00509	0.4593597966	0.9620297245	40392.2621	15753.53391	9747.318388	2117.838973	530.7288538	0.103251782	0.02374412216	0.01086413701	0.1
20	1	63854.66397	4189.524005	289191.3886	6540182.98	1690.269547	0.9323892181	1.066159497	44585.34358	16468.01201	10475.1452	2119.321498	586.5812408	1.396508002	0.01013473047	0.01	0.1
20	1	64472.0878	4350	293519.2237	6873534.072	2260.194256	0.9095922298	1.061171908	44351.57673	16430.28059	10438.47561	2109.629599	583.6196769	1.45	0.01028639972	0.01563051556	0.9
20	0	65923.80995	45.75377379	842092.1484	3027577.865	76443.20829	-2.057728331	0.4079034096	18110.96537	11954.86988	5875.956872	2119.32524	233.790338	0.01525125793	0.0295111725	0.01000114567	0.1
20	1	73264.69672	4350	2803814.292	196910.0384	-521.1006096	1.020844024	1.085632282	45368.51861	16601.52149	10611.20015	2119.267987	597.0176353	1.45	0.09825984886	0.01	0.1
20	1	65837.57464	227.1420056	819080.3616	3126167.901	15224.14524	0.3910341903	0.946983498	39792.20953	15650.91643	9642.471063	2119.326494	522.7091368	0.07571400186	0.02870472298	0.01	0.6
20	1	64745.68382	322.6878994	526643.337	4699290.169	16742.33726	0.3303065097	0.9336147967	39254.39944	15559.24344	9549.0575	2119.287159	515.5430388	0.1075626331	0.01845624899	0.01002289766	0.9
20	0	65070.96163	99.39089309	614220.009	4158634.874	47963.0087	-0.918520348	0.6586930745	28197.47017	13674.33699	7628.206601	2119.327103	368.2005438	0.0331302977	0.02152537899	0.01	0.1
20	0	63878.48933	348.374967	285346.8965	6598639.214	29203.84813	-0.1681539253	0.8238836259	34839.15316	14806.69326	8782.265329	2118.710954	456.7157074	0.116124989	0.01	0.01035785538	0.9
20	1	73915.76678	42.465874	2853468.965	191849.5667	24322.22955	0.02711081804	0.8668920043	36545.3441	15099.05651	9081.467876	2111.827054	479.5610482	0.01415529133	0.1	0.01435713123	0.5
20	0	65925.61787	132.9691573	842607.9653	3025368.853	25785.50222	-0.03142008886	0.8539827718	36051.81758	15013.284	8992.681676	2119.326854	472.8656104	0.04432305242	0.02952924933	0.01	0.1
20	1	64914.21859	629.7876735	403647.4441	5912378.767	11666.89094	0.5333243626	0.9783403871	41018.52346	15862.19384	9859.646781	2109.150714	539.2119101	0.2099292245	0.01414585016	0.01591162759	0.1
20	1	63935.36193	4348.510948	298175.4593	6487094.738	1583.678909	0.9366528437	1.067100538	44620.59382	16474.18714	10481.57754	2118.562197	587.0630006	1.449503649	0.01044957779	0.01044089049	0.1
20	1	66402.10696	928.1134204	969921.1158	2533715.482	2539.623551	0.8984150579	1.058680297	44284.53425	16416.73265	10422.88836	2119.321929	582.5727483	0.3093711401	0.03399094673	0.01000063112	0.1
20	1	66634.21267	152.2043797	1031964.236	2323911.88	18174.01644	0.2730393424	0.9210076538	38747.48824	15472.82061	9460.979707	2119.326635	508.7874426	0.05073479322	0.0361652518	0.01	0.2
20	0	64195.8424	164.9815648	378899.8726	5774810.36	46828.4468	-0.873137872	0.6686840318	28598.99379	13742.80487	7697.996103	2119.238791	373.5525461	0.05499385494	0.01327856995	0.01005130238	0.6
20	1	65889.85116	417.8349106	832992.572	3066226.399	7782.045546	0.6887181782	1.012516819	42427.87928	16100.22532	10100.34701	2119.322234	557.8314668	0.1392783035	0.02919227727	0.01000201626	0.1
20	1	65528.86753	4286.491917	736585.2228	3506881.123	177.1590107	0.9929136396	1.079483578	45121.22419	16559.3647	10568.2396	2119.31202	593.7222517	1.428830639	0.02581367563	0.01	0
20	1	65944.87004	4200.529568	847752.6812	3003764.146	70.36446843	0.9971854213	1.080423985	45159.04636	16565.81232	10574.81015	2119.310053	594.2262605	1.400176523	0.02970954623	0.01	0.1
20	0	73372.58608	30	2831164.44	189646.3217	34265.17741	-0.3706070965	0.7793131122	33048.37621	14501.30061	8470.953342	2119.237656	432.8439182	0.01	0.09921833652	0.01005189805	0.1
20	1	73150.0367	135.7880285	2773173.941	205496.7543	7134.700452	0.7146119819	1.01821717	42657.15333	16139.30939	10140.17561	2119.325566	560.8866605	0.04526267616	0.09718605583	0.01	0.1
20	1	67761.21943	148.453538	1333131.839	1527623.139	14265.92002	0.4293631991	0.9554213949	40131.57292	15708.76842	9701.426042	2119.326436	527.2314084	0.04948451266	0.04671968946	0.01	0.2
20	1	72853.37886	3959.982787	2693898.701	229491.0245	-486.1474258	1.019445897	1.085324492	45356.13965	16599.41123	10609.04965	2119.275434	596.8526763	1.319994262	0.09440785004	0.01	0.1
20	1	65151.48059	4150.192807	635621.5585	4036643.974	363.1700577	0.9854731977	1.077845633	45055.32392	16548.13206	10556.79408	2119.307591	592.8441914	1.383397602	0.02227539764	0.01000404278	0.1
20	0	63840.2774	267.3342019	285346.8965	6575303.126	38231.13265	-0.5292453059	0.7443895945	31644.09459	14261.89026	8226.962025	2119.327028	414.1293977	0.08911140065	0.01	0.01	0.6
20	1	63840.2774	1891.405121	285346.8965	6575303.126	4746.775284	0.8101289886	1.039244655	43502.85678	16283.47822	10287.09313	2119.324771	572.1562929	0.6304683738	0.01	0.01	0
20	0	65962.07541	100.1610417	852349.4299	2984592.155	34079.38178	-0.3631752711	0.7809488973	33114.47131	14512.54846	8482.399234	2119.326923	433.7232706	0.03338701391	0.02987063958	0.01000003529	0.2
20	1	69601.83983	294.8634494	1824996.888	769914.9054	4762.975978	0.8094809609	1.039101996	43497.11917	16282.50012	10286.09638	2119.324779	572.079835	0.09828781647	0.06395713113	0.01	0.2
20	1	73424.21299	101.9962146	2846441.485	185557.6339	9481.201745	0.6207519302	0.9975544537	41826.12048	15997.64148	9995.806695	2119.325986	549.8125249	0.0339987382	0.09975372152	0.01	0.1
20	1	68080.89901	2543.988704	1352522.42	1521371.644	385.3601003	0.984585596	1.077662964	45034.3669	16545.42903	10554.77035	2115.327195	592.6279274	0.8479962346	0.0473992336	0.01231426068	0.1
20	0	64135.8811	138.9935759	364340.4395	5890137.931	57976.78117	-1.319071247	0.5705142435	24651.0098	13069.76449	7012.107448	2119.327153	320.9413011	0.04633119196	0.0127683337	0.01	0.1
20	1	73310.89317	174.0086061	2816159.271	193552.7146	5305.455444	0.7877817822	1.034325054	43304.99558	16249.74841	10252.72024	2119.325013	569.5196441	0.0580028687	0.09869247941	0.01	0.1
20	1	73472.69223	3887.906001	2853468.965	184128.2434	-471.2060949	1.018848244	1.085194067	45349.67029	16598.38657	10608.07117	2118.9158	596.7721324	1.295968667	0.1	0.01020773042	0.1
20	1	66286.71022	431.1414659	939101.9013	2644846.381	6582.112725	0.736715491	1.023083122	42852.85684	16172.67138	10174.17367	2119.325428	563.4945565	0.143713822	0.03291088541	0.01	0.1
20	1	64830.35235	520.846199	549922.5057	4548310.931	9620.75861	0.6151696556	0.9963255501	41776.69526	15989.21586	9987.220434	2119.326005	549.1538968	0.1736153997	0.01927206893	0.01	0.1
20	1	64028.31924	470.92818	335596.9157	6130769.853	18057.46842	0.2777012633	0.9220339472	38788.76468	15479.8571	9468.150345	2119.32663	509.3374821	0.15697606	0.0117610151	0.01	0.1
20	1	67352.37786	637.8871082	1222911.331	1781739.466	3052.566699	0.877897332	1.054163628	44102.6827	16385.74455	10391.31997	2119.26529	580.1503468	0.2126290361	0.04285700479	0.01003387633	0.1
20	1	64064.67973	4350	345310.7648	6048373.962	1215.397606	0.9513840957	1.070341104	44753.52287	16496.68192	10504.36175	2119.319921	588.8223585	1.45	0.01210143755	0.01000009415	0.1
20	1	63855.66076	473.4631884	285346.8965	6584687.831	21271.39935	0.149144026	0.8937336514	37649.70765	15285.73389	9270.371604	2119.078768	494.1626223	0.1578210628	0.01	0.01014406547	0.1
20	0	64027.62789	110.3083626	335412.1617	6132347.943	79636.09684	-2.185443874	0.3797876077	16980.18396	11762.10278	5679.514156	2119.327219	218.7217969	0.0367694542	0.01175454038	0.01000000019	0.9
20	1	67923.34731	733.3882294	1046666.107	2552801.171	4537.672192	0.8184931123	1.041149657	43511.38467	16289.2822	10296.66399	2099.430129	572.5851286	0.2444627431	0.0366804798	0.02155754009	0.1
20	1	63873.03056	4349.997249	294099.4524	6495619.381	1560.230542	0.9375907783	1.067304589	44631.39797	16475.863	10483.14587	2119.321168	587.1949501	1.449999083	0.01030673388	0.01	0.1
20	1	66396.99202	180.4630653	968572.2708	2538464.94	16253.79691	0.3498481236	0.9379166373	39427.54987	15588.75214	9579.121559	2119.326549	517.8497736	0.06015435508	0.03394367637	0.01	0.1
20	0	65133.50663	72.23627233	630654.5415	4064902.52	64534.58192	-1.581383277	0.5127679081	22328.45493	12673.83739	6608.634788	2119.310334	289.9917833	0.02407875744	0.02210132822	0.01000978576	0.8
20	1	67810.65095	1029.634087	1346341.32	1499769.863	1380.908156	0.9447636737	1.068883658	44694.90647	16486.68942	10494.17871	2119.320647	588.0412486	0.3432113622	0.04718261656	0.01	0.1
20	0	65345.83784	146.4207802	687250.7314	3756918.641	28798.66274	-0.1519465095	0.8274496992	34984.59763	14831.35838	8807.292199	2119.301342	458.6445098	0.04880692675	0.02408474526	0.01001485409	0.8
20	1	63875.32544	4350	294701.6289	6490197.721	1555.525785	0.9377789686	1.06734602	44633.06199	16476.14681	10483.43522	2119.320487	587.2171351	1.45	0.01032783719	0.01000038828	0.1
20	1	65927.62429	301.7101708	842018.7181	3029035.719	10949.34849	0.5620260603	0.9846265299	41305.94055	15908.98017	9905.46746	2119.258275	542.881813	0.1005700569	0.02950859913	0.01003944038	0.2
20	1	67761.2228	302.5760588	1333132.741	1527621.22	6609.647403	0.7356141039	1.022840659	42843.10521	16171.00899	10172.47959	2119.325435	563.3646087	0.1008586863	0.04671972108	0.01	0.1
20	1	66723.11024	650.7274115	1055720.143	2248265.347	3565.133714	0.8573946514	1.049649902	43921.34492	16354.81877	10359.79384	2119.324054	577.732961	0.2169091372	0.03699777906	0.01	0.1
20	0	63840.2774	205.2298068	285346.8965	6575303.126	50031.71497	-1.001268599	0.6404765531	27464.82073	13549.44071	7500.929076	2119.327115	358.4374409	0.06840993561	0.01	0.01	0.9
20	0	65573.06401	134.7566895	748395.7535	3449656.004	28731.30187	-0.1492520747	0.8280427807	35008.53826	14835.434	8811.440823	2119.326909	458.9631315	0.04491889649	0.02622757643	0.01	0.1
20	0	63873.68397	85.12556205	294024.8852	6496855.788	118087.7066	-3.723508265	0.04119218557	3362.178729	9440.616267	3313.76946	2119.312247	37.25190761	0.02837518735	0.01030412066	0.01000873247	0.1
20	1	67692.43794	111.2616985	1314751.51	1567242.304	19570.73404	0.2171706384	0.9087085002	38252.82914	15388.49504	9375.046406	2119.326687	502.1957393	0.03708723282	0.04607554967	0.01	0.1
20	0	64915.84725	160.3300575	572468.3142	4408141.022	31646.58431	-0.2658633723	0.8023715747	33976.00709	14659.42022	8632.074541	2119.308808	445.2041672	0.05344335251	0.02006218821	0.01001054192	0.9
20	1	72533.14594	176.8998263	2608323.545	258546.004	5682.039765	0.7727184094	1.031008945	43171.62513	16227.01247	10229.55082	2119.325152	567.7423828	0.05896660876	0.09140886328	0.01	0.1
20	1	63874.82352	4344.508014	294578.5819	6491285.345	1559.381699	0.9376247321	1.067312063	44631.69859	16475.91425	10483.1981	2119.321166	587.1989562	1.448169338	0.010323525	0.01	0.1
20	0	65923.75207	109.5309567	842109.3709	3027470.891	31486.04832	-0.2594419329	0.8037851572	34032.92201	14669.11866	8641.954551	2119.326951	445.9623137	0.03651031889	0.02951177606	0.01	0.2
20	1	63875.29588	4350	294704.8092	6490144.021	1555.452795	0.9377818882	1.06734666	44633.09004	16476.15145	10483.43982	2119.321155	587.2174983	1.45	0.01032794864	0.01000000004	0.1
20	0	64740.17064	30	525821.0118	4703614.042	187812.5765	-6.512503059	-0.5727880111	-21331.41176	5231.045054	-976.0632335	2119.327177	-291.8089312	0.01	0.01842743055	0.01000008514	0.1
20	1	65960.69057	172.6073207	851980.3685	2986125.938	19463.34807	0.2214660771	0.9096541148	38290.86077	15394.97838	9381.653347	2119.326684	502.7025393	0.05753577357	0.0298577058	0.01	0.4
20	1	65153.83918	227.896431	636351.8076	4032399.854	19747.36904	0.2101052382	0.9071530986	38190.26934	15377.83055	9364.178752	2119.325765	501.3620978	0.07596547699	0.02230098927	0.01000053935	0
20	1	66786.91612	621.8078141	1072759.13	2195537.778	3694.598527	0.8522160589	1.048509868	43875.49156	16347.00221	10351.82838	2119.323443	577.1219418	0.2072692714	0.03759491142	0.01000041082	0.1
20	1	64858.11793	255.8192	557319.9827	4501716.067	20099.76372	0.1960094512	0.9040499986	38065.46448	15356.55489	9342.497537	2119.325363	499.6989861	0.08527306667	0.01953131397	0.01000078009	0.1
20	1	65212.38428	1292.140221	652012.0793	3945362.947	2765.887904	0.8893644838	1.056687865	44204.40444	16403.07252	10408.96759	2119.323296	581.5049413	0.4307134071	0.02284980448	0.01	0
20	0	64132.41332	59.48124185	285346.8965	6755828.899	174838.2172	-5.993528686	-0.4585239003	-16751.94606	6012.745873	-178.5932215	2114.618195	-230.7095086	0.01982708062	0.01	0.01273585788	0.1
20	1	66591.33086	161.3659891	842091.3061	3220873.814	21898.81267	0.1240474932	0.8882424656	37392.87097	15244.2496	9230.028792	2108.564526	490.9066697	0.05378866303	0.02951114298	0.01625251991	0.3
20	1	66786.85803	668.9939607	1072755.33	2195540.469	3380.017216	0.8647993114	1.051279992	43986.90546	16365.99501	10371.18317	2119.323904	578.6066044	0.2229979869	0.03759477827	0.01	0.1
20	1	74555.86344	218.2854723	2820421.45	215629.0408	5488.27612	0.7804689552	1.032778608	43174.99109	16231.91852	10238.19152	2099.513043	568.1011302	0.0727618241	0.09884184775	0.02150979964	0.1
20	1	67826.82449	4277.162476	1350663.18	1490767.665	-250.0714213	1.010002857	1.083245665	45272.53135	16585.15835	10594.52502	2119.299249	595.7385332	1.425720825	0.0473340764	0.01000000564	0.1
20	0	63840.2774	203.8503281	285346.8965	6575303.126	50375.4622	-1.015018488	0.6374495991	27343.07981	13528.68728	7479.779965	2119.327117	356.8151518	0.06795010938	0.01	0.01	0.9
20	1	73290.69421	133.8846837	2751129.671	216334.9424	7569.294257	0.6972282297	1.01440176	42491.3898	16111.83793	10112.84149	2115.728512	558.7347299	0.0446282279	0.09641351297	0.01208980281	0.1
20	0	63941.17644	212.4156076	288000.7984	6606523.994	47966.27373	-0.9186509491	0.6586690182	28191.48374	13673.63713	7627.762898	2117.860735	368.1440034	0.07080520252	0.01009300616	0.01085191513	0.9
20	1	63854.8274	4350	289235.0548	6539785.175	1599.335142	0.9360265943	1.066960243	44617.54875	16473.50209	10480.73996	2119.321271	587.0103989	1.45	0.01013626075	0.01000000021	0.1
20	0	63867.58712	124.4514875	292644.8145	6508795.259	80913.60134	-2.236544054	0.3685382155	16527.74518	11684.9746	5600.915462	2119.327223	212.6927109	0.04148382916	0.010255756	0.01	0.8
20	1	66184.63909	303.1685926	911825.6527	2747276.135	9996.01417	0.6001594332	0.9930211414	41643.7954	15966.56015	9964.132768	2119.326053	547.3829065	0.1010561975	0.03195498756	0.01	0.1
